sample	chr	startpos	endpos	nMajor	nMinor
TCGA-AP-A1DP	1	61735	121482979	1	1
TCGA-AP-A1DP	1	144007049	249224388	4	1
TCGA-AP-A1DP	2	12784	243089456	1	1
TCGA-AP-A1DP	3	60345	197896118	1	1
TCGA-AP-A1DP	4	12281	191027923	1	1
TCGA-AP-A1DP	5	15532	180790320	1	1
TCGA-AP-A1DP	6	149661	171051005	1	1
TCGA-AP-A1DP	7	43259	159127004	1	1
TCGA-AP-A1DP	8	31254	146298155	1	1
TCGA-AP-A1DP	9	46587	141091394	1	1
TCGA-AP-A1DP	10	72759	76180747	1	1
TCGA-AP-A1DP	10	76181030	135506704	2	0
TCGA-AP-A1DP	11	198572	134944770	1	1
TCGA-AP-A1DP	12	150442	133778189	1	1
TCGA-AP-A1DP	13	19026949	115108397	1	1
TCGA-AP-A1DP	14	19002124	107285437	1	1
TCGA-AP-A1DP	15	20016328	22752520	2	1
TCGA-AP-A1DP	15	22752709	102469040	1	1
TCGA-AP-A1DP	16	60777	70854381	1	1
TCGA-AP-A1DP	16	70855202	71202797	2	1
TCGA-AP-A1DP	16	71205194	90287535	1	1
TCGA-AP-A1DP	17	526	81049726	1	1
TCGA-AP-A1DP	18	48133	78015057	1	1
TCGA-AP-A1DP	19	90910	59097854	1	1
TCGA-AP-A1DP	20	61305	62956153	1	1
TCGA-AP-A1DP	21	10736871	48096957	1	1
TCGA-AP-A1DP	22	16052528	51234455	1	1
TCGA-AP-A1DP	X	168477	155233846	1	1
