sample	chr	startpos	endpos	nMajor	nMinor
TCGA-DA-A95V	1	61735	12473986	5	4
TCGA-DA-A95V	1	12474738	19455873	6	2
TCGA-DA-A95V	1	19456792	31129243	3	2
TCGA-DA-A95V	1	31135467	34648216	3	0
TCGA-DA-A95V	1	34648378	50869109	4	0
TCGA-DA-A95V	1	50869587	55860846	5	0
TCGA-DA-A95V	1	55861711	56770218	3	0
TCGA-DA-A95V	1	56770269	60164196	4	0
TCGA-DA-A95V	1	60164209	81735375	3	0
TCGA-DA-A95V	1	81737237	84116976	4	0
TCGA-DA-A95V	1	84119882	101015718	3	0
TCGA-DA-A95V	1	101016094	102601313	4	0
TCGA-DA-A95V	1	102601572	105821467	5	0
TCGA-DA-A95V	1	105821542	114561699	4	0
TCGA-DA-A95V	1	114562831	119068372	3	0
TCGA-DA-A95V	1	119068639	119657824	3	3
TCGA-DA-A95V	1	119657938	121482979	11	3
TCGA-DA-A95V	1	144007049	163841770	4	2
TCGA-DA-A95V	1	163842172	166190241	2	2
TCGA-DA-A95V	1	166192166	168355221	4	2
TCGA-DA-A95V	1	168355541	173728326	2	2
TCGA-DA-A95V	1	173732958	181923568	2	1
TCGA-DA-A95V	1	181925430	182722280	4	1
TCGA-DA-A95V	1	182722554	249224388	2	1
TCGA-DA-A95V	2	12784	5610080	4	0
TCGA-DA-A95V	2	5610163	18316158	4	1
TCGA-DA-A95V	2	18316641	25465124	5	1
TCGA-DA-A95V	2	25471718	25756752	1	0
TCGA-DA-A95V	2	25760659	32663931	5	1
TCGA-DA-A95V	2	32666821	46305727	4	1
TCGA-DA-A95V	2	46306402	74076963	4	4
TCGA-DA-A95V	2	74080373	95876287	4	3
TCGA-DA-A95V	2	95885124	153454885	3	2
TCGA-DA-A95V	2	153456699	243089456	2	1
TCGA-DA-A95V	3	60345	33299248	5	0
TCGA-DA-A95V	3	33302908	34192438	6	6
TCGA-DA-A95V	3	34192975	35337113	5	0
TCGA-DA-A95V	3	35337283	46502834	5	1
TCGA-DA-A95V	3	46504316	54642917	4	0
TCGA-DA-A95V	3	54643173	61734103	5	2
TCGA-DA-A95V	3	61739163	62029281	5	0
TCGA-DA-A95V	3	62029858	81492787	5	2
TCGA-DA-A95V	3	81494557	90343301	4	4
TCGA-DA-A95V	3	90364260	98120480	6	0
TCGA-DA-A95V	3	98130838	116382409	3	0
TCGA-DA-A95V	3	116385285	116659044	2	0
TCGA-DA-A95V	3	116665781	197896118	3	0
TCGA-DA-A95V	4	12281	8683744	5	1
TCGA-DA-A95V	4	8686173	18780773	6	1
TCGA-DA-A95V	4	18781002	24724114	7	1
TCGA-DA-A95V	4	24724551	43296888	5	1
TCGA-DA-A95V	4	43297493	52714511	6	2
TCGA-DA-A95V	4	52714730	53349317	10	2
TCGA-DA-A95V	4	53351205	55812732	17	2
TCGA-DA-A95V	4	55813821	57527601	33	1
TCGA-DA-A95V	4	57528443	58207586	19	2
TCGA-DA-A95V	4	58208392	60418083	30	2
TCGA-DA-A95V	4	60418595	66103738	2	0
TCGA-DA-A95V	4	66107827	66197449	4	1
TCGA-DA-A95V	4	66201279	66462720	3	2
TCGA-DA-A95V	4	66465303	67189375	4	0
TCGA-DA-A95V	4	67190182	191027923	2	0
TCGA-DA-A95V	5	15532	25390490	5	4
TCGA-DA-A95V	5	25400614	28792109	10	5
TCGA-DA-A95V	5	28792643	33105140	6	6
TCGA-DA-A95V	5	33105995	43158371	5	2
TCGA-DA-A95V	5	43158742	45272745	4	4
TCGA-DA-A95V	5	45273624	94739690	5	1
TCGA-DA-A95V	5	94739778	96614440	4	0
TCGA-DA-A95V	5	96614658	98016115	5	1
TCGA-DA-A95V	5	98016834	110714922	5	2
TCGA-DA-A95V	5	110723360	146024535	4	0
TCGA-DA-A95V	5	146024777	146773286	3	3
TCGA-DA-A95V	5	146775377	147934218	4	1
TCGA-DA-A95V	5	147934665	154787869	4	3
TCGA-DA-A95V	5	154788062	156466179	4	0
TCGA-DA-A95V	5	156467051	180790320	4	2
TCGA-DA-A95V	6	149661	42489948	4	2
TCGA-DA-A95V	6	42490522	47121186	4	3
TCGA-DA-A95V	6	47121275	47753806	5	5
TCGA-DA-A95V	6	47754498	48981775	4	3
TCGA-DA-A95V	6	48984650	55317644	4	1
TCGA-DA-A95V	6	55319485	78059650	5	2
TCGA-DA-A95V	6	78061232	79259580	3	1
TCGA-DA-A95V	6	79262441	89067999	3	2
TCGA-DA-A95V	6	89068591	171051005	2	0
TCGA-DA-A95V	7	43259	3125597	6	1
TCGA-DA-A95V	7	3126105	11893507	8	2
TCGA-DA-A95V	7	11893555	22225095	7	2
TCGA-DA-A95V	7	22226726	28033415	6	2
TCGA-DA-A95V	7	28034116	29431817	4	2
TCGA-DA-A95V	7	29432438	34770917	3	2
TCGA-DA-A95V	7	34771376	40232541	5	2
TCGA-DA-A95V	7	40236067	47218821	8	2
TCGA-DA-A95V	7	47219976	48092601	10	2
TCGA-DA-A95V	7	48092644	50040549	5	2
TCGA-DA-A95V	7	50040790	52919430	5	4
TCGA-DA-A95V	7	52922648	53528329	5	2
TCGA-DA-A95V	7	53532910	54228492	8	1
TCGA-DA-A95V	7	54228720	63533993	5	2
TCGA-DA-A95V	7	63534480	91971159	3	2
TCGA-DA-A95V	7	91973958	110469149	2	2
TCGA-DA-A95V	7	110474808	121530086	3	2
TCGA-DA-A95V	7	121530556	159127004	2	2
TCGA-DA-A95V	8	31254	3687704	1	0
TCGA-DA-A95V	8	3687848	3699849	0	0
TCGA-DA-A95V	8	3703884	13201720	3	0
TCGA-DA-A95V	8	13202138	18858239	4	0
TCGA-DA-A95V	8	18858287	28344769	3	0
TCGA-DA-A95V	8	28344891	31506801	4	2
TCGA-DA-A95V	8	31509494	41121768	4	1
TCGA-DA-A95V	8	41122259	43706797	4	4
TCGA-DA-A95V	8	43717668	81324475	4	3
TCGA-DA-A95V	8	81325402	90562725	5	4
TCGA-DA-A95V	8	90562751	100203566	4	3
TCGA-DA-A95V	8	100204508	103200931	6	4
TCGA-DA-A95V	8	103201058	146298155	4	3
TCGA-DA-A95V	9	46587	1719112	5	0
TCGA-DA-A95V	9	1719155	3197716	7	0
TCGA-DA-A95V	9	3198250	5719162	10	0
TCGA-DA-A95V	9	5719212	8456724	8	0
TCGA-DA-A95V	9	8458811	9131471	2	0
TCGA-DA-A95V	9	9133196	10965121	1	0
TCGA-DA-A95V	9	10970004	11521973	3	0
TCGA-DA-A95V	9	11522013	13417947	1	0
TCGA-DA-A95V	9	13420600	15088459	7	1
TCGA-DA-A95V	9	15089124	17942415	7	3
TCGA-DA-A95V	9	17945489	18830444	6	1
TCGA-DA-A95V	9	18830590	19346941	1	0
TCGA-DA-A95V	9	19351532	20678145	1	1
TCGA-DA-A95V	9	20678439	23868493	1	0
TCGA-DA-A95V	9	23868891	24405668	1	1
TCGA-DA-A95V	9	24407006	27494312	5	1
TCGA-DA-A95V	9	27494815	28724492	6	1
TCGA-DA-A95V	9	28724562	35365953	1	1
TCGA-DA-A95V	9	35368515	47217176	6	1
TCGA-DA-A95V	9	65616971	72638158	7	0
TCGA-DA-A95V	9	72638992	103881446	5	0
TCGA-DA-A95V	9	103882188	106459662	7	0
TCGA-DA-A95V	9	106459868	139700104	5	0
TCGA-DA-A95V	9	139700194	141091394	6	0
TCGA-DA-A95V	10	72759	38733507	2	0
TCGA-DA-A95V	10	38751359	46961245	2	2
TCGA-DA-A95V	10	46961435	88826248	2	1
TCGA-DA-A95V	10	88827396	135506704	1	1
TCGA-DA-A95V	11	198572	2064623	2	1
TCGA-DA-A95V	11	2087008	6406055	3	1
TCGA-DA-A95V	11	6407173	48541704	2	2
TCGA-DA-A95V	11	48542579	51228088	3	2
TCGA-DA-A95V	11	51228126	58981586	4	2
TCGA-DA-A95V	11	58981586	62069365	8	2
TCGA-DA-A95V	11	62080042	65437098	2	0
TCGA-DA-A95V	11	65443139	65702623	7	2
TCGA-DA-A95V	11	65703918	66369058	2	2
TCGA-DA-A95V	11	66377846	69067883	8	2
TCGA-DA-A95V	11	69068745	69504492	13	1
TCGA-DA-A95V	11	69512089	71014430	5	2
TCGA-DA-A95V	11	71015734	71753582	2	0
TCGA-DA-A95V	11	71755063	72445513	8	2
TCGA-DA-A95V	11	72451079	73219417	2	0
TCGA-DA-A95V	11	73219766	73717347	8	2
TCGA-DA-A95V	11	73720165	74175202	2	0
TCGA-DA-A95V	11	74175232	74605172	7	2
TCGA-DA-A95V	11	74613659	76278195	3	2
TCGA-DA-A95V	11	76280432	80027442	6	2
TCGA-DA-A95V	11	80032171	134944770	2	0
TCGA-DA-A95V	12	150442	14684370	10	3
TCGA-DA-A95V	12	14685519	16964952	12	1
TCGA-DA-A95V	12	16965457	31623848	4	3
TCGA-DA-A95V	12	31626732	40743830	5	3
TCGA-DA-A95V	12	40747462	43205187	5	2
TCGA-DA-A95V	12	43205733	86827176	5	1
TCGA-DA-A95V	12	86827808	133778189	4	0
TCGA-DA-A95V	13	19026949	115108397	3	0
TCGA-DA-A95V	14	19002124	22390227	12	2
TCGA-DA-A95V	14	22390619	22983223	18	2
TCGA-DA-A95V	14	22988022	25506439	11	2
TCGA-DA-A95V	14	25510034	29521268	13	2
TCGA-DA-A95V	14	29530535	30686570	5	5
TCGA-DA-A95V	14	30686953	81378061	3	2
TCGA-DA-A95V	14	81378082	91467964	1	0
TCGA-DA-A95V	14	91471836	95327349	3	1
TCGA-DA-A95V	14	95327776	95648783	1	0
TCGA-DA-A95V	14	95651049	96645458	3	1
TCGA-DA-A95V	14	96646219	102296578	1	0
TCGA-DA-A95V	14	102297215	107285437	3	1
TCGA-DA-A95V	15	20016328	24017383	7	4
TCGA-DA-A95V	15	24017424	24027532	11	1
TCGA-DA-A95V	15	24031053	25132642	4	0
TCGA-DA-A95V	15	25132888	27279014	9	4
TCGA-DA-A95V	15	27279378	31466252	7	4
TCGA-DA-A95V	15	31467352	33994836	9	3
TCGA-DA-A95V	15	33999243	58848739	3	1
TCGA-DA-A95V	15	58849188	87189320	3	3
TCGA-DA-A95V	15	87200466	99857725	4	1
TCGA-DA-A95V	15	99860898	101032230	4	2
TCGA-DA-A95V	15	101035014	102469040	4	4
TCGA-DA-A95V	16	60777	22726235	4	1
TCGA-DA-A95V	16	22730354	22958058	5	1
TCGA-DA-A95V	16	22962123	25127645	6	2
TCGA-DA-A95V	16	25127735	35283226	4	1
TCGA-DA-A95V	16	46463782	90287535	2	1
TCGA-DA-A95V	17	526	13733806	3	2
TCGA-DA-A95V	17	13734959	16235549	6	3
TCGA-DA-A95V	17	16239025	25787863	4	3
TCGA-DA-A95V	17	25793872	35930970	4	1
TCGA-DA-A95V	17	35932584	42192791	4	2
TCGA-DA-A95V	17	42195902	46988044	2	2
TCGA-DA-A95V	17	46988597	48768486	3	2
TCGA-DA-A95V	17	48768950	59536610	4	3
TCGA-DA-A95V	17	59538663	66807840	6	3
TCGA-DA-A95V	17	66808075	70302788	7	4
TCGA-DA-A95V	17	70304489	81049726	6	3
TCGA-DA-A95V	18	48133	1742207	9	3
TCGA-DA-A95V	18	1742259	7170719	5	4
TCGA-DA-A95V	18	7171101	25451039	3	3
TCGA-DA-A95V	18	25452102	57716523	3	1
TCGA-DA-A95V	18	57716584	78015057	3	2
TCGA-DA-A95V	19	90910	1548816	2	0
TCGA-DA-A95V	19	1563472	15839625	3	0
TCGA-DA-A95V	19	15839910	18309365	11	2
TCGA-DA-A95V	19	18312588	19939425	6	6
TCGA-DA-A95V	19	19940597	21891943	5	2
TCGA-DA-A95V	19	21892040	23732199	7	4
TCGA-DA-A95V	19	23732710	28243193	5	2
TCGA-DA-A95V	19	28248417	30613188	3	1
TCGA-DA-A95V	19	30613592	38844791	6	1
TCGA-DA-A95V	19	38846892	59097854	2	1
TCGA-DA-A95V	20	61305	29991899	4	3
TCGA-DA-A95V	20	29992251	38683469	3	3
TCGA-DA-A95V	20	38683772	39662842	4	3
TCGA-DA-A95V	20	39663329	43892821	6	2
TCGA-DA-A95V	20	43892850	54541138	5	2
TCGA-DA-A95V	20	54545970	58930476	6	2
TCGA-DA-A95V	20	58932189	62956153	3	2
TCGA-DA-A95V	21	10736871	16211287	4	0
TCGA-DA-A95V	21	16213068	23024006	4	1
TCGA-DA-A95V	21	23024094	48096957	4	0
TCGA-DA-A95V	22	16052528	17965632	6	0
TCGA-DA-A95V	22	17965843	40990271	6	1
TCGA-DA-A95V	22	40996367	47071860	6	2
TCGA-DA-A95V	22	47072727	47419818	3	2
TCGA-DA-A95V	22	47422153	48419188	6	2
TCGA-DA-A95V	22	48425693	51234455	5	0
TCGA-DA-A95V	X	168477	2017562	5	0
TCGA-DA-A95V	X	2019962	4161853	1	0
TCGA-DA-A95V	X	4161875	6828521	5	0
TCGA-DA-A95V	X	6830127	30783538	1	0
TCGA-DA-A95V	X	30785488	32616363	6	2
TCGA-DA-A95V	X	32616532	39287087	7	2
TCGA-DA-A95V	X	39287532	66571037	4	1
TCGA-DA-A95V	X	66573743	78175964	5	1
TCGA-DA-A95V	X	78176507	80579977	4	1
TCGA-DA-A95V	X	80580982	83378419	4	4
TCGA-DA-A95V	X	83382350	86741131	4	3
TCGA-DA-A95V	X	86741298	91427083	4	1
TCGA-DA-A95V	X	91428085	96480968	3	3
TCGA-DA-A95V	X	96481264	141374376	4	1
TCGA-DA-A95V	X	141374855	155233846	1	1
