sample	chr	startpos	endpos	nMajor	nMinor
TCGA-SP-A6QC	1	61735	121482979	1	0
TCGA-SP-A6QC	1	144007049	249224388	2	1
TCGA-SP-A6QC	2	12784	92286207	1	1
TCGA-SP-A6QC	2	92288268	243089456	1	0
TCGA-SP-A6QC	3	60345	197896118	1	1
TCGA-SP-A6QC	4	12281	191027923	1	1
TCGA-SP-A6QC	5	15532	180790320	1	1
TCGA-SP-A6QC	6	149661	79486658	1	1
TCGA-SP-A6QC	6	79487109	82213159	2	1
TCGA-SP-A6QC	6	82214369	171051005	1	1
TCGA-SP-A6QC	7	43259	159127004	1	1
TCGA-SP-A6QC	8	31254	146298155	1	1
TCGA-SP-A6QC	9	46587	141091394	1	1
TCGA-SP-A6QC	10	72759	42433815	1	1
TCGA-SP-A6QC	10	42441972	127930820	2	1
TCGA-SP-A6QC	10	127931456	131305836	2	2
TCGA-SP-A6QC	10	131306415	135506704	2	1
TCGA-SP-A6QC	11	198572	134944770	1	1
TCGA-SP-A6QC	12	150442	133778189	1	1
TCGA-SP-A6QC	13	19026949	115108397	1	1
TCGA-SP-A6QC	14	19002124	107285437	1	1
TCGA-SP-A6QC	15	20016328	102469040	1	1
TCGA-SP-A6QC	16	60777	90287535	1	1
TCGA-SP-A6QC	17	526	81049726	1	1
TCGA-SP-A6QC	18	48133	78015057	1	1
TCGA-SP-A6QC	19	90910	59097854	1	1
TCGA-SP-A6QC	20	61305	62956153	1	1
TCGA-SP-A6QC	21	10736871	48096957	1	0
TCGA-SP-A6QC	22	16052528	51234455	1	1
TCGA-SP-A6QC	X	168477	2703391	1	1
TCGA-SP-A6QC	X	2703633	154929498	1	0
TCGA-SP-A6QC	X	154963439	155233846	1	1
