sample	chr	startpos	endpos	nMajor	nMinor
TCGA-RD-A7BS	1	61735	215319038	1	1
TCGA-RD-A7BS	1	215319158	249224388	2	1
TCGA-RD-A7BS	2	12784	243089456	1	1
TCGA-RD-A7BS	3	60345	60264473	2	0
TCGA-RD-A7BS	3	60271725	60613849	1	0
TCGA-RD-A7BS	3	60614333	134577544	2	0
TCGA-RD-A7BS	3	134581221	176826674	2	1
TCGA-RD-A7BS	3	176827927	193023255	3	1
TCGA-RD-A7BS	3	193023426	197896118	6	1
TCGA-RD-A7BS	4	12281	24695096	1	0
TCGA-RD-A7BS	4	24698303	191027923	1	1
TCGA-RD-A7BS	5	15532	65494992	1	1
TCGA-RD-A7BS	5	65495203	66193231	1	0
TCGA-RD-A7BS	5	66197692	180790320	1	1
TCGA-RD-A7BS	6	149661	171051005	1	1
TCGA-RD-A7BS	7	43259	51835471	1	1
TCGA-RD-A7BS	7	51835902	54800507	2	1
TCGA-RD-A7BS	7	54800975	55376930	1	0
TCGA-RD-A7BS	7	55377306	159127004	1	1
TCGA-RD-A7BS	8	31254	50116909	1	1
TCGA-RD-A7BS	8	50118527	146298155	2	1
TCGA-RD-A7BS	9	46587	3648334	0	0
TCGA-RD-A7BS	9	3649097	21694179	1	0
TCGA-RD-A7BS	9	21695460	27620642	0	0
TCGA-RD-A7BS	9	27627023	32504316	1	0
TCGA-RD-A7BS	9	32514195	47217176	1	1
TCGA-RD-A7BS	9	65616971	85640254	2	1
TCGA-RD-A7BS	9	85640369	86750762	1	1
TCGA-RD-A7BS	9	86751367	90080930	1	0
TCGA-RD-A7BS	9	90081191	94899680	1	1
TCGA-RD-A7BS	9	94904617	102909161	1	0
TCGA-RD-A7BS	9	102910872	124268899	1	1
TCGA-RD-A7BS	9	124270486	141091394	2	1
TCGA-RD-A7BS	10	72759	71106454	2	1
TCGA-RD-A7BS	10	71109698	135506704	1	1
TCGA-RD-A7BS	11	198572	38462691	1	1
TCGA-RD-A7BS	11	38462922	107824764	2	1
TCGA-RD-A7BS	11	107824936	110345155	1	0
TCGA-RD-A7BS	11	110346798	127465045	1	1
TCGA-RD-A7BS	11	127465371	133654099	2	2
TCGA-RD-A7BS	11	133658661	134944770	1	0
TCGA-RD-A7BS	12	150442	22955092	1	1
TCGA-RD-A7BS	12	22955842	25559801	5	2
TCGA-RD-A7BS	12	25562063	52485891	1	1
TCGA-RD-A7BS	12	52485891	53270724	1	0
TCGA-RD-A7BS	12	53271227	133778189	1	1
TCGA-RD-A7BS	13	19026949	115108397	1	1
TCGA-RD-A7BS	14	19002124	107285437	2	1
TCGA-RD-A7BS	15	20016328	102469040	1	0
TCGA-RD-A7BS	16	60777	26883673	1	1
TCGA-RD-A7BS	16	26885076	35283226	2	1
TCGA-RD-A7BS	16	46463782	71191340	1	0
TCGA-RD-A7BS	16	71191405	76344391	2	1
TCGA-RD-A7BS	16	76344490	87400665	1	0
TCGA-RD-A7BS	16	87401744	87922821	2	1
TCGA-RD-A7BS	16	87923472	90032232	4	1
TCGA-RD-A7BS	16	90033255	90287535	1	0
TCGA-RD-A7BS	17	526	21524172	2	0
TCGA-RD-A7BS	17	21527046	81049726	2	1
TCGA-RD-A7BS	18	48133	42788409	1	1
TCGA-RD-A7BS	18	42789492	78015057	1	0
TCGA-RD-A7BS	19	90910	23828772	2	0
TCGA-RD-A7BS	19	23829181	59097854	3	0
TCGA-RD-A7BS	20	61305	62956153	1	1
TCGA-RD-A7BS	21	10736871	48096957	1	1
TCGA-RD-A7BS	22	16052528	51234455	2	0
TCGA-RD-A7BS	X	168477	154785778	2	0
TCGA-RD-A7BS	X	154787556	155233846	0	0
