sample	chr	startpos	endpos	nMajor	nMinor
TCGA-D8-A1J9	1	61735	121482979	2	2
TCGA-D8-A1J9	1	144007049	249224388	4	2
TCGA-D8-A1J9	2	12784	243089456	2	2
TCGA-D8-A1J9	3	60345	93527459	2	0
TCGA-D8-A1J9	3	93530246	100382415	2	2
TCGA-D8-A1J9	3	100382508	130567906	4	0
TCGA-D8-A1J9	3	130569400	197896118	4	2
TCGA-D8-A1J9	4	12281	29241920	2	2
TCGA-D8-A1J9	4	29242130	44867516	2	1
TCGA-D8-A1J9	4	44873240	76266613	2	2
TCGA-D8-A1J9	4	76266799	191027923	2	1
TCGA-D8-A1J9	5	15532	25701996	2	2
TCGA-D8-A1J9	5	25702260	41620923	3	2
TCGA-D8-A1J9	5	41621581	180790320	2	2
TCGA-D8-A1J9	6	149661	57206485	2	2
TCGA-D8-A1J9	6	57211807	63033377	2	1
TCGA-D8-A1J9	6	63033690	64145177	2	2
TCGA-D8-A1J9	6	64149159	138076566	2	1
TCGA-D8-A1J9	6	138077323	171051005	2	2
TCGA-D8-A1J9	7	43259	62324868	2	0
TCGA-D8-A1J9	7	62325513	123203822	2	2
TCGA-D8-A1J9	7	123207460	159127004	2	1
TCGA-D8-A1J9	8	31254	37115600	1	0
TCGA-D8-A1J9	8	37116345	39408362	2	0
TCGA-D8-A1J9	8	39408492	43780295	1	0
TCGA-D8-A1J9	8	43783984	47397089	3	1
TCGA-D8-A1J9	8	47397703	146298155	3	3
TCGA-D8-A1J9	9	46587	17297041	1	0
TCGA-D8-A1J9	9	17297054	24027323	2	0
TCGA-D8-A1J9	9	24027681	24082341	30	0
TCGA-D8-A1J9	9	24086822	24132558	25	8
TCGA-D8-A1J9	9	24133238	27152292	2	0
TCGA-D8-A1J9	9	27152308	27191011	30	1
TCGA-D8-A1J9	9	27193503	32935971	2	0
TCGA-D8-A1J9	9	32936039	32979539	20	3
TCGA-D8-A1J9	9	32979869	33009413	23	4
TCGA-D8-A1J9	9	33014578	33027216	2	0
TCGA-D8-A1J9	9	33030885	33517534	12	2
TCGA-D8-A1J9	9	33517795	36002881	19	2
TCGA-D8-A1J9	9	36003037	36010848	12	1
TCGA-D8-A1J9	9	36012260	36038786	14	1
TCGA-D8-A1J9	9	36039067	47217176	3	3
TCGA-D8-A1J9	9	65616971	74253315	1	0
TCGA-D8-A1J9	9	74254853	80043316	3	1
TCGA-D8-A1J9	9	80044364	81000053	1	0
TCGA-D8-A1J9	9	81001485	82666465	2	1
TCGA-D8-A1J9	9	82666738	84521498	1	0
TCGA-D8-A1J9	9	84521603	90896429	2	1
TCGA-D8-A1J9	9	90898027	91112273	3	0
TCGA-D8-A1J9	9	91115482	95290654	8	1
TCGA-D8-A1J9	9	95291909	97165318	6	1
TCGA-D8-A1J9	9	97167871	99265436	3	1
TCGA-D8-A1J9	9	99266126	101987760	6	1
TCGA-D8-A1J9	9	101990382	103780712	2	2
TCGA-D8-A1J9	9	103780896	117884216	5	1
TCGA-D8-A1J9	9	117885635	118273657	8	1
TCGA-D8-A1J9	9	118275210	121071235	17	1
TCGA-D8-A1J9	9	121071363	123079481	12	1
TCGA-D8-A1J9	9	123079764	123679533	7	1
TCGA-D8-A1J9	9	123680068	126385621	9	1
TCGA-D8-A1J9	9	126386562	129225538	6	1
TCGA-D8-A1J9	9	129230196	131236201	8	1
TCGA-D8-A1J9	9	131237894	132236588	1	1
TCGA-D8-A1J9	9	132239272	133055195	1	0
TCGA-D8-A1J9	9	133055949	133405265	1	1
TCGA-D8-A1J9	9	133405418	133440502	2	0
TCGA-D8-A1J9	9	133440620	137131717	7	1
TCGA-D8-A1J9	9	137136543	141091394	1	0
TCGA-D8-A1J9	10	72759	37525896	2	2
TCGA-D8-A1J9	10	37527469	37892944	2	0
TCGA-D8-A1J9	10	37893823	135506704	2	1
TCGA-D8-A1J9	11	198572	26578624	2	0
TCGA-D8-A1J9	11	26583284	28941767	2	2
TCGA-D8-A1J9	11	28946949	30028065	2	0
TCGA-D8-A1J9	11	30028283	31173243	2	2
TCGA-D8-A1J9	11	31173358	33170823	2	0
TCGA-D8-A1J9	11	33174044	33202599	5	1
TCGA-D8-A1J9	11	33202614	33221835	4	1
TCGA-D8-A1J9	11	33225357	34187847	2	2
TCGA-D8-A1J9	11	34188150	36467157	2	0
TCGA-D8-A1J9	11	36467501	38799707	2	2
TCGA-D8-A1J9	11	38802898	39714893	5	2
TCGA-D8-A1J9	11	39719415	41108385	2	2
TCGA-D8-A1J9	11	41108575	47225996	4	2
TCGA-D8-A1J9	11	47227897	48055463	2	2
TCGA-D8-A1J9	11	48058313	51176743	2	0
TCGA-D8-A1J9	11	51183575	60634222	2	2
TCGA-D8-A1J9	11	60636227	107025004	4	2
TCGA-D8-A1J9	11	107029951	134944770	2	0
TCGA-D8-A1J9	12	150442	114996093	2	2
TCGA-D8-A1J9	12	115000290	120274625	2	0
TCGA-D8-A1J9	12	120275562	127575693	4	0
TCGA-D8-A1J9	12	127585366	133697182	4	2
TCGA-D8-A1J9	12	133698537	133778189	1	0
TCGA-D8-A1J9	13	19026949	115108397	3	0
TCGA-D8-A1J9	14	19002124	22422976	2	2
TCGA-D8-A1J9	14	22424545	22970050	3	3
TCGA-D8-A1J9	14	22970236	107285437	2	2
TCGA-D8-A1J9	15	20016328	33415174	2	0
TCGA-D8-A1J9	15	33415288	87508963	2	1
TCGA-D8-A1J9	15	87509880	88030322	2	0
TCGA-D8-A1J9	15	88031388	92804982	2	1
TCGA-D8-A1J9	15	92805081	94910050	2	0
TCGA-D8-A1J9	15	94910119	102469040	2	2
TCGA-D8-A1J9	16	60777	12482015	4	2
TCGA-D8-A1J9	16	12482260	27106880	6	2
TCGA-D8-A1J9	16	27107840	29773442	2	2
TCGA-D8-A1J9	16	29774342	34012168	4	2
TCGA-D8-A1J9	16	34197351	34366506	1	0
TCGA-D8-A1J9	16	34369408	34767996	2	0
TCGA-D8-A1J9	16	34768011	35283226	5	2
TCGA-D8-A1J9	16	46463782	50766070	2	0
TCGA-D8-A1J9	16	50766127	51133202	2	2
TCGA-D8-A1J9	16	51133648	52865645	3	3
TCGA-D8-A1J9	16	52865676	53362487	2	0
TCGA-D8-A1J9	16	53362786	55670313	6	2
TCGA-D8-A1J9	16	55674228	90287535	2	0
TCGA-D8-A1J9	17	526	14055521	2	0
TCGA-D8-A1J9	17	14057128	14574644	4	0
TCGA-D8-A1J9	17	14576452	17479693	2	0
TCGA-D8-A1J9	17	17482198	18180689	4	0
TCGA-D8-A1J9	17	18183004	21793179	2	0
TCGA-D8-A1J9	17	21793897	26311616	2	1
TCGA-D8-A1J9	17	26312084	31073848	3	3
TCGA-D8-A1J9	17	31075807	31311677	11	2
TCGA-D8-A1J9	17	31312415	31607410	4	2
TCGA-D8-A1J9	17	31607453	32247674	6	2
TCGA-D8-A1J9	17	32248734	32409557	29	2
TCGA-D8-A1J9	17	32417079	32784346	2	0
TCGA-D8-A1J9	17	32787526	32796666	36	11
TCGA-D8-A1J9	17	32796834	32960300	48	2
TCGA-D8-A1J9	17	32966723	33213933	28	2
TCGA-D8-A1J9	17	33214714	34951530	2	0
TCGA-D8-A1J9	17	34957581	36198270	13	2
TCGA-D8-A1J9	17	36198327	36244358	9	2
TCGA-D8-A1J9	17	36300607	37123114	2	0
TCGA-D8-A1J9	17	37131463	37342357	24	1
TCGA-D8-A1J9	17	37342847	37419317	22	1
TCGA-D8-A1J9	17	37420765	38356815	43	3
TCGA-D8-A1J9	17	38368800	54239832	2	0
TCGA-D8-A1J9	17	54240106	64884871	4	0
TCGA-D8-A1J9	17	64885451	69551515	5	0
TCGA-D8-A1J9	17	69552107	74157536	4	0
TCGA-D8-A1J9	17	74158567	77642881	3	0
TCGA-D8-A1J9	17	77645685	81049726	5	0
TCGA-D8-A1J9	18	48133	55832078	2	1
TCGA-D8-A1J9	18	55832896	56213929	4	1
TCGA-D8-A1J9	18	56214386	59865702	2	2
TCGA-D8-A1J9	18	59865998	61620766	2	1
TCGA-D8-A1J9	18	61622791	63213919	2	2
TCGA-D8-A1J9	18	63214022	68370032	2	0
TCGA-D8-A1J9	18	68371131	70509842	2	1
TCGA-D8-A1J9	18	70509878	72954686	2	0
TCGA-D8-A1J9	18	72956116	74042649	1	0
TCGA-D8-A1J9	18	74045571	74934493	1	1
TCGA-D8-A1J9	18	74934592	78015057	1	0
TCGA-D8-A1J9	19	90910	1641924	2	2
TCGA-D8-A1J9	19	1642507	2060089	1	0
TCGA-D8-A1J9	19	2064619	59097854	2	2
TCGA-D8-A1J9	20	61305	4686938	2	0
TCGA-D8-A1J9	20	4687414	9053120	6	2
TCGA-D8-A1J9	20	9053556	9277395	12	3
TCGA-D8-A1J9	20	9277792	10117174	6	2
TCGA-D8-A1J9	20	10122212	21283435	5	2
TCGA-D8-A1J9	20	21283542	21508494	2	0
TCGA-D8-A1J9	20	21512532	21516180	1	0
TCGA-D8-A1J9	20	21517405	21915058	2	0
TCGA-D8-A1J9	20	21918288	22416406	5	2
TCGA-D8-A1J9	20	22416436	22436129	5	0
TCGA-D8-A1J9	20	22436566	22920656	13	2
TCGA-D8-A1J9	20	22920773	26177435	2	0
TCGA-D8-A1J9	20	26177804	56032141	2	2
TCGA-D8-A1J9	20	56032742	59078074	4	2
TCGA-D8-A1J9	20	59081696	59291747	2	2
TCGA-D8-A1J9	20	59291990	62956153	4	2
TCGA-D8-A1J9	21	10736871	48096957	2	2
TCGA-D8-A1J9	22	16052528	26158284	2	2
TCGA-D8-A1J9	22	26158628	29130740	3	2
TCGA-D8-A1J9	22	29131426	51234455	2	2
TCGA-D8-A1J9	X	168477	10181335	2	2
TCGA-D8-A1J9	X	10181444	10242202	2	0
TCGA-D8-A1J9	X	10245296	25743658	2	2
TCGA-D8-A1J9	X	25743706	26952806	2	0
TCGA-D8-A1J9	X	26954546	27202241	2	2
TCGA-D8-A1J9	X	27203662	27358079	2	0
TCGA-D8-A1J9	X	27358890	32953692	2	2
TCGA-D8-A1J9	X	32959661	53803748	2	0
TCGA-D8-A1J9	X	53804766	68659986	2	2
TCGA-D8-A1J9	X	68674328	75574176	2	0
TCGA-D8-A1J9	X	75577530	76564345	3	1
TCGA-D8-A1J9	X	76565671	81243811	2	0
TCGA-D8-A1J9	X	81244895	82076913	2	2
TCGA-D8-A1J9	X	82081041	89025232	2	0
TCGA-D8-A1J9	X	89029290	89849947	2	2
TCGA-D8-A1J9	X	89855606	91847817	2	0
TCGA-D8-A1J9	X	91848710	93633893	2	2
TCGA-D8-A1J9	X	93637322	104064345	2	0
TCGA-D8-A1J9	X	104066093	112270512	2	2
TCGA-D8-A1J9	X	112272618	113090918	2	0
TCGA-D8-A1J9	X	113091004	117815935	2	2
TCGA-D8-A1J9	X	117816320	121891128	2	0
TCGA-D8-A1J9	X	121892190	128880266	2	2
TCGA-D8-A1J9	X	128880614	148605752	4	2
TCGA-D8-A1J9	X	148605888	152202689	2	2
TCGA-D8-A1J9	X	152203512	153189819	4	2
TCGA-D8-A1J9	X	153195393	155233846	2	0
