sample	chr	startpos	endpos	nMajor	nMinor
TCGA-A5-A3LO	1	61735	249224388	2	2
TCGA-A5-A3LO	2	12784	243089456	2	2
TCGA-A5-A3LO	3	60345	197896118	2	2
TCGA-A5-A3LO	4	12281	191027923	3	0
TCGA-A5-A3LO	5	15532	180790320	3	0
TCGA-A5-A3LO	6	149661	107541889	2	2
TCGA-A5-A3LO	6	107542087	107806281	1	0
TCGA-A5-A3LO	6	107807880	171051005	2	2
TCGA-A5-A3LO	7	43259	103532658	3	2
TCGA-A5-A3LO	7	103533224	159127004	3	1
TCGA-A5-A3LO	8	31254	146298155	3	3
TCGA-A5-A3LO	9	46587	141091394	3	0
TCGA-A5-A3LO	10	72759	55107599	2	2
TCGA-A5-A3LO	10	55108129	135506704	4	0
TCGA-A5-A3LO	11	198572	134944770	3	2
TCGA-A5-A3LO	12	150442	118624166	4	0
TCGA-A5-A3LO	12	118624418	119275498	5	0
TCGA-A5-A3LO	12	119275707	133778189	4	0
TCGA-A5-A3LO	13	19026949	115108397	3	0
TCGA-A5-A3LO	14	19002124	107285437	2	2
TCGA-A5-A3LO	15	20016328	102469040	2	1
TCGA-A5-A3LO	16	60777	90287535	3	0
TCGA-A5-A3LO	17	526	81049726	3	0
TCGA-A5-A3LO	18	48133	78015057	3	0
TCGA-A5-A3LO	19	90910	59097854	3	0
TCGA-A5-A3LO	20	61305	62956153	3	2
TCGA-A5-A3LO	21	10736871	48096957	3	3
TCGA-A5-A3LO	22	16052528	51234455	3	0
TCGA-A5-A3LO	X	168477	155233846	3	0
