sample	chr	startpos	endpos	nMajor	nMinor
TCGA-EA-A411	1	61735	26597086	3	2
TCGA-EA-A411	1	26597144	27106855	2	0
TCGA-EA-A411	1	27119975	92947251	3	3
TCGA-EA-A411	1	92953478	93080928	15	9
TCGA-EA-A411	1	93083048	93847589	3	0
TCGA-EA-A411	1	93848729	249224388	3	3
TCGA-EA-A411	2	12784	95361888	3	2
TCGA-EA-A411	2	95362252	118356817	2	1
TCGA-EA-A411	2	118358076	118475048	1	0
TCGA-EA-A411	2	118475071	207462642	2	1
TCGA-EA-A411	2	207462977	243089456	2	0
TCGA-EA-A411	3	60345	90485962	2	0
TCGA-EA-A411	3	90502862	117335953	2	2
TCGA-EA-A411	3	117338983	197896118	3	3
TCGA-EA-A411	4	12281	49510399	2	0
TCGA-EA-A411	4	49511202	83004203	2	2
TCGA-EA-A411	4	83014771	101427828	2	0
TCGA-EA-A411	4	101430299	116242277	2	2
TCGA-EA-A411	4	116243046	140705510	2	0
TCGA-EA-A411	4	140706647	145219067	2	2
TCGA-EA-A411	4	145219564	191027923	2	0
TCGA-EA-A411	5	15532	50968996	2	2
TCGA-EA-A411	5	50973875	180790320	2	0
TCGA-EA-A411	6	149661	171051005	3	1
TCGA-EA-A411	7	43259	159127004	2	2
TCGA-EA-A411	8	31254	146298155	3	2
TCGA-EA-A411	9	46587	141091394	1	1
TCGA-EA-A411	10	72759	135506704	2	2
TCGA-EA-A411	11	198572	46022934	2	0
TCGA-EA-A411	11	46025864	102308753	2	1
TCGA-EA-A411	11	102311087	134944770	2	0
TCGA-EA-A411	12	150442	34414747	2	0
TCGA-EA-A411	12	34418481	133778189	2	2
TCGA-EA-A411	13	19026949	115108397	3	1
TCGA-EA-A411	14	19002124	107285437	2	1
TCGA-EA-A411	15	20016328	102469040	2	2
TCGA-EA-A411	16	60777	90287535	2	2
TCGA-EA-A411	17	526	81049726	2	2
TCGA-EA-A411	18	48133	78015057	3	2
TCGA-EA-A411	19	90910	24596750	2	1
TCGA-EA-A411	19	27747993	59097854	3	2
TCGA-EA-A411	20	61305	14718196	2	2
TCGA-EA-A411	20	14718576	16722925	2	0
TCGA-EA-A411	20	16724770	62956153	2	2
TCGA-EA-A411	21	10736871	48096957	2	1
TCGA-EA-A411	22	16052528	18552857	2	2
TCGA-EA-A411	22	18553019	21420100	3	1
TCGA-EA-A411	22	21421319	51234455	2	2
TCGA-EA-A411	X	168477	155233846	2	2
