sample	chr	startpos	endpos	nMajor	nMinor
TCGA-AQ-A1H2	1	61735	8568618	1	1
TCGA-AQ-A1H2	1	8574972	29045123	1	0
TCGA-AQ-A1H2	1	29047110	249224388	1	1
TCGA-AQ-A1H2	2	12784	243089456	1	1
TCGA-AQ-A1H2	3	60345	197896118	1	1
TCGA-AQ-A1H2	4	12281	112745830	1	1
TCGA-AQ-A1H2	4	112746522	125932398	1	0
TCGA-AQ-A1H2	4	125933427	180573364	1	1
TCGA-AQ-A1H2	4	180575704	183606446	1	0
TCGA-AQ-A1H2	4	183608689	191027923	1	1
TCGA-AQ-A1H2	5	15532	180790320	1	1
TCGA-AQ-A1H2	6	149661	445913	2	1
TCGA-AQ-A1H2	6	445982	1122255	1	1
TCGA-AQ-A1H2	6	1122544	13345844	1	0
TCGA-AQ-A1H2	6	13346128	26755915	1	1
TCGA-AQ-A1H2	6	26758030	35839943	1	0
TCGA-AQ-A1H2	6	35846995	48518715	1	1
TCGA-AQ-A1H2	6	48519267	53999902	2	1
TCGA-AQ-A1H2	6	54000154	54458556	1	0
TCGA-AQ-A1H2	6	54462728	54765110	1	1
TCGA-AQ-A1H2	6	54767985	62765352	2	1
TCGA-AQ-A1H2	6	62766949	99016731	1	0
TCGA-AQ-A1H2	6	99020270	102230045	1	1
TCGA-AQ-A1H2	6	102230218	102278898	2	0
TCGA-AQ-A1H2	6	102279490	104514973	1	0
TCGA-AQ-A1H2	6	104515705	105018946	1	1
TCGA-AQ-A1H2	6	105020623	114634458	1	0
TCGA-AQ-A1H2	6	114634998	116577113	1	1
TCGA-AQ-A1H2	6	116577145	126524634	1	0
TCGA-AQ-A1H2	6	126526933	126632216	1	1
TCGA-AQ-A1H2	6	126632562	126636277	4	0
TCGA-AQ-A1H2	6	126638380	127167476	1	1
TCGA-AQ-A1H2	6	127167512	133459740	2	1
TCGA-AQ-A1H2	6	133459758	147485608	1	1
TCGA-AQ-A1H2	6	147487044	150791665	1	0
TCGA-AQ-A1H2	6	150792631	150975323	1	1
TCGA-AQ-A1H2	6	150975832	153749921	2	1
TCGA-AQ-A1H2	6	153750889	154167571	1	1
TCGA-AQ-A1H2	6	154168721	155083314	1	0
TCGA-AQ-A1H2	6	155084269	156457708	1	1
TCGA-AQ-A1H2	6	156458742	159535072	2	1
TCGA-AQ-A1H2	6	159535533	169836682	1	1
TCGA-AQ-A1H2	6	169842450	170244667	1	0
TCGA-AQ-A1H2	6	170245417	171051005	1	1
TCGA-AQ-A1H2	7	43259	63136232	2	1
TCGA-AQ-A1H2	7	63138103	159127004	1	0
TCGA-AQ-A1H2	8	31254	65787979	1	0
TCGA-AQ-A1H2	8	65792974	146298155	2	1
TCGA-AQ-A1H2	9	46587	19683207	1	0
TCGA-AQ-A1H2	9	19684839	21682141	2	0
TCGA-AQ-A1H2	9	21682260	21716997	1	0
TCGA-AQ-A1H2	9	21720481	27331344	0	0
TCGA-AQ-A1H2	9	27331863	27901735	1	0
TCGA-AQ-A1H2	9	27905142	29202016	2	0
TCGA-AQ-A1H2	9	29202336	141091394	1	0
TCGA-AQ-A1H2	10	72759	135506704	1	1
TCGA-AQ-A1H2	11	198572	26725829	1	0
TCGA-AQ-A1H2	11	26735916	37704476	2	1
TCGA-AQ-A1H2	11	37704760	37708666	6	3
TCGA-AQ-A1H2	11	37710012	63314438	2	1
TCGA-AQ-A1H2	11	63315760	64025854	1	0
TCGA-AQ-A1H2	11	64039998	64686853	1	1
TCGA-AQ-A1H2	11	64687921	71917769	2	1
TCGA-AQ-A1H2	11	71918818	72552442	1	1
TCGA-AQ-A1H2	11	72554560	77151221	2	1
TCGA-AQ-A1H2	11	77157232	79587214	6	1
TCGA-AQ-A1H2	11	79588238	80870304	2	1
TCGA-AQ-A1H2	11	80872494	96911239	1	0
TCGA-AQ-A1H2	11	96917891	98173437	2	1
TCGA-AQ-A1H2	11	98176089	98471663	1	1
TCGA-AQ-A1H2	11	98476477	98587714	1	0
TCGA-AQ-A1H2	11	98598542	98875634	2	1
TCGA-AQ-A1H2	11	98875880	102625598	1	0
TCGA-AQ-A1H2	11	102629432	106238082	1	1
TCGA-AQ-A1H2	11	106238708	106284375	1	0
TCGA-AQ-A1H2	11	106287503	107638761	2	1
TCGA-AQ-A1H2	11	107644296	134944770	1	0
TCGA-AQ-A1H2	12	150442	133778189	1	1
TCGA-AQ-A1H2	13	19026949	77851693	1	0
TCGA-AQ-A1H2	13	77851907	89194190	0	0
TCGA-AQ-A1H2	13	89196890	115108397	1	0
TCGA-AQ-A1H2	14	19002124	107285437	1	1
TCGA-AQ-A1H2	15	20016328	102469040	1	1
TCGA-AQ-A1H2	16	60777	34012168	2	1
TCGA-AQ-A1H2	16	34197351	90287535	1	0
TCGA-AQ-A1H2	17	526	81049726	1	1
TCGA-AQ-A1H2	18	48133	78015057	1	0
TCGA-AQ-A1H2	19	90910	59097854	1	1
TCGA-AQ-A1H2	20	61305	62956153	2	1
TCGA-AQ-A1H2	21	10736871	48096957	1	1
TCGA-AQ-A1H2	22	16052528	51234455	1	1
TCGA-AQ-A1H2	X	168477	155233846	1	1
