sample	chr	startpos	endpos	nMajor	nMinor
TCGA-44-A479	1	61735	29106967	2	1
TCGA-44-A479	1	29108979	30235698	4	1
TCGA-44-A479	1	30242145	36711643	1	1
TCGA-44-A479	1	36714351	37861046	4	1
TCGA-44-A479	1	37861304	38843589	1	1
TCGA-44-A479	1	38844957	47502483	4	1
TCGA-44-A479	1	47503322	64650106	2	1
TCGA-44-A479	1	64652345	87882708	4	1
TCGA-44-A479	1	87882824	163711718	2	1
TCGA-44-A479	1	163714719	249224388	2	2
TCGA-44-A479	2	12784	79228459	2	2
TCGA-44-A479	2	79230500	88535325	2	1
TCGA-44-A479	2	88541064	104978015	2	2
TCGA-44-A479	2	104978032	147845533	2	1
TCGA-44-A479	2	147849192	243089456	2	2
TCGA-44-A479	3	60345	197896118	1	1
TCGA-44-A479	4	12281	191027923	1	1
TCGA-44-A479	5	15532	12100089	3	2
TCGA-44-A479	5	12102627	52563524	2	2
TCGA-44-A479	5	52563640	119950351	1	1
TCGA-44-A479	5	119951915	180790320	2	1
TCGA-44-A479	6	149661	96273747	2	2
TCGA-44-A479	6	96278568	171051005	2	1
TCGA-44-A479	7	43259	9222776	2	2
TCGA-44-A479	7	9223112	14795458	3	2
TCGA-44-A479	7	14795748	48191884	3	3
TCGA-44-A479	7	48192383	53070775	3	0
TCGA-44-A479	7	53074399	62437477	4	1
TCGA-44-A479	7	62439281	66973232	1	1
TCGA-44-A479	7	66973669	67667014	2	2
TCGA-44-A479	7	67667393	105451770	1	0
TCGA-44-A479	7	105458918	108202976	2	2
TCGA-44-A479	7	108206653	109326237	1	0
TCGA-44-A479	7	109326455	114865042	2	2
TCGA-44-A479	7	114865172	132529313	2	1
TCGA-44-A479	7	132529950	134831048	1	0
TCGA-44-A479	7	134831233	137486520	2	2
TCGA-44-A479	7	137488339	140119245	4	1
TCGA-44-A479	7	140119629	157954008	5	1
TCGA-44-A479	7	157954904	159127004	1	1
TCGA-44-A479	8	31254	59626056	2	1
TCGA-44-A479	8	59627923	74230223	3	2
TCGA-44-A479	8	74231431	79347559	4	4
TCGA-44-A479	8	79350458	82540257	3	2
TCGA-44-A479	8	82540759	101615297	3	0
TCGA-44-A479	8	101615462	104685699	3	2
TCGA-44-A479	8	104688122	110521117	3	0
TCGA-44-A479	8	110523405	113340091	3	2
TCGA-44-A479	8	113346445	128247149	2	1
TCGA-44-A479	8	128247698	128571855	3	3
TCGA-44-A479	8	128575289	130872300	3	0
TCGA-44-A479	8	130872848	132940161	3	2
TCGA-44-A479	8	132942099	138999704	2	1
TCGA-44-A479	8	139000770	146298155	3	2
TCGA-44-A479	9	46587	38603329	2	2
TCGA-44-A479	9	38608385	87722633	1	1
TCGA-44-A479	9	87725253	88042223	2	2
TCGA-44-A479	9	88042584	111822021	1	0
TCGA-44-A479	9	111822508	123782138	2	2
TCGA-44-A479	9	123783056	141091394	2	1
TCGA-44-A479	10	72759	135506704	2	1
TCGA-44-A479	11	198572	134944770	2	2
TCGA-44-A479	12	150442	24567738	2	1
TCGA-44-A479	12	24569816	25410404	10	2
TCGA-44-A479	12	25411015	133778189	3	2
TCGA-44-A479	13	19026949	107753150	2	1
TCGA-44-A479	13	107754066	108542671	1	0
TCGA-44-A479	13	108558363	115108397	2	2
TCGA-44-A479	14	19002124	27155562	2	1
TCGA-44-A479	14	27156756	29875573	3	2
TCGA-44-A479	14	29875872	39816401	7	3
TCGA-44-A479	14	39816781	50307225	4	3
TCGA-44-A479	14	50308414	54468386	3	3
TCGA-44-A479	14	54468434	60051460	3	2
TCGA-44-A479	14	60051553	65150920	4	1
TCGA-44-A479	14	65151073	89114275	3	2
TCGA-44-A479	14	89117113	107285437	2	1
TCGA-44-A479	15	20016328	67839693	2	1
TCGA-44-A479	15	67840187	102469040	2	2
TCGA-44-A479	16	60777	90287535	2	2
TCGA-44-A479	17	526	26097131	2	0
TCGA-44-A479	17	26101107	36783365	2	2
TCGA-44-A479	17	36784639	39842758	2	0
TCGA-44-A479	17	39843245	61691245	3	2
TCGA-44-A479	17	61694272	62394922	1	1
TCGA-44-A479	17	62396984	71524942	3	2
TCGA-44-A479	17	71524987	76435609	2	0
TCGA-44-A479	17	76439216	81049726	3	2
TCGA-44-A479	18	48133	12977206	1	1
TCGA-44-A479	18	12984340	78015057	2	2
TCGA-44-A479	19	90910	27747993	3	0
TCGA-44-A479	19	27751675	59097854	2	2
TCGA-44-A479	20	61305	49591287	3	3
TCGA-44-A479	20	49594418	62956153	4	3
TCGA-44-A479	21	10736871	48096957	2	1
TCGA-44-A479	22	16052528	29846485	4	0
TCGA-44-A479	22	29847722	34397657	3	2
TCGA-44-A479	22	34397834	36844879	3	0
TCGA-44-A479	22	36848527	41125138	3	2
TCGA-44-A479	22	41132202	51234455	3	0
TCGA-44-A479	X	168477	155233846	2	2
