sample	chr	startpos	endpos	nMajor	nMinor
TCGA-60-2726	1	61735	118032157	1	1
TCGA-60-2726	1	118033110	120182137	13	1
TCGA-60-2726	1	120184881	120263657	16	0
TCGA-60-2726	1	120264573	120333728	18	0
TCGA-60-2726	1	120338608	121482979	9	0
TCGA-60-2726	1	144007049	145181734	4	1
TCGA-60-2726	1	145181880	237752707	2	1
TCGA-60-2726	1	237753571	241245806	3	1
TCGA-60-2726	1	241247504	249224388	2	1
TCGA-60-2726	2	12784	44116100	1	1
TCGA-60-2726	2	44116836	51236524	2	1
TCGA-60-2726	2	51236675	51889475	4	1
TCGA-60-2726	2	51899205	57813797	1	1
TCGA-60-2726	2	57824299	60635766	27	0
TCGA-60-2726	2	60637656	61147900	21	0
TCGA-60-2726	2	61154325	62696102	9	1
TCGA-60-2726	2	62696970	68869456	5	1
TCGA-60-2726	2	68869530	243089456	2	1
TCGA-60-2726	3	60345	90485962	2	0
TCGA-60-2726	3	90502862	197896118	4	2
TCGA-60-2726	4	12281	5032570	1	0
TCGA-60-2726	4	5033038	19728666	1	1
TCGA-60-2726	4	19735481	20350248	2	1
TCGA-60-2726	4	20353373	42715597	1	1
TCGA-60-2726	4	42715637	45879628	3	1
TCGA-60-2726	4	45879819	52699776	2	1
TCGA-60-2726	4	52700771	63804880	2	2
TCGA-60-2726	4	63806581	66920594	3	2
TCGA-60-2726	4	66920623	72201997	3	3
TCGA-60-2726	4	72202573	75682265	3	1
TCGA-60-2726	4	75682484	134773597	1	1
TCGA-60-2726	4	134773994	135044547	2	1
TCGA-60-2726	4	135047355	187372707	1	1
TCGA-60-2726	4	187372756	191027923	2	1
TCGA-60-2726	5	15532	8190480	3	2
TCGA-60-2726	5	8190493	10494154	3	0
TCGA-60-2726	5	10494966	49561228	4	0
TCGA-60-2726	5	49564628	180790320	2	1
TCGA-60-2726	6	149661	30482993	2	0
TCGA-60-2726	6	30512163	32195988	2	2
TCGA-60-2726	6	32198867	32690027	3	2
TCGA-60-2726	6	32690797	62249670	2	1
TCGA-60-2726	6	62251073	65550856	1	1
TCGA-60-2726	6	65550856	87078884	2	1
TCGA-60-2726	6	87079466	88585726	3	2
TCGA-60-2726	6	88588004	163056784	2	0
TCGA-60-2726	6	163057144	171051005	3	0
TCGA-60-2726	7	43259	9914829	2	2
TCGA-60-2726	7	9915894	26823625	2	1
TCGA-60-2726	7	26823963	27422005	4	1
TCGA-60-2726	7	27423066	41514873	2	1
TCGA-60-2726	7	41515005	100626795	2	2
TCGA-60-2726	7	100627938	101220194	4	2
TCGA-60-2726	7	101222443	106448853	2	2
TCGA-60-2726	7	106453135	107306498	4	2
TCGA-60-2726	7	107307206	114838822	2	2
TCGA-60-2726	7	114840699	118591040	7	2
TCGA-60-2726	7	118593030	121793753	4	2
TCGA-60-2726	7	121793848	159127004	2	0
TCGA-60-2726	8	31254	3611866	1	1
TCGA-60-2726	8	3612666	3756033	1	0
TCGA-60-2726	8	3756836	5695390	2	1
TCGA-60-2726	8	5698503	43824048	1	1
TCGA-60-2726	8	46847534	146298155	4	1
TCGA-60-2726	9	46587	141091394	2	0
TCGA-60-2726	10	72759	19172618	3	1
TCGA-60-2726	10	19173334	135506704	2	1
TCGA-60-2726	11	198572	46049158	1	1
TCGA-60-2726	11	46049938	47152273	6	1
TCGA-60-2726	11	47157677	59401881	1	1
TCGA-60-2726	11	59404831	67350054	2	1
TCGA-60-2726	11	67350293	69073647	2	2
TCGA-60-2726	11	69073681	71459603	24	1
TCGA-60-2726	11	71463563	76530064	2	0
TCGA-60-2726	11	76536082	78196766	29	1
TCGA-60-2726	11	78202145	81947713	2	0
TCGA-60-2726	11	81948221	82501382	28	1
TCGA-60-2726	11	82502661	134944770	2	0
TCGA-60-2726	12	150442	4629395	2	1
TCGA-60-2726	12	4630806	6037021	4	2
TCGA-60-2726	12	6039874	18233512	2	2
TCGA-60-2726	12	18235893	20964719	3	2
TCGA-60-2726	12	20965265	31282547	2	2
TCGA-60-2726	12	31289045	31406872	3	1
TCGA-60-2726	12	31406907	34854498	2	2
TCGA-60-2726	12	37857751	133778189	2	1
TCGA-60-2726	13	19026949	115108397	2	0
TCGA-60-2726	14	19002124	21735604	1	1
TCGA-60-2726	14	21736995	25103946	3	1
TCGA-60-2726	14	25104360	25503799	1	0
TCGA-60-2726	14	25504988	25879470	1	1
TCGA-60-2726	14	25882384	26596160	2	1
TCGA-60-2726	14	26596665	33337372	1	1
TCGA-60-2726	14	33341314	35428995	5	1
TCGA-60-2726	14	35429325	36873740	8	1
TCGA-60-2726	14	36874195	38032858	10	1
TCGA-60-2726	14	38033457	39343937	8	1
TCGA-60-2726	14	39344082	42730214	4	1
TCGA-60-2726	14	42736427	43908234	5	1
TCGA-60-2726	14	43911320	46336819	3	1
TCGA-60-2726	14	46337224	47171287	6	1
TCGA-60-2726	14	47177832	50521124	3	1
TCGA-60-2726	14	50521200	63177144	1	1
TCGA-60-2726	14	63177144	65762924	2	1
TCGA-60-2726	14	65763394	107285437	1	1
TCGA-60-2726	15	20016328	74857291	2	0
TCGA-60-2726	15	74860685	102469040	2	1
TCGA-60-2726	16	60777	25097591	2	0
TCGA-60-2726	16	25098676	35283226	2	1
TCGA-60-2726	16	46463782	49741001	3	1
TCGA-60-2726	16	49743339	61458101	3	0
TCGA-60-2726	16	61463955	77343314	3	1
TCGA-60-2726	16	77344276	79361813	5	1
TCGA-60-2726	16	79361953	80898374	6	1
TCGA-60-2726	16	80900186	90287535	4	1
TCGA-60-2726	17	526	25311244	2	0
TCGA-60-2726	17	25313690	81049726	2	1
TCGA-60-2726	18	48133	27903733	2	1
TCGA-60-2726	18	27905321	30037687	5	1
TCGA-60-2726	18	30043351	78015057	1	0
TCGA-60-2726	19	90910	59097854	2	0
TCGA-60-2726	20	61305	62956153	2	2
TCGA-60-2726	21	10736871	48096957	1	1
TCGA-60-2726	22	16052528	20994037	2	1
TCGA-60-2726	22	20994186	29671036	3	1
TCGA-60-2726	22	29679339	50096290	2	1
TCGA-60-2726	22	50096505	51234455	3	1
TCGA-60-2726	X	168477	602558	2	0
TCGA-60-2726	X	602744	2703391	4	2
TCGA-60-2726	X	2703633	32615005	2	0
TCGA-60-2726	X	32615295	35134143	3	0
TCGA-60-2726	X	35136713	61752280	2	0
TCGA-60-2726	X	61753130	154929498	1	0
TCGA-60-2726	X	154963439	155233846	2	1
