sample	chr	startpos	endpos	nMajor	nMinor
TCGA-20-0991	1	61735	27800482	1	1
TCGA-20-0991	1	27801535	30402608	4	1
TCGA-20-0991	1	30402968	35283939	1	1
TCGA-20-0991	1	35289039	36569919	5	2
TCGA-20-0991	1	36577945	37767014	17	1
TCGA-20-0991	1	37770623	38525652	7	1
TCGA-20-0991	1	38528881	39047419	22	0
TCGA-20-0991	1	39048725	40624448	13	1
TCGA-20-0991	1	40624677	40803855	5	1
TCGA-20-0991	1	40808885	41433647	10	1
TCGA-20-0991	1	41437350	43154201	15	1
TCGA-20-0991	1	43154492	43460988	20	1
TCGA-20-0991	1	43462020	44916138	11	1
TCGA-20-0991	1	44919002	45195080	19	0
TCGA-20-0991	1	45196587	45365991	5	1
TCGA-20-0991	1	45368728	45800138	8	1
TCGA-20-0991	1	45800156	46804490	10	1
TCGA-20-0991	1	46810530	101027524	1	1
TCGA-20-0991	1	101027566	102830849	2	1
TCGA-20-0991	1	102836564	104393599	11	2
TCGA-20-0991	1	104394036	104839189	16	2
TCGA-20-0991	1	104843023	105303590	3	2
TCGA-20-0991	1	105304175	107792708	7	2
TCGA-20-0991	1	107793273	111181086	5	2
TCGA-20-0991	1	111183367	111575007	4	2
TCGA-20-0991	1	111579096	114346334	2	1
TCGA-20-0991	1	114351706	115162080	5	2
TCGA-20-0991	1	115166786	115286846	17	3
TCGA-20-0991	1	115286935	116437879	7	2
TCGA-20-0991	1	116440744	118907505	6	2
TCGA-20-0991	1	118908373	121482979	2	2
TCGA-20-0991	1	144007049	237276452	4	2
TCGA-20-0991	1	237277023	241016598	5	2
TCGA-20-0991	1	241016693	249224388	4	2
TCGA-20-0991	2	12784	243089456	2	1
TCGA-20-0991	3	60345	29728826	1	1
TCGA-20-0991	3	29731524	37688711	2	1
TCGA-20-0991	3	37690189	168244580	2	2
TCGA-20-0991	3	168246162	174363083	4	2
TCGA-20-0991	3	174365638	197896118	3	2
TCGA-20-0991	4	12281	38866079	2	1
TCGA-20-0991	4	38867427	41252833	2	2
TCGA-20-0991	4	41254271	41839593	2	1
TCGA-20-0991	4	41841212	44402331	4	2
TCGA-20-0991	4	44403756	46241423	3	2
TCGA-20-0991	4	46241769	169948102	2	2
TCGA-20-0991	4	169948140	191027923	2	1
TCGA-20-0991	5	15532	51847658	2	2
TCGA-20-0991	5	51852095	52110676	4	2
TCGA-20-0991	5	52110710	56678995	2	1
TCGA-20-0991	5	56679092	56730500	5	2
TCGA-20-0991	5	56730670	180790320	2	1
TCGA-20-0991	6	149661	1064102	2	1
TCGA-20-0991	6	1066371	29730923	2	2
TCGA-20-0991	6	29732969	32449050	3	2
TCGA-20-0991	6	32449523	33889952	4	2
TCGA-20-0991	6	33893152	36985516	5	2
TCGA-20-0991	6	36989011	39275442	11	2
TCGA-20-0991	6	39277730	41522972	4	2
TCGA-20-0991	6	41523420	47774597	10	2
TCGA-20-0991	6	47780081	48492103	7	2
TCGA-20-0991	6	48492121	51087083	3	2
TCGA-20-0991	6	51087831	54107063	2	2
TCGA-20-0991	6	54107086	93724022	2	1
TCGA-20-0991	6	93725827	151545505	3	1
TCGA-20-0991	6	151545778	151964204	4	1
TCGA-20-0991	6	151971240	171051005	3	1
TCGA-20-0991	7	43259	56828656	3	2
TCGA-20-0991	7	56829050	140168790	2	2
TCGA-20-0991	7	140169353	159127004	3	2
TCGA-20-0991	8	31254	38388630	1	0
TCGA-20-0991	8	38388776	39855723	2	1
TCGA-20-0991	8	39856647	40287322	4	2
TCGA-20-0991	8	40296454	42055473	6	2
TCGA-20-0991	8	42056049	46932567	7	2
TCGA-20-0991	8	46933036	58739355	5	4
TCGA-20-0991	8	58739769	66187642	8	4
TCGA-20-0991	8	66188231	70485847	4	4
TCGA-20-0991	8	70485909	129880521	4	3
TCGA-20-0991	8	129887185	146298155	4	4
TCGA-20-0991	9	46587	90761221	2	1
TCGA-20-0991	9	90768827	111560445	3	1
TCGA-20-0991	9	111561466	112947956	2	1
TCGA-20-0991	9	112948253	141091394	3	1
TCGA-20-0991	10	72759	63064839	2	2
TCGA-20-0991	10	63067984	132814497	2	1
TCGA-20-0991	10	132814714	135506704	2	2
TCGA-20-0991	11	198572	58452810	2	2
TCGA-20-0991	11	58453944	73379075	2	1
TCGA-20-0991	11	73386388	77505981	2	0
TCGA-20-0991	11	77506044	79495605	2	1
TCGA-20-0991	11	79499548	133315869	2	0
TCGA-20-0991	11	133316852	134157112	2	1
TCGA-20-0991	11	134158458	134944770	2	2
TCGA-20-0991	12	150442	34854498	2	2
TCGA-20-0991	12	37857751	91166516	2	1
TCGA-20-0991	12	91169688	99532287	3	1
TCGA-20-0991	12	99532475	99887674	2	0
TCGA-20-0991	12	99887768	133778189	3	1
TCGA-20-0991	13	19026949	115108397	2	0
TCGA-20-0991	14	19002124	105523663	2	2
TCGA-20-0991	14	105523817	107285437	2	1
TCGA-20-0991	15	20016328	102469040	2	1
TCGA-20-0991	16	60777	18606397	2	1
TCGA-20-0991	16	18606678	19887853	4	2
TCGA-20-0991	16	19888106	20446922	2	2
TCGA-20-0991	16	20447094	35283226	2	1
TCGA-20-0991	16	46463782	55509931	3	1
TCGA-20-0991	16	55509995	90287535	1	1
TCGA-20-0991	17	526	33504809	2	0
TCGA-20-0991	17	33507219	81049726	3	0
TCGA-20-0991	18	48133	52753213	2	1
TCGA-20-0991	18	52753785	78015057	1	1
TCGA-20-0991	19	90910	12878857	1	1
TCGA-20-0991	19	12888092	14189110	14	1
TCGA-20-0991	19	14203610	16195056	8	1
TCGA-20-0991	19	16195371	17060800	4	1
TCGA-20-0991	19	17063294	17628352	8	1
TCGA-20-0991	19	17633349	18044560	2	1
TCGA-20-0991	19	18044680	19860828	6	1
TCGA-20-0991	19	19861682	21053780	3	1
TCGA-20-0991	19	21058358	24204783	1	0
TCGA-20-0991	19	24205562	24507172	1	1
TCGA-20-0991	19	24521623	30747999	2	2
TCGA-20-0991	19	30751707	34368170	3	2
TCGA-20-0991	19	34368667	38083430	2	1
TCGA-20-0991	19	38083855	41186004	3	2
TCGA-20-0991	19	41187439	59097854	2	1
TCGA-20-0991	20	61305	2661658	3	2
TCGA-20-0991	20	2667729	4784691	2	2
TCGA-20-0991	20	4789826	6621189	3	2
TCGA-20-0991	20	6621685	17043302	2	2
TCGA-20-0991	20	17043343	30294559	3	2
TCGA-20-0991	20	30295236	32118171	4	2
TCGA-20-0991	20	32128039	42645378	2	1
TCGA-20-0991	20	42646435	43997921	4	2
TCGA-20-0991	20	44006601	44479794	3	2
TCGA-20-0991	20	44481371	62956153	2	2
TCGA-20-0991	21	10736871	15740029	3	2
TCGA-20-0991	21	15744142	16556857	4	3
TCGA-20-0991	21	16557626	19693464	6	3
TCGA-20-0991	21	19695261	20310363	5	3
TCGA-20-0991	21	20311821	21419612	6	3
TCGA-20-0991	21	21429714	30106329	3	1
TCGA-20-0991	21	30107787	40448889	3	3
TCGA-20-0991	21	40451677	48096957	3	2
TCGA-20-0991	22	16052528	24639069	2	0
TCGA-20-0991	22	24658626	25388318	6	0
TCGA-20-0991	22	25388939	26256991	4	0
TCGA-20-0991	22	26257761	29130740	2	0
TCGA-20-0991	22	29131426	30178305	3	0
TCGA-20-0991	22	30180001	42698574	2	0
TCGA-20-0991	22	42698800	51234455	1	0
TCGA-20-0991	X	168477	45547079	1	0
TCGA-20-0991	X	45552051	49812996	6	0
TCGA-20-0991	X	49813566	50152696	11	0
TCGA-20-0991	X	50159203	51155467	3	0
TCGA-20-0991	X	51157336	53596792	2	0
TCGA-20-0991	X	53599113	56956684	6	0
TCGA-20-0991	X	56956797	85316564	2	0
TCGA-20-0991	X	85318349	85624865	7	2
TCGA-20-0991	X	85625071	155233846	2	0
