sample	chr	startpos	endpos	nMajor	nMinor
TCGA-50-5931	1	61735	121482979	2	2
TCGA-50-5931	1	144007049	249224388	5	2
TCGA-50-5931	2	12784	163794913	2	2
TCGA-50-5931	2	163799016	165665461	2	1
TCGA-50-5931	2	165665490	165987886	2	0
TCGA-50-5931	2	165990324	243089456	2	1
TCGA-50-5931	3	60345	71033531	2	0
TCGA-50-5931	3	71041689	71623170	0	0
TCGA-50-5931	3	71624920	80696606	2	0
TCGA-50-5931	3	80699208	81130267	3	2
TCGA-50-5931	3	81134096	82043043	8	2
TCGA-50-5931	3	82043062	82706220	4	2
TCGA-50-5931	3	82706368	82918195	2	2
TCGA-50-5931	3	82921698	84808756	2	0
TCGA-50-5931	3	84809568	87253781	2	2
TCGA-50-5931	3	87259196	88699591	2	0
TCGA-50-5931	3	88699795	90502862	2	1
TCGA-50-5931	3	93519478	191637632	6	2
TCGA-50-5931	3	191644471	194382308	3	2
TCGA-50-5931	3	194382520	197896118	5	2
TCGA-50-5931	4	12281	74162994	2	2
TCGA-50-5931	4	74164822	191027923	2	1
TCGA-50-5931	5	15532	46377327	6	2
TCGA-50-5931	5	46381782	180790320	2	2
TCGA-50-5931	6	149661	20878654	2	2
TCGA-50-5931	6	20881899	22506573	2	0
TCGA-50-5931	6	22506631	46620252	2	2
TCGA-50-5931	6	46625635	54003780	3	2
TCGA-50-5931	6	54003840	100291508	2	2
TCGA-50-5931	6	100291904	100380443	4	2
TCGA-50-5931	6	100390225	102018700	2	2
TCGA-50-5931	6	102023845	102153450	4	2
TCGA-50-5931	6	102153573	171051005	2	2
TCGA-50-5931	7	43259	50798525	2	1
TCGA-50-5931	7	50798691	51691587	3	1
TCGA-50-5931	7	51692536	159127004	2	1
TCGA-50-5931	8	31254	34003242	2	0
TCGA-50-5931	8	34007075	34250055	13	2
TCGA-50-5931	8	34251932	41951908	25	1
TCGA-50-5931	8	41958554	43200008	18	1
TCGA-50-5931	8	43203670	90294611	2	2
TCGA-50-5931	8	90302923	90466596	2	0
TCGA-50-5931	8	90471802	146298155	2	2
TCGA-50-5931	9	46587	94586256	3	0
TCGA-50-5931	9	94587199	96921599	4	0
TCGA-50-5931	9	96923901	141091394	3	0
TCGA-50-5931	10	72759	26732771	2	0
TCGA-50-5931	10	26732848	30548293	2	1
TCGA-50-5931	10	30558712	72144422	2	0
TCGA-50-5931	10	72151410	73429997	3	0
TCGA-50-5931	10	73431570	75778687	2	0
TCGA-50-5931	10	75778805	84621316	3	0
TCGA-50-5931	10	84621741	85162083	2	0
TCGA-50-5931	10	85165303	135506704	3	0
TCGA-50-5931	11	198572	134944770	2	1
TCGA-50-5931	12	150442	11043627	2	2
TCGA-50-5931	12	11043932	11337180	1	1
TCGA-50-5931	12	11343462	133778189	2	2
TCGA-50-5931	13	19026949	115108397	2	0
TCGA-50-5931	14	19002124	20419259	1	0
TCGA-50-5931	14	20420151	107285437	2	0
TCGA-50-5931	15	20016328	102469040	2	2
TCGA-50-5931	16	60777	68566787	2	2
TCGA-50-5931	16	68567552	70839075	2	0
TCGA-50-5931	16	70839157	71202489	4	0
TCGA-50-5931	16	71202797	74312958	2	0
TCGA-50-5931	16	74313259	90287535	2	2
TCGA-50-5931	17	526	22219568	2	0
TCGA-50-5931	17	22227075	55845189	2	2
TCGA-50-5931	17	55846877	56473377	1	1
TCGA-50-5931	17	56476820	81049726	2	2
TCGA-50-5931	18	48133	78015057	2	2
TCGA-50-5931	19	90910	18271424	2	0
TCGA-50-5931	19	18274577	59097854	2	2
TCGA-50-5931	20	61305	62956153	3	2
TCGA-50-5931	21	10736871	47735735	2	2
TCGA-50-5931	21	47749304	48096957	5	2
TCGA-50-5931	22	16052528	51234455	4	2
TCGA-50-5931	X	168477	23323762	2	2
TCGA-50-5931	X	23323958	28484238	3	2
TCGA-50-5931	X	28484386	32635297	4	2
TCGA-50-5931	X	32636481	32830859	12	2
TCGA-50-5931	X	32831155	33670178	8	2
TCGA-50-5931	X	33671090	43028630	2	2
TCGA-50-5931	X	43032113	43139291	4	2
TCGA-50-5931	X	43139818	144993994	2	2
TCGA-50-5931	X	144994090	145386162	3	2
TCGA-50-5931	X	145386224	155233846	2	2
