sample	chr	startpos	endpos	nMajor	nMinor
TCGA-06-0151	1	61735	249224388	1	1
TCGA-06-0151	2	12784	172338194	2	1
TCGA-06-0151	2	172338300	243089456	1	1
TCGA-06-0151	3	60345	197896118	1	1
TCGA-06-0151	4	12281	191027923	1	1
TCGA-06-0151	5	15532	1764473	2	2
TCGA-06-0151	5	1765278	4296367	2	0
TCGA-06-0151	5	4299686	180790320	2	1
TCGA-06-0151	6	149661	171051005	1	1
TCGA-06-0151	7	43259	159127004	2	2
TCGA-06-0151	8	31254	7250380	1	1
TCGA-06-0151	8	7254291	12593620	2	1
TCGA-06-0151	8	12597443	35881526	1	1
TCGA-06-0151	8	35891812	37225307	2	1
TCGA-06-0151	8	37225570	63930477	1	1
TCGA-06-0151	8	63933411	68801113	2	1
TCGA-06-0151	8	68801922	73328799	1	1
TCGA-06-0151	8	73329137	75308318	2	1
TCGA-06-0151	8	75319183	115448442	1	1
TCGA-06-0151	8	115448730	116782187	2	1
TCGA-06-0151	8	116784069	136960644	1	1
TCGA-06-0151	8	136961385	137314624	3	1
TCGA-06-0151	8	137315433	144132643	1	1
TCGA-06-0151	8	144140502	146298155	2	1
TCGA-06-0151	9	46587	18080452	2	0
TCGA-06-0151	9	18080477	18466165	0	0
TCGA-06-0151	9	18468803	18613600	2	0
TCGA-06-0151	9	18613814	18731255	0	0
TCGA-06-0151	9	18733462	19959158	2	0
TCGA-06-0151	9	19959259	20443347	0	0
TCGA-06-0151	9	20453635	20653472	2	0
TCGA-06-0151	9	20659505	22388821	0	0
TCGA-06-0151	9	22390663	141091394	2	0
TCGA-06-0151	10	72759	135506704	1	0
TCGA-06-0151	11	198572	134944770	1	1
TCGA-06-0151	12	150442	133778189	2	2
TCGA-06-0151	13	19026949	115108397	2	0
TCGA-06-0151	14	19002124	107285437	2	1
TCGA-06-0151	15	20016328	102469040	2	2
TCGA-06-0151	16	60777	90287535	1	1
TCGA-06-0151	17	526	81049726	2	1
TCGA-06-0151	18	48133	78015057	1	0
TCGA-06-0151	19	90910	59097854	2	1
TCGA-06-0151	20	61305	62956153	2	2
TCGA-06-0151	21	10736871	48096957	2	1
TCGA-06-0151	22	16052528	51234455	1	1
TCGA-06-0151	X	168477	155233846	1	0
