sample	chr	startpos	endpos	nMajor	nMinor
TCGA-B2-4101-b	1	61735	249224388	1	1
TCGA-B2-4101-b	2	12784	243089456	1	1
TCGA-B2-4101-b	3	60345	57860264	1	0
TCGA-B2-4101-b	3	57861369	59749833	1	1
TCGA-B2-4101-b	3	59750069	60250380	1	0
TCGA-B2-4101-b	3	60251087	197896118	1	1
TCGA-B2-4101-b	4	12281	191027923	1	1
TCGA-B2-4101-b	5	15532	92126663	1	1
TCGA-B2-4101-b	5	92131689	180790320	2	1
TCGA-B2-4101-b	6	149661	375277	2	0
TCGA-B2-4101-b	6	375759	171051005	1	1
TCGA-B2-4101-b	7	43259	159127004	1	1
TCGA-B2-4101-b	8	31254	145889089	1	1
TCGA-B2-4101-b	8	145892998	146298155	2	0
TCGA-B2-4101-b	9	46587	141091394	1	1
TCGA-B2-4101-b	10	72759	135506704	1	1
TCGA-B2-4101-b	11	198572	134944770	1	1
TCGA-B2-4101-b	12	150442	133778189	1	1
TCGA-B2-4101-b	13	19026949	115108397	1	1
TCGA-B2-4101-b	14	19002124	107285437	1	1
TCGA-B2-4101-b	15	20016328	102469040	1	1
TCGA-B2-4101-b	16	60777	90287535	1	1
TCGA-B2-4101-b	17	526	81049726	1	1
TCGA-B2-4101-b	18	48133	78015057	1	1
TCGA-B2-4101-b	19	90910	59097854	1	1
TCGA-B2-4101-b	20	61305	22009848	1	1
TCGA-B2-4101-b	20	22012387	24459621	2	1
TCGA-B2-4101-b	20	24460949	62956153	1	1
TCGA-B2-4101-b	21	10736871	15285453	2	0
TCGA-B2-4101-b	21	15285854	48096957	1	1
TCGA-B2-4101-b	22	16052528	51234455	1	1
TCGA-B2-4101-b	X	168477	2703391	1	1
TCGA-B2-4101-b	X	2703633	155233846	1	0
