sample	chr	startpos	endpos	nMajor	nMinor
TCGA-MQ-A6BQ	1	61735	249224388	1	1
TCGA-MQ-A6BQ	2	12784	243089456	1	1
TCGA-MQ-A6BQ	3	60345	197896118	1	1
TCGA-MQ-A6BQ	4	12281	191027923	1	1
TCGA-MQ-A6BQ	5	15532	180790320	1	1
TCGA-MQ-A6BQ	6	149661	62702157	1	1
TCGA-MQ-A6BQ	6	62702178	171051005	1	0
TCGA-MQ-A6BQ	7	43259	159127004	1	1
TCGA-MQ-A6BQ	8	31254	30182338	1	0
TCGA-MQ-A6BQ	8	30182641	146298155	1	1
TCGA-MQ-A6BQ	9	46587	141091394	1	1
TCGA-MQ-A6BQ	10	72759	135506704	1	1
TCGA-MQ-A6BQ	11	198572	134944770	1	1
TCGA-MQ-A6BQ	12	150442	133778189	1	1
TCGA-MQ-A6BQ	13	19026949	20236385	1	0
TCGA-MQ-A6BQ	13	20237727	115108397	1	1
TCGA-MQ-A6BQ	14	19002124	66713040	1	1
TCGA-MQ-A6BQ	14	66716159	107285437	1	0
TCGA-MQ-A6BQ	15	20016328	102469040	1	1
TCGA-MQ-A6BQ	16	60777	90287535	1	1
TCGA-MQ-A6BQ	17	526	45385640	1	1
TCGA-MQ-A6BQ	17	45386797	59154018	2	1
TCGA-MQ-A6BQ	17	59154935	59462979	2	0
TCGA-MQ-A6BQ	17	59463456	81049726	2	1
TCGA-MQ-A6BQ	18	48133	78015057	1	1
TCGA-MQ-A6BQ	19	90910	27951817	1	1
TCGA-MQ-A6BQ	19	27957039	59097854	1	0
TCGA-MQ-A6BQ	20	61305	26242401	1	0
TCGA-MQ-A6BQ	20	26242439	62956153	1	1
TCGA-MQ-A6BQ	21	10736871	48096957	1	1
TCGA-MQ-A6BQ	22	16052528	51234455	1	0
TCGA-MQ-A6BQ	X	168477	2694240	1	1
TCGA-MQ-A6BQ	X	2703391	155233846	1	0
