sample	chr	startpos	endpos	nMajor	nMinor
TCGA-KK-A6E4	1	61735	82954917	1	0
TCGA-KK-A6E4	1	82954952	233548331	1	1
TCGA-KK-A6E4	1	233551532	233578826	2	0
TCGA-KK-A6E4	1	233579401	234153628	1	0
TCGA-KK-A6E4	1	234153897	249224388	1	1
TCGA-KK-A6E4	2	12784	10368963	1	1
TCGA-KK-A6E4	2	10369123	243089456	1	0
TCGA-KK-A6E4	3	60345	197896118	1	1
TCGA-KK-A6E4	4	12281	191027923	1	1
TCGA-KK-A6E4	5	15532	180790320	1	1
TCGA-KK-A6E4	6	149661	159117215	1	1
TCGA-KK-A6E4	6	159119811	159426739	1	0
TCGA-KK-A6E4	6	159427396	171051005	1	1
TCGA-KK-A6E4	7	43259	103124756	1	1
TCGA-KK-A6E4	7	103128265	143778460	1	0
TCGA-KK-A6E4	7	143778840	159127004	1	1
TCGA-KK-A6E4	8	31254	17179998	1	1
TCGA-KK-A6E4	8	17182290	42690714	1	0
TCGA-KK-A6E4	8	42701314	146298155	1	1
TCGA-KK-A6E4	9	46587	141091394	1	1
TCGA-KK-A6E4	10	72759	135506704	1	1
TCGA-KK-A6E4	11	198572	10625146	1	1
TCGA-KK-A6E4	11	10625563	12912067	1	0
TCGA-KK-A6E4	11	12912104	134944770	1	1
TCGA-KK-A6E4	12	150442	133778189	1	1
TCGA-KK-A6E4	13	19026949	20527411	1	1
TCGA-KK-A6E4	13	20529442	24624469	1	0
TCGA-KK-A6E4	13	24624958	28702705	1	1
TCGA-KK-A6E4	13	28703761	52564350	1	0
TCGA-KK-A6E4	13	52564543	54828961	1	1
TCGA-KK-A6E4	13	54828984	68390882	1	0
TCGA-KK-A6E4	13	68394420	71708400	1	1
TCGA-KK-A6E4	13	71716201	75880667	1	0
TCGA-KK-A6E4	13	75881080	115108397	1	1
TCGA-KK-A6E4	14	19002124	107285437	1	1
TCGA-KK-A6E4	15	20016328	102469040	1	1
TCGA-KK-A6E4	16	60777	68636496	1	1
TCGA-KK-A6E4	16	68641794	74257650	1	0
TCGA-KK-A6E4	16	74257765	90287535	1	1
TCGA-KK-A6E4	17	526	81049726	1	1
TCGA-KK-A6E4	18	48133	78015057	1	1
TCGA-KK-A6E4	19	90910	59097854	1	1
TCGA-KK-A6E4	20	61305	62956153	1	1
TCGA-KK-A6E4	21	10736871	39862029	1	1
TCGA-KK-A6E4	21	39866905	39973752	1	0
TCGA-KK-A6E4	21	39973971	40067445	1	1
TCGA-KK-A6E4	21	40067495	42863757	1	0
TCGA-KK-A6E4	21	42863801	48096957	1	1
TCGA-KK-A6E4	22	16052528	51234455	1	1
TCGA-KK-A6E4	X	168477	2693624	1	1
TCGA-KK-A6E4	X	2694240	155233846	1	0
