sample	chr	startpos	endpos	nMajor	nMinor
TCGA-EE-A185	1	61735	119533809	2	0
TCGA-EE-A185	1	119533823	121482979	2	1
TCGA-EE-A185	1	144007049	148916253	3	0
TCGA-EE-A185	1	148920952	149122476	6	0
TCGA-EE-A185	1	149123326	152062767	3	0
TCGA-EE-A185	1	152062793	155666961	4	0
TCGA-EE-A185	1	155667102	157090760	2	0
TCGA-EE-A185	1	157090949	158711658	3	0
TCGA-EE-A185	1	158712627	160225018	2	0
TCGA-EE-A185	1	160225263	161656369	3	0
TCGA-EE-A185	1	161656498	162644317	2	0
TCGA-EE-A185	1	162644411	164020701	3	0
TCGA-EE-A185	1	164021052	166717068	2	0
TCGA-EE-A185	1	166717168	169580717	3	0
TCGA-EE-A185	1	169581130	175202895	2	0
TCGA-EE-A185	1	175203822	175985521	3	0
TCGA-EE-A185	1	175986057	177495158	2	0
TCGA-EE-A185	1	177495751	180000585	3	0
TCGA-EE-A185	1	180011360	180895157	2	0
TCGA-EE-A185	1	180895240	182702201	3	0
TCGA-EE-A185	1	182706196	185855836	2	0
TCGA-EE-A185	1	185856250	188806092	1	0
TCGA-EE-A185	1	188807847	191765040	2	0
TCGA-EE-A185	1	191768166	192912017	3	0
TCGA-EE-A185	1	192912108	194033737	2	0
TCGA-EE-A185	1	194040252	200857774	3	0
TCGA-EE-A185	1	200863275	209000331	2	0
TCGA-EE-A185	1	209000471	209735008	1	0
TCGA-EE-A185	1	209735837	214335101	2	0
TCGA-EE-A185	1	214337947	214404778	1	0
TCGA-EE-A185	1	214410021	218721910	2	0
TCGA-EE-A185	1	218722181	219332820	3	0
TCGA-EE-A185	1	219332903	221177762	2	0
TCGA-EE-A185	1	221181369	221350071	1	0
TCGA-EE-A185	1	221354527	222443629	2	0
TCGA-EE-A185	1	222446302	228791784	1	0
TCGA-EE-A185	1	228793246	230117117	2	0
TCGA-EE-A185	1	230118271	232822202	3	0
TCGA-EE-A185	1	232823163	233767008	2	0
TCGA-EE-A185	1	233767023	235565129	3	0
TCGA-EE-A185	1	235565315	238307907	2	0
TCGA-EE-A185	1	238308602	239102310	1	0
TCGA-EE-A185	1	239113150	240718726	2	0
TCGA-EE-A185	1	240718920	241261532	3	0
TCGA-EE-A185	1	241266089	243686913	2	0
TCGA-EE-A185	1	243687496	246158578	3	0
TCGA-EE-A185	1	246161454	249224388	2	0
TCGA-EE-A185	2	12784	243089456	1	1
TCGA-EE-A185	3	60345	197896118	1	1
TCGA-EE-A185	4	12281	191027923	1	1
TCGA-EE-A185	5	15532	180790320	1	0
TCGA-EE-A185	6	149661	57273156	2	1
TCGA-EE-A185	6	57282076	58152441	1	1
TCGA-EE-A185	6	58164970	61886440	2	1
TCGA-EE-A185	6	61930020	73627593	1	1
TCGA-EE-A185	6	73630938	171051005	1	0
TCGA-EE-A185	7	43259	70188375	1	1
TCGA-EE-A185	7	70188525	70518243	2	1
TCGA-EE-A185	7	70518414	90103892	1	1
TCGA-EE-A185	7	90104624	90202648	2	0
TCGA-EE-A185	7	90203001	92878366	1	0
TCGA-EE-A185	7	92880710	97923979	1	1
TCGA-EE-A185	7	97926145	113524540	1	0
TCGA-EE-A185	7	113525139	114474551	1	1
TCGA-EE-A185	7	114475565	115856602	1	0
TCGA-EE-A185	7	115860032	115882850	2	0
TCGA-EE-A185	7	115885457	159127004	1	1
TCGA-EE-A185	8	31254	146298155	1	1
TCGA-EE-A185	9	46587	47217176	1	0
TCGA-EE-A185	9	65616971	141091394	2	0
TCGA-EE-A185	10	72759	135506704	1	0
TCGA-EE-A185	11	198572	134944770	1	1
TCGA-EE-A185	12	150442	133778189	1	1
TCGA-EE-A185	13	19026949	115108397	1	1
TCGA-EE-A185	14	19002124	107285437	1	1
TCGA-EE-A185	15	20016328	102469040	1	1
TCGA-EE-A185	16	60777	34012168	1	1
TCGA-EE-A185	16	34197351	70842097	1	0
TCGA-EE-A185	16	70854381	71202489	2	0
TCGA-EE-A185	16	71202797	90287535	1	0
TCGA-EE-A185	17	526	14967735	1	0
TCGA-EE-A185	17	14971111	41067763	1	1
TCGA-EE-A185	17	41068313	81049726	2	1
TCGA-EE-A185	18	48133	78015057	1	1
TCGA-EE-A185	19	90910	59097854	1	1
TCGA-EE-A185	20	61305	62956153	1	1
TCGA-EE-A185	21	10736871	48096957	1	1
TCGA-EE-A185	22	16052528	51234455	1	1
TCGA-EE-A185	X	168477	10620632	1	0
TCGA-EE-A185	X	10622676	12843055	2	0
TCGA-EE-A185	X	12843268	155233846	1	0
