sample	chr	startpos	endpos	nMajor	nMinor
TCGA-IR-A3LF	1	61735	17016259	2	0
TCGA-IR-A3LF	1	17016872	20250730	2	2
TCGA-IR-A3LF	1	20255599	31163876	2	0
TCGA-IR-A3LF	1	31167309	249224388	2	2
TCGA-IR-A3LF	2	12784	129789335	2	2
TCGA-IR-A3LF	2	129789567	141070649	4	0
TCGA-IR-A3LF	2	141073453	182959664	2	2
TCGA-IR-A3LF	2	182960289	205688484	4	0
TCGA-IR-A3LF	2	205689507	243089456	2	2
TCGA-IR-A3LF	3	60345	197896118	2	2
TCGA-IR-A3LF	4	12281	57427568	3	2
TCGA-IR-A3LF	4	57428385	72495287	3	0
TCGA-IR-A3LF	4	72501970	191027923	2	2
TCGA-IR-A3LF	5	15532	15017720	4	1
TCGA-IR-A3LF	5	15019660	57798814	2	2
TCGA-IR-A3LF	5	57798835	81710048	3	1
TCGA-IR-A3LF	5	81710227	144126397	2	2
TCGA-IR-A3LF	5	144131422	168202641	3	0
TCGA-IR-A3LF	5	168202728	180790320	2	2
TCGA-IR-A3LF	6	149661	36774960	4	1
TCGA-IR-A3LF	6	36775012	110792301	3	2
TCGA-IR-A3LF	6	110792782	171051005	2	2
TCGA-IR-A3LF	7	43259	6681006	3	2
TCGA-IR-A3LF	7	6687733	159127004	2	2
TCGA-IR-A3LF	8	31254	146298155	2	2
TCGA-IR-A3LF	9	46587	20088455	2	0
TCGA-IR-A3LF	9	20091810	47217176	2	2
TCGA-IR-A3LF	9	65616971	141091394	1	1
TCGA-IR-A3LF	10	72759	109161394	2	2
TCGA-IR-A3LF	10	109164022	122106079	4	0
TCGA-IR-A3LF	10	122116348	135506704	2	2
TCGA-IR-A3LF	11	198572	134944770	2	2
TCGA-IR-A3LF	12	150442	92666567	2	2
TCGA-IR-A3LF	12	92668197	106345567	3	1
TCGA-IR-A3LF	12	106345908	133778189	2	2
TCGA-IR-A3LF	13	19026949	115108397	2	2
TCGA-IR-A3LF	14	19002124	66896626	2	2
TCGA-IR-A3LF	14	66898212	99012720	2	0
TCGA-IR-A3LF	14	99014569	107285437	2	2
TCGA-IR-A3LF	15	20016328	102469040	2	2
TCGA-IR-A3LF	16	60777	90287535	2	0
TCGA-IR-A3LF	17	526	81049726	2	2
TCGA-IR-A3LF	18	48133	78015057	2	2
TCGA-IR-A3LF	19	90910	59097854	2	2
TCGA-IR-A3LF	20	61305	62956153	3	2
TCGA-IR-A3LF	21	10736871	41236218	2	2
TCGA-IR-A3LF	21	41236318	48096957	4	1
TCGA-IR-A3LF	22	16052528	51234455	2	2
TCGA-IR-A3LF	X	168477	28260432	3	3
TCGA-IR-A3LF	X	28262055	91520291	3	2
TCGA-IR-A3LF	X	91520405	93757451	3	1
TCGA-IR-A3LF	X	93758676	155233846	3	0
