sample	chr	startpos	endpos	nMajor	nMinor
TCGA-CR-6492	1	61735	249224388	1	1
TCGA-CR-6492	2	12784	243089456	1	1
TCGA-CR-6492	3	60345	197896118	1	1
TCGA-CR-6492	4	12281	191027923	1	1
TCGA-CR-6492	5	15532	180790320	1	1
TCGA-CR-6492	6	149661	171051005	1	1
TCGA-CR-6492	7	43259	159127004	1	1
TCGA-CR-6492	8	31254	146298155	1	1
TCGA-CR-6492	9	46587	141091394	1	1
TCGA-CR-6492	10	72759	135506704	1	1
TCGA-CR-6492	11	198572	134944770	1	1
TCGA-CR-6492	12	150442	133778189	1	1
TCGA-CR-6492	13	19026949	115108397	1	1
TCGA-CR-6492	14	19002124	107285437	1	1
TCGA-CR-6492	15	20016328	102469040	1	1
TCGA-CR-6492	16	60777	90287535	1	1
TCGA-CR-6492	17	526	81049726	1	1
TCGA-CR-6492	18	48133	78015057	1	1
TCGA-CR-6492	19	90910	59097854	1	1
TCGA-CR-6492	20	61305	62956153	1	1
TCGA-CR-6492	21	10736871	48096957	1	1
TCGA-CR-6492	22	16052528	51234455	1	1
TCGA-CR-6492	X	168477	2703391	1	1
TCGA-CR-6492	X	2703633	154964055	1	0
TCGA-CR-6492	X	154964089	155233846	2	0
