sample	chr	startpos	endpos	nMajor	nMinor
TCGA-AB-2810	1	61735	248865881	1	1
TCGA-AB-2810	1	248866059	249224388	2	1
TCGA-AB-2810	2	12784	243089456	1	1
TCGA-AB-2810	3	60345	468240	2	1
TCGA-AB-2810	3	468534	197896118	1	1
TCGA-AB-2810	4	12281	694852	2	1
TCGA-AB-2810	4	694978	191027923	1	1
TCGA-AB-2810	5	15532	225948	2	1
TCGA-AB-2810	5	226343	180790320	1	1
TCGA-AB-2810	6	149661	171051005	1	1
TCGA-AB-2810	7	43259	878703	2	1
TCGA-AB-2810	7	878767	158592431	1	1
TCGA-AB-2810	7	158593039	159127004	2	1
TCGA-AB-2810	8	31254	733406	2	1
TCGA-AB-2810	8	738183	146013925	1	1
TCGA-AB-2810	8	146015749	146298155	2	1
TCGA-AB-2810	9	46587	382810	2	1
TCGA-AB-2810	9	384058	141091394	1	1
TCGA-AB-2810	10	72759	489656	2	1
TCGA-AB-2810	10	492483	135190429	1	1
TCGA-AB-2810	10	135190570	135506704	2	1
TCGA-AB-2810	11	198572	134415431	1	1
TCGA-AB-2810	11	134415543	134944770	2	1
TCGA-AB-2810	12	150442	575884	2	1
TCGA-AB-2810	12	576796	133684321	1	1
TCGA-AB-2810	12	133685124	133778189	2	1
TCGA-AB-2810	13	19026949	114527772	1	1
TCGA-AB-2810	13	114527838	115108397	2	1
TCGA-AB-2810	14	19002124	106978607	1	1
TCGA-AB-2810	14	106979490	107285437	2	1
TCGA-AB-2810	15	20016328	102469040	1	1
TCGA-AB-2810	16	60777	89884502	1	1
TCGA-AB-2810	16	89884917	90287535	2	1
TCGA-AB-2810	17	526	284265	2	1
TCGA-AB-2810	17	285277	81049726	1	1
TCGA-AB-2810	18	48133	77384561	1	1
TCGA-AB-2810	18	77385879	78015057	2	1
TCGA-AB-2810	19	90910	59097854	1	1
TCGA-AB-2810	20	61305	62522466	1	1
TCGA-AB-2810	20	62523907	62956153	2	1
TCGA-AB-2810	21	10736871	47632995	1	1
TCGA-AB-2810	21	47634068	48096957	2	1
TCGA-AB-2810	22	16052528	51234455	1	1
TCGA-AB-2810	X	168477	154490768	1	1
TCGA-AB-2810	X	154492713	155233846	2	1
