sample	chr	startpos	endpos	nMajor	nMinor
TCGA-C5-A2LZ	1	61735	249224388	4	1
TCGA-C5-A2LZ	2	12784	202419777	2	2
TCGA-C5-A2LZ	2	202422866	243089456	2	0
TCGA-C5-A2LZ	3	60345	90365233	2	2
TCGA-C5-A2LZ	3	90370298	197896118	6	2
TCGA-C5-A2LZ	4	12281	49216534	2	0
TCGA-C5-A2LZ	4	49216631	191027923	4	0
TCGA-C5-A2LZ	5	15532	46382652	5	3
TCGA-C5-A2LZ	5	46383335	180790320	2	2
TCGA-C5-A2LZ	6	149661	171051005	2	2
TCGA-C5-A2LZ	7	43259	111414061	3	2
TCGA-C5-A2LZ	7	111414228	152539175	2	0
TCGA-C5-A2LZ	7	152539417	159127004	3	2
TCGA-C5-A2LZ	8	31254	43783984	2	2
TCGA-C5-A2LZ	8	43786802	146298155	5	2
TCGA-C5-A2LZ	9	46587	141091394	3	1
TCGA-C5-A2LZ	10	72759	135506704	2	2
TCGA-C5-A2LZ	11	198572	42893654	2	1
TCGA-C5-A2LZ	11	42893853	75869737	2	2
TCGA-C5-A2LZ	11	75871240	134944770	2	1
TCGA-C5-A2LZ	12	150442	33521151	2	2
TCGA-C5-A2LZ	12	33526355	34781935	3	1
TCGA-C5-A2LZ	12	34782647	133778189	2	2
TCGA-C5-A2LZ	13	19026949	115108397	2	2
TCGA-C5-A2LZ	14	19002124	107285437	2	2
TCGA-C5-A2LZ	15	20016328	40226877	3	2
TCGA-C5-A2LZ	15	40230272	41018403	2	0
TCGA-C5-A2LZ	15	41029667	102469040	3	2
TCGA-C5-A2LZ	16	60777	650788	3	1
TCGA-C5-A2LZ	16	650884	90287535	2	2
TCGA-C5-A2LZ	17	526	38987959	2	2
TCGA-C5-A2LZ	17	38988450	81049726	3	2
TCGA-C5-A2LZ	18	48133	78015057	2	2
TCGA-C5-A2LZ	19	90910	59097854	2	2
TCGA-C5-A2LZ	20	61305	15502539	4	2
TCGA-C5-A2LZ	20	15502833	16056015	2	2
TCGA-C5-A2LZ	20	16056180	62956153	4	2
TCGA-C5-A2LZ	21	10736871	48096957	2	2
TCGA-C5-A2LZ	22	16052528	51234455	2	2
TCGA-C5-A2LZ	X	168477	109582272	2	2
TCGA-C5-A2LZ	X	109582346	110825395	2	0
TCGA-C5-A2LZ	X	110828818	155233846	2	2
