sample	chr	startpos	endpos	nMajor	nMinor
TCGA-BR-4266	1	61735	18958477	2	2
TCGA-BR-4266	1	18961838	30887894	2	1
TCGA-BR-4266	1	30888429	49199137	1	1
TCGA-BR-4266	1	49200073	50650199	2	1
TCGA-BR-4266	1	50651374	73439891	2	0
TCGA-BR-4266	1	73441171	85711556	2	1
TCGA-BR-4266	1	85715978	118470821	2	0
TCGA-BR-4266	1	118471869	201681408	2	1
TCGA-BR-4266	1	201684188	202332559	1	0
TCGA-BR-4266	1	202344033	209725448	2	1
TCGA-BR-4266	1	209727724	249224388	1	1
TCGA-BR-4266	2	12784	2234114	1	0
TCGA-BR-4266	2	2234442	21726351	1	1
TCGA-BR-4266	2	21726751	25342185	1	0
TCGA-BR-4266	2	25342469	148606721	1	1
TCGA-BR-4266	2	148610856	171972927	1	0
TCGA-BR-4266	2	171976294	243089456	2	1
TCGA-BR-4266	3	60345	4213976	1	1
TCGA-BR-4266	3	4222580	4991620	1	0
TCGA-BR-4266	3	4994168	51099517	1	1
TCGA-BR-4266	3	51100048	55216428	3	1
TCGA-BR-4266	3	55216445	58500457	3	2
TCGA-BR-4266	3	58503872	60538329	3	0
TCGA-BR-4266	3	60540090	60598617	0	0
TCGA-BR-4266	3	60604489	67389074	3	0
TCGA-BR-4266	3	67391979	90502862	3	2
TCGA-BR-4266	3	93519478	126696443	2	1
TCGA-BR-4266	3	126699383	137251805	2	2
TCGA-BR-4266	3	137254396	155605271	3	2
TCGA-BR-4266	3	155605597	197896118	2	1
TCGA-BR-4266	4	12281	22442420	1	0
TCGA-BR-4266	4	22442444	191027923	1	1
TCGA-BR-4266	5	15532	18215198	1	1
TCGA-BR-4266	5	18215931	35641013	1	0
TCGA-BR-4266	5	35641582	100389849	1	1
TCGA-BR-4266	5	100390824	101771283	1	0
TCGA-BR-4266	5	101771645	119495589	1	1
TCGA-BR-4266	5	119495602	128886708	2	0
TCGA-BR-4266	5	128888039	180790320	1	1
TCGA-BR-4266	6	149661	7082633	2	0
TCGA-BR-4266	6	7082946	10236125	2	1
TCGA-BR-4266	6	10236329	10697857	1	1
TCGA-BR-4266	6	10704006	34399814	2	1
TCGA-BR-4266	6	34401281	137672362	2	0
TCGA-BR-4266	6	137672746	141303040	1	0
TCGA-BR-4266	6	141303479	142498839	1	1
TCGA-BR-4266	6	142500925	145421003	2	1
TCGA-BR-4266	6	145421371	147752791	1	1
TCGA-BR-4266	6	147753308	154170783	1	0
TCGA-BR-4266	6	154171073	158706516	1	1
TCGA-BR-4266	6	158706665	158930652	1	0
TCGA-BR-4266	6	158931875	161913437	1	1
TCGA-BR-4266	6	161913663	171051005	1	0
TCGA-BR-4266	7	43259	69945340	1	1
TCGA-BR-4266	7	69945957	70149364	1	0
TCGA-BR-4266	7	70152624	115391112	1	1
TCGA-BR-4266	7	115391619	117023250	1	0
TCGA-BR-4266	7	117023535	121586775	1	1
TCGA-BR-4266	7	121586897	144164393	2	1
TCGA-BR-4266	7	144164683	146545035	2	2
TCGA-BR-4266	7	146545268	159127004	2	1
TCGA-BR-4266	8	31254	3600055	3	1
TCGA-BR-4266	8	3600189	5044712	2	2
TCGA-BR-4266	8	5057818	8017932	3	1
TCGA-BR-4266	8	8018036	15526821	3	2
TCGA-BR-4266	8	15526849	36244970	2	0
TCGA-BR-4266	8	36255144	72095503	3	0
TCGA-BR-4266	8	72095672	88986749	4	0
TCGA-BR-4266	8	88989059	102498108	2	0
TCGA-BR-4266	8	102498618	104418653	4	0
TCGA-BR-4266	8	104425304	128707406	5	0
TCGA-BR-4266	8	128707528	143691838	6	0
TCGA-BR-4266	8	143697567	146298155	4	0
TCGA-BR-4266	9	46587	9385329	1	0
TCGA-BR-4266	9	9385717	9486282	0	0
TCGA-BR-4266	9	9486640	21444469	1	0
TCGA-BR-4266	9	21446735	27725305	0	0
TCGA-BR-4266	9	27725384	47217176	1	0
TCGA-BR-4266	9	65616971	71713626	3	0
TCGA-BR-4266	9	71714395	110184430	2	0
TCGA-BR-4266	9	110185695	121524247	3	0
TCGA-BR-4266	9	121524285	141091394	2	0
TCGA-BR-4266	10	72759	75650498	2	0
TCGA-BR-4266	10	75652447	75827871	0	0
TCGA-BR-4266	10	75831483	78741306	2	0
TCGA-BR-4266	10	78741559	99445737	1	0
TCGA-BR-4266	10	99448004	135506704	2	0
TCGA-BR-4266	11	198572	122164089	2	0
TCGA-BR-4266	11	122164706	134944770	3	0
TCGA-BR-4266	12	150442	7643243	2	0
TCGA-BR-4266	12	7646922	14877109	1	0
TCGA-BR-4266	12	14880109	24071035	3	0
TCGA-BR-4266	12	24072029	34250696	4	0
TCGA-BR-4266	12	34256709	46303476	3	0
TCGA-BR-4266	12	46304158	47117021	5	0
TCGA-BR-4266	12	47117060	94588652	3	0
TCGA-BR-4266	12	94589220	121306176	4	0
TCGA-BR-4266	12	121307860	133778189	3	0
TCGA-BR-4266	13	19026949	107820630	2	0
TCGA-BR-4266	13	107821433	115108397	2	1
TCGA-BR-4266	14	19002124	27125611	3	1
TCGA-BR-4266	14	27126087	29823826	2	1
TCGA-BR-4266	14	29824131	36526319	3	1
TCGA-BR-4266	14	36526713	107285437	1	1
TCGA-BR-4266	15	20016328	102469040	1	1
TCGA-BR-4266	16	60777	6005853	1	1
TCGA-BR-4266	16	6006499	6135185	1	0
TCGA-BR-4266	16	6136571	6960437	0	0
TCGA-BR-4266	16	6960673	7073665	1	0
TCGA-BR-4266	16	7073813	90287535	1	1
TCGA-BR-4266	17	526	56431453	2	0
TCGA-BR-4266	17	56431549	56782183	0	0
TCGA-BR-4266	17	56782630	81049726	2	0
TCGA-BR-4266	18	48133	59391297	2	0
TCGA-BR-4266	18	59391321	60814915	3	0
TCGA-BR-4266	18	60818961	78015057	2	0
TCGA-BR-4266	19	90910	22056036	1	0
TCGA-BR-4266	19	22056159	28072042	2	0
TCGA-BR-4266	19	28072811	59097854	2	1
TCGA-BR-4266	20	61305	14907337	2	1
TCGA-BR-4266	20	14907597	15063214	1	0
TCGA-BR-4266	20	15063914	32393558	2	1
TCGA-BR-4266	20	32395385	36901451	3	1
TCGA-BR-4266	20	36901675	60868923	3	3
TCGA-BR-4266	20	60869805	62956153	3	0
TCGA-BR-4266	21	10736871	48096957	1	1
TCGA-BR-4266	22	16052528	30716305	2	0
TCGA-BR-4266	22	30724160	30888705	4	0
TCGA-BR-4266	22	30894040	37917206	2	0
TCGA-BR-4266	22	37917822	38789936	3	0
TCGA-BR-4266	22	38790131	46494798	2	0
TCGA-BR-4266	22	46496023	51234455	3	0
TCGA-BR-4266	X	168477	9463732	2	0
TCGA-BR-4266	X	9466206	22290034	1	0
TCGA-BR-4266	X	22290053	26651224	2	0
TCGA-BR-4266	X	26656319	66198531	1	0
TCGA-BR-4266	X	66199616	67074333	1	1
TCGA-BR-4266	X	67075148	155233846	1	0
