sample	chr	startpos	endpos	nMajor	nMinor
TCGA-A2-A3Y0	1	61735	31412919	3	0
TCGA-A2-A3Y0	1	31412953	31503875	0	0
TCGA-A2-A3Y0	1	31505602	32004150	3	0
TCGA-A2-A3Y0	1	32006435	38563923	3	2
TCGA-A2-A3Y0	1	38569779	60571532	2	2
TCGA-A2-A3Y0	1	60572327	70016565	3	2
TCGA-A2-A3Y0	1	70017875	201679080	2	2
TCGA-A2-A3Y0	1	201679327	249224388	2	1
TCGA-A2-A3Y0	2	12784	25723780	3	2
TCGA-A2-A3Y0	2	25724781	26042515	2	0
TCGA-A2-A3Y0	2	26049972	28099397	3	2
TCGA-A2-A3Y0	2	28099807	28651692	2	0
TCGA-A2-A3Y0	2	28652529	70427457	3	2
TCGA-A2-A3Y0	2	70428804	85469964	2	2
TCGA-A2-A3Y0	2	85469989	85508825	2	0
TCGA-A2-A3Y0	2	85510018	95341700	2	2
TCGA-A2-A3Y0	2	95346639	133149365	2	0
TCGA-A2-A3Y0	2	133149379	134546481	1	0
TCGA-A2-A3Y0	2	134546741	160348870	2	0
TCGA-A2-A3Y0	2	160349616	167285326	3	2
TCGA-A2-A3Y0	2	167286044	243089456	2	2
TCGA-A2-A3Y0	3	60345	122017186	2	1
TCGA-A2-A3Y0	3	122017508	197896118	2	2
TCGA-A2-A3Y0	4	12281	21050412	2	0
TCGA-A2-A3Y0	4	21052369	56666971	2	2
TCGA-A2-A3Y0	4	56667111	75339176	2	1
TCGA-A2-A3Y0	4	75341240	75394859	1	0
TCGA-A2-A3Y0	4	75395005	80197517	2	1
TCGA-A2-A3Y0	4	80199883	117690813	1	1
TCGA-A2-A3Y0	4	117691923	145204334	2	2
TCGA-A2-A3Y0	4	145204398	159071004	2	0
TCGA-A2-A3Y0	4	159075223	191027923	3	1
TCGA-A2-A3Y0	5	15532	642980	1	0
TCGA-A2-A3Y0	5	642996	6684135	2	1
TCGA-A2-A3Y0	5	6684599	37236244	2	2
TCGA-A2-A3Y0	5	37237364	97557327	2	0
TCGA-A2-A3Y0	5	97557817	112675099	1	0
TCGA-A2-A3Y0	5	112675951	180790320	3	0
TCGA-A2-A3Y0	6	149661	12021646	3	2
TCGA-A2-A3Y0	6	12026540	43247136	2	2
TCGA-A2-A3Y0	6	43250710	55242266	3	3
TCGA-A2-A3Y0	6	55243149	71698865	2	2
TCGA-A2-A3Y0	6	71703773	119494199	2	1
TCGA-A2-A3Y0	6	119494486	119992444	1	1
TCGA-A2-A3Y0	6	119992869	171051005	2	1
TCGA-A2-A3Y0	7	43259	46643627	3	0
TCGA-A2-A3Y0	7	46643720	52489776	2	0
TCGA-A2-A3Y0	7	52490387	72403811	2	2
TCGA-A2-A3Y0	7	72406322	96319996	2	1
TCGA-A2-A3Y0	7	96320505	158626482	4	1
TCGA-A2-A3Y0	7	158629536	159127004	4	0
TCGA-A2-A3Y0	8	31254	5877177	4	0
TCGA-A2-A3Y0	8	5877286	8108906	3	0
TCGA-A2-A3Y0	8	8109936	40239324	2	0
TCGA-A2-A3Y0	8	40240109	42035354	3	2
TCGA-A2-A3Y0	8	42036265	42489842	5	2
TCGA-A2-A3Y0	8	42490078	68791001	2	2
TCGA-A2-A3Y0	8	68793432	95284031	5	2
TCGA-A2-A3Y0	8	95284044	109289274	3	3
TCGA-A2-A3Y0	8	109291233	146298155	5	3
TCGA-A2-A3Y0	9	46587	6358818	2	1
TCGA-A2-A3Y0	9	6362721	6448171	1	0
TCGA-A2-A3Y0	9	6448440	8914947	2	1
TCGA-A2-A3Y0	9	8915142	9564401	1	1
TCGA-A2-A3Y0	9	9564527	29897304	2	1
TCGA-A2-A3Y0	9	29897460	83156777	2	2
TCGA-A2-A3Y0	9	83157366	97638633	3	2
TCGA-A2-A3Y0	9	97645590	141091394	3	0
TCGA-A2-A3Y0	10	72759	20726070	4	2
TCGA-A2-A3Y0	10	20729084	64693119	2	1
TCGA-A2-A3Y0	10	64693225	81336695	2	2
TCGA-A2-A3Y0	10	81347813	89186961	2	0
TCGA-A2-A3Y0	10	89186995	89828889	0	0
TCGA-A2-A3Y0	10	89830226	93450995	2	0
TCGA-A2-A3Y0	10	93451262	135506704	3	0
TCGA-A2-A3Y0	11	198572	34525490	2	0
TCGA-A2-A3Y0	11	34525525	34684543	1	0
TCGA-A2-A3Y0	11	34685417	48359268	2	0
TCGA-A2-A3Y0	11	48361983	49184693	9	2
TCGA-A2-A3Y0	11	49188297	49778875	46	0
TCGA-A2-A3Y0	11	49779035	50643915	15	1
TCGA-A2-A3Y0	11	50651567	50682379	9	4
TCGA-A2-A3Y0	11	50685130	50769317	13	0
TCGA-A2-A3Y0	11	51096372	58019122	5	2
TCGA-A2-A3Y0	11	58019242	59287408	2	0
TCGA-A2-A3Y0	11	59287808	59949803	2	2
TCGA-A2-A3Y0	11	59950417	60495821	3	3
TCGA-A2-A3Y0	11	60499283	60628754	2	2
TCGA-A2-A3Y0	11	60632861	61465899	2	0
TCGA-A2-A3Y0	11	61467603	62888861	2	2
TCGA-A2-A3Y0	11	62889702	63707203	2	0
TCGA-A2-A3Y0	11	63708574	64090435	2	2
TCGA-A2-A3Y0	11	64091959	66473366	2	0
TCGA-A2-A3Y0	11	66477155	69535576	2	2
TCGA-A2-A3Y0	11	69536921	77805275	2	0
TCGA-A2-A3Y0	11	77808762	78396039	2	2
TCGA-A2-A3Y0	11	78400476	134944770	2	0
TCGA-A2-A3Y0	12	150442	37929239	3	2
TCGA-A2-A3Y0	12	37934506	52678900	2	2
TCGA-A2-A3Y0	12	52685772	52751660	2	0
TCGA-A2-A3Y0	12	52752845	72539463	2	2
TCGA-A2-A3Y0	12	72543668	75012882	2	0
TCGA-A2-A3Y0	12	75018760	75266660	0	0
TCGA-A2-A3Y0	12	75275112	133778189	2	0
TCGA-A2-A3Y0	13	19026949	28918803	2	1
TCGA-A2-A3Y0	13	28919462	31430459	2	2
TCGA-A2-A3Y0	13	31430486	95823359	1	0
TCGA-A2-A3Y0	13	95829519	108855368	5	1
TCGA-A2-A3Y0	13	108855629	115108397	4	1
TCGA-A2-A3Y0	14	19002124	93198972	2	0
TCGA-A2-A3Y0	14	93199080	99397763	1	0
TCGA-A2-A3Y0	14	99397996	107285437	2	0
TCGA-A2-A3Y0	15	20016328	102469040	2	1
TCGA-A2-A3Y0	16	60777	668895	2	0
TCGA-A2-A3Y0	16	668903	84743585	2	1
TCGA-A2-A3Y0	16	84744750	87469140	3	1
TCGA-A2-A3Y0	16	87469883	90287535	3	0
TCGA-A2-A3Y0	17	526	42982459	2	0
TCGA-A2-A3Y0	17	42983714	81049726	3	0
TCGA-A2-A3Y0	18	48133	2900725	2	1
TCGA-A2-A3Y0	18	2900803	6675546	2	2
TCGA-A2-A3Y0	18	6675739	6878762	2	0
TCGA-A2-A3Y0	18	6878965	13796440	2	2
TCGA-A2-A3Y0	18	13799456	47985176	2	1
TCGA-A2-A3Y0	18	47985371	48122290	1	0
TCGA-A2-A3Y0	18	48123341	78015057	2	2
TCGA-A2-A3Y0	19	90910	7931525	2	0
TCGA-A2-A3Y0	19	7931541	59097854	2	2
TCGA-A2-A3Y0	20	61305	14463869	2	2
TCGA-A2-A3Y0	20	14464497	15053328	2	0
TCGA-A2-A3Y0	20	15057510	16054582	2	2
TCGA-A2-A3Y0	20	16054623	25157150	2	1
TCGA-A2-A3Y0	20	25158197	62956153	2	2
TCGA-A2-A3Y0	21	10736871	34693011	2	0
TCGA-A2-A3Y0	21	34701377	48096957	2	2
TCGA-A2-A3Y0	22	16052528	22945049	1	0
TCGA-A2-A3Y0	22	22945823	41401211	3	0
TCGA-A2-A3Y0	22	41404668	51234455	2	0
TCGA-A2-A3Y0	X	168477	9934278	2	1
TCGA-A2-A3Y0	X	9935844	48469670	1	1
TCGA-A2-A3Y0	X	48470733	66071743	2	1
TCGA-A2-A3Y0	X	66071767	134929686	1	1
TCGA-A2-A3Y0	X	134947387	154135552	3	1
TCGA-A2-A3Y0	X	154138498	155233846	5	1
