sample	chr	startpos	endpos	nMajor	nMinor
TCGA-63-A5MI	1	61735	24520583	2	1
TCGA-63-A5MI	1	24524992	75127790	4	1
TCGA-63-A5MI	1	75128507	96139015	2	2
TCGA-63-A5MI	1	96142764	99173681	2	0
TCGA-63-A5MI	1	99173762	245312186	2	1
TCGA-63-A5MI	1	245312295	245637039	1	0
TCGA-63-A5MI	1	245637390	249224388	2	1
TCGA-63-A5MI	2	12784	28292680	3	2
TCGA-63-A5MI	2	28293197	28512751	2	0
TCGA-63-A5MI	2	28513226	60585806	3	2
TCGA-63-A5MI	2	60586661	66399730	5	2
TCGA-63-A5MI	2	66400121	67758744	4	4
TCGA-63-A5MI	2	67758755	69184276	5	2
TCGA-63-A5MI	2	69191611	200731771	3	2
TCGA-63-A5MI	2	200746226	202095253	14	2
TCGA-63-A5MI	2	202097180	243089456	2	0
TCGA-63-A5MI	3	60345	90253559	2	0
TCGA-63-A5MI	3	90257834	169727061	2	2
TCGA-63-A5MI	3	169728348	197896118	3	3
TCGA-63-A5MI	4	12281	54405300	3	0
TCGA-63-A5MI	4	54405757	56569270	4	1
TCGA-63-A5MI	4	56570988	191027923	4	0
TCGA-63-A5MI	5	15532	3399978	6	2
TCGA-63-A5MI	5	3400160	40929909	8	2
TCGA-63-A5MI	5	40933937	42570432	11	2
TCGA-63-A5MI	5	42574629	46389273	8	3
TCGA-63-A5MI	5	49432831	180790320	2	0
TCGA-63-A5MI	6	149661	8441883	2	2
TCGA-63-A5MI	6	8445836	13990775	3	2
TCGA-63-A5MI	6	13990791	17432323	2	2
TCGA-63-A5MI	6	17432373	27979625	3	2
TCGA-63-A5MI	6	27980220	57328748	2	2
TCGA-63-A5MI	6	57329886	152348758	2	1
TCGA-63-A5MI	6	152348901	171051005	3	1
TCGA-63-A5MI	7	43259	47462352	5	0
TCGA-63-A5MI	7	47466117	48796743	4	3
TCGA-63-A5MI	7	48798877	61857945	5	1
TCGA-63-A5MI	7	61858001	159127004	2	2
TCGA-63-A5MI	8	31254	35490874	2	0
TCGA-63-A5MI	8	35492984	36220268	7	2
TCGA-63-A5MI	8	36220999	38562845	14	2
TCGA-63-A5MI	8	38565179	50260119	3	2
TCGA-63-A5MI	8	50260289	51183447	4	0
TCGA-63-A5MI	8	51183693	64276277	2	1
TCGA-63-A5MI	8	64277503	120226145	3	2
TCGA-63-A5MI	8	120226164	146298155	4	3
TCGA-63-A5MI	9	46587	21800513	2	0
TCGA-63-A5MI	9	21801319	25936789	0	0
TCGA-63-A5MI	9	25938342	28957553	3	0
TCGA-63-A5MI	9	28958846	29897304	5	0
TCGA-63-A5MI	9	29897460	30784568	11	0
TCGA-63-A5MI	9	30784842	31051105	1	0
TCGA-63-A5MI	9	31054597	33421250	11	0
TCGA-63-A5MI	9	33425270	47217176	1	1
TCGA-63-A5MI	9	65616971	99297674	1	0
TCGA-63-A5MI	9	99297866	103060292	2	0
TCGA-63-A5MI	9	103060386	104371736	1	0
TCGA-63-A5MI	9	104373075	106013235	2	0
TCGA-63-A5MI	9	106013437	129962634	3	0
TCGA-63-A5MI	9	129967441	141091394	2	0
TCGA-63-A5MI	10	72759	23733177	3	1
TCGA-63-A5MI	10	23734738	37447241	1	1
TCGA-63-A5MI	10	37447445	38618753	4	1
TCGA-63-A5MI	10	38623375	135506704	1	1
TCGA-63-A5MI	11	198572	27955695	2	0
TCGA-63-A5MI	11	27958820	29610629	6	2
TCGA-63-A5MI	11	29610778	32912431	3	2
TCGA-63-A5MI	11	32921072	36975569	2	0
TCGA-63-A5MI	11	36978898	41156309	3	2
TCGA-63-A5MI	11	41159119	42126272	5	0
TCGA-63-A5MI	11	42128509	68175398	2	2
TCGA-63-A5MI	11	68175479	72676318	3	2
TCGA-63-A5MI	11	72684898	90900394	3	3
TCGA-63-A5MI	11	90901865	91104448	14	4
TCGA-63-A5MI	11	91104997	91349980	9	0
TCGA-63-A5MI	11	91352621	93730029	5	4
TCGA-63-A5MI	11	93730698	134944770	4	0
TCGA-63-A5MI	12	150442	34854498	3	3
TCGA-63-A5MI	12	37857751	133778189	2	1
TCGA-63-A5MI	13	19026949	20736216	2	0
TCGA-63-A5MI	13	20739828	21269345	2	1
TCGA-63-A5MI	13	21272244	67193607	2	0
TCGA-63-A5MI	13	67204131	82683130	5	0
TCGA-63-A5MI	13	82683497	105618415	2	0
TCGA-63-A5MI	13	105618984	112107712	2	1
TCGA-63-A5MI	13	112108999	115108397	2	0
TCGA-63-A5MI	14	19002124	22291852	2	2
TCGA-63-A5MI	14	22299981	49135061	2	1
TCGA-63-A5MI	14	49135134	52381178	3	2
TCGA-63-A5MI	14	52381244	107285437	2	2
TCGA-63-A5MI	15	20016328	27097818	2	1
TCGA-63-A5MI	15	27103158	27482770	6	2
TCGA-63-A5MI	15	27482946	34116486	3	3
TCGA-63-A5MI	15	34118396	45854106	2	1
TCGA-63-A5MI	15	45854576	47210014	3	2
TCGA-63-A5MI	15	47211180	67293782	5	2
TCGA-63-A5MI	15	67295519	102469040	3	2
TCGA-63-A5MI	16	60777	35283226	2	2
TCGA-63-A5MI	16	46463782	57051154	2	0
TCGA-63-A5MI	16	57051501	60345256	3	0
TCGA-63-A5MI	16	60346478	90287535	2	0
TCGA-63-A5MI	17	526	22227836	3	0
TCGA-63-A5MI	17	22227841	44351929	3	1
TCGA-63-A5MI	17	44352872	70251169	7	1
TCGA-63-A5MI	17	70251190	81049726	6	1
TCGA-63-A5MI	18	48133	15175018	4	3
TCGA-63-A5MI	18	15177772	78015057	2	1
TCGA-63-A5MI	19	90910	17276446	2	1
TCGA-63-A5MI	19	17277684	20054654	3	2
TCGA-63-A5MI	19	20055002	22140193	2	1
TCGA-63-A5MI	19	22141245	22666145	5	2
TCGA-63-A5MI	19	22667560	37465175	2	2
TCGA-63-A5MI	19	37467071	41274713	4	0
TCGA-63-A5MI	19	41274885	41563422	0	0
TCGA-63-A5MI	19	41563696	51436097	4	0
TCGA-63-A5MI	19	51436255	59097854	5	0
TCGA-63-A5MI	20	61305	520625	5	1
TCGA-63-A5MI	20	520683	24880789	2	1
TCGA-63-A5MI	20	24887831	29843973	3	2
TCGA-63-A5MI	20	29846281	34687450	5	2
TCGA-63-A5MI	20	34687809	46568206	3	3
TCGA-63-A5MI	20	46569119	62956153	2	1
TCGA-63-A5MI	21	10736871	22617711	4	0
TCGA-63-A5MI	21	22617863	23105719	3	3
TCGA-63-A5MI	21	23106996	25414234	18	2
TCGA-63-A5MI	21	25414697	26314370	7	2
TCGA-63-A5MI	21	26322821	47854392	2	0
TCGA-63-A5MI	21	47854492	48096957	4	3
TCGA-63-A5MI	22	16052528	25615918	3	2
TCGA-63-A5MI	22	25616213	26167114	4	0
TCGA-63-A5MI	22	26170627	36294236	3	3
TCGA-63-A5MI	22	36295474	51234455	3	2
TCGA-63-A5MI	X	168477	2694240	2	1
TCGA-63-A5MI	X	2703391	89445254	1	0
TCGA-63-A5MI	X	89448306	94038911	2	0
TCGA-63-A5MI	X	94041777	94692032	5	0
TCGA-63-A5MI	X	94692683	100604681	4	0
TCGA-63-A5MI	X	100604875	102281961	6	0
TCGA-63-A5MI	X	102289209	104211906	11	0
TCGA-63-A5MI	X	104212343	107560331	7	0
TCGA-63-A5MI	X	107560559	107879869	0	0
TCGA-63-A5MI	X	107888786	111056939	7	0
TCGA-63-A5MI	X	111057393	111443925	4	0
TCGA-63-A5MI	X	111445727	155233846	2	0
