sample	chr	startpos	endpos	nMajor	nMinor
TCGA-AN-A0FJ	1	61735	8363248	4	1
TCGA-AN-A0FJ	1	8364183	9207307	2	1
TCGA-AN-A0FJ	1	9211523	12757671	3	2
TCGA-AN-A0FJ	1	12761390	17379773	2	1
TCGA-AN-A0FJ	1	17382306	18232574	4	1
TCGA-AN-A0FJ	1	18233159	19476649	2	1
TCGA-AN-A0FJ	1	19477959	21123851	4	2
TCGA-AN-A0FJ	1	21124290	22164726	5	2
TCGA-AN-A0FJ	1	22168216	26943337	2	2
TCGA-AN-A0FJ	1	26957474	28301682	4	2
TCGA-AN-A0FJ	1	28305886	34945039	2	2
TCGA-AN-A0FJ	1	34951421	37087304	4	2
TCGA-AN-A0FJ	1	37089450	46687049	2	2
TCGA-AN-A0FJ	1	46690331	47036076	4	2
TCGA-AN-A0FJ	1	47036197	54884830	2	2
TCGA-AN-A0FJ	1	54886325	55140601	4	2
TCGA-AN-A0FJ	1	55143328	56647330	2	2
TCGA-AN-A0FJ	1	56647459	56819964	5	2
TCGA-AN-A0FJ	1	56820651	62645450	2	2
TCGA-AN-A0FJ	1	62646182	62896419	3	2
TCGA-AN-A0FJ	1	62898142	66599808	2	1
TCGA-AN-A0FJ	1	66600053	66803080	2	2
TCGA-AN-A0FJ	1	66803548	67291256	15	2
TCGA-AN-A0FJ	1	67294143	67794818	7	2
TCGA-AN-A0FJ	1	67794918	68307647	4	2
TCGA-AN-A0FJ	1	68308034	69843566	4	1
TCGA-AN-A0FJ	1	69843604	76459445	2	1
TCGA-AN-A0FJ	1	76463677	79380170	2	2
TCGA-AN-A0FJ	1	79380466	82991633	2	1
TCGA-AN-A0FJ	1	82993444	84292800	5	1
TCGA-AN-A0FJ	1	84292816	92747147	2	1
TCGA-AN-A0FJ	1	92750943	95614805	4	1
TCGA-AN-A0FJ	1	95621990	110224384	2	1
TCGA-AN-A0FJ	1	110224427	110732133	4	1
TCGA-AN-A0FJ	1	110733674	117469513	2	1
TCGA-AN-A0FJ	1	117469781	118165973	3	2
TCGA-AN-A0FJ	1	118166016	154680217	2	2
TCGA-AN-A0FJ	1	154682968	156582147	5	2
TCGA-AN-A0FJ	1	156582520	157452142	4	4
TCGA-AN-A0FJ	1	157452488	159101854	4	2
TCGA-AN-A0FJ	1	159103459	160778891	2	2
TCGA-AN-A0FJ	1	160779495	160893710	4	2
TCGA-AN-A0FJ	1	160894569	161154494	4	4
TCGA-AN-A0FJ	1	161161881	161781200	4	2
TCGA-AN-A0FJ	1	161786149	168230044	2	2
TCGA-AN-A0FJ	1	168230181	172436774	4	2
TCGA-AN-A0FJ	1	172436835	172638500	5	4
TCGA-AN-A0FJ	1	172639582	174035992	4	2
TCGA-AN-A0FJ	1	174036272	200243838	2	2
TCGA-AN-A0FJ	1	200243986	200481934	4	2
TCGA-AN-A0FJ	1	200482911	204827950	2	2
TCGA-AN-A0FJ	1	204828041	204939917	2	0
TCGA-AN-A0FJ	1	204940615	223291514	2	2
TCGA-AN-A0FJ	1	223292550	223663964	6	2
TCGA-AN-A0FJ	1	223664242	224702763	8	2
TCGA-AN-A0FJ	1	224703448	228740121	4	2
TCGA-AN-A0FJ	1	228741147	249224388	2	2
TCGA-AN-A0FJ	2	12784	11752432	2	2
TCGA-AN-A0FJ	2	11753492	12011461	4	2
TCGA-AN-A0FJ	2	12013065	31308790	2	2
TCGA-AN-A0FJ	2	31312461	33872946	4	2
TCGA-AN-A0FJ	2	33875383	37628265	2	2
TCGA-AN-A0FJ	2	37628465	43124627	4	2
TCGA-AN-A0FJ	2	43124989	45981286	2	2
TCGA-AN-A0FJ	2	45981762	46075199	4	2
TCGA-AN-A0FJ	2	46076909	59643498	2	2
TCGA-AN-A0FJ	2	59644456	60218178	4	2
TCGA-AN-A0FJ	2	60220817	60576262	4	4
TCGA-AN-A0FJ	2	60576802	61406438	4	2
TCGA-AN-A0FJ	2	61407245	64326934	2	2
TCGA-AN-A0FJ	2	64327206	66845641	4	2
TCGA-AN-A0FJ	2	66850649	70590129	2	2
TCGA-AN-A0FJ	2	70591807	70774104	4	2
TCGA-AN-A0FJ	2	70776638	84339914	2	2
TCGA-AN-A0FJ	2	84340439	86399749	4	2
TCGA-AN-A0FJ	2	86399884	101717446	2	2
TCGA-AN-A0FJ	2	101718272	103212408	4	2
TCGA-AN-A0FJ	2	103212740	198334151	2	2
TCGA-AN-A0FJ	2	198334921	199225224	4	2
TCGA-AN-A0FJ	2	199225584	200308069	2	2
TCGA-AN-A0FJ	2	200309493	202306386	4	2
TCGA-AN-A0FJ	2	202321085	206833817	2	2
TCGA-AN-A0FJ	2	206833918	215710009	4	2
TCGA-AN-A0FJ	2	215710399	219829206	2	2
TCGA-AN-A0FJ	2	219833030	222219589	4	2
TCGA-AN-A0FJ	2	222219604	230042250	2	2
TCGA-AN-A0FJ	2	230046668	230401851	4	2
TCGA-AN-A0FJ	2	230402203	230654921	8	2
TCGA-AN-A0FJ	2	230657322	232048646	4	2
TCGA-AN-A0FJ	2	232049292	243089456	2	2
TCGA-AN-A0FJ	3	60345	185536	3	0
TCGA-AN-A0FJ	3	185683	232800	7	0
TCGA-AN-A0FJ	3	234877	37755644	3	0
TCGA-AN-A0FJ	3	37761549	51975051	2	0
TCGA-AN-A0FJ	3	51975352	52406602	5	0
TCGA-AN-A0FJ	3	52407551	90115197	2	0
TCGA-AN-A0FJ	3	90122826	114845187	2	2
TCGA-AN-A0FJ	3	114849484	116812321	4	2
TCGA-AN-A0FJ	3	116819115	126819339	2	2
TCGA-AN-A0FJ	3	126820351	193568556	3	2
TCGA-AN-A0FJ	3	193568667	197896118	2	2
TCGA-AN-A0FJ	4	12281	1613810	2	0
TCGA-AN-A0FJ	4	1613881	1880700	6	0
TCGA-AN-A0FJ	4	1881447	2225021	4	0
TCGA-AN-A0FJ	4	2225310	16003959	2	0
TCGA-AN-A0FJ	4	16004631	16241105	4	0
TCGA-AN-A0FJ	4	16241359	87137696	2	0
TCGA-AN-A0FJ	4	87137763	87471643	4	0
TCGA-AN-A0FJ	4	87471946	191027923	2	0
TCGA-AN-A0FJ	5	15532	49432831	4	2
TCGA-AN-A0FJ	5	49441958	115616288	2	0
TCGA-AN-A0FJ	5	115617297	115729919	4	0
TCGA-AN-A0FJ	5	115729974	134809379	2	0
TCGA-AN-A0FJ	5	134822283	134992005	4	0
TCGA-AN-A0FJ	5	134992153	180790320	2	0
TCGA-AN-A0FJ	6	149661	1321446	4	2
TCGA-AN-A0FJ	6	1322033	1659950	5	4
TCGA-AN-A0FJ	6	1660002	1918122	7	2
TCGA-AN-A0FJ	6	1918262	3100429	5	2
TCGA-AN-A0FJ	6	3102112	9358765	2	2
TCGA-AN-A0FJ	6	9363949	9459785	4	2
TCGA-AN-A0FJ	6	9461874	19426315	2	2
TCGA-AN-A0FJ	6	19427644	20413721	9	2
TCGA-AN-A0FJ	6	20414340	20656580	20	2
TCGA-AN-A0FJ	6	20657345	22193480	7	3
TCGA-AN-A0FJ	6	22194163	23347873	2	2
TCGA-AN-A0FJ	6	23348354	30577873	2	0
TCGA-AN-A0FJ	6	30577966	30857988	4	0
TCGA-AN-A0FJ	6	30869693	31296292	2	0
TCGA-AN-A0FJ	6	31296451	32429758	2	2
TCGA-AN-A0FJ	6	32429894	32980446	3	2
TCGA-AN-A0FJ	6	32984451	35867097	2	0
TCGA-AN-A0FJ	6	35870123	44736535	2	2
TCGA-AN-A0FJ	6	44741292	44765535	5	2
TCGA-AN-A0FJ	6	44766535	44814045	4	2
TCGA-AN-A0FJ	6	44820664	62272667	2	2
TCGA-AN-A0FJ	6	62273181	65364869	4	2
TCGA-AN-A0FJ	6	65366280	67562683	5	2
TCGA-AN-A0FJ	6	67563022	68867750	3	2
TCGA-AN-A0FJ	6	68868332	69792222	5	2
TCGA-AN-A0FJ	6	69792775	72129493	4	2
TCGA-AN-A0FJ	6	72134335	72222545	5	5
TCGA-AN-A0FJ	6	72226003	77740493	4	2
TCGA-AN-A0FJ	6	77741272	77971974	2	2
TCGA-AN-A0FJ	6	77982990	78616674	2	0
TCGA-AN-A0FJ	6	78626269	79228505	3	2
TCGA-AN-A0FJ	6	79229825	98305789	2	0
TCGA-AN-A0FJ	6	98311541	107098933	2	2
TCGA-AN-A0FJ	6	107099411	108427766	4	2
TCGA-AN-A0FJ	6	108429784	108897386	3	2
TCGA-AN-A0FJ	6	108898864	108915939	4	0
TCGA-AN-A0FJ	6	108924349	138197331	2	0
TCGA-AN-A0FJ	6	138197824	138652950	4	0
TCGA-AN-A0FJ	6	138671159	150906000	2	0
TCGA-AN-A0FJ	6	150906164	151313367	4	0
TCGA-AN-A0FJ	6	151313471	157094854	2	0
TCGA-AN-A0FJ	6	157096212	157482222	0	0
TCGA-AN-A0FJ	6	157482864	171051005	2	0
TCGA-AN-A0FJ	7	43259	3292263	2	2
TCGA-AN-A0FJ	7	3292354	5829150	4	2
TCGA-AN-A0FJ	7	5832693	23224036	2	2
TCGA-AN-A0FJ	7	23230232	23858762	4	2
TCGA-AN-A0FJ	7	23859347	28746647	2	2
TCGA-AN-A0FJ	7	28746913	29065651	4	2
TCGA-AN-A0FJ	7	29066318	50608217	2	2
TCGA-AN-A0FJ	7	50610742	50666527	4	2
TCGA-AN-A0FJ	7	50669123	76770308	2	2
TCGA-AN-A0FJ	7	76771065	77221119	5	2
TCGA-AN-A0FJ	7	77221670	127312481	2	2
TCGA-AN-A0FJ	7	127314515	128073366	4	2
TCGA-AN-A0FJ	7	128073470	159127004	2	2
TCGA-AN-A0FJ	8	31254	15336210	2	2
TCGA-AN-A0FJ	8	15337889	16651542	3	2
TCGA-AN-A0FJ	8	16652202	27212924	2	2
TCGA-AN-A0FJ	8	27217003	27381996	4	2
TCGA-AN-A0FJ	8	27383168	52769763	2	2
TCGA-AN-A0FJ	8	52770864	53671551	4	2
TCGA-AN-A0FJ	8	53672068	127780708	2	2
TCGA-AN-A0FJ	8	127781992	127923766	5	2
TCGA-AN-A0FJ	8	127926753	128819009	8	2
TCGA-AN-A0FJ	8	128822709	130611792	5	2
TCGA-AN-A0FJ	8	130614858	131436487	2	2
TCGA-AN-A0FJ	8	131439517	131771738	5	2
TCGA-AN-A0FJ	8	131773123	146298155	2	2
TCGA-AN-A0FJ	9	46587	12634038	2	0
TCGA-AN-A0FJ	9	12634682	14495574	5	0
TCGA-AN-A0FJ	9	14497423	27329622	2	0
TCGA-AN-A0FJ	9	27331324	27653974	4	0
TCGA-AN-A0FJ	9	27654050	111555719	2	0
TCGA-AN-A0FJ	9	111560214	112386097	4	0
TCGA-AN-A0FJ	9	112387532	139711758	2	0
TCGA-AN-A0FJ	9	139725227	139795504	0	0
TCGA-AN-A0FJ	9	139803958	141091394	2	0
TCGA-AN-A0FJ	10	72759	79284214	2	2
TCGA-AN-A0FJ	10	79287128	80223615	4	2
TCGA-AN-A0FJ	10	80223649	86757490	2	2
TCGA-AN-A0FJ	10	86757721	91428404	4	2
TCGA-AN-A0FJ	10	91428404	95909662	2	2
TCGA-AN-A0FJ	10	95909900	96387115	4	2
TCGA-AN-A0FJ	10	96388835	96895511	2	2
TCGA-AN-A0FJ	10	96901797	97697506	4	2
TCGA-AN-A0FJ	10	97712119	98589267	4	3
TCGA-AN-A0FJ	10	98597402	99847270	4	2
TCGA-AN-A0FJ	10	99849177	116169841	2	2
TCGA-AN-A0FJ	10	116170854	116689519	4	2
TCGA-AN-A0FJ	10	116696299	135506704	2	2
TCGA-AN-A0FJ	11	198572	1553131	2	2
TCGA-AN-A0FJ	11	1566025	1654565	1	0
TCGA-AN-A0FJ	11	1654761	4942982	2	2
TCGA-AN-A0FJ	11	4943286	5214381	4	2
TCGA-AN-A0FJ	11	5214413	11530583	2	2
TCGA-AN-A0FJ	11	11531565	12834251	4	2
TCGA-AN-A0FJ	11	12838122	29742615	2	2
TCGA-AN-A0FJ	11	29753922	34332090	4	2
TCGA-AN-A0FJ	11	34332320	34471261	5	4
TCGA-AN-A0FJ	11	34473555	35068099	10	5
TCGA-AN-A0FJ	11	35068606	35804092	5	4
TCGA-AN-A0FJ	11	35806782	36271066	4	2
TCGA-AN-A0FJ	11	36275074	36730335	7	2
TCGA-AN-A0FJ	11	36732003	38686475	5	2
TCGA-AN-A0FJ	11	38689512	46568795	2	2
TCGA-AN-A0FJ	11	46569272	47791291	4	1
TCGA-AN-A0FJ	11	47794633	57045745	2	2
TCGA-AN-A0FJ	11	57046895	57593666	4	2
TCGA-AN-A0FJ	11	57593840	58920669	2	2
TCGA-AN-A0FJ	11	58925860	59134722	4	2
TCGA-AN-A0FJ	11	59137734	62016713	2	2
TCGA-AN-A0FJ	11	62016765	62837116	4	2
TCGA-AN-A0FJ	11	62838069	68605670	2	2
TCGA-AN-A0FJ	11	68605828	69307444	4	2
TCGA-AN-A0FJ	11	69307695	85719285	2	2
TCGA-AN-A0FJ	11	85731576	118627778	2	0
TCGA-AN-A0FJ	11	118629031	119794853	4	0
TCGA-AN-A0FJ	11	119795133	122084894	6	0
TCGA-AN-A0FJ	11	122084957	122560872	4	0
TCGA-AN-A0FJ	11	122562045	134944770	2	0
TCGA-AN-A0FJ	12	150442	8843713	2	2
TCGA-AN-A0FJ	12	8848929	9856300	7	2
TCGA-AN-A0FJ	12	9856442	10187736	10	1
TCGA-AN-A0FJ	12	10188967	11747102	18	2
TCGA-AN-A0FJ	12	11751425	11986163	43	1
TCGA-AN-A0FJ	12	11986346	12298365	70	2
TCGA-AN-A0FJ	12	12298872	12746585	19	2
TCGA-AN-A0FJ	12	12747963	17144662	7	2
TCGA-AN-A0FJ	12	17146958	26816342	2	2
TCGA-AN-A0FJ	12	26816496	27159548	4	2
TCGA-AN-A0FJ	12	27163343	30821028	2	2
TCGA-AN-A0FJ	12	30829451	33482649	5	2
TCGA-AN-A0FJ	12	33491201	46579450	2	2
TCGA-AN-A0FJ	12	46579590	52219337	4	2
TCGA-AN-A0FJ	12	52220654	52531429	4	4
TCGA-AN-A0FJ	12	52531500	53032330	6	2
TCGA-AN-A0FJ	12	53032603	69466941	2	2
TCGA-AN-A0FJ	12	69467418	69859478	5	2
TCGA-AN-A0FJ	12	69864170	89758046	2	2
TCGA-AN-A0FJ	12	89758314	90182104	4	2
TCGA-AN-A0FJ	12	90182790	133778189	2	1
TCGA-AN-A0FJ	13	19026949	45452570	2	0
TCGA-AN-A0FJ	13	45452710	105997877	4	0
TCGA-AN-A0FJ	13	105998151	106007752	10	0
TCGA-AN-A0FJ	13	106007838	115108397	4	0
TCGA-AN-A0FJ	14	19002124	23034273	2	0
TCGA-AN-A0FJ	14	23036111	23207778	4	0
TCGA-AN-A0FJ	14	23209022	107285437	2	0
TCGA-AN-A0FJ	15	20016328	35858305	2	0
TCGA-AN-A0FJ	15	35858410	38126651	2	2
TCGA-AN-A0FJ	15	38129670	39692061	4	2
TCGA-AN-A0FJ	15	39693241	48727297	2	2
TCGA-AN-A0FJ	15	48729030	50052084	2	0
TCGA-AN-A0FJ	15	50052205	50537206	0	0
TCGA-AN-A0FJ	15	50539485	90409667	2	0
TCGA-AN-A0FJ	15	90414427	91744866	3	0
TCGA-AN-A0FJ	15	91746999	93536500	2	0
TCGA-AN-A0FJ	15	93536666	99396927	2	2
TCGA-AN-A0FJ	15	99398708	99527714	4	2
TCGA-AN-A0FJ	15	99532544	101543394	2	2
TCGA-AN-A0FJ	15	101546195	102469040	3	2
TCGA-AN-A0FJ	16	60777	35283226	4	0
TCGA-AN-A0FJ	16	46463782	62441795	3	0
TCGA-AN-A0FJ	16	62442180	64388648	5	0
TCGA-AN-A0FJ	16	64390146	68000082	3	0
TCGA-AN-A0FJ	16	68008679	69863680	5	0
TCGA-AN-A0FJ	16	69864675	70584258	3	0
TCGA-AN-A0FJ	16	70584417	79011864	5	0
TCGA-AN-A0FJ	16	79011984	80723127	7	0
TCGA-AN-A0FJ	16	80724138	90287535	5	0
TCGA-AN-A0FJ	17	526	908529	2	0
TCGA-AN-A0FJ	17	908636	2622831	4	0
TCGA-AN-A0FJ	17	2624201	19242467	2	0
TCGA-AN-A0FJ	17	19244888	21527665	4	0
TCGA-AN-A0FJ	17	21529902	26446981	2	0
TCGA-AN-A0FJ	17	26449689	27849700	4	0
TCGA-AN-A0FJ	17	27853350	36975221	2	0
TCGA-AN-A0FJ	17	36978737	37063505	6	0
TCGA-AN-A0FJ	17	37066450	38031349	2	0
TCGA-AN-A0FJ	17	38033433	39527491	4	0
TCGA-AN-A0FJ	17	39527609	39536657	11	1
TCGA-AN-A0FJ	17	39536674	39807124	14	0
TCGA-AN-A0FJ	17	39809446	39883789	8	0
TCGA-AN-A0FJ	17	39885491	39926571	9	0
TCGA-AN-A0FJ	17	39927192	41258600	5	0
TCGA-AN-A0FJ	17	41258628	69833773	3	0
TCGA-AN-A0FJ	17	69835147	70554318	6	0
TCGA-AN-A0FJ	17	70554531	73345467	2	0
TCGA-AN-A0FJ	17	73349536	73949918	5	0
TCGA-AN-A0FJ	17	73951715	81049726	2	0
TCGA-AN-A0FJ	18	48133	27030377	4	2
TCGA-AN-A0FJ	18	27030402	42616899	3	2
TCGA-AN-A0FJ	18	42616943	43102347	5	2
TCGA-AN-A0FJ	18	43102749	60759483	3	2
TCGA-AN-A0FJ	18	60765248	61290044	5	2
TCGA-AN-A0FJ	18	61290257	78015057	3	2
TCGA-AN-A0FJ	19	90910	931523	2	0
TCGA-AN-A0FJ	19	939673	1367226	4	1
TCGA-AN-A0FJ	19	1374263	2431640	2	0
TCGA-AN-A0FJ	19	2435456	4136327	3	2
TCGA-AN-A0FJ	19	4136769	13779821	2	2
TCGA-AN-A0FJ	19	13783326	14189110	6	2
TCGA-AN-A0FJ	19	14203610	17158694	2	2
TCGA-AN-A0FJ	19	17160564	17259237	5	2
TCGA-AN-A0FJ	19	17261240	38518469	2	2
TCGA-AN-A0FJ	19	38520140	38912764	4	2
TCGA-AN-A0FJ	19	38913192	49518575	2	2
TCGA-AN-A0FJ	19	49524480	50150529	4	2
TCGA-AN-A0FJ	19	50151307	52438645	2	2
TCGA-AN-A0FJ	19	52441421	53556824	3	2
TCGA-AN-A0FJ	19	53558419	59097854	2	2
TCGA-AN-A0FJ	20	61305	8916234	2	2
TCGA-AN-A0FJ	20	8916958	9131979	5	2
TCGA-AN-A0FJ	20	9132036	36374174	2	2
TCGA-AN-A0FJ	20	36375071	37128817	4	2
TCGA-AN-A0FJ	20	37129241	37575793	2	2
TCGA-AN-A0FJ	20	37576612	48657747	2	0
TCGA-AN-A0FJ	20	48658010	48690042	4	0
TCGA-AN-A0FJ	20	48693438	48693922	5	1
TCGA-AN-A0FJ	20	48696408	49077739	7	0
TCGA-AN-A0FJ	20	49079329	49700604	3	0
TCGA-AN-A0FJ	20	49700703	55943819	2	0
TCGA-AN-A0FJ	20	55946368	56183536	4	0
TCGA-AN-A0FJ	20	56190380	60678603	2	0
TCGA-AN-A0FJ	20	60678612	61308009	5	0
TCGA-AN-A0FJ	20	61308732	62375724	4	0
TCGA-AN-A0FJ	20	62375741	62956153	2	0
TCGA-AN-A0FJ	21	10736871	23087430	2	1
TCGA-AN-A0FJ	21	23088131	23613932	3	1
TCGA-AN-A0FJ	21	23614007	35725651	2	1
TCGA-AN-A0FJ	21	35725729	36244051	2	2
TCGA-AN-A0FJ	21	36245198	36698403	2	0
TCGA-AN-A0FJ	21	36699757	38924787	2	2
TCGA-AN-A0FJ	21	38926300	40778593	2	1
TCGA-AN-A0FJ	21	40779898	42897181	6	1
TCGA-AN-A0FJ	21	42898366	43529642	4	1
TCGA-AN-A0FJ	21	43534048	44972812	2	1
TCGA-AN-A0FJ	21	44973667	45257361	4	1
TCGA-AN-A0FJ	21	45265504	48096957	2	1
TCGA-AN-A0FJ	22	16052528	18047028	4	2
TCGA-AN-A0FJ	22	18047058	19619745	3	2
TCGA-AN-A0FJ	22	19620982	23258324	2	2
TCGA-AN-A0FJ	22	23258355	25333416	4	2
TCGA-AN-A0FJ	22	25334911	37899925	2	2
TCGA-AN-A0FJ	22	37901839	39576868	3	2
TCGA-AN-A0FJ	22	39580367	43308475	2	2
TCGA-AN-A0FJ	22	43309181	43686847	4	2
TCGA-AN-A0FJ	22	43688666	50100343	2	2
TCGA-AN-A0FJ	22	50100662	50139152	4	1
TCGA-AN-A0FJ	22	50145668	50430231	12	3
TCGA-AN-A0FJ	22	50435086	51234455	3	1
TCGA-AN-A0FJ	X	168477	46609645	2	0
TCGA-AN-A0FJ	X	46610714	48407177	4	0
TCGA-AN-A0FJ	X	48413618	153105495	2	0
TCGA-AN-A0FJ	X	153110167	153383539	4	0
TCGA-AN-A0FJ	X	153392576	155233846	2	0
