sample	chr	startpos	endpos	nMajor	nMinor
TCGA-OR-A5L8	1	61735	249224388	4	0
TCGA-OR-A5L8	2	12784	243089456	2	2
TCGA-OR-A5L8	3	60345	175242041	3	3
TCGA-OR-A5L8	3	175242505	175677421	7	2
TCGA-OR-A5L8	3	175681513	197896118	3	3
TCGA-OR-A5L8	4	12281	191027923	4	0
TCGA-OR-A5L8	5	15532	180790320	5	4
TCGA-OR-A5L8	6	149661	171051005	4	0
TCGA-OR-A5L8	7	43259	159127004	3	3
TCGA-OR-A5L8	8	31254	5558046	7	4
TCGA-OR-A5L8	8	5559536	6175712	4	4
TCGA-OR-A5L8	8	6176137	6887956	6	5
TCGA-OR-A5L8	8	6889635	9695403	4	4
TCGA-OR-A5L8	8	9696161	11897177	5	5
TCGA-OR-A5L8	8	11934660	146298155	4	4
TCGA-OR-A5L8	9	46587	141091394	4	0
TCGA-OR-A5L8	10	72759	135506704	3	3
TCGA-OR-A5L8	11	198572	134944770	4	0
TCGA-OR-A5L8	12	150442	133778189	3	3
TCGA-OR-A5L8	13	19026949	115108397	2	2
TCGA-OR-A5L8	14	19002124	22368997	4	4
TCGA-OR-A5L8	14	22372081	22983223	7	4
TCGA-OR-A5L8	14	22988022	107285437	4	4
TCGA-OR-A5L8	15	20016328	102469040	2	2
TCGA-OR-A5L8	16	60777	90287535	3	3
TCGA-OR-A5L8	17	526	81049726	2	2
TCGA-OR-A5L8	18	48133	78015057	4	0
TCGA-OR-A5L8	19	90910	59097854	4	4
TCGA-OR-A5L8	20	61305	62956153	2	2
TCGA-OR-A5L8	21	10736871	48096957	4	0
TCGA-OR-A5L8	22	16052528	51234455	4	0
TCGA-OR-A5L8	X	168477	155233846	3	3
