sample	chr	startpos	endpos	nMajor	nMinor
TCGA-23-2645	1	61735	26067956	2	0
TCGA-23-2645	1	26068848	31262005	2	1
TCGA-23-2645	1	31262837	72093762	2	0
TCGA-23-2645	1	72093971	105838295	1	0
TCGA-23-2645	1	105839996	110766587	1	1
TCGA-23-2645	1	110767348	112922947	1	0
TCGA-23-2645	1	112925454	121482979	1	1
TCGA-23-2645	1	144007049	168571831	2	1
TCGA-23-2645	1	168573174	192621857	1	1
TCGA-23-2645	1	192623888	192971518	1	0
TCGA-23-2645	1	192972234	235827852	1	1
TCGA-23-2645	1	235829614	249224388	1	0
TCGA-23-2645	2	12784	5430189	3	3
TCGA-23-2645	2	5431972	27741280	3	2
TCGA-23-2645	2	27741655	33789068	3	3
TCGA-23-2645	2	33792812	34326938	4	2
TCGA-23-2645	2	34327267	51952388	3	1
TCGA-23-2645	2	51952482	82090698	2	1
TCGA-23-2645	2	82090946	86659015	3	1
TCGA-23-2645	2	86662295	102914163	2	1
TCGA-23-2645	2	102914654	141098446	2	0
TCGA-23-2645	2	141098828	164440932	3	0
TCGA-23-2645	2	164441182	208494345	3	1
TCGA-23-2645	2	208497965	243089456	2	1
TCGA-23-2645	3	60345	4751010	2	2
TCGA-23-2645	3	4751252	8034454	3	2
TCGA-23-2645	3	8034848	67458656	2	1
TCGA-23-2645	3	67459492	67809912	2	0
TCGA-23-2645	3	67814987	90455162	2	1
TCGA-23-2645	3	90485636	100834291	2	2
TCGA-23-2645	3	100834385	101600028	3	2
TCGA-23-2645	3	101601159	106021008	2	2
TCGA-23-2645	3	106021500	117312189	2	1
TCGA-23-2645	3	117319696	121620950	3	2
TCGA-23-2645	3	121621631	128744923	5	2
TCGA-23-2645	3	128751501	148090487	3	2
TCGA-23-2645	3	148090686	149473446	3	3
TCGA-23-2645	3	149477861	171020308	3	2
TCGA-23-2645	3	171021745	179846586	2	1
TCGA-23-2645	3	179846885	180481935	2	0
TCGA-23-2645	3	180486056	189219712	2	1
TCGA-23-2645	3	189223024	192922873	2	0
TCGA-23-2645	3	192926817	197896118	4	0
TCGA-23-2645	4	12281	34198010	2	1
TCGA-23-2645	4	34198181	43591348	3	2
TCGA-23-2645	4	43593582	44445702	2	2
TCGA-23-2645	4	44445943	47025995	2	1
TCGA-23-2645	4	47030696	57721477	2	2
TCGA-23-2645	4	57723703	59222828	3	2
TCGA-23-2645	4	59225938	60001774	2	1
TCGA-23-2645	4	60001826	69288142	4	1
TCGA-23-2645	4	69294799	77702971	4	0
TCGA-23-2645	4	77703104	126612417	1	0
TCGA-23-2645	4	126612488	127155974	2	1
TCGA-23-2645	4	127161742	131933765	3	2
TCGA-23-2645	4	131935068	141012918	4	3
TCGA-23-2645	4	141015049	141787735	5	3
TCGA-23-2645	4	141787969	157981947	4	4
TCGA-23-2645	4	157981964	191027923	4	2
TCGA-23-2645	5	15532	16557867	3	2
TCGA-23-2645	5	16558402	19086655	4	2
TCGA-23-2645	5	19087014	23446031	3	2
TCGA-23-2645	5	23446520	51799255	2	2
TCGA-23-2645	5	51804504	57580696	2	1
TCGA-23-2645	5	57581974	72138482	2	0
TCGA-23-2645	5	72141407	88374470	3	0
TCGA-23-2645	5	88375374	90921746	4	0
TCGA-23-2645	5	90923945	93367281	3	0
TCGA-23-2645	5	93369429	93767556	1	0
TCGA-23-2645	5	93767605	128632860	3	0
TCGA-23-2645	5	128636024	180790320	3	1
TCGA-23-2645	6	149661	5947883	2	0
TCGA-23-2645	6	5949593	57263688	2	1
TCGA-23-2645	6	57265248	58050553	2	0
TCGA-23-2645	6	58058614	61963621	2	1
TCGA-23-2645	6	61967862	66769945	2	0
TCGA-23-2645	6	66770054	121557409	2	1
TCGA-23-2645	6	121560581	127388745	1	1
TCGA-23-2645	6	127392196	131192130	2	1
TCGA-23-2645	6	131192612	160385792	2	0
TCGA-23-2645	6	160389239	164434661	1	0
TCGA-23-2645	6	164436647	169607636	2	0
TCGA-23-2645	6	169607954	171051005	3	0
TCGA-23-2645	7	43259	17409764	1	1
TCGA-23-2645	7	17414677	18666901	2	1
TCGA-23-2645	7	18668292	32562991	3	1
TCGA-23-2645	7	32565970	49817957	2	1
TCGA-23-2645	7	49818127	49889433	3	0
TCGA-23-2645	7	49889745	62752701	6	1
TCGA-23-2645	7	62759732	79599505	1	1
TCGA-23-2645	7	79610267	85543027	1	0
TCGA-23-2645	7	85544134	95124519	2	0
TCGA-23-2645	7	95124903	98006551	1	0
TCGA-23-2645	7	98007925	114889396	3	0
TCGA-23-2645	7	114892328	114994002	0	0
TCGA-23-2645	7	114994727	142717788	3	0
TCGA-23-2645	7	142718434	159127004	4	0
TCGA-23-2645	8	31254	223389	0	0
TCGA-23-2645	8	225168	2178807	2	0
TCGA-23-2645	8	2179528	3275332	4	0
TCGA-23-2645	8	3277351	3304295	0	0
TCGA-23-2645	8	3304920	3373215	4	0
TCGA-23-2645	8	3376607	39772154	2	0
TCGA-23-2645	8	39775754	41186873	3	0
TCGA-23-2645	8	41187467	43215240	3	2
TCGA-23-2645	8	43228621	57751404	3	1
TCGA-23-2645	8	57752823	60076399	5	1
TCGA-23-2645	8	60077248	61852445	6	1
TCGA-23-2645	8	61853035	68427283	6	2
TCGA-23-2645	8	68428730	70964372	6	3
TCGA-23-2645	8	70964668	76695909	8	3
TCGA-23-2645	8	76696962	80345807	6	3
TCGA-23-2645	8	80346609	87239300	4	3
TCGA-23-2645	8	87239566	92183567	3	3
TCGA-23-2645	8	92183838	93904004	3	2
TCGA-23-2645	8	93904087	128824096	4	2
TCGA-23-2645	8	128828698	139764797	5	3
TCGA-23-2645	8	139764832	140117419	4	2
TCGA-23-2645	8	140120814	141566579	5	3
TCGA-23-2645	8	141567432	142619906	5	2
TCGA-23-2645	8	142620186	146298155	4	3
TCGA-23-2645	9	46587	47217176	2	0
TCGA-23-2645	9	65616971	141091394	3	0
TCGA-23-2645	10	72759	26947007	3	0
TCGA-23-2645	10	26948697	49031252	3	2
TCGA-23-2645	10	49045681	52555146	2	1
TCGA-23-2645	10	52555732	81214178	2	2
TCGA-23-2645	10	81215357	87414557	2	1
TCGA-23-2645	10	87415899	98760547	1	1
TCGA-23-2645	10	98761222	126776975	2	1
TCGA-23-2645	10	126777042	126837986	2	0
TCGA-23-2645	10	126843661	128424366	2	1
TCGA-23-2645	10	128425046	135506704	1	1
TCGA-23-2645	11	198572	16344844	2	0
TCGA-23-2645	11	16346241	29334020	2	1
TCGA-23-2645	11	29337069	35719702	2	2
TCGA-23-2645	11	35723743	36751127	2	1
TCGA-23-2645	11	36751701	98927236	2	2
TCGA-23-2645	11	98927405	134944770	2	1
TCGA-23-2645	12	150442	12467954	3	3
TCGA-23-2645	12	12468058	14325677	4	2
TCGA-23-2645	12	14327710	16344929	4	3
TCGA-23-2645	12	16345101	18051716	4	2
TCGA-23-2645	12	18052084	24935982	4	4
TCGA-23-2645	12	24938781	26255084	4	3
TCGA-23-2645	12	26257267	26491475	4	2
TCGA-23-2645	12	26491838	29274655	4	1
TCGA-23-2645	12	29274701	30989403	4	2
TCGA-23-2645	12	30990587	32649009	4	1
TCGA-23-2645	12	32649190	32805053	1	1
TCGA-23-2645	12	32810265	40324653	4	1
TCGA-23-2645	12	40327101	43819639	4	2
TCGA-23-2645	12	43820445	68863121	3	2
TCGA-23-2645	12	68868056	122782946	3	1
TCGA-23-2645	12	122784012	133778189	1	1
TCGA-23-2645	13	19026949	19982431	2	1
TCGA-23-2645	13	19984413	29369135	2	0
TCGA-23-2645	13	29369317	29608905	2	1
TCGA-23-2645	13	29609774	47528671	2	0
TCGA-23-2645	13	47529739	50174203	2	1
TCGA-23-2645	13	50179207	70465938	2	0
TCGA-23-2645	13	70466249	70714644	2	1
TCGA-23-2645	13	70715124	73742917	2	0
TCGA-23-2645	13	73743775	78472928	1	0
TCGA-23-2645	13	78473330	78789519	2	0
TCGA-23-2645	13	78797009	79550934	1	1
TCGA-23-2645	13	79551984	89450131	2	1
TCGA-23-2645	13	89450636	90881209	2	0
TCGA-23-2645	13	90884271	92418524	3	0
TCGA-23-2645	13	92421721	92508298	3	1
TCGA-23-2645	13	92514409	94269897	3	0
TCGA-23-2645	13	94270815	103787261	3	1
TCGA-23-2645	13	103787726	105049395	3	0
TCGA-23-2645	13	105049534	105169165	4	1
TCGA-23-2645	13	105171344	114284774	3	0
TCGA-23-2645	13	114284997	115108397	3	1
TCGA-23-2645	14	19002124	27302315	3	1
TCGA-23-2645	14	27302413	39177878	3	0
TCGA-23-2645	14	39177999	39417202	2	0
TCGA-23-2645	14	39417961	42730214	3	0
TCGA-23-2645	14	42736427	75176268	2	0
TCGA-23-2645	14	75177433	92213362	2	1
TCGA-23-2645	14	92216557	107285437	1	1
TCGA-23-2645	15	20016328	40591134	1	0
TCGA-23-2645	15	40592544	40614200	3	2
TCGA-23-2645	15	40617414	40739963	2	1
TCGA-23-2645	15	40748064	51170905	1	0
TCGA-23-2645	15	51171108	52248056	1	1
TCGA-23-2645	15	52248299	63439186	2	1
TCGA-23-2645	15	63439320	67949971	1	1
TCGA-23-2645	15	67951150	68555935	3	1
TCGA-23-2645	15	68556512	95647872	1	1
TCGA-23-2645	15	95648208	98668737	2	1
TCGA-23-2645	15	98672038	102469040	1	1
TCGA-23-2645	16	60777	28337177	2	1
TCGA-23-2645	16	28340581	60438118	1	1
TCGA-23-2645	16	60439975	62994330	1	0
TCGA-23-2645	16	62996454	79922256	1	1
TCGA-23-2645	16	79922616	80043138	1	0
TCGA-23-2645	16	80050661	90287535	1	1
TCGA-23-2645	17	526	81049726	2	0
TCGA-23-2645	18	48133	1285811	1	1
TCGA-23-2645	18	1288747	1547406	4	1
TCGA-23-2645	18	1552742	8470615	1	1
TCGA-23-2645	18	8471372	19521688	2	1
TCGA-23-2645	18	19523578	20010241	1	1
TCGA-23-2645	18	20015273	21740420	4	1
TCGA-23-2645	18	21740878	40508686	2	1
TCGA-23-2645	18	40509100	55369701	4	1
TCGA-23-2645	18	55373767	78015057	1	0
TCGA-23-2645	19	90910	8740025	2	0
TCGA-23-2645	19	8750970	40347395	2	1
TCGA-23-2645	19	40347658	47878158	1	1
TCGA-23-2645	19	47879874	59097854	2	1
TCGA-23-2645	20	61305	14738277	1	1
TCGA-23-2645	20	14739285	14948965	1	0
TCGA-23-2645	20	14949154	15093966	2	1
TCGA-23-2645	20	15095268	23137436	3	1
TCGA-23-2645	20	23137509	24557974	3	2
TCGA-23-2645	20	24558132	62956153	2	2
TCGA-23-2645	21	10736871	48096957	2	1
TCGA-23-2645	22	16052528	46112575	2	0
TCGA-23-2645	22	46113021	46428993	1	0
TCGA-23-2645	22	46429096	51234455	2	0
TCGA-23-2645	X	168477	155233846	1	0
