sample	chr	startpos	endpos	nMajor	nMinor
TCGA-VS-A9UV	1	61735	121482979	2	2
TCGA-VS-A9UV	1	144007049	249224388	4	2
TCGA-VS-A9UV	2	12784	243089456	2	2
TCGA-VS-A9UV	3	60345	90502862	2	1
TCGA-VS-A9UV	3	93519478	197896118	5	2
TCGA-VS-A9UV	4	12281	48053676	2	0
TCGA-VS-A9UV	4	48066955	48095266	5	2
TCGA-VS-A9UV	4	48096781	162044049	2	2
TCGA-VS-A9UV	4	162045149	165707728	2	1
TCGA-VS-A9UV	4	165709039	191027923	2	2
TCGA-VS-A9UV	5	15532	180790320	2	2
TCGA-VS-A9UV	6	149661	30571471	4	0
TCGA-VS-A9UV	6	30577873	171051005	2	2
TCGA-VS-A9UV	7	43259	57659826	2	0
TCGA-VS-A9UV	7	57664415	78507181	4	2
TCGA-VS-A9UV	7	78512809	80947228	5	2
TCGA-VS-A9UV	7	80947517	129329261	4	2
TCGA-VS-A9UV	7	129330016	159127004	6	0
TCGA-VS-A9UV	8	31254	46847534	2	0
TCGA-VS-A9UV	8	46863535	146298155	4	2
TCGA-VS-A9UV	9	46587	9272218	2	2
TCGA-VS-A9UV	9	9272841	10363825	2	1
TCGA-VS-A9UV	9	10364320	110362045	2	2
TCGA-VS-A9UV	9	110362175	111576250	3	2
TCGA-VS-A9UV	9	111576305	141091394	2	2
TCGA-VS-A9UV	10	72759	65774014	2	2
TCGA-VS-A9UV	10	65774751	135506704	4	0
TCGA-VS-A9UV	11	198572	134944770	3	0
TCGA-VS-A9UV	12	150442	234265	3	1
TCGA-VS-A9UV	12	236378	112000032	2	2
TCGA-VS-A9UV	12	112003350	112222179	1	1
TCGA-VS-A9UV	12	112222690	133778189	2	2
TCGA-VS-A9UV	13	19026949	32953388	2	2
TCGA-VS-A9UV	13	32953529	84084847	4	0
TCGA-VS-A9UV	13	84088030	84161129	1	0
TCGA-VS-A9UV	13	84161251	115108397	4	0
TCGA-VS-A9UV	14	19002124	98112541	2	2
TCGA-VS-A9UV	14	98112826	99655844	3	2
TCGA-VS-A9UV	14	99659852	107285437	2	2
TCGA-VS-A9UV	15	20016328	102469040	2	0
TCGA-VS-A9UV	16	60777	90287535	2	2
TCGA-VS-A9UV	17	526	16654301	2	0
TCGA-VS-A9UV	17	16657331	81049726	2	2
TCGA-VS-A9UV	18	48133	32753629	2	2
TCGA-VS-A9UV	18	32753756	33005665	1	1
TCGA-VS-A9UV	18	33005861	33974567	2	0
TCGA-VS-A9UV	18	33976822	78015057	2	2
TCGA-VS-A9UV	19	90910	1302965	4	2
TCGA-VS-A9UV	19	1307728	59097854	2	2
TCGA-VS-A9UV	20	61305	26177105	2	2
TCGA-VS-A9UV	20	26177435	62956153	4	0
TCGA-VS-A9UV	21	10736871	48096957	2	2
TCGA-VS-A9UV	22	16052528	51234455	2	2
TCGA-VS-A9UV	X	168477	155233846	2	2
