sample	chr	startpos	endpos	nMajor	nMinor
TCGA-BH-A0BF	1	61735	121482979	1	0
TCGA-BH-A0BF	1	144007049	145394955	2	0
TCGA-BH-A0BF	1	145395440	249224388	3	1
TCGA-BH-A0BF	2	12784	243089456	1	1
TCGA-BH-A0BF	3	60345	1949009	1	1
TCGA-BH-A0BF	3	1949117	2568330	2	0
TCGA-BH-A0BF	3	2570483	42973191	1	1
TCGA-BH-A0BF	3	42974791	60796635	1	0
TCGA-BH-A0BF	3	60798166	61189908	2	0
TCGA-BH-A0BF	3	61190046	83112394	1	0
TCGA-BH-A0BF	3	83114414	86409748	1	1
TCGA-BH-A0BF	3	86410990	86721601	1	0
TCGA-BH-A0BF	3	86721860	89065798	1	1
TCGA-BH-A0BF	3	89066039	90432675	1	0
TCGA-BH-A0BF	3	90450481	182121573	1	1
TCGA-BH-A0BF	3	182121632	197896118	2	1
TCGA-BH-A0BF	4	12281	191027923	1	0
TCGA-BH-A0BF	5	15532	60524409	1	1
TCGA-BH-A0BF	5	60524530	180790320	1	0
TCGA-BH-A0BF	6	149661	1584009	1	1
TCGA-BH-A0BF	6	1584384	6596194	1	0
TCGA-BH-A0BF	6	6598884	57212548	1	1
TCGA-BH-A0BF	6	57215494	58308860	1	0
TCGA-BH-A0BF	6	58308955	61949118	1	1
TCGA-BH-A0BF	6	61949555	103062888	1	0
TCGA-BH-A0BF	6	103064615	105358955	1	1
TCGA-BH-A0BF	6	105359770	109878847	2	1
TCGA-BH-A0BF	6	109878908	111962716	1	1
TCGA-BH-A0BF	6	111968088	112240332	2	1
TCGA-BH-A0BF	6	112249630	119313517	1	0
TCGA-BH-A0BF	6	119313633	120021618	1	1
TCGA-BH-A0BF	6	120032085	121747965	1	0
TCGA-BH-A0BF	6	121748217	123376969	1	1
TCGA-BH-A0BF	6	123381552	124132895	1	0
TCGA-BH-A0BF	6	124133484	127065757	2	1
TCGA-BH-A0BF	6	127066224	130969173	1	1
TCGA-BH-A0BF	6	130969884	131467202	2	1
TCGA-BH-A0BF	6	131469461	132170004	3	1
TCGA-BH-A0BF	6	132170375	133725828	2	1
TCGA-BH-A0BF	6	133726276	142601646	1	1
TCGA-BH-A0BF	6	142612481	144594051	1	0
TCGA-BH-A0BF	6	144596093	144987202	1	1
TCGA-BH-A0BF	6	144988922	151840534	1	0
TCGA-BH-A0BF	6	151843396	152118175	2	0
TCGA-BH-A0BF	6	152121442	171051005	1	0
TCGA-BH-A0BF	7	43259	159127004	1	1
TCGA-BH-A0BF	8	31254	46924122	1	1
TCGA-BH-A0BF	8	46924211	48846258	2	1
TCGA-BH-A0BF	8	48846542	96325374	1	1
TCGA-BH-A0BF	8	96328038	146298155	2	1
TCGA-BH-A0BF	9	46587	21255699	1	0
TCGA-BH-A0BF	9	21258108	22501913	0	0
TCGA-BH-A0BF	9	22502699	141091394	1	0
TCGA-BH-A0BF	10	72759	135506704	1	1
TCGA-BH-A0BF	11	198572	18143637	1	0
TCGA-BH-A0BF	11	18148117	18645668	1	1
TCGA-BH-A0BF	11	18645843	18940093	1	0
TCGA-BH-A0BF	11	18940322	40294245	1	1
TCGA-BH-A0BF	11	40301193	40733875	1	0
TCGA-BH-A0BF	11	40734358	66991617	1	1
TCGA-BH-A0BF	11	66994278	70439153	2	1
TCGA-BH-A0BF	11	70439839	134944770	1	1
TCGA-BH-A0BF	12	150442	133778189	1	1
TCGA-BH-A0BF	13	19026949	21027159	0	0
TCGA-BH-A0BF	13	21032875	23254324	1	0
TCGA-BH-A0BF	13	23254798	115108397	1	1
TCGA-BH-A0BF	14	19002124	22347690	1	0
TCGA-BH-A0BF	14	22348783	22988571	0	0
TCGA-BH-A0BF	14	22993720	107285437	1	0
TCGA-BH-A0BF	15	20016328	102469040	1	1
TCGA-BH-A0BF	16	60777	35283226	1	1
TCGA-BH-A0BF	16	46463782	70911359	1	0
TCGA-BH-A0BF	16	70911759	71202489	2	0
TCGA-BH-A0BF	16	71202797	90287535	1	0
TCGA-BH-A0BF	17	526	5100434	1	1
TCGA-BH-A0BF	17	5103808	25346379	1	0
TCGA-BH-A0BF	17	25346692	28724633	1	1
TCGA-BH-A0BF	17	28726414	32656602	1	0
TCGA-BH-A0BF	17	32660149	37630414	1	1
TCGA-BH-A0BF	17	37634890	47873718	1	0
TCGA-BH-A0BF	17	47875864	81049726	2	1
TCGA-BH-A0BF	18	48133	78015057	1	1
TCGA-BH-A0BF	19	90910	1680987	1	0
TCGA-BH-A0BF	19	1681480	2080710	2	1
TCGA-BH-A0BF	19	2084160	2917588	4	1
TCGA-BH-A0BF	19	2922093	38941599	1	1
TCGA-BH-A0BF	19	38942248	41174350	2	1
TCGA-BH-A0BF	19	41174893	59097854	1	1
TCGA-BH-A0BF	20	61305	62956153	2	1
TCGA-BH-A0BF	21	10736871	15331425	1	0
TCGA-BH-A0BF	21	15331478	48096957	1	1
TCGA-BH-A0BF	22	16052528	41320372	1	0
TCGA-BH-A0BF	22	41322423	42416056	2	0
TCGA-BH-A0BF	22	42417687	51234455	1	0
TCGA-BH-A0BF	X	168477	140304906	1	0
TCGA-BH-A0BF	X	140307425	155233846	1	1
