sample	chr	startpos	endpos	nMajor	nMinor
TCGA-55-7574-b	1	61735	23679024	2	0
TCGA-55-7574-b	1	23679843	35867838	1	0
TCGA-55-7574-b	1	35870351	84586612	1	1
TCGA-55-7574-b	1	84587103	86818339	1	0
TCGA-55-7574-b	1	86827537	111303417	1	1
TCGA-55-7574-b	1	111303800	116573581	1	0
TCGA-55-7574-b	1	116575501	145792050	1	1
TCGA-55-7574-b	1	145792064	161169165	3	1
TCGA-55-7574-b	1	161170977	169242401	2	1
TCGA-55-7574-b	1	169254877	190171640	3	1
TCGA-55-7574-b	1	190175182	202942586	2	1
TCGA-55-7574-b	1	202945406	207758393	3	1
TCGA-55-7574-b	1	207758544	209325667	2	1
TCGA-55-7574-b	1	209325956	219156685	3	1
TCGA-55-7574-b	1	219157433	228122132	2	1
TCGA-55-7574-b	1	228122246	249224388	1	1
TCGA-55-7574-b	2	12784	83452307	1	0
TCGA-55-7574-b	2	83453880	243089456	1	1
TCGA-55-7574-b	3	60345	93543202	2	0
TCGA-55-7574-b	3	93547195	98149835	1	0
TCGA-55-7574-b	3	98150121	197896118	1	1
TCGA-55-7574-b	4	12281	191027923	1	0
TCGA-55-7574-b	5	15532	180790320	1	1
TCGA-55-7574-b	6	149661	13836166	1	1
TCGA-55-7574-b	6	13836344	15716520	2	1
TCGA-55-7574-b	6	15717323	17285685	1	0
TCGA-55-7574-b	6	17286071	57186659	1	1
TCGA-55-7574-b	6	57188202	70436587	2	1
TCGA-55-7574-b	6	70437152	91756461	1	0
TCGA-55-7574-b	6	91756812	94101537	2	1
TCGA-55-7574-b	6	94103860	171051005	1	0
TCGA-55-7574-b	7	43259	159127004	1	1
TCGA-55-7574-b	8	31254	109357370	1	1
TCGA-55-7574-b	8	109360155	109662140	3	2
TCGA-55-7574-b	8	109662173	111220734	2	0
TCGA-55-7574-b	8	111221755	112201259	3	2
TCGA-55-7574-b	8	112201392	116902470	2	1
TCGA-55-7574-b	8	116902508	117509150	3	2
TCGA-55-7574-b	8	117509887	124163679	2	0
TCGA-55-7574-b	8	124165810	125607276	3	2
TCGA-55-7574-b	8	125608818	140551866	2	1
TCGA-55-7574-b	8	140553021	140712093	3	3
TCGA-55-7574-b	8	140712201	146298155	2	1
TCGA-55-7574-b	9	46587	25702960	1	0
TCGA-55-7574-b	9	25703720	47217176	1	1
TCGA-55-7574-b	9	65616971	141091394	1	0
TCGA-55-7574-b	10	72759	6113231	2	1
TCGA-55-7574-b	10	6113782	30341328	1	1
TCGA-55-7574-b	10	30344353	42614436	2	1
TCGA-55-7574-b	10	42621181	50563458	1	0
TCGA-55-7574-b	10	50563511	53897211	1	1
TCGA-55-7574-b	10	53897607	135506704	1	0
TCGA-55-7574-b	11	198572	43642130	1	0
TCGA-55-7574-b	11	43642345	134944770	1	1
TCGA-55-7574-b	12	150442	22935572	1	0
TCGA-55-7574-b	12	22936237	27718760	2	0
TCGA-55-7574-b	12	27718777	133778189	1	1
TCGA-55-7574-b	13	19026949	115108397	1	0
TCGA-55-7574-b	14	19002124	107285437	1	1
TCGA-55-7574-b	15	20016328	102469040	1	0
TCGA-55-7574-b	16	60777	90287535	1	0
TCGA-55-7574-b	17	526	22050852	1	0
TCGA-55-7574-b	17	22059127	81049726	1	1
TCGA-55-7574-b	18	48133	78015057	1	0
TCGA-55-7574-b	19	90910	59097854	2	0
TCGA-55-7574-b	20	61305	5317291	2	2
TCGA-55-7574-b	20	5317473	16922065	2	1
TCGA-55-7574-b	20	16922582	20387698	2	2
TCGA-55-7574-b	20	20388898	26156226	3	1
TCGA-55-7574-b	20	26158874	32738612	1	1
TCGA-55-7574-b	20	32738686	34334102	5	1
TCGA-55-7574-b	20	34334793	34345396	0	0
TCGA-55-7574-b	20	34349008	51420085	1	0
TCGA-55-7574-b	20	51420488	51777395	5	2
TCGA-55-7574-b	20	51782262	52044232	1	0
TCGA-55-7574-b	20	52044348	52891336	4	1
TCGA-55-7574-b	20	52891702	55564692	2	0
TCGA-55-7574-b	20	55566313	55610001	5	1
TCGA-55-7574-b	20	55610535	62956153	1	0
TCGA-55-7574-b	21	10736871	48096957	1	0
TCGA-55-7574-b	22	16052528	51234455	1	0
TCGA-55-7574-b	X	168477	85820228	1	0
TCGA-55-7574-b	X	85821539	155233846	1	1
