sample	chr	startpos	endpos	nMajor	nMinor
TCGA-E9-A1R7	1	61735	4422230	2	1
TCGA-E9-A1R7	1	4423896	5156245	5	1
TCGA-E9-A1R7	1	5157178	6395735	3	1
TCGA-E9-A1R7	1	6399780	6829582	1	1
TCGA-E9-A1R7	1	6831062	8457623	2	1
TCGA-E9-A1R7	1	8460804	11030842	1	1
TCGA-E9-A1R7	1	11032340	12927107	3	1
TCGA-E9-A1R7	1	12927856	15922636	1	1
TCGA-E9-A1R7	1	15932932	18377761	1	0
TCGA-E9-A1R7	1	18377934	19501701	2	0
TCGA-E9-A1R7	1	19512513	24945655	1	0
TCGA-E9-A1R7	1	24947186	25186742	7	1
TCGA-E9-A1R7	1	25190635	32093632	1	0
TCGA-E9-A1R7	1	32094261	32677848	5	1
TCGA-E9-A1R7	1	32685326	33615608	1	0
TCGA-E9-A1R7	1	33617764	34544480	4	1
TCGA-E9-A1R7	1	34546014	38086578	1	1
TCGA-E9-A1R7	1	38087543	38850304	1	0
TCGA-E9-A1R7	1	38850997	39010848	1	1
TCGA-E9-A1R7	1	39011918	40544405	5	1
TCGA-E9-A1R7	1	40546625	41523851	3	1
TCGA-E9-A1R7	1	41523891	41903038	9	1
TCGA-E9-A1R7	1	41903307	43168141	3	1
TCGA-E9-A1R7	1	43171773	43595693	4	1
TCGA-E9-A1R7	1	43596384	44026411	3	1
TCGA-E9-A1R7	1	44029353	44535660	1	1
TCGA-E9-A1R7	1	44536221	45105192	2	1
TCGA-E9-A1R7	1	45108405	49343022	1	0
TCGA-E9-A1R7	1	49346066	54465802	2	1
TCGA-E9-A1R7	1	54470714	55107055	3	1
TCGA-E9-A1R7	1	55108978	55171524	1	1
TCGA-E9-A1R7	1	55179005	55552569	2	1
TCGA-E9-A1R7	1	55552636	56092175	1	1
TCGA-E9-A1R7	1	56101597	57155547	2	1
TCGA-E9-A1R7	1	57156916	58692353	1	1
TCGA-E9-A1R7	1	58693042	59355505	2	1
TCGA-E9-A1R7	1	59355976	59573701	5	1
TCGA-E9-A1R7	1	59577136	59757049	2	1
TCGA-E9-A1R7	1	59759283	60483060	4	1
TCGA-E9-A1R7	1	60494043	62397480	2	1
TCGA-E9-A1R7	1	62398246	62633644	4	1
TCGA-E9-A1R7	1	62635058	62668521	3	1
TCGA-E9-A1R7	1	62673817	116707337	1	0
TCGA-E9-A1R7	1	116708713	121482979	2	0
TCGA-E9-A1R7	1	144007049	153860241	2	1
TCGA-E9-A1R7	1	153862479	156800805	1	1
TCGA-E9-A1R7	1	156801241	160364720	2	1
TCGA-E9-A1R7	1	160365274	161936788	3	1
TCGA-E9-A1R7	1	161937182	164451166	2	1
TCGA-E9-A1R7	1	164452742	165318636	4	1
TCGA-E9-A1R7	1	165327000	165850476	2	1
TCGA-E9-A1R7	1	165850490	168237385	4	1
TCGA-E9-A1R7	1	168237530	168595843	2	1
TCGA-E9-A1R7	1	168595963	171765591	4	1
TCGA-E9-A1R7	1	171765932	172299248	2	1
TCGA-E9-A1R7	1	172299750	180946792	4	1
TCGA-E9-A1R7	1	180949628	181569891	1	1
TCGA-E9-A1R7	1	181574164	183877493	3	1
TCGA-E9-A1R7	1	183878511	185079330	1	1
TCGA-E9-A1R7	1	185081923	198588708	4	1
TCGA-E9-A1R7	1	198589946	210503480	4	2
TCGA-E9-A1R7	1	210503823	230870256	4	3
TCGA-E9-A1R7	1	230875707	249224388	5	2
TCGA-E9-A1R7	2	12784	177551522	1	1
TCGA-E9-A1R7	2	177551973	178000117	2	1
TCGA-E9-A1R7	2	178000177	226897648	1	1
TCGA-E9-A1R7	2	226897985	227286963	2	1
TCGA-E9-A1R7	2	227288314	243089456	1	1
TCGA-E9-A1R7	3	60345	20523326	1	1
TCGA-E9-A1R7	3	20524807	68238414	1	0
TCGA-E9-A1R7	3	68239413	69064973	2	0
TCGA-E9-A1R7	3	69066179	90253559	1	0
TCGA-E9-A1R7	3	90257834	101561209	1	1
TCGA-E9-A1R7	3	101566062	101654046	2	1
TCGA-E9-A1R7	3	101656208	103226639	2	2
TCGA-E9-A1R7	3	103229720	197896118	1	1
TCGA-E9-A1R7	4	12281	366919	1	0
TCGA-E9-A1R7	4	367927	2415998	1	1
TCGA-E9-A1R7	4	2422215	6631155	1	0
TCGA-E9-A1R7	4	6636920	7038930	1	1
TCGA-E9-A1R7	4	7039123	7258039	1	0
TCGA-E9-A1R7	4	7259426	12249694	1	1
TCGA-E9-A1R7	4	12253996	71649086	1	0
TCGA-E9-A1R7	4	71656101	181676185	1	1
TCGA-E9-A1R7	4	181676506	181831195	1	0
TCGA-E9-A1R7	4	181835860	191027923	1	1
TCGA-E9-A1R7	5	15532	32474006	2	1
TCGA-E9-A1R7	5	32474203	32691725	1	1
TCGA-E9-A1R7	5	32692238	33089978	2	1
TCGA-E9-A1R7	5	33093129	34229237	1	1
TCGA-E9-A1R7	5	34229721	37237364	2	1
TCGA-E9-A1R7	5	37245590	38570424	1	1
TCGA-E9-A1R7	5	38570830	39292091	2	1
TCGA-E9-A1R7	5	39308094	55504034	1	1
TCGA-E9-A1R7	5	55505163	56113442	1	0
TCGA-E9-A1R7	5	56113850	180790320	1	1
TCGA-E9-A1R7	6	149661	2242145	2	0
TCGA-E9-A1R7	6	2244656	3124604	3	0
TCGA-E9-A1R7	6	3125091	12692291	2	0
TCGA-E9-A1R7	6	12695385	13837044	2	1
TCGA-E9-A1R7	6	13838858	45413479	2	0
TCGA-E9-A1R7	6	45415545	45814124	2	1
TCGA-E9-A1R7	6	45818316	89417052	2	0
TCGA-E9-A1R7	6	89421269	94142943	1	0
TCGA-E9-A1R7	6	94146477	99980522	2	0
TCGA-E9-A1R7	6	99989042	101737545	2	1
TCGA-E9-A1R7	6	101743486	103433579	2	0
TCGA-E9-A1R7	6	103434475	105364517	2	1
TCGA-E9-A1R7	6	105365259	107310106	2	0
TCGA-E9-A1R7	6	107310131	107861550	2	1
TCGA-E9-A1R7	6	107863078	135514634	2	0
TCGA-E9-A1R7	6	135514772	135888160	4	0
TCGA-E9-A1R7	6	135889805	140622952	2	0
TCGA-E9-A1R7	6	140626381	141782997	2	1
TCGA-E9-A1R7	6	141785983	144058047	2	0
TCGA-E9-A1R7	6	144062765	144832834	2	1
TCGA-E9-A1R7	6	144839084	145671683	2	0
TCGA-E9-A1R7	6	145672438	146196966	2	1
TCGA-E9-A1R7	6	146202130	147759089	3	2
TCGA-E9-A1R7	6	147759534	148237769	2	1
TCGA-E9-A1R7	6	148242514	150369345	3	2
TCGA-E9-A1R7	6	150371697	152464839	4	2
TCGA-E9-A1R7	6	152466422	153797625	2	2
TCGA-E9-A1R7	6	153800587	154781712	2	1
TCGA-E9-A1R7	6	154788427	158086195	2	0
TCGA-E9-A1R7	6	158086912	171051005	2	1
TCGA-E9-A1R7	7	43259	61987294	2	1
TCGA-E9-A1R7	7	61987323	159127004	1	1
TCGA-E9-A1R7	8	31254	38399843	1	0
TCGA-E9-A1R7	8	38402151	38703105	1	1
TCGA-E9-A1R7	8	38705986	39150368	3	1
TCGA-E9-A1R7	8	39153127	39494275	1	0
TCGA-E9-A1R7	8	39494502	40419666	2	1
TCGA-E9-A1R7	8	40420851	46847534	1	0
TCGA-E9-A1R7	8	46863535	146298155	2	1
TCGA-E9-A1R7	9	46587	47217176	1	0
TCGA-E9-A1R7	9	65616971	141091394	2	0
TCGA-E9-A1R7	10	72759	60896209	1	1
TCGA-E9-A1R7	10	60896265	62324528	2	1
TCGA-E9-A1R7	10	62324528	62590770	3	1
TCGA-E9-A1R7	10	62591474	66844250	2	1
TCGA-E9-A1R7	10	66844316	70539598	1	0
TCGA-E9-A1R7	10	70539613	72633967	1	1
TCGA-E9-A1R7	10	72639085	74725547	5	1
TCGA-E9-A1R7	10	74727971	74727971	2	0
TCGA-E9-A1R7	10	74733491	74875887	3	2
TCGA-E9-A1R7	10	74878444	76616809	2	1
TCGA-E9-A1R7	10	76617479	77627871	1	1
TCGA-E9-A1R7	10	77631757	78538952	2	1
TCGA-E9-A1R7	10	78539446	103111487	1	0
TCGA-E9-A1R7	10	103122817	105381169	1	1
TCGA-E9-A1R7	10	105384026	105562717	2	1
TCGA-E9-A1R7	10	105563093	135506704	1	0
TCGA-E9-A1R7	11	198572	32681529	1	1
TCGA-E9-A1R7	11	32681698	33577843	1	0
TCGA-E9-A1R7	11	33578510	42226006	1	1
TCGA-E9-A1R7	11	42232976	42677438	1	0
TCGA-E9-A1R7	11	42681254	51195051	1	1
TCGA-E9-A1R7	11	51205141	56605904	1	0
TCGA-E9-A1R7	11	56607682	57390263	1	1
TCGA-E9-A1R7	11	57398760	65204966	1	0
TCGA-E9-A1R7	11	65206017	75668198	1	1
TCGA-E9-A1R7	11	75668560	76259308	1	0
TCGA-E9-A1R7	11	76262916	80417062	1	1
TCGA-E9-A1R7	11	80418965	81281843	1	0
TCGA-E9-A1R7	11	81284762	82898401	1	1
TCGA-E9-A1R7	11	82903720	85023329	1	0
TCGA-E9-A1R7	11	85029032	86047568	1	1
TCGA-E9-A1R7	11	86049681	134944770	1	0
TCGA-E9-A1R7	12	150442	133778189	1	1
TCGA-E9-A1R7	13	19026949	115108397	1	1
TCGA-E9-A1R7	14	19002124	22427926	1	1
TCGA-E9-A1R7	14	22428364	22970256	2	1
TCGA-E9-A1R7	14	22970327	45521458	1	1
TCGA-E9-A1R7	14	45521583	50170838	2	1
TCGA-E9-A1R7	14	50172906	52017710	1	1
TCGA-E9-A1R7	14	52022998	52204208	2	1
TCGA-E9-A1R7	14	52208017	52744905	1	1
TCGA-E9-A1R7	14	52749388	54181206	2	1
TCGA-E9-A1R7	14	54186083	54772433	4	1
TCGA-E9-A1R7	14	54772629	62333104	1	1
TCGA-E9-A1R7	14	62333535	72824731	1	0
TCGA-E9-A1R7	14	72826167	72919636	1	1
TCGA-E9-A1R7	14	72920607	100516280	1	0
TCGA-E9-A1R7	14	100518502	101280405	1	1
TCGA-E9-A1R7	14	101280661	101464984	1	0
TCGA-E9-A1R7	14	101466974	101846745	2	1
TCGA-E9-A1R7	14	101850676	104895512	1	0
TCGA-E9-A1R7	14	104905987	105573688	3	1
TCGA-E9-A1R7	14	105576162	106567100	1	1
TCGA-E9-A1R7	14	106569463	107285437	1	0
TCGA-E9-A1R7	15	20016328	102469040	1	1
TCGA-E9-A1R7	16	60777	35283226	2	1
TCGA-E9-A1R7	16	46463782	89270661	1	0
TCGA-E9-A1R7	16	89270729	90287535	1	1
TCGA-E9-A1R7	17	526	25271294	1	0
TCGA-E9-A1R7	17	25274376	25911632	1	1
TCGA-E9-A1R7	17	25914310	81049726	2	1
TCGA-E9-A1R7	18	48133	75302218	1	1
TCGA-E9-A1R7	18	75302838	75502468	1	0
TCGA-E9-A1R7	18	75503089	75902735	2	1
TCGA-E9-A1R7	18	75903639	78015057	1	1
TCGA-E9-A1R7	19	90910	1283188	2	0
TCGA-E9-A1R7	19	1302965	9646862	2	1
TCGA-E9-A1R7	19	9649078	11498214	1	1
TCGA-E9-A1R7	19	11499322	13005509	2	1
TCGA-E9-A1R7	19	13007458	15339104	1	1
TCGA-E9-A1R7	19	15349245	20846124	2	1
TCGA-E9-A1R7	19	20846413	24596750	1	1
TCGA-E9-A1R7	19	27747993	59097854	1	0
TCGA-E9-A1R7	20	61305	760288	1	0
TCGA-E9-A1R7	20	760863	51602488	1	1
TCGA-E9-A1R7	20	51606195	53551865	12	0
TCGA-E9-A1R7	20	53552657	53559193	6	5
TCGA-E9-A1R7	20	53568009	54054665	1	1
TCGA-E9-A1R7	20	54054720	54120292	7	4
TCGA-E9-A1R7	20	54121309	57925883	1	1
TCGA-E9-A1R7	20	57928666	58392203	10	0
TCGA-E9-A1R7	20	58393002	59024236	7	1
TCGA-E9-A1R7	20	59025064	59548764	3	1
TCGA-E9-A1R7	20	59549120	60582837	1	1
TCGA-E9-A1R7	20	60584072	61275147	2	1
TCGA-E9-A1R7	20	61276391	62642057	1	1
TCGA-E9-A1R7	20	62646093	62956153	3	1
TCGA-E9-A1R7	21	10736871	48096957	2	1
TCGA-E9-A1R7	22	16052528	30885690	1	1
TCGA-E9-A1R7	22	30885980	36621724	1	0
TCGA-E9-A1R7	22	36622822	43626035	1	1
TCGA-E9-A1R7	22	43629495	43841236	2	1
TCGA-E9-A1R7	22	43841772	44231659	1	1
TCGA-E9-A1R7	22	44234866	44655790	1	0
TCGA-E9-A1R7	22	44656211	51234455	1	1
TCGA-E9-A1R7	X	168477	155233846	1	0
