sample	chr	startpos	endpos	nMajor	nMinor
TCGA-FS-A1ZM	1	61735	6061781	3	1
TCGA-FS-A1ZM	1	6067640	10345772	2	2
TCGA-FS-A1ZM	1	10345808	241183190	3	1
TCGA-FS-A1ZM	1	241183222	245383593	4	0
TCGA-FS-A1ZM	1	245385178	249224388	3	1
TCGA-FS-A1ZM	2	12784	37896109	6	3
TCGA-FS-A1ZM	2	37901167	236548218	3	2
TCGA-FS-A1ZM	2	236548804	243089456	2	0
TCGA-FS-A1ZM	3	60345	137232634	1	1
TCGA-FS-A1ZM	3	137235880	138973488	3	1
TCGA-FS-A1ZM	3	138974802	175727287	1	1
TCGA-FS-A1ZM	3	175732813	175936930	7	1
TCGA-FS-A1ZM	3	175946118	184349097	0	0
TCGA-FS-A1ZM	3	184349600	186710637	1	1
TCGA-FS-A1ZM	3	186710690	192984335	2	1
TCGA-FS-A1ZM	3	192986527	197896118	1	1
TCGA-FS-A1ZM	4	12281	9915741	6	3
TCGA-FS-A1ZM	4	9915850	38740887	7	3
TCGA-FS-A1ZM	4	38740948	101628239	6	3
TCGA-FS-A1ZM	4	101632525	106968470	3	2
TCGA-FS-A1ZM	4	106968519	107544501	3	0
TCGA-FS-A1ZM	4	107545146	191027923	3	2
TCGA-FS-A1ZM	5	15532	3433447	3	0
TCGA-FS-A1ZM	5	3433906	51820344	2	0
TCGA-FS-A1ZM	5	51820379	53707138	3	0
TCGA-FS-A1ZM	5	53707175	58902233	9	0
TCGA-FS-A1ZM	5	58902356	66498483	3	0
TCGA-FS-A1ZM	5	66498714	133020455	2	0
TCGA-FS-A1ZM	5	133020778	140684257	3	0
TCGA-FS-A1ZM	5	140684778	142887489	2	0
TCGA-FS-A1ZM	5	142893389	149444147	3	0
TCGA-FS-A1ZM	5	149445595	180790320	2	0
TCGA-FS-A1ZM	6	149661	1580403	13	1
TCGA-FS-A1ZM	6	1580604	2023681	5	1
TCGA-FS-A1ZM	6	2025338	2883549	3	1
TCGA-FS-A1ZM	6	2883921	20347670	4	1
TCGA-FS-A1ZM	6	20347735	23690142	3	1
TCGA-FS-A1ZM	6	23692576	24348101	6	1
TCGA-FS-A1ZM	6	24348117	27732976	2	1
TCGA-FS-A1ZM	6	27733065	34234639	5	1
TCGA-FS-A1ZM	6	34236368	36805753	5	0
TCGA-FS-A1ZM	6	36805885	38148584	26	0
TCGA-FS-A1ZM	6	38151855	73414983	3	0
TCGA-FS-A1ZM	6	73416190	73512655	7	0
TCGA-FS-A1ZM	6	73513243	73877489	7	1
TCGA-FS-A1ZM	6	73877796	73908793	8	0
TCGA-FS-A1ZM	6	73913780	74191545	7	0
TCGA-FS-A1ZM	6	74191685	81021359	4	0
TCGA-FS-A1ZM	6	81025279	81516036	7	0
TCGA-FS-A1ZM	6	81516540	81600354	35	0
TCGA-FS-A1ZM	6	81602274	82243321	6	0
TCGA-FS-A1ZM	6	82248143	171051005	1	0
TCGA-FS-A1ZM	7	43259	159127004	6	2
TCGA-FS-A1ZM	8	31254	146298155	3	2
TCGA-FS-A1ZM	9	46587	21056233	1	0
TCGA-FS-A1ZM	9	21057062	22333688	0	0
TCGA-FS-A1ZM	9	22333956	22852082	6	0
TCGA-FS-A1ZM	9	22855915	141091394	1	0
TCGA-FS-A1ZM	10	72759	135506704	1	0
TCGA-FS-A1ZM	11	198572	134944770	2	1
TCGA-FS-A1ZM	12	150442	40300708	13	2
TCGA-FS-A1ZM	12	40301243	49727693	1	0
TCGA-FS-A1ZM	12	49729460	59152365	3	3
TCGA-FS-A1ZM	12	59155419	62075342	6	2
TCGA-FS-A1ZM	12	62077779	64401840	3	2
TCGA-FS-A1ZM	12	64404802	66404624	29	1
TCGA-FS-A1ZM	12	66409132	67372406	3	2
TCGA-FS-A1ZM	12	67375017	68168053	28	2
TCGA-FS-A1ZM	12	68168330	68930113	3	2
TCGA-FS-A1ZM	12	68931172	73359722	6	2
TCGA-FS-A1ZM	12	73362201	74117911	3	3
TCGA-FS-A1ZM	12	74120888	74462112	25	7
TCGA-FS-A1ZM	12	74462402	133778189	2	0
TCGA-FS-A1ZM	13	19026949	38877636	2	1
TCGA-FS-A1ZM	13	38877678	46765699	3	0
TCGA-FS-A1ZM	13	46770379	52417538	2	1
TCGA-FS-A1ZM	13	52418266	59844496	3	1
TCGA-FS-A1ZM	13	59844906	67322759	2	1
TCGA-FS-A1ZM	13	67322947	73348929	3	1
TCGA-FS-A1ZM	13	73359692	82389775	2	1
TCGA-FS-A1ZM	13	82390255	95185530	3	1
TCGA-FS-A1ZM	13	95186091	99544973	2	1
TCGA-FS-A1ZM	13	99545790	99877136	3	2
TCGA-FS-A1ZM	13	99877471	115108397	2	1
TCGA-FS-A1ZM	14	19002124	107285437	1	1
TCGA-FS-A1ZM	15	20016328	102469040	1	0
TCGA-FS-A1ZM	16	60777	90287535	2	2
TCGA-FS-A1ZM	17	526	81049726	3	2
TCGA-FS-A1ZM	18	48133	78015057	1	1
TCGA-FS-A1ZM	19	90910	51480351	4	1
TCGA-FS-A1ZM	19	51480511	55569318	5	1
TCGA-FS-A1ZM	19	55569597	59097854	4	1
TCGA-FS-A1ZM	20	61305	62956153	3	3
TCGA-FS-A1ZM	21	10736871	48096957	2	1
TCGA-FS-A1ZM	22	16052528	51234455	3	3
TCGA-FS-A1ZM	X	168477	2694240	1	0
TCGA-FS-A1ZM	X	2703391	154884088	2	0
TCGA-FS-A1ZM	X	154895152	155233846	1	0
