sample	chr	startpos	endpos	nMajor	nMinor
TCGA-IQ-A61I	1	61735	161170977	1	1
TCGA-IQ-A61I	1	161172525	249224388	2	1
TCGA-IQ-A61I	2	12784	108713499	1	1
TCGA-IQ-A61I	2	108713759	109080138	1	0
TCGA-IQ-A61I	2	109088951	243089456	1	1
TCGA-IQ-A61I	3	60345	86955239	1	0
TCGA-IQ-A61I	3	86958845	197896118	1	1
TCGA-IQ-A61I	4	12281	191027923	1	1
TCGA-IQ-A61I	5	15532	135537305	1	1
TCGA-IQ-A61I	5	135537777	180790320	2	1
TCGA-IQ-A61I	6	149661	31317697	1	0
TCGA-IQ-A61I	6	31318164	31402432	0	0
TCGA-IQ-A61I	6	31402997	171051005	1	0
TCGA-IQ-A61I	7	43259	159127004	1	1
TCGA-IQ-A61I	8	31254	37392861	1	0
TCGA-IQ-A61I	8	37394958	146298155	1	1
TCGA-IQ-A61I	9	46587	137643459	1	1
TCGA-IQ-A61I	9	137644052	139784927	2	1
TCGA-IQ-A61I	9	139785471	141091394	1	1
TCGA-IQ-A61I	10	72759	135506704	1	1
TCGA-IQ-A61I	11	198572	134944770	1	1
TCGA-IQ-A61I	12	150442	133778189	1	1
TCGA-IQ-A61I	13	19026949	30046928	1	1
TCGA-IQ-A61I	13	30047005	72930611	1	0
TCGA-IQ-A61I	13	72931052	73069788	2	0
TCGA-IQ-A61I	13	73074489	103991614	1	0
TCGA-IQ-A61I	13	103995390	115108397	1	1
TCGA-IQ-A61I	14	19002124	107285437	1	1
TCGA-IQ-A61I	15	20016328	102469040	1	1
TCGA-IQ-A61I	16	60777	35283226	1	1
TCGA-IQ-A61I	16	46463782	90287535	1	0
TCGA-IQ-A61I	17	526	81049726	1	1
TCGA-IQ-A61I	18	48133	78015057	1	1
TCGA-IQ-A61I	19	90910	4605989	1	0
TCGA-IQ-A61I	19	4612988	6382912	4	1
TCGA-IQ-A61I	19	6392006	59097854	1	1
TCGA-IQ-A61I	20	61305	62956153	2	1
TCGA-IQ-A61I	21	10736871	48096957	1	1
TCGA-IQ-A61I	22	16052528	51234455	1	1
TCGA-IQ-A61I	X	168477	155233846	2	0
