sample	chr	startpos	endpos	nMajor	nMinor
TCGA-21-5783	1	61735	4558013	3	0
TCGA-21-5783	1	4558792	4739425	1	0
TCGA-21-5783	1	4741999	72360082	3	0
TCGA-21-5783	1	72367952	72385590	1	0
TCGA-21-5783	1	72394441	72866729	0	0
TCGA-21-5783	1	72868475	72925356	1	0
TCGA-21-5783	1	72925906	100528797	3	0
TCGA-21-5783	1	100542985	101217754	6	0
TCGA-21-5783	1	101218627	249224388	3	0
TCGA-21-5783	2	12784	23025028	4	3
TCGA-21-5783	2	23025141	34892832	4	1
TCGA-21-5783	2	34892889	36895344	4	2
TCGA-21-5783	2	36895652	72390604	4	1
TCGA-21-5783	2	72396675	91882894	2	1
TCGA-21-5783	2	91890841	106805952	3	2
TCGA-21-5783	2	106806195	115096799	2	2
TCGA-21-5783	2	115099082	123326079	2	1
TCGA-21-5783	2	123326143	124497355	2	2
TCGA-21-5783	2	124497750	133573309	2	1
TCGA-21-5783	2	133573355	133708257	1	1
TCGA-21-5783	2	133709603	141306215	2	1
TCGA-21-5783	2	141306598	142569836	1	0
TCGA-21-5783	2	142570663	243089456	2	1
TCGA-21-5783	3	60345	4340375	2	0
TCGA-21-5783	3	4342353	4609964	1	0
TCGA-21-5783	3	4612769	60162456	2	0
TCGA-21-5783	3	60167379	60629765	1	0
TCGA-21-5783	3	60636061	86795461	2	0
TCGA-21-5783	3	86800044	87497867	2	2
TCGA-21-5783	3	87497932	90502862	2	0
TCGA-21-5783	3	93519478	197896118	2	2
TCGA-21-5783	4	12281	18264644	2	1
TCGA-21-5783	4	18264821	18758826	1	1
TCGA-21-5783	4	18762579	167369019	2	1
TCGA-21-5783	4	167379792	167865980	1	1
TCGA-21-5783	4	167867698	191027923	2	1
TCGA-21-5783	5	15532	24235870	10	3
TCGA-21-5783	5	24247673	26267717	11	2
TCGA-21-5783	5	26269078	49432831	10	3
TCGA-21-5783	5	49441958	166864323	3	0
TCGA-21-5783	5	166864673	166983118	1	0
TCGA-21-5783	5	166984125	167704316	3	0
TCGA-21-5783	5	167708766	167846714	6	0
TCGA-21-5783	5	167846877	180790320	3	0
TCGA-21-5783	6	149661	9856666	2	0
TCGA-21-5783	6	9857095	11017481	8	2
TCGA-21-5783	6	11018812	19051601	4	2
TCGA-21-5783	6	19051814	20374128	5	2
TCGA-21-5783	6	20376541	29732969	3	2
TCGA-21-5783	6	29733223	30980747	2	1
TCGA-21-5783	6	30986527	31731014	2	2
TCGA-21-5783	6	31736835	62698694	2	1
TCGA-21-5783	6	62701625	62979314	2	0
TCGA-21-5783	6	62979490	65347544	2	1
TCGA-21-5783	6	65348992	65637533	1	1
TCGA-21-5783	6	65640659	162689005	2	1
TCGA-21-5783	6	162690634	163820968	1	1
TCGA-21-5783	6	163826601	171051005	2	1
TCGA-21-5783	7	43259	1828038	2	2
TCGA-21-5783	7	1829835	44610061	3	2
TCGA-21-5783	7	44610490	146171020	2	2
TCGA-21-5783	7	146171271	146652599	2	1
TCGA-21-5783	7	146652932	159127004	2	2
TCGA-21-5783	8	31254	3101584	1	0
TCGA-21-5783	8	3102385	3231437	0	0
TCGA-21-5783	8	3232603	3344680	1	0
TCGA-21-5783	8	3344706	3655396	0	0
TCGA-21-5783	8	3655839	3975865	1	0
TCGA-21-5783	8	3976837	4432959	0	0
TCGA-21-5783	8	4433300	30518812	1	0
TCGA-21-5783	8	30522276	36158985	3	0
TCGA-21-5783	8	36159390	36999745	9	0
TCGA-21-5783	8	37000735	42345620	6	0
TCGA-21-5783	8	42346145	42970964	2	0
TCGA-21-5783	8	42973338	43396560	3	1
TCGA-21-5783	8	43407874	53365337	4	2
TCGA-21-5783	8	53365362	55098686	5	1
TCGA-21-5783	8	55101623	62018467	4	2
TCGA-21-5783	8	62018467	72806639	4	1
TCGA-21-5783	8	72807163	104252101	4	4
TCGA-21-5783	8	104252747	104377808	4	1
TCGA-21-5783	8	104384780	119097794	4	4
TCGA-21-5783	8	119100285	119379240	3	0
TCGA-21-5783	8	119379554	119531837	4	0
TCGA-21-5783	8	119533817	126499878	5	4
TCGA-21-5783	8	126500350	128012021	5	2
TCGA-21-5783	8	128013461	133757516	4	3
TCGA-21-5783	8	133758214	133776163	3	1
TCGA-21-5783	8	133776694	133920518	3	0
TCGA-21-5783	8	133921827	146298155	4	4
TCGA-21-5783	9	46587	6432676	2	0
TCGA-21-5783	9	6437032	6569771	1	0
TCGA-21-5783	9	6575976	8816665	2	0
TCGA-21-5783	9	8822267	9924918	1	0
TCGA-21-5783	9	9937577	12322504	2	0
TCGA-21-5783	9	12323282	12565520	1	0
TCGA-21-5783	9	12566059	47217176	2	0
TCGA-21-5783	9	65616971	80349469	3	0
TCGA-21-5783	9	80351837	80833063	2	0
TCGA-21-5783	9	80833589	141091394	3	0
TCGA-21-5783	10	72759	39076221	3	1
TCGA-21-5783	10	42433540	55896141	1	1
TCGA-21-5783	10	55899785	57642282	1	0
TCGA-21-5783	10	57651734	65019835	1	1
TCGA-21-5783	10	65022317	65718679	1	0
TCGA-21-5783	10	65718968	135506704	1	1
TCGA-21-5783	11	198572	51096372	4	0
TCGA-21-5783	11	51126742	79538809	2	0
TCGA-21-5783	11	79539486	79858863	1	0
TCGA-21-5783	11	79863593	80743018	0	0
TCGA-21-5783	11	80743059	80922755	2	0
TCGA-21-5783	11	80922877	82046877	1	0
TCGA-21-5783	11	82053537	134944770	2	0
TCGA-21-5783	12	150442	16130165	2	1
TCGA-21-5783	12	16134800	17256500	1	1
TCGA-21-5783	12	17263478	62660483	2	1
TCGA-21-5783	12	62663022	63212116	1	1
TCGA-21-5783	12	63212175	99038024	2	1
TCGA-21-5783	12	99043439	99423242	1	0
TCGA-21-5783	12	99423454	133778189	2	1
TCGA-21-5783	13	19026949	68513372	2	0
TCGA-21-5783	13	68514235	85176688	1	0
TCGA-21-5783	13	85179945	115108397	2	1
TCGA-21-5783	14	19002124	42134430	2	1
TCGA-21-5783	14	42135864	42289866	2	0
TCGA-21-5783	14	42293782	43205350	1	1
TCGA-21-5783	14	43205382	45696956	1	0
TCGA-21-5783	14	45707041	47628863	1	1
TCGA-21-5783	14	47629658	102517517	2	1
TCGA-21-5783	14	102518869	107285437	2	2
TCGA-21-5783	15	20016328	102469040	2	1
TCGA-21-5783	16	60777	35283226	2	1
TCGA-21-5783	16	46463782	73022574	2	2
TCGA-21-5783	16	73023587	73338696	2	1
TCGA-21-5783	16	73339316	89961970	2	2
TCGA-21-5783	16	89962929	90287535	3	1
TCGA-21-5783	17	526	21499619	2	0
TCGA-21-5783	17	21504729	32550430	2	1
TCGA-21-5783	17	32552886	35470651	1	1
TCGA-21-5783	17	35471408	45743147	2	1
TCGA-21-5783	17	45745958	53524683	3	1
TCGA-21-5783	17	53533743	81049726	2	1
TCGA-21-5783	18	48133	11996337	2	0
TCGA-21-5783	18	11997197	13816178	3	2
TCGA-21-5783	18	13820457	15402408	2	0
TCGA-21-5783	18	18529353	27652349	3	2
TCGA-21-5783	18	27656199	37137303	2	0
TCGA-21-5783	18	37139289	37349442	1	0
TCGA-21-5783	18	37354384	49398746	2	0
TCGA-21-5783	18	49402045	69662195	3	2
TCGA-21-5783	18	69662581	77740660	4	2
TCGA-21-5783	18	77745125	78015057	3	2
TCGA-21-5783	19	90910	24582577	2	0
TCGA-21-5783	19	24583312	56712308	2	1
TCGA-21-5783	19	56712994	58583058	2	2
TCGA-21-5783	19	58588273	59097854	2	0
TCGA-21-5783	20	61305	36033089	2	2
TCGA-21-5783	20	36037211	62956153	2	1
TCGA-21-5783	21	10736871	35354212	2	1
TCGA-21-5783	21	35354247	44867547	1	0
TCGA-21-5783	21	44872684	48096957	2	1
TCGA-21-5783	22	16052528	24615426	4	0
TCGA-21-5783	22	24618331	51234455	2	0
TCGA-21-5783	X	168477	29167409	2	0
TCGA-21-5783	X	29167809	29288403	1	0
TCGA-21-5783	X	29289113	90811700	2	0
TCGA-21-5783	X	90812718	91281476	1	0
TCGA-21-5783	X	91292928	123589326	2	0
TCGA-21-5783	X	123589382	123883683	1	0
TCGA-21-5783	X	123883980	155233846	2	0
