sample	chr	startpos	endpos	nMajor	nMinor
TCGA-2G-AAHN	1	61735	121482979	2	1
TCGA-2G-AAHN	1	144007049	237059198	3	1
TCGA-2G-AAHN	1	237059387	241405174	3	2
TCGA-2G-AAHN	1	241406435	249224388	4	1
TCGA-2G-AAHN	2	12784	76013470	2	1
TCGA-2G-AAHN	2	76017602	84509202	2	2
TCGA-2G-AAHN	2	84511022	96791272	2	1
TCGA-2G-AAHN	2	96792636	243089456	3	1
TCGA-2G-AAHN	3	60345	8524289	2	1
TCGA-2G-AAHN	3	8524569	89494970	1	1
TCGA-2G-AAHN	3	89496182	197896118	2	1
TCGA-2G-AAHN	4	12281	148594606	3	0
TCGA-2G-AAHN	4	148595091	191027923	5	0
TCGA-2G-AAHN	5	15532	180790320	2	0
TCGA-2G-AAHN	6	149661	57193366	2	2
TCGA-2G-AAHN	6	57194118	171051005	2	1
TCGA-2G-AAHN	7	43259	159127004	3	2
TCGA-2G-AAHN	8	31254	1937998	2	2
TCGA-2G-AAHN	8	1938034	98900614	3	2
TCGA-2G-AAHN	8	98900888	146298155	3	1
TCGA-2G-AAHN	9	46587	6620038	2	1
TCGA-2G-AAHN	9	6620059	24266021	2	2
TCGA-2G-AAHN	9	24269322	27287004	3	2
TCGA-2G-AAHN	9	27290237	141091394	2	1
TCGA-2G-AAHN	10	72759	135506704	2	1
TCGA-2G-AAHN	11	198572	134944770	1	1
TCGA-2G-AAHN	12	150442	71940356	3	2
TCGA-2G-AAHN	12	71940476	133778189	2	1
TCGA-2G-AAHN	13	19026949	115108397	1	1
TCGA-2G-AAHN	14	19002124	22550300	2	1
TCGA-2G-AAHN	14	22553002	22978516	1	0
TCGA-2G-AAHN	14	22978577	107285437	2	1
TCGA-2G-AAHN	15	20016328	56291249	3	2
TCGA-2G-AAHN	15	56291272	102469040	2	2
TCGA-2G-AAHN	16	60777	5646205	2	1
TCGA-2G-AAHN	16	5646285	8492815	2	2
TCGA-2G-AAHN	16	8493818	90287535	2	1
TCGA-2G-AAHN	17	526	81049726	2	1
TCGA-2G-AAHN	18	48133	11602805	1	1
TCGA-2G-AAHN	18	11604291	78015057	2	1
TCGA-2G-AAHN	19	90910	59097854	2	1
TCGA-2G-AAHN	20	61305	31013487	3	2
TCGA-2G-AAHN	20	31013976	62956153	2	1
TCGA-2G-AAHN	21	10736871	33799664	3	3
TCGA-2G-AAHN	21	33800251	48096957	3	2
TCGA-2G-AAHN	22	16052528	51234455	3	1
TCGA-2G-AAHN	X	168477	313595	2	1
TCGA-2G-AAHN	X	320203	480645	3	1
TCGA-2G-AAHN	X	480935	668279	2	1
TCGA-2G-AAHN	X	668583	1660295	3	1
TCGA-2G-AAHN	X	1664766	2001644	2	1
TCGA-2G-AAHN	X	2010940	2628416	3	1
TCGA-2G-AAHN	X	2632482	2653552	2	1
TCGA-2G-AAHN	X	2653913	2688542	3	0
TCGA-2G-AAHN	X	2688959	2703391	2	0
TCGA-2G-AAHN	X	2703633	2714471	3	0
TCGA-2G-AAHN	X	2714756	2777355	2	0
TCGA-2G-AAHN	X	2777846	3374269	3	0
TCGA-2G-AAHN	X	3374611	4128657	2	0
TCGA-2G-AAHN	X	4128803	4179728	3	0
TCGA-2G-AAHN	X	4182056	4247996	2	0
TCGA-2G-AAHN	X	4251256	9835292	3	0
TCGA-2G-AAHN	X	9835862	9873664	2	0
TCGA-2G-AAHN	X	9875856	9942820	3	0
TCGA-2G-AAHN	X	9945639	10051673	2	0
TCGA-2G-AAHN	X	10051720	10135365	3	0
TCGA-2G-AAHN	X	10136124	10164535	2	0
TCGA-2G-AAHN	X	10164727	10217107	3	0
TCGA-2G-AAHN	X	10217124	10239819	2	0
TCGA-2G-AAHN	X	10239836	10573991	3	0
TCGA-2G-AAHN	X	10575984	10832574	2	0
TCGA-2G-AAHN	X	10833473	11201162	3	0
TCGA-2G-AAHN	X	11202024	11470714	2	0
TCGA-2G-AAHN	X	11473855	11973905	3	0
TCGA-2G-AAHN	X	11975722	12025340	2	0
TCGA-2G-AAHN	X	12028276	12119813	3	0
TCGA-2G-AAHN	X	12120012	12147653	2	0
TCGA-2G-AAHN	X	12148013	12311744	3	0
TCGA-2G-AAHN	X	12311970	12328028	2	0
TCGA-2G-AAHN	X	12328691	12371169	3	0
TCGA-2G-AAHN	X	12373270	12467121	2	0
TCGA-2G-AAHN	X	12468577	12564950	3	0
TCGA-2G-AAHN	X	12565495	12592588	2	0
TCGA-2G-AAHN	X	12595868	12885769	3	0
TCGA-2G-AAHN	X	12887416	12934294	2	0
TCGA-2G-AAHN	X	12934323	12986223	3	0
TCGA-2G-AAHN	X	12986773	13085396	2	0
TCGA-2G-AAHN	X	13086883	13207084	3	0
TCGA-2G-AAHN	X	13207280	13381493	2	0
TCGA-2G-AAHN	X	13382660	13538863	3	0
TCGA-2G-AAHN	X	13539177	13624641	2	0
TCGA-2G-AAHN	X	13626599	13711701	3	0
TCGA-2G-AAHN	X	13714062	13897389	2	0
TCGA-2G-AAHN	X	13898265	14309214	3	0
TCGA-2G-AAHN	X	14309631	14359572	2	0
TCGA-2G-AAHN	X	14360939	14557663	3	0
TCGA-2G-AAHN	X	14561276	14611369	2	0
TCGA-2G-AAHN	X	14611633	15238053	3	0
TCGA-2G-AAHN	X	15238175	15252698	2	0
TCGA-2G-AAHN	X	15253863	15412163	3	0
TCGA-2G-AAHN	X	15413564	15436753	2	0
TCGA-2G-AAHN	X	15436944	15602342	3	0
TCGA-2G-AAHN	X	15608952	16061628	2	0
TCGA-2G-AAHN	X	16071445	16148403	3	0
TCGA-2G-AAHN	X	16148786	16231417	2	0
TCGA-2G-AAHN	X	16231513	16360043	3	0
TCGA-2G-AAHN	X	16362694	16611978	2	0
TCGA-2G-AAHN	X	16612062	16729150	3	0
TCGA-2G-AAHN	X	16729479	17203171	2	0
TCGA-2G-AAHN	X	17203239	17306946	3	0
TCGA-2G-AAHN	X	17307370	17431194	2	0
TCGA-2G-AAHN	X	17431747	17572828	3	0
TCGA-2G-AAHN	X	17573239	17718273	2	0
TCGA-2G-AAHN	X	17718627	17822524	3	0
TCGA-2G-AAHN	X	17822771	18029628	2	0
TCGA-2G-AAHN	X	18030355	18186629	3	0
TCGA-2G-AAHN	X	18193780	18278312	2	0
TCGA-2G-AAHN	X	18279772	106999565	3	0
TCGA-2G-AAHN	X	107004851	121373260	1	0
TCGA-2G-AAHN	X	121373384	121948186	2	0
TCGA-2G-AAHN	X	121948521	143906482	3	0
TCGA-2G-AAHN	X	143906891	144086706	2	0
TCGA-2G-AAHN	X	144087811	152064399	3	0
TCGA-2G-AAHN	X	152068945	152173625	2	0
TCGA-2G-AAHN	X	152174069	155233846	3	0
