sample	chr	startpos	endpos	nMajor	nMinor
TCGA-BH-A18J	1	61735	5866820	1	0
TCGA-BH-A18J	1	5871451	7400569	1	1
TCGA-BH-A18J	1	7402480	7923586	1	0
TCGA-BH-A18J	1	7926542	8869823	1	1
TCGA-BH-A18J	1	8870876	10246654	1	0
TCGA-BH-A18J	1	10249962	10801777	4	1
TCGA-BH-A18J	1	10806866	13506877	1	1
TCGA-BH-A18J	1	13538311	15583636	4	1
TCGA-BH-A18J	1	15585054	19843683	1	0
TCGA-BH-A18J	1	19851031	20943195	2	1
TCGA-BH-A18J	1	20943281	22839840	4	1
TCGA-BH-A18J	1	22843428	25593128	1	0
TCGA-BH-A18J	1	25595881	30460570	1	1
TCGA-BH-A18J	1	30461361	32026418	1	0
TCGA-BH-A18J	1	32031284	32455283	2	1
TCGA-BH-A18J	1	32456015	36733000	1	0
TCGA-BH-A18J	1	36735601	37539971	2	1
TCGA-BH-A18J	1	37540176	39240298	1	1
TCGA-BH-A18J	1	39240865	40381453	3	1
TCGA-BH-A18J	1	40382039	40790678	6	1
TCGA-BH-A18J	1	40792578	42026023	2	1
TCGA-BH-A18J	1	42026152	42192360	4	1
TCGA-BH-A18J	1	42193290	43618726	7	1
TCGA-BH-A18J	1	43618923	43635718	5	0
TCGA-BH-A18J	1	43636128	43903884	2	0
TCGA-BH-A18J	1	43909265	44140075	5	1
TCGA-BH-A18J	1	44140108	55297475	1	1
TCGA-BH-A18J	1	55299005	60590660	1	0
TCGA-BH-A18J	1	60591561	82096227	1	1
TCGA-BH-A18J	1	82098897	94780174	1	0
TCGA-BH-A18J	1	94785588	98746627	1	1
TCGA-BH-A18J	1	98747819	99205892	1	0
TCGA-BH-A18J	1	99207578	106723537	1	1
TCGA-BH-A18J	1	106723666	107546375	1	0
TCGA-BH-A18J	1	107548509	108419357	1	1
TCGA-BH-A18J	1	108420490	108828957	2	1
TCGA-BH-A18J	1	108829428	146504083	1	1
TCGA-BH-A18J	1	146504114	150506263	1	0
TCGA-BH-A18J	1	150516761	150595685	7	3
TCGA-BH-A18J	1	150596394	151477193	2	0
TCGA-BH-A18J	1	151477312	152355234	4	1
TCGA-BH-A18J	1	152365580	152861866	1	1
TCGA-BH-A18J	1	152867188	154048241	1	0
TCGA-BH-A18J	1	154052276	154820067	2	1
TCGA-BH-A18J	1	154822209	155616278	5	1
TCGA-BH-A18J	1	155619028	158039425	1	1
TCGA-BH-A18J	1	158040767	158246598	4	1
TCGA-BH-A18J	1	158246699	158959575	1	1
TCGA-BH-A18J	1	158962039	159244974	1	0
TCGA-BH-A18J	1	159246335	163630308	6	1
TCGA-BH-A18J	1	163630639	164685976	9	1
TCGA-BH-A18J	1	164688958	165349049	6	1
TCGA-BH-A18J	1	165349087	165358803	4	3
TCGA-BH-A18J	1	165358911	165490672	1	1
TCGA-BH-A18J	1	165493982	199959975	1	0
TCGA-BH-A18J	1	199961556	200368124	1	1
TCGA-BH-A18J	1	200368352	200775083	4	1
TCGA-BH-A18J	1	200780705	201156184	1	0
TCGA-BH-A18J	1	201156514	202376195	1	1
TCGA-BH-A18J	1	202378256	204982843	6	1
TCGA-BH-A18J	1	204983179	208497067	9	1
TCGA-BH-A18J	1	208497118	210513742	6	1
TCGA-BH-A18J	1	210514153	210978485	4	1
TCGA-BH-A18J	1	210979138	212571971	2	1
TCGA-BH-A18J	1	212573629	212925429	1	1
TCGA-BH-A18J	1	212925721	214645047	4	1
TCGA-BH-A18J	1	214645154	217368153	3	1
TCGA-BH-A18J	1	217368351	219155952	2	1
TCGA-BH-A18J	1	219156685	220488972	5	1
TCGA-BH-A18J	1	220489139	223662863	4	1
TCGA-BH-A18J	1	223663294	225296797	1	1
TCGA-BH-A18J	1	225301685	225931788	3	1
TCGA-BH-A18J	1	225936460	226613233	6	1
TCGA-BH-A18J	1	226613399	229118356	4	1
TCGA-BH-A18J	1	229118735	231168994	1	1
TCGA-BH-A18J	1	231169128	233564440	1	0
TCGA-BH-A18J	1	233567936	233718296	1	1
TCGA-BH-A18J	1	233718753	233815034	1	0
TCGA-BH-A18J	1	233815677	235953504	1	1
TCGA-BH-A18J	1	235955589	237906258	1	0
TCGA-BH-A18J	1	237912153	244351608	1	1
TCGA-BH-A18J	1	244353294	244812498	1	0
TCGA-BH-A18J	1	244813471	246152339	1	1
TCGA-BH-A18J	1	246152478	247328809	2	1
TCGA-BH-A18J	1	247329527	249224388	1	0
TCGA-BH-A18J	2	12784	21918237	1	1
TCGA-BH-A18J	2	21918914	22885855	2	1
TCGA-BH-A18J	2	22886245	243089456	1	1
TCGA-BH-A18J	3	60345	4399217	1	0
TCGA-BH-A18J	3	4400031	5115389	5	1
TCGA-BH-A18J	3	5120506	8364823	1	0
TCGA-BH-A18J	3	8364981	9147549	4	1
TCGA-BH-A18J	3	9149099	10453276	1	1
TCGA-BH-A18J	3	10454893	11037625	3	1
TCGA-BH-A18J	3	11039702	12021403	1	1
TCGA-BH-A18J	3	12021458	12422356	4	1
TCGA-BH-A18J	3	12424699	12744591	1	1
TCGA-BH-A18J	3	12745155	13848486	1	0
TCGA-BH-A18J	3	13850065	14331064	1	1
TCGA-BH-A18J	3	14331176	14496074	4	1
TCGA-BH-A18J	3	14496147	15653471	12	0
TCGA-BH-A18J	3	15656632	16771147	4	1
TCGA-BH-A18J	3	16772936	17339152	1	0
TCGA-BH-A18J	3	17341468	18754967	2	1
TCGA-BH-A18J	3	18755577	22142903	1	0
TCGA-BH-A18J	3	22144238	22766469	1	1
TCGA-BH-A18J	3	22767397	23416038	2	1
TCGA-BH-A18J	3	23417884	24140345	1	1
TCGA-BH-A18J	3	24142610	25207578	1	0
TCGA-BH-A18J	3	25208164	26103728	3	1
TCGA-BH-A18J	3	26103896	27103466	1	1
TCGA-BH-A18J	3	27105502	27639379	4	1
TCGA-BH-A18J	3	27640338	28599298	2	1
TCGA-BH-A18J	3	28606164	29755853	1	0
TCGA-BH-A18J	3	29759336	31254014	1	1
TCGA-BH-A18J	3	31257467	81869565	1	0
TCGA-BH-A18J	3	81874809	197896118	1	1
TCGA-BH-A18J	4	12281	68381730	1	1
TCGA-BH-A18J	4	68382385	68970459	3	1
TCGA-BH-A18J	4	68970496	70050373	1	1
TCGA-BH-A18J	4	70057619	77464565	4	1
TCGA-BH-A18J	4	77465025	79060315	2	1
TCGA-BH-A18J	4	79064635	191027923	1	0
TCGA-BH-A18J	5	15532	180790320	1	1
TCGA-BH-A18J	6	149661	171051005	1	1
TCGA-BH-A18J	7	43259	159127004	1	1
TCGA-BH-A18J	8	31254	47492650	1	0
TCGA-BH-A18J	8	47493260	79277812	1	1
TCGA-BH-A18J	8	79279091	82832995	1	0
TCGA-BH-A18J	8	82833013	146298155	1	1
TCGA-BH-A18J	9	46587	120253349	1	1
TCGA-BH-A18J	9	120253907	121318900	2	1
TCGA-BH-A18J	9	121319466	141091394	1	1
TCGA-BH-A18J	10	72759	120637541	1	1
TCGA-BH-A18J	10	120643722	121601977	4	1
TCGA-BH-A18J	10	121602732	122612604	9	1
TCGA-BH-A18J	10	122616757	123092459	1	1
TCGA-BH-A18J	10	123092807	123681473	6	1
TCGA-BH-A18J	10	123682089	123879544	10	1
TCGA-BH-A18J	10	123880028	124995307	1	1
TCGA-BH-A18J	10	124996706	126235502	2	1
TCGA-BH-A18J	10	126235677	126661969	1	0
TCGA-BH-A18J	10	126664244	132260627	2	1
TCGA-BH-A18J	10	132260693	132853501	4	1
TCGA-BH-A18J	10	132859258	133608495	2	1
TCGA-BH-A18J	10	133609583	135328532	4	1
TCGA-BH-A18J	10	135328558	135506704	1	0
TCGA-BH-A18J	11	198572	60813931	1	1
TCGA-BH-A18J	11	60819041	86857850	2	1
TCGA-BH-A18J	11	86860244	134944770	1	0
TCGA-BH-A18J	12	150442	25526248	1	1
TCGA-BH-A18J	12	25526697	26162775	2	1
TCGA-BH-A18J	12	26171576	133778189	1	1
TCGA-BH-A18J	13	19026949	115108397	1	1
TCGA-BH-A18J	14	19002124	63867140	1	1
TCGA-BH-A18J	14	63867308	66574847	2	1
TCGA-BH-A18J	14	66574891	83262077	1	1
TCGA-BH-A18J	14	83262270	95400838	1	0
TCGA-BH-A18J	14	95401139	97961179	1	1
TCGA-BH-A18J	14	97964235	100021394	1	0
TCGA-BH-A18J	14	100021634	100952212	1	1
TCGA-BH-A18J	14	100953455	104432335	1	0
TCGA-BH-A18J	14	104440014	107285437	1	1
TCGA-BH-A18J	15	20016328	80571707	1	0
TCGA-BH-A18J	15	80572510	83840195	1	1
TCGA-BH-A18J	15	83849961	85635890	2	1
TCGA-BH-A18J	15	85636107	102469040	1	1
TCGA-BH-A18J	16	60777	3012129	1	1
TCGA-BH-A18J	16	3027296	3329345	1	0
TCGA-BH-A18J	16	3336046	35283226	1	1
TCGA-BH-A18J	16	46463782	60523496	1	0
TCGA-BH-A18J	16	60525888	61082593	0	0
TCGA-BH-A18J	16	61084294	78292460	1	0
TCGA-BH-A18J	16	78294672	78770433	0	0
TCGA-BH-A18J	16	78772953	82901701	1	0
TCGA-BH-A18J	16	82906542	83457455	0	0
TCGA-BH-A18J	16	83461553	86729899	1	0
TCGA-BH-A18J	16	86731628	87479339	0	0
TCGA-BH-A18J	16	87479522	89304902	1	0
TCGA-BH-A18J	16	89311760	89490147	0	0
TCGA-BH-A18J	16	89499503	90287535	1	0
TCGA-BH-A18J	17	526	26928039	1	0
TCGA-BH-A18J	17	26928531	29238741	1	1
TCGA-BH-A18J	17	29243355	51267664	1	0
TCGA-BH-A18J	17	51271533	67599737	1	1
TCGA-BH-A18J	17	67603363	68506237	1	0
TCGA-BH-A18J	17	68506682	81049726	1	1
TCGA-BH-A18J	18	48133	78015057	1	1
TCGA-BH-A18J	19	90910	5914625	1	0
TCGA-BH-A18J	19	5921352	11516133	1	1
TCGA-BH-A18J	19	11518046	12333770	1	0
TCGA-BH-A18J	19	12334010	18145482	2	1
TCGA-BH-A18J	19	18147067	21151288	3	1
TCGA-BH-A18J	19	21152367	59097854	1	1
TCGA-BH-A18J	20	61305	11385103	3	0
TCGA-BH-A18J	20	11385260	15699166	3	1
TCGA-BH-A18J	20	15699179	17266799	1	1
TCGA-BH-A18J	20	17268190	18861983	1	0
TCGA-BH-A18J	20	18862279	62956153	1	1
TCGA-BH-A18J	21	10736871	48096957	1	1
TCGA-BH-A18J	22	16052528	51234455	1	0
TCGA-BH-A18J	X	168477	155233846	1	1
