sample	chr	startpos	endpos	nMajor	nMinor
TCGA-ZG-A9L6	1	61735	156984039	1	1
TCGA-ZG-A9L6	1	156984101	160041642	1	0
TCGA-ZG-A9L6	1	160043165	249224388	1	1
TCGA-ZG-A9L6	2	12784	114162731	1	1
TCGA-ZG-A9L6	2	114162983	117352829	2	1
TCGA-ZG-A9L6	2	117353232	243089456	1	1
TCGA-ZG-A9L6	3	60345	186978356	1	1
TCGA-ZG-A9L6	3	186979453	192652707	2	1
TCGA-ZG-A9L6	3	192654749	197896118	1	1
TCGA-ZG-A9L6	4	12281	9766749	1	1
TCGA-ZG-A9L6	4	9767180	14939486	2	1
TCGA-ZG-A9L6	4	14944814	126890248	1	1
TCGA-ZG-A9L6	4	126892154	127939721	1	0
TCGA-ZG-A9L6	4	127939777	187588082	1	1
TCGA-ZG-A9L6	4	187589798	191027923	2	1
TCGA-ZG-A9L6	5	15532	1830374	1	1
TCGA-ZG-A9L6	5	1830405	4277513	2	1
TCGA-ZG-A9L6	5	4277711	57906928	1	1
TCGA-ZG-A9L6	5	57910525	58555412	2	1
TCGA-ZG-A9L6	5	58555881	97865687	1	1
TCGA-ZG-A9L6	5	97867477	108602008	1	0
TCGA-ZG-A9L6	5	108605390	144373878	1	1
TCGA-ZG-A9L6	5	144379123	146548459	1	0
TCGA-ZG-A9L6	5	146550488	162487856	1	1
TCGA-ZG-A9L6	5	162488010	167440848	1	0
TCGA-ZG-A9L6	5	167443348	180790320	1	1
TCGA-ZG-A9L6	6	149661	68256405	1	1
TCGA-ZG-A9L6	6	68256843	117581627	1	0
TCGA-ZG-A9L6	6	117582190	128389344	1	1
TCGA-ZG-A9L6	6	128391132	132613798	2	1
TCGA-ZG-A9L6	6	132614269	171051005	1	1
TCGA-ZG-A9L6	7	43259	41114409	1	1
TCGA-ZG-A9L6	7	41114519	42712337	2	1
TCGA-ZG-A9L6	7	42714928	70115244	1	1
TCGA-ZG-A9L6	7	70115579	71769593	2	1
TCGA-ZG-A9L6	7	71770703	141389583	1	1
TCGA-ZG-A9L6	7	141393283	146073117	2	1
TCGA-ZG-A9L6	7	146074149	159127004	1	1
TCGA-ZG-A9L6	8	31254	34539463	1	0
TCGA-ZG-A9L6	8	34539988	36165792	3	1
TCGA-ZG-A9L6	8	36166984	38961550	2	1
TCGA-ZG-A9L6	8	38969300	40386170	1	1
TCGA-ZG-A9L6	8	40386789	40970391	2	1
TCGA-ZG-A9L6	8	40973238	41234889	1	1
TCGA-ZG-A9L6	8	41235030	43786802	1	0
TCGA-ZG-A9L6	8	43824048	50280717	2	1
TCGA-ZG-A9L6	8	50282160	53879770	2	2
TCGA-ZG-A9L6	8	53880054	64565957	2	1
TCGA-ZG-A9L6	8	64565990	70648703	2	2
TCGA-ZG-A9L6	8	70652293	106943699	2	1
TCGA-ZG-A9L6	8	106943787	120670030	2	2
TCGA-ZG-A9L6	8	120671874	121901575	1	1
TCGA-ZG-A9L6	8	121903155	129446813	2	1
TCGA-ZG-A9L6	8	129446924	140254844	1	1
TCGA-ZG-A9L6	8	140258252	140670977	1	0
TCGA-ZG-A9L6	8	140675037	146298155	1	1
TCGA-ZG-A9L6	9	46587	141091394	1	1
TCGA-ZG-A9L6	10	72759	36288401	1	1
TCGA-ZG-A9L6	10	36293237	38009432	2	1
TCGA-ZG-A9L6	10	38009483	135506704	1	1
TCGA-ZG-A9L6	11	198572	134944770	1	1
TCGA-ZG-A9L6	12	150442	9421467	1	1
TCGA-ZG-A9L6	12	9422563	15420197	1	0
TCGA-ZG-A9L6	12	15420288	28082167	1	1
TCGA-ZG-A9L6	12	28085129	31513560	1	0
TCGA-ZG-A9L6	12	31513718	58046570	1	1
TCGA-ZG-A9L6	12	58046717	59000975	1	0
TCGA-ZG-A9L6	12	59003482	126405938	1	1
TCGA-ZG-A9L6	12	126405976	130348733	2	1
TCGA-ZG-A9L6	12	130348817	133778189	1	1
TCGA-ZG-A9L6	13	19026949	115108397	1	1
TCGA-ZG-A9L6	14	19002124	38274533	1	1
TCGA-ZG-A9L6	14	38278795	38866434	2	1
TCGA-ZG-A9L6	14	38866676	79191171	1	1
TCGA-ZG-A9L6	14	79193340	87866071	2	1
TCGA-ZG-A9L6	14	87866747	97831435	1	1
TCGA-ZG-A9L6	14	97831509	99281552	2	1
TCGA-ZG-A9L6	14	99281909	107066539	1	1
TCGA-ZG-A9L6	14	107067117	107285437	2	1
TCGA-ZG-A9L6	15	20016328	24535026	2	1
TCGA-ZG-A9L6	15	24542233	52641688	1	0
TCGA-ZG-A9L6	15	52649116	95309875	1	1
TCGA-ZG-A9L6	15	95309966	98935186	2	1
TCGA-ZG-A9L6	15	98935974	102469040	1	1
TCGA-ZG-A9L6	16	60777	90287535	1	1
TCGA-ZG-A9L6	17	526	81049726	1	1
TCGA-ZG-A9L6	18	48133	74934592	1	1
TCGA-ZG-A9L6	18	74935028	78015057	2	1
TCGA-ZG-A9L6	19	90910	21932574	1	1
TCGA-ZG-A9L6	19	21935700	29565497	2	1
TCGA-ZG-A9L6	19	29566251	59097854	1	1
TCGA-ZG-A9L6	20	61305	21619312	1	1
TCGA-ZG-A9L6	20	21620667	24717085	2	1
TCGA-ZG-A9L6	20	24717108	58793007	1	1
TCGA-ZG-A9L6	20	58793682	59733232	2	1
TCGA-ZG-A9L6	20	59733653	62956153	1	1
TCGA-ZG-A9L6	21	10736871	48096957	1	1
TCGA-ZG-A9L6	22	16052528	48084262	1	1
TCGA-ZG-A9L6	22	48084299	49416063	2	1
TCGA-ZG-A9L6	22	49416259	51234455	1	1
TCGA-ZG-A9L6	X	168477	2694240	2	1
TCGA-ZG-A9L6	X	2703391	154929105	1	0
TCGA-ZG-A9L6	X	154929308	155233846	2	1
