sample	chr	startpos	endpos	nMajor	nMinor
TCGA-EW-A1PF	1	61735	31731291	1	0
TCGA-EW-A1PF	1	31735880	219554169	1	1
TCGA-EW-A1PF	1	219554317	249224388	1	0
TCGA-EW-A1PF	2	12784	216527471	1	1
TCGA-EW-A1PF	2	216528857	217050105	1	0
TCGA-EW-A1PF	2	217051342	218935299	1	1
TCGA-EW-A1PF	2	218935841	243089456	1	0
TCGA-EW-A1PF	3	60345	197896118	1	1
TCGA-EW-A1PF	4	12281	5450124	2	0
TCGA-EW-A1PF	4	5451263	170126107	1	1
TCGA-EW-A1PF	4	170126803	191027923	2	1
TCGA-EW-A1PF	5	15532	180790320	1	1
TCGA-EW-A1PF	6	149661	171051005	1	1
TCGA-EW-A1PF	7	43259	158689468	1	1
TCGA-EW-A1PF	7	158692011	159127004	2	0
TCGA-EW-A1PF	8	31254	38794561	1	0
TCGA-EW-A1PF	8	38799057	119376989	1	1
TCGA-EW-A1PF	8	119379240	146298155	2	1
TCGA-EW-A1PF	9	46587	21952148	1	0
TCGA-EW-A1PF	9	21954953	23341715	2	0
TCGA-EW-A1PF	9	23341848	141091394	1	1
TCGA-EW-A1PF	10	72759	134915832	1	1
TCGA-EW-A1PF	10	134916121	135506704	2	0
TCGA-EW-A1PF	11	198572	134944770	1	0
TCGA-EW-A1PF	12	150442	133778189	1	1
TCGA-EW-A1PF	13	19026949	115108397	1	0
TCGA-EW-A1PF	14	19002124	107285437	1	0
TCGA-EW-A1PF	15	20016328	51961717	1	1
TCGA-EW-A1PF	15	51962763	52988382	2	0
TCGA-EW-A1PF	15	52989263	102469040	1	1
TCGA-EW-A1PF	16	60777	31811911	1	1
TCGA-EW-A1PF	16	31814299	47270429	2	0
TCGA-EW-A1PF	16	47270523	90287535	1	1
TCGA-EW-A1PF	17	526	42803002	1	0
TCGA-EW-A1PF	17	42805875	81049726	2	0
TCGA-EW-A1PF	18	48133	78015057	1	0
TCGA-EW-A1PF	19	90910	47119910	1	1
TCGA-EW-A1PF	19	47120033	50147141	1	0
TCGA-EW-A1PF	19	50147533	55948649	2	1
TCGA-EW-A1PF	19	55950506	58909972	2	2
TCGA-EW-A1PF	19	58911768	59097854	2	0
TCGA-EW-A1PF	20	61305	45841979	1	1
TCGA-EW-A1PF	20	45842536	49866336	2	1
TCGA-EW-A1PF	20	49867063	53865183	3	1
TCGA-EW-A1PF	20	53868218	62956153	2	1
TCGA-EW-A1PF	21	10736871	48096957	1	1
TCGA-EW-A1PF	22	16052528	38935927	1	0
TCGA-EW-A1PF	22	38936420	51234455	2	0
TCGA-EW-A1PF	X	168477	54669521	1	1
TCGA-EW-A1PF	X	54670274	67295309	2	0
TCGA-EW-A1PF	X	67295600	151391630	1	1
TCGA-EW-A1PF	X	151393577	154068055	2	1
TCGA-EW-A1PF	X	154068255	155233846	3	0
