sample	chr	startpos	endpos	nMajor	nMinor
TCGA-28-5213	1	61735	3377551	1	1
TCGA-28-5213	1	3380057	6593914	1	0
TCGA-28-5213	1	6598355	8355467	1	1
TCGA-28-5213	1	8357221	12700815	1	0
TCGA-28-5213	1	12702251	50810292	1	1
TCGA-28-5213	1	50814731	54293177	1	0
TCGA-28-5213	1	54301917	77672337	1	1
TCGA-28-5213	1	77674084	103522906	1	0
TCGA-28-5213	1	103526294	112665086	1	1
TCGA-28-5213	1	112665557	114924133	1	0
TCGA-28-5213	1	114927402	249224388	1	1
TCGA-28-5213	2	12784	62259359	1	1
TCGA-28-5213	2	62260470	65667272	1	0
TCGA-28-5213	2	65669307	66283233	0	0
TCGA-28-5213	2	66283629	69814625	1	0
TCGA-28-5213	2	69815649	141712907	1	1
TCGA-28-5213	2	141716592	141869140	1	0
TCGA-28-5213	2	141870031	243089456	1	1
TCGA-28-5213	3	60345	174684649	1	1
TCGA-28-5213	3	174684924	175465509	1	0
TCGA-28-5213	3	175476799	190651486	2	1
TCGA-28-5213	3	190651613	197896118	1	1
TCGA-28-5213	4	12281	191027923	1	1
TCGA-28-5213	5	15532	180790320	1	1
TCGA-28-5213	6	149661	57674928	1	1
TCGA-28-5213	6	57676683	171051005	1	0
TCGA-28-5213	7	43259	159127004	2	1
TCGA-28-5213	8	31254	146298155	1	1
TCGA-28-5213	9	46587	47217176	1	0
TCGA-28-5213	9	65616971	141091394	1	1
TCGA-28-5213	10	72759	135506704	1	0
TCGA-28-5213	11	198572	134944770	1	1
TCGA-28-5213	12	150442	133778189	1	1
TCGA-28-5213	13	19026949	102612213	1	1
TCGA-28-5213	13	102612273	102786070	1	0
TCGA-28-5213	13	102786614	115108397	1	1
TCGA-28-5213	14	19002124	107285437	1	0
TCGA-28-5213	15	20016328	97018272	1	1
TCGA-28-5213	15	97018475	97472389	2	1
TCGA-28-5213	15	97476834	102469040	1	1
TCGA-28-5213	16	60777	77263717	1	1
TCGA-28-5213	16	77268507	77671324	2	1
TCGA-28-5213	16	77671636	90287535	1	1
TCGA-28-5213	17	526	81049726	1	1
TCGA-28-5213	18	48133	78015057	1	0
TCGA-28-5213	19	90910	59097854	1	1
TCGA-28-5213	20	61305	62956153	1	1
TCGA-28-5213	21	10736871	48096957	1	1
TCGA-28-5213	22	16052528	51234455	1	0
TCGA-28-5213	X	168477	2703391	1	1
TCGA-28-5213	X	2703633	154672328	1	0
TCGA-28-5213	X	154674770	155233846	0	0
