sample	chr	startpos	endpos	nMajor	nMinor
TCGA-02-0010	1	61735	150111985	1	1
TCGA-02-0010	1	150114083	150357653	2	1
TCGA-02-0010	1	150363071	156232358	1	1
TCGA-02-0010	1	156233479	156639271	2	1
TCGA-02-0010	1	156645524	249224388	1	1
TCGA-02-0010	2	12784	12421708	1	0
TCGA-02-0010	2	12422123	35664208	2	0
TCGA-02-0010	2	35668108	38021775	1	0
TCGA-02-0010	2	38022212	64975919	2	0
TCGA-02-0010	2	64976238	67878838	1	0
TCGA-02-0010	2	67879013	69236358	2	0
TCGA-02-0010	2	69236515	82988453	1	0
TCGA-02-0010	2	82988875	243089456	1	1
TCGA-02-0010	3	60345	164752199	1	1
TCGA-02-0010	3	164753142	197896118	1	0
TCGA-02-0010	4	12281	93384227	1	1
TCGA-02-0010	4	93389066	94353189	1	0
TCGA-02-0010	4	94353540	96352286	1	1
TCGA-02-0010	4	96355353	119650748	1	0
TCGA-02-0010	4	119653822	191027923	1	1
TCGA-02-0010	5	15532	88344313	1	1
TCGA-02-0010	5	88348122	90199022	1	0
TCGA-02-0010	5	90199715	90338599	1	1
TCGA-02-0010	5	90342804	96624676	1	0
TCGA-02-0010	5	96624934	180790320	1	1
TCGA-02-0010	6	149661	25896713	2	0
TCGA-02-0010	6	25903308	26444958	2	1
TCGA-02-0010	6	26446746	171051005	1	1
TCGA-02-0010	7	43259	99722266	1	1
TCGA-02-0010	7	99734938	116319871	2	0
TCGA-02-0010	7	116319926	121550379	5	0
TCGA-02-0010	7	121556715	159127004	2	0
TCGA-02-0010	8	31254	59835014	1	1
TCGA-02-0010	8	59838133	88515808	2	1
TCGA-02-0010	8	88515868	89548369	2	2
TCGA-02-0010	8	89548722	146298155	2	1
TCGA-02-0010	9	46587	22380211	1	0
TCGA-02-0010	9	22380226	141091394	1	1
TCGA-02-0010	10	72759	66514242	1	1
TCGA-02-0010	10	66518852	135506704	1	0
TCGA-02-0010	11	198572	40186748	1	0
TCGA-02-0010	11	40190802	43521280	0	0
TCGA-02-0010	11	43528586	43559004	1	0
TCGA-02-0010	11	43560359	43669351	0	0
TCGA-02-0010	11	43674820	46584156	1	0
TCGA-02-0010	11	46589215	134944770	1	1
TCGA-02-0010	12	150442	83219128	1	1
TCGA-02-0010	12	83219362	84810787	1	0
TCGA-02-0010	12	84817514	85011640	1	1
TCGA-02-0010	12	85011866	85723984	1	0
TCGA-02-0010	12	85724096	86945361	2	1
TCGA-02-0010	12	86947941	88621217	1	1
TCGA-02-0010	12	88621459	88931106	1	0
TCGA-02-0010	12	88931532	89953733	1	1
TCGA-02-0010	12	89953842	93298226	1	0
TCGA-02-0010	12	93306033	96369440	1	1
TCGA-02-0010	12	96371005	97231171	1	0
TCGA-02-0010	12	97231805	106270480	1	1
TCGA-02-0010	12	106271016	133778189	1	0
TCGA-02-0010	13	19026949	115108397	1	1
TCGA-02-0010	14	19002124	47923947	1	1
TCGA-02-0010	14	47925894	107285437	1	0
TCGA-02-0010	15	20016328	102469040	1	1
TCGA-02-0010	16	60777	90287535	1	1
TCGA-02-0010	17	526	81049726	1	1
TCGA-02-0010	18	48133	14026535	1	0
TCGA-02-0010	18	14026962	78015057	1	1
TCGA-02-0010	19	90910	56332677	1	1
TCGA-02-0010	19	56341574	59097854	1	0
TCGA-02-0010	20	61305	13099068	1	1
TCGA-02-0010	20	13099291	13381995	1	0
TCGA-02-0010	20	13382347	62956153	1	1
TCGA-02-0010	21	10736871	48004952	1	1
TCGA-02-0010	21	48005089	48096957	1	0
TCGA-02-0010	22	16052528	51234455	1	1
TCGA-02-0010	X	168477	155233846	1	0
