sample	chr	startpos	endpos	nMajor	nMinor
TCGA-13-2071	1	61735	24775581	2	1
TCGA-13-2071	1	24776253	64222787	1	1
TCGA-13-2071	1	64224111	64901105	2	1
TCGA-13-2071	1	64902455	104864725	1	1
TCGA-13-2071	1	104865231	107241002	1	0
TCGA-13-2071	1	107242096	189027283	1	1
TCGA-13-2071	1	189028989	189148343	3	1
TCGA-13-2071	1	189151275	247068301	1	1
TCGA-13-2071	1	247069232	249224388	1	0
TCGA-13-2071	2	12784	53720890	2	1
TCGA-13-2071	2	53722476	134229008	1	1
TCGA-13-2071	2	134230217	153212513	1	0
TCGA-13-2071	2	153213072	164305358	2	0
TCGA-13-2071	2	164305375	180989284	2	1
TCGA-13-2071	2	180989306	186524805	1	1
TCGA-13-2071	2	186531835	186855616	2	1
TCGA-13-2071	2	186856081	188696298	1	1
TCGA-13-2071	2	188696787	202173705	1	0
TCGA-13-2071	2	202173812	243089456	2	0
TCGA-13-2071	3	60345	4834503	1	1
TCGA-13-2071	3	4836425	6803784	2	1
TCGA-13-2071	3	6803801	53514818	1	1
TCGA-13-2071	3	53518349	81144921	1	0
TCGA-13-2071	3	81145060	110517943	1	1
TCGA-13-2071	3	110521639	115165913	2	1
TCGA-13-2071	3	115167177	116056230	3	1
TCGA-13-2071	3	116058482	137838144	2	1
TCGA-13-2071	3	137842500	140063482	3	1
TCGA-13-2071	3	140063820	155680468	2	1
TCGA-13-2071	3	155680755	156395672	3	1
TCGA-13-2071	3	156399180	174631176	2	1
TCGA-13-2071	3	174634510	177483965	1	1
TCGA-13-2071	3	177484461	180787038	2	1
TCGA-13-2071	3	180789185	181373160	1	1
TCGA-13-2071	3	181377182	185520732	2	1
TCGA-13-2071	3	185522447	189696820	1	1
TCGA-13-2071	3	189697935	190362451	2	1
TCGA-13-2071	3	190362979	197896118	1	1
TCGA-13-2071	4	12281	4784151	3	1
TCGA-13-2071	4	4784580	18350194	2	1
TCGA-13-2071	4	18352051	48834737	1	1
TCGA-13-2071	4	48840696	62069806	2	1
TCGA-13-2071	4	62069913	117897658	2	0
TCGA-13-2071	4	117897700	124693650	2	1
TCGA-13-2071	4	124693724	171555357	2	0
TCGA-13-2071	4	171565446	182480575	1	0
TCGA-13-2071	4	182481882	182672102	2	0
TCGA-13-2071	4	182674836	191027923	1	0
TCGA-13-2071	5	15532	62455870	1	1
TCGA-13-2071	5	62456005	116407938	1	0
TCGA-13-2071	5	116408408	152610561	2	0
TCGA-13-2071	5	152612322	155739803	3	0
TCGA-13-2071	5	155745027	155927543	2	0
TCGA-13-2071	5	155931865	157505115	4	0
TCGA-13-2071	5	157508021	158363457	2	0
TCGA-13-2071	5	158363511	161186894	3	0
TCGA-13-2071	5	161191221	164942025	2	0
TCGA-13-2071	5	164948674	166185383	1	0
TCGA-13-2071	5	166186881	168513650	3	0
TCGA-13-2071	5	168513853	169798156	2	0
TCGA-13-2071	5	169798284	171991419	3	0
TCGA-13-2071	5	171991967	172965383	4	0
TCGA-13-2071	5	172966051	173283265	3	0
TCGA-13-2071	5	173287484	178925843	2	0
TCGA-13-2071	5	178928761	180790320	1	0
TCGA-13-2071	6	149661	26052636	2	1
TCGA-13-2071	6	26055368	48302046	1	1
TCGA-13-2071	6	48302651	50301592	2	1
TCGA-13-2071	6	50302444	64534000	1	1
TCGA-13-2071	6	64540769	70553182	1	0
TCGA-13-2071	6	70554416	92269526	1	1
TCGA-13-2071	6	92270821	171051005	1	0
TCGA-13-2071	7	43259	22580927	1	0
TCGA-13-2071	7	22581026	27345755	1	1
TCGA-13-2071	7	27346842	27796740	1	0
TCGA-13-2071	7	27799819	88851587	1	1
TCGA-13-2071	7	88851701	119054334	1	0
TCGA-13-2071	7	119055697	133606631	1	1
TCGA-13-2071	7	133609476	159127004	2	1
TCGA-13-2071	8	31254	27471690	1	0
TCGA-13-2071	8	27474202	50549790	1	1
TCGA-13-2071	8	50551367	52415711	2	1
TCGA-13-2071	8	52416201	54858494	2	2
TCGA-13-2071	8	54859439	57188019	4	2
TCGA-13-2071	8	57192842	62746566	2	2
TCGA-13-2071	8	62746653	77433134	2	1
TCGA-13-2071	8	77437398	105162038	1	1
TCGA-13-2071	8	105166588	143630058	4	1
TCGA-13-2071	8	143630199	146298155	3	1
TCGA-13-2071	9	46587	1784017	1	1
TCGA-13-2071	9	1784031	1793515	1	0
TCGA-13-2071	9	1794654	6015206	1	1
TCGA-13-2071	9	6017252	7463438	2	1
TCGA-13-2071	9	7463726	9270436	1	1
TCGA-13-2071	9	9270642	25695174	1	0
TCGA-13-2071	9	25695229	141091394	1	1
TCGA-13-2071	10	72759	135506704	1	1
TCGA-13-2071	11	198572	7262248	1	0
TCGA-13-2071	11	7266724	66244454	1	1
TCGA-13-2071	11	66246337	89514228	2	1
TCGA-13-2071	11	89529607	134944770	2	0
TCGA-13-2071	12	150442	15496979	3	1
TCGA-13-2071	12	15497942	30144698	2	1
TCGA-13-2071	12	30145167	38706942	1	1
TCGA-13-2071	12	38710459	43731987	2	1
TCGA-13-2071	12	43738483	54655417	1	0
TCGA-13-2071	12	54655849	65349451	2	0
TCGA-13-2071	12	65354031	66686235	2	1
TCGA-13-2071	12	66686598	132832996	2	0
TCGA-13-2071	12	132842686	133778189	3	0
TCGA-13-2071	13	19026949	31927523	2	1
TCGA-13-2071	13	31935561	115108397	1	0
TCGA-13-2071	14	19002124	22692356	1	1
TCGA-13-2071	14	22696655	107285437	1	0
TCGA-13-2071	15	20016328	38582267	1	1
TCGA-13-2071	15	38582690	55510538	2	1
TCGA-13-2071	15	55511438	102469040	1	1
TCGA-13-2071	16	60777	26887225	1	1
TCGA-13-2071	16	26887865	27405916	2	1
TCGA-13-2071	16	27410082	79293082	1	1
TCGA-13-2071	16	79299842	90287535	1	0
TCGA-13-2071	17	526	20354030	1	0
TCGA-13-2071	17	20364322	21524172	2	0
TCGA-13-2071	17	21527046	55704941	1	0
TCGA-13-2071	17	55706937	81049726	2	0
TCGA-13-2071	18	48133	32188874	1	0
TCGA-13-2071	18	32190589	33314953	2	1
TCGA-13-2071	18	33318489	35165262	1	1
TCGA-13-2071	18	35169272	78015057	1	0
TCGA-13-2071	19	90910	6909565	1	0
TCGA-13-2071	19	6912072	47041284	1	1
TCGA-13-2071	19	47041963	55738181	1	0
TCGA-13-2071	19	55744507	59097854	1	1
TCGA-13-2071	20	61305	20300625	1	0
TCGA-13-2071	20	20300742	62956153	1	1
TCGA-13-2071	21	10736871	29090518	1	1
TCGA-13-2071	21	29093753	29279595	1	0
TCGA-13-2071	21	29284366	33009397	1	1
TCGA-13-2071	21	33009868	35451193	1	0
TCGA-13-2071	21	35452236	48096957	2	0
TCGA-13-2071	22	16052528	17746528	1	1
TCGA-13-2071	22	17747195	18030063	2	1
TCGA-13-2071	22	18030667	29865632	1	1
TCGA-13-2071	22	29865907	51234455	1	0
TCGA-13-2071	X	168477	90488387	1	1
TCGA-13-2071	X	90513317	155233846	1	0
