sample	chr	startpos	endpos	nMajor	nMinor
TCGA-AB-2872	1	61735	249224388	1	1
TCGA-AB-2872	2	12784	243089456	1	1
TCGA-AB-2872	3	60345	197896118	1	1
TCGA-AB-2872	4	12281	191027923	1	1
TCGA-AB-2872	5	15532	180790320	1	1
TCGA-AB-2872	6	149661	171051005	1	1
TCGA-AB-2872	7	43259	159127004	1	1
TCGA-AB-2872	8	31254	146298155	1	1
TCGA-AB-2872	9	46587	47217176	1	1
TCGA-AB-2872	9	65616971	105797160	1	0
TCGA-AB-2872	9	105797832	141091394	1	1
TCGA-AB-2872	10	72759	135506704	1	1
TCGA-AB-2872	11	198572	22930259	1	1
TCGA-AB-2872	11	22936456	42096772	1	0
TCGA-AB-2872	11	42100359	134944770	1	1
TCGA-AB-2872	12	150442	133778189	1	1
TCGA-AB-2872	13	19026949	115108397	1	1
TCGA-AB-2872	14	19002124	107285437	1	1
TCGA-AB-2872	15	20016328	102469040	1	1
TCGA-AB-2872	16	60777	90287535	1	1
TCGA-AB-2872	17	526	81049726	1	1
TCGA-AB-2872	18	48133	78015057	1	1
TCGA-AB-2872	19	90910	59097854	1	1
TCGA-AB-2872	20	61305	62956153	1	1
TCGA-AB-2872	21	10736871	48096957	1	1
TCGA-AB-2872	22	16052528	51234455	1	1
TCGA-AB-2872	X	168477	2694240	1	1
TCGA-AB-2872	X	2703391	155233846	1	0
