sample	chr	startpos	endpos	nMajor	nMinor
TCGA-05-4410	1	61735	121482979	2	2
TCGA-05-4410	1	144007049	154573967	7	2
TCGA-05-4410	1	154577008	249224388	4	4
TCGA-05-4410	2	12784	90144865	2	1
TCGA-05-4410	2	90146784	243089456	5	1
TCGA-05-4410	3	60345	85844445	2	2
TCGA-05-4410	3	85850041	116027490	3	2
TCGA-05-4410	3	116028248	197896118	4	3
TCGA-05-4410	4	12281	35070646	3	0
TCGA-05-4410	4	35071147	35290015	4	4
TCGA-05-4410	4	35291573	38097478	3	0
TCGA-05-4410	4	38103550	40631309	10	3
TCGA-05-4410	4	40631476	41142230	4	3
TCGA-05-4410	4	41143476	41212503	1	0
TCGA-05-4410	4	41212540	43277584	3	3
TCGA-05-4410	4	43277772	191027923	2	2
TCGA-05-4410	5	15532	8372705	5	5
TCGA-05-4410	5	8372932	20676630	5	4
TCGA-05-4410	5	20676877	22676274	6	6
TCGA-05-4410	5	22678637	31268968	5	4
TCGA-05-4410	5	31268991	32755589	3	3
TCGA-05-4410	5	32763846	49432831	5	4
TCGA-05-4410	5	49441958	180790320	3	0
TCGA-05-4410	6	149661	27534240	4	0
TCGA-05-4410	6	27534528	30697931	5	0
TCGA-05-4410	6	30714479	99258699	4	1
TCGA-05-4410	6	99261141	171051005	2	2
TCGA-05-4410	7	43259	159127004	4	4
TCGA-05-4410	8	31254	19144414	1	0
TCGA-05-4410	8	19144506	43655230	1	1
TCGA-05-4410	8	43655313	79637580	3	0
TCGA-05-4410	8	79650235	119976144	4	0
TCGA-05-4410	8	119977077	141704996	6	0
TCGA-05-4410	8	141705106	146298155	4	0
TCGA-05-4410	9	46587	47217176	4	4
TCGA-05-4410	9	65616971	81475750	4	1
TCGA-05-4410	9	81476382	141091394	2	2
TCGA-05-4410	10	72759	42760916	3	3
TCGA-05-4410	10	42763230	46954498	3	2
TCGA-05-4410	10	46954524	135506704	1	1
TCGA-05-4410	11	198572	43590021	3	0
TCGA-05-4410	11	43593010	134944770	3	3
TCGA-05-4410	12	150442	133778189	4	0
TCGA-05-4410	13	19026949	115108397	2	2
TCGA-05-4410	14	19002124	107285437	4	0
TCGA-05-4410	15	20016328	102469040	3	0
TCGA-05-4410	16	60777	90287535	2	2
TCGA-05-4410	17	526	22167592	3	0
TCGA-05-4410	17	22167804	81049726	3	3
TCGA-05-4410	18	48133	47169801	3	2
TCGA-05-4410	18	47169815	78015057	2	0
TCGA-05-4410	19	90910	27747993	3	0
TCGA-05-4410	19	27751675	46276632	7	0
TCGA-05-4410	19	46280040	59097854	3	0
TCGA-05-4410	20	61305	17384364	3	3
TCGA-05-4410	20	17384487	26241218	3	1
TCGA-05-4410	20	26242401	41534888	4	4
TCGA-05-4410	20	41535977	53612140	3	0
TCGA-05-4410	20	53614948	62956153	3	1
TCGA-05-4410	21	10736871	16366389	3	0
TCGA-05-4410	21	16368253	48096957	2	2
TCGA-05-4410	22	16052528	36781680	3	2
TCGA-05-4410	22	36781808	51234455	4	3
TCGA-05-4410	X	168477	2694240	2	2
TCGA-05-4410	X	2703391	112864683	2	0
TCGA-05-4410	X	112867338	121157472	3	0
TCGA-05-4410	X	121158020	124533157	2	0
TCGA-05-4410	X	124537714	139839511	3	0
TCGA-05-4410	X	139843520	155233846	2	0
