sample	chr	startpos	endpos	nMajor	nMinor
TCGA-24-1474	1	61735	6314822	3	1
TCGA-24-1474	1	6316884	8899446	2	1
TCGA-24-1474	1	8899459	19645979	3	1
TCGA-24-1474	1	19646765	20667093	13	3
TCGA-24-1474	1	20679232	21687934	3	1
TCGA-24-1474	1	21688141	22707565	3	2
TCGA-24-1474	1	22708797	23106474	10	3
TCGA-24-1474	1	23109291	23502303	14	3
TCGA-24-1474	1	23504795	24667423	9	3
TCGA-24-1474	1	24669794	41177528	3	1
TCGA-24-1474	1	41177943	42008752	6	1
TCGA-24-1474	1	42009004	60215572	4	1
TCGA-24-1474	1	60215711	70206954	5	1
TCGA-24-1474	1	70209938	112253397	3	1
TCGA-24-1474	1	112253766	112287543	9	3
TCGA-24-1474	1	112289118	117914040	3	1
TCGA-24-1474	1	117915032	118058235	4	4
TCGA-24-1474	1	118059338	118964506	3	2
TCGA-24-1474	1	118964885	121482979	3	1
TCGA-24-1474	1	144007049	156340618	3	2
TCGA-24-1474	1	156341494	158816738	3	0
TCGA-24-1474	1	158816881	158888872	13	3
TCGA-24-1474	1	158889162	176296561	3	0
TCGA-24-1474	1	176297708	176759697	11	3
TCGA-24-1474	1	176760010	178272318	6	3
TCGA-24-1474	1	178275951	180332958	11	3
TCGA-24-1474	1	180335027	185412382	15	3
TCGA-24-1474	1	185413074	186522755	22	3
TCGA-24-1474	1	186530977	194476246	3	1
TCGA-24-1474	1	194476973	203016898	3	2
TCGA-24-1474	1	203017087	204530924	4	3
TCGA-24-1474	1	204538342	249224388	3	0
TCGA-24-1474	2	12784	60849126	2	2
TCGA-24-1474	2	60849421	61003503	2	1
TCGA-24-1474	2	61006806	69784278	2	2
TCGA-24-1474	2	69786188	70368923	2	1
TCGA-24-1474	2	70369023	74171720	2	2
TCGA-24-1474	2	74172133	74946741	3	2
TCGA-24-1474	2	74947560	104222303	2	2
TCGA-24-1474	2	104222589	107182772	3	2
TCGA-24-1474	2	107186842	107884683	7	2
TCGA-24-1474	2	107898194	108873722	10	2
TCGA-24-1474	2	108874753	133366153	2	1
TCGA-24-1474	2	133367209	141797987	2	2
TCGA-24-1474	2	141798641	142062178	2	1
TCGA-24-1474	2	142064988	142446465	2	2
TCGA-24-1474	2	142450858	142768235	3	2
TCGA-24-1474	2	142768518	143285407	10	2
TCGA-24-1474	2	143285640	149889830	2	2
TCGA-24-1474	2	149891845	163316655	2	1
TCGA-24-1474	2	163320513	164230026	10	2
TCGA-24-1474	2	164234403	170328137	2	1
TCGA-24-1474	2	170328366	171053409	1	1
TCGA-24-1474	2	171054544	176988702	2	1
TCGA-24-1474	2	176998822	177769614	11	2
TCGA-24-1474	2	177769869	179936770	9	2
TCGA-24-1474	2	179937040	180608843	5	2
TCGA-24-1474	2	180608853	182948807	4	2
TCGA-24-1474	2	182949814	183330572	10	2
TCGA-24-1474	2	183334914	213680989	2	1
TCGA-24-1474	2	213689174	213795701	1	1
TCGA-24-1474	2	213796420	232276553	2	1
TCGA-24-1474	2	232279011	233048661	2	0
TCGA-24-1474	2	233051509	243089456	2	1
TCGA-24-1474	3	60345	1497849	4	2
TCGA-24-1474	3	1498306	2101328	5	2
TCGA-24-1474	3	2101747	95716245	4	2
TCGA-24-1474	3	95718019	96307863	6	2
TCGA-24-1474	3	96308055	106706270	4	2
TCGA-24-1474	3	106710952	107309355	2	2
TCGA-24-1474	3	107309854	178022285	4	2
TCGA-24-1474	3	178022371	197896118	3	2
TCGA-24-1474	4	12281	687754	2	1
TCGA-24-1474	4	692369	939418	8	2
TCGA-24-1474	4	942439	2140691	20	1
TCGA-24-1474	4	2146436	2406499	6	2
TCGA-24-1474	4	2407141	41154017	2	1
TCGA-24-1474	4	41160400	43333610	6	2
TCGA-24-1474	4	43335452	46032101	2	1
TCGA-24-1474	4	46032657	48165162	2	2
TCGA-24-1474	4	48168428	48360135	2	1
TCGA-24-1474	4	48363730	69591612	2	2
TCGA-24-1474	4	69591782	91724184	2	1
TCGA-24-1474	4	91724197	92171487	2	0
TCGA-24-1474	4	92176742	182701059	2	1
TCGA-24-1474	4	182704551	183213019	1	1
TCGA-24-1474	4	183214409	191027923	2	1
TCGA-24-1474	5	15532	3060489	2	1
TCGA-24-1474	5	3060604	17601553	3	2
TCGA-24-1474	5	17601728	22761784	5	2
TCGA-24-1474	5	22761809	49459054	2	2
TCGA-24-1474	5	49459535	50326227	2	1
TCGA-24-1474	5	50326546	53431896	2	2
TCGA-24-1474	5	53433678	137533818	2	1
TCGA-24-1474	5	137544095	138031907	2	2
TCGA-24-1474	5	138032194	170733191	2	1
TCGA-24-1474	5	170736044	176926741	2	2
TCGA-24-1474	5	176929146	180790320	2	1
TCGA-24-1474	6	149661	31654732	4	2
TCGA-24-1474	6	31657754	32336187	4	0
TCGA-24-1474	6	32341353	45768367	4	1
TCGA-24-1474	6	45768429	50264131	5	1
TCGA-24-1474	6	50264144	126903220	4	1
TCGA-24-1474	6	126905634	133038762	5	1
TCGA-24-1474	6	133039080	171051005	4	1
TCGA-24-1474	7	43259	22007990	3	1
TCGA-24-1474	7	22010598	33821645	3	2
TCGA-24-1474	7	33824673	68997389	3	1
TCGA-24-1474	7	69000715	70249445	2	1
TCGA-24-1474	7	70249908	100017454	3	1
TCGA-24-1474	7	100018227	143815807	4	1
TCGA-24-1474	7	143816085	143904279	2	1
TCGA-24-1474	7	143909235	159127004	4	1
TCGA-24-1474	8	31254	683275	2	0
TCGA-24-1474	8	690103	4380681	4	2
TCGA-24-1474	8	4380957	17392603	2	1
TCGA-24-1474	8	17392828	31768217	1	0
TCGA-24-1474	8	31769583	39250972	3	1
TCGA-24-1474	8	39251487	51469405	4	2
TCGA-24-1474	8	51470230	55603739	5	2
TCGA-24-1474	8	55609790	59140297	2	2
TCGA-24-1474	8	59141022	127410597	2	1
TCGA-24-1474	8	127414959	127786972	16	1
TCGA-24-1474	8	127789246	129309483	19	1
TCGA-24-1474	8	129309688	130720646	3	1
TCGA-24-1474	8	130720876	133782796	12	1
TCGA-24-1474	8	133782845	135193046	14	1
TCGA-24-1474	8	135196078	146298155	2	1
TCGA-24-1474	9	46587	3395593	2	1
TCGA-24-1474	9	3395848	4036449	1	1
TCGA-24-1474	9	4037227	9602863	2	1
TCGA-24-1474	9	9603122	9993699	1	1
TCGA-24-1474	9	9995482	125128747	2	1
TCGA-24-1474	9	125130122	125447146	1	1
TCGA-24-1474	9	125450104	141091394	2	1
TCGA-24-1474	10	72759	1641920	1	0
TCGA-24-1474	10	1642998	1821202	4	0
TCGA-24-1474	10	1827684	2576950	1	0
TCGA-24-1474	10	2581405	3163053	3	0
TCGA-24-1474	10	3163087	4439686	4	0
TCGA-24-1474	10	4443829	6443869	13	0
TCGA-24-1474	10	6445034	9085626	8	0
TCGA-24-1474	10	9086860	10538642	5	0
TCGA-24-1474	10	10539594	12154833	3	0
TCGA-24-1474	10	12154961	17091626	5	0
TCGA-24-1474	10	17092427	18484261	4	0
TCGA-24-1474	10	18486598	20020026	1	0
TCGA-24-1474	10	20025611	20208526	4	0
TCGA-24-1474	10	20208680	20351473	1	0
TCGA-24-1474	10	20354183	22451174	4	0
TCGA-24-1474	10	22451593	22752920	4	2
TCGA-24-1474	10	22753176	23761448	2	2
TCGA-24-1474	10	23761485	24508491	2	1
TCGA-24-1474	10	24523789	24555996	1	0
TCGA-24-1474	10	24560341	28622377	2	1
TCGA-24-1474	10	28628833	28852460	1	0
TCGA-24-1474	10	28857807	30689316	2	1
TCGA-24-1474	10	30690376	32084479	8	2
TCGA-24-1474	10	32085493	33311032	14	1
TCGA-24-1474	10	33312997	33748710	2	1
TCGA-24-1474	10	33749238	51582686	1	1
TCGA-24-1474	10	51586514	135506704	2	1
TCGA-24-1474	11	198572	45909851	1	1
TCGA-24-1474	11	45910173	134944770	2	1
TCGA-24-1474	12	150442	22107591	3	2
TCGA-24-1474	12	22108595	22614922	4	3
TCGA-24-1474	12	22615164	27575236	3	2
TCGA-24-1474	12	27577561	37874868	3	3
TCGA-24-1474	12	37880478	43961929	3	2
TCGA-24-1474	12	43963638	61042362	3	1
TCGA-24-1474	12	61043705	61603220	5	2
TCGA-24-1474	12	61603269	71058733	5	1
TCGA-24-1474	12	71058932	133778189	3	1
TCGA-24-1474	13	19026949	21722190	3	0
TCGA-24-1474	13	21722557	23166570	2	0
TCGA-24-1474	13	23166732	23774481	3	0
TCGA-24-1474	13	23775454	40719978	2	0
TCGA-24-1474	13	40720203	73843869	1	0
TCGA-24-1474	13	73843929	90776365	2	0
TCGA-24-1474	13	90777847	93151860	3	0
TCGA-24-1474	13	93151997	93888819	4	0
TCGA-24-1474	13	93894245	94397620	3	0
TCGA-24-1474	13	94397699	114770445	4	0
TCGA-24-1474	13	114782099	115108397	1	0
TCGA-24-1474	14	19002124	29360716	3	1
TCGA-24-1474	14	29362819	30484107	3	3
TCGA-24-1474	14	30484780	31381609	12	2
TCGA-24-1474	14	31382781	42280316	2	1
TCGA-24-1474	14	42280439	42416778	1	1
TCGA-24-1474	14	42421571	104033097	2	1
TCGA-24-1474	14	104035335	104556433	2	0
TCGA-24-1474	14	104556463	107285437	2	2
TCGA-24-1474	15	20016328	26624970	2	2
TCGA-24-1474	15	26626158	71297346	2	1
TCGA-24-1474	15	71298396	72478539	1	1
TCGA-24-1474	15	72480890	102469040	2	1
TCGA-24-1474	16	60777	16282320	3	0
TCGA-24-1474	16	16290242	90287535	2	0
TCGA-24-1474	17	526	7615272	4	0
TCGA-24-1474	17	7616892	9196576	6	0
TCGA-24-1474	17	9196979	11365731	4	0
TCGA-24-1474	17	11366287	11797651	3	0
TCGA-24-1474	17	11797788	14107579	4	0
TCGA-24-1474	17	14108789	15406990	6	0
TCGA-24-1474	17	15412038	16804472	4	0
TCGA-24-1474	17	16804592	22227836	5	0
TCGA-24-1474	17	22227841	25274376	4	0
TCGA-24-1474	17	25276327	26254949	3	0
TCGA-24-1474	17	26257906	28550732	4	0
TCGA-24-1474	17	28550814	29984041	3	0
TCGA-24-1474	17	29984327	31054231	5	0
TCGA-24-1474	17	31054465	31526331	6	0
TCGA-24-1474	17	31526847	32180785	8	0
TCGA-24-1474	17	32181018	33029774	11	0
TCGA-24-1474	17	33029798	33909724	5	0
TCGA-24-1474	17	33910458	81049726	3	0
TCGA-24-1474	18	48133	25379390	2	1
TCGA-24-1474	18	25381505	78015057	1	1
TCGA-24-1474	19	90910	5565441	2	0
TCGA-24-1474	19	5566232	9366748	2	1
TCGA-24-1474	19	9372206	11820517	6	2
TCGA-24-1474	19	11820536	15521175	8	2
TCGA-24-1474	19	15521767	17028484	5	2
TCGA-24-1474	19	17030593	19597055	3	2
TCGA-24-1474	19	19597787	20324293	4	2
TCGA-24-1474	19	20326366	20832676	2	1
TCGA-24-1474	19	20835890	22062514	2	0
TCGA-24-1474	19	22062923	22439127	3	2
TCGA-24-1474	19	22439446	28677749	2	1
TCGA-24-1474	19	28678497	33842280	1	1
TCGA-24-1474	19	33844477	35282151	2	1
TCGA-24-1474	19	35288707	37716580	3	1
TCGA-24-1474	19	37717357	41854086	2	1
TCGA-24-1474	19	41865643	50801370	1	1
TCGA-24-1474	19	50801694	53473437	2	1
TCGA-24-1474	19	53474073	56933644	1	1
TCGA-24-1474	19	56933864	58398956	1	0
TCGA-24-1474	19	58399462	59097854	2	1
TCGA-24-1474	20	61305	62956153	3	3
TCGA-24-1474	21	10736871	22279297	4	1
TCGA-24-1474	21	22279870	28762423	3	1
TCGA-24-1474	21	28763043	31088908	2	0
TCGA-24-1474	21	31091301	48096957	3	1
TCGA-24-1474	22	16052528	25650176	2	0
TCGA-24-1474	22	25650460	25925078	1	0
TCGA-24-1474	22	25925187	51234455	2	0
TCGA-24-1474	X	168477	25225452	1	0
TCGA-24-1474	X	25227028	26623255	2	1
TCGA-24-1474	X	26624744	30831178	1	1
TCGA-24-1474	X	30834552	32797809	1	0
TCGA-24-1474	X	32800454	33002181	0	0
TCGA-24-1474	X	33004801	51887760	1	0
TCGA-24-1474	X	51887883	151003957	1	1
TCGA-24-1474	X	151005318	155233846	2	1
