sample	chr	startpos	endpos	nMajor	nMinor
TCGA-BK-A0C9	1	61735	121482979	1	1
TCGA-BK-A0C9	1	144007049	249224388	2	1
TCGA-BK-A0C9	2	12784	243089456	2	1
TCGA-BK-A0C9	3	60345	197896118	1	1
TCGA-BK-A0C9	4	12281	191027923	1	1
TCGA-BK-A0C9	5	15532	180790320	1	1
TCGA-BK-A0C9	6	149661	171051005	2	1
TCGA-BK-A0C9	7	43259	159127004	2	1
TCGA-BK-A0C9	8	31254	146298155	2	2
TCGA-BK-A0C9	9	46587	141091394	1	1
TCGA-BK-A0C9	10	72759	86861764	2	1
TCGA-BK-A0C9	10	86862011	135506704	3	0
TCGA-BK-A0C9	11	198572	134944770	1	1
TCGA-BK-A0C9	12	150442	133778189	1	1
TCGA-BK-A0C9	13	19026949	115108397	1	1
TCGA-BK-A0C9	14	19002124	107285437	2	1
TCGA-BK-A0C9	15	20016328	102469040	1	1
TCGA-BK-A0C9	16	60777	70855202	1	1
TCGA-BK-A0C9	16	70855479	71202489	2	1
TCGA-BK-A0C9	16	71202797	90287535	1	1
TCGA-BK-A0C9	17	526	81049726	1	1
TCGA-BK-A0C9	18	48133	78015057	1	1
TCGA-BK-A0C9	19	90910	59097854	1	1
TCGA-BK-A0C9	20	61305	62956153	1	1
TCGA-BK-A0C9	21	10736871	48096957	1	1
TCGA-BK-A0C9	22	16052528	51234455	1	1
TCGA-BK-A0C9	X	168477	155233846	1	1
