sample	chr	startpos	endpos	nMajor	nMinor
TCGA-61-1998	1	61735	4811383	1	0
TCGA-61-1998	1	4812515	24201795	1	1
TCGA-61-1998	1	24213366	34892155	1	0
TCGA-61-1998	1	34892913	166546851	1	1
TCGA-61-1998	1	166548317	174491530	3	1
TCGA-61-1998	1	174493097	182256180	1	1
TCGA-61-1998	1	182256522	183254488	2	0
TCGA-61-1998	1	183254972	226030324	1	1
TCGA-61-1998	1	226032052	227133371	2	1
TCGA-61-1998	1	227133809	235076164	1	1
TCGA-61-1998	1	235076299	249224388	2	1
TCGA-61-1998	2	12784	2477643	2	1
TCGA-61-1998	2	2479822	27016043	1	1
TCGA-61-1998	2	27016351	62722722	2	1
TCGA-61-1998	2	62725246	158178603	1	1
TCGA-61-1998	2	158182159	159980277	2	0
TCGA-61-1998	2	159984008	243089456	1	1
TCGA-61-1998	3	60345	16492546	1	0
TCGA-61-1998	3	16493099	49653123	1	1
TCGA-61-1998	3	49654440	52513027	2	0
TCGA-61-1998	3	52516731	57788834	2	1
TCGA-61-1998	3	57792463	75004381	1	1
TCGA-61-1998	3	75006128	77403911	2	0
TCGA-61-1998	3	77404253	89786229	1	1
TCGA-61-1998	3	89786755	161381636	2	1
TCGA-61-1998	3	161381949	195464094	4	1
TCGA-61-1998	3	195464124	197896118	3	3
TCGA-61-1998	4	12281	9385747	1	1
TCGA-61-1998	4	9385891	10604160	2	0
TCGA-61-1998	4	10604166	15722955	1	1
TCGA-61-1998	4	15725766	18672820	1	0
TCGA-61-1998	4	18672988	25816820	1	1
TCGA-61-1998	4	25818674	26711115	2	0
TCGA-61-1998	4	26711270	32322604	1	1
TCGA-61-1998	4	32324772	45104904	1	0
TCGA-61-1998	4	45105210	47367520	3	1
TCGA-61-1998	4	47368680	57987433	1	1
TCGA-61-1998	4	57991667	109488938	1	0
TCGA-61-1998	4	109489755	191027923	2	0
TCGA-61-1998	5	15532	65869945	1	1
TCGA-61-1998	5	65870473	180790320	1	0
TCGA-61-1998	6	149661	27673258	2	2
TCGA-61-1998	6	27673506	62784667	2	1
TCGA-61-1998	6	62785406	171051005	1	0
TCGA-61-1998	7	43259	67034106	1	1
TCGA-61-1998	7	67035262	76137375	3	1
TCGA-61-1998	7	76143625	150313184	1	1
TCGA-61-1998	7	150313416	152431769	2	1
TCGA-61-1998	7	152431851	156684245	1	1
TCGA-61-1998	7	156687538	159127004	2	1
TCGA-61-1998	8	31254	43749049	1	0
TCGA-61-1998	8	43751932	51564646	1	1
TCGA-61-1998	8	51566749	128935226	3	1
TCGA-61-1998	8	128935423	139490244	3	2
TCGA-61-1998	8	139491198	139854275	4	0
TCGA-61-1998	8	139854690	146298155	3	2
TCGA-61-1998	9	46587	30113864	1	0
TCGA-61-1998	9	30115718	79700368	1	1
TCGA-61-1998	9	79700634	81019406	2	0
TCGA-61-1998	9	81019564	90717901	1	1
TCGA-61-1998	9	90718092	92164742	2	1
TCGA-61-1998	9	92169875	95857650	1	1
TCGA-61-1998	9	95859739	100268645	1	0
TCGA-61-1998	9	100270198	141091394	1	1
TCGA-61-1998	10	72759	44629518	1	1
TCGA-61-1998	10	44631156	45124638	2	0
TCGA-61-1998	10	45125211	135506704	1	1
TCGA-61-1998	11	198572	648694	1	1
TCGA-61-1998	11	652083	3221364	3	1
TCGA-61-1998	11	3229434	62198796	1	1
TCGA-61-1998	11	62199276	64558115	1	0
TCGA-61-1998	11	64558684	134944770	1	1
TCGA-61-1998	12	150442	110375067	1	1
TCGA-61-1998	12	110377278	112964394	2	0
TCGA-61-1998	12	112965142	133778189	1	1
TCGA-61-1998	13	19026949	39328541	1	1
TCGA-61-1998	13	39329692	69242079	1	0
TCGA-61-1998	13	69242162	113717291	1	1
TCGA-61-1998	13	113725059	114600401	4	1
TCGA-61-1998	13	114601184	115108397	2	1
TCGA-61-1998	14	19002124	22376649	2	1
TCGA-61-1998	14	22377373	22977222	3	1
TCGA-61-1998	14	22977249	107285437	1	1
TCGA-61-1998	15	20016328	36276724	1	1
TCGA-61-1998	15	36276857	52815252	1	0
TCGA-61-1998	15	52815269	93152272	1	1
TCGA-61-1998	15	93153098	96023943	2	1
TCGA-61-1998	15	96024055	102469040	1	1
TCGA-61-1998	16	60777	5019182	1	0
TCGA-61-1998	16	5019230	52571171	1	1
TCGA-61-1998	16	52571436	90287535	1	0
TCGA-61-1998	17	526	5620052	1	0
TCGA-61-1998	17	5625946	9131077	2	0
TCGA-61-1998	17	9132041	56560337	1	0
TCGA-61-1998	17	56560933	79676166	2	0
TCGA-61-1998	17	79676310	81049726	1	0
TCGA-61-1998	18	48133	3998799	1	0
TCGA-61-1998	18	3998885	5485196	2	0
TCGA-61-1998	18	5490175	11115878	1	0
TCGA-61-1998	18	11117538	19900462	1	1
TCGA-61-1998	18	19900587	57343009	2	2
TCGA-61-1998	18	57343257	78015057	2	1
TCGA-61-1998	19	90910	58852835	1	1
TCGA-61-1998	19	58855835	59097854	2	0
TCGA-61-1998	20	61305	62956153	1	1
TCGA-61-1998	21	10736871	15206017	2	0
TCGA-61-1998	21	15206065	17086255	2	1
TCGA-61-1998	21	17086366	48096957	1	1
TCGA-61-1998	22	16052528	51234455	1	0
TCGA-61-1998	X	168477	155233846	1	0
