sample	chr	startpos	endpos	nMajor	nMinor
TCGA-TM-A7C5	1	61735	121482979	1	0
TCGA-TM-A7C5	1	144007049	249224388	1	1
TCGA-TM-A7C5	2	12784	243089456	1	1
TCGA-TM-A7C5	3	60345	182339383	1	1
TCGA-TM-A7C5	3	182339963	193936094	1	0
TCGA-TM-A7C5	3	193936660	197896118	1	1
TCGA-TM-A7C5	4	12281	191027923	1	0
TCGA-TM-A7C5	5	15532	180790320	1	1
TCGA-TM-A7C5	6	149661	171051005	1	1
TCGA-TM-A7C5	7	43259	159127004	1	1
TCGA-TM-A7C5	8	31254	146298155	1	1
TCGA-TM-A7C5	9	46587	141091394	1	1
TCGA-TM-A7C5	10	72759	135506704	1	1
TCGA-TM-A7C5	11	198572	134944770	1	1
TCGA-TM-A7C5	12	150442	133778189	1	1
TCGA-TM-A7C5	13	19026949	115108397	1	1
TCGA-TM-A7C5	14	19002124	107285437	1	1
TCGA-TM-A7C5	15	20016328	102469040	1	0
TCGA-TM-A7C5	16	60777	90287535	1	1
TCGA-TM-A7C5	17	526	81049726	1	1
TCGA-TM-A7C5	18	48133	78015057	1	1
TCGA-TM-A7C5	19	90910	24596750	1	1
TCGA-TM-A7C5	19	27747993	59097854	1	0
TCGA-TM-A7C5	20	61305	62956153	1	1
TCGA-TM-A7C5	21	10736871	48096957	1	1
TCGA-TM-A7C5	22	16052528	51234455	1	1
TCGA-TM-A7C5	X	168477	2694240	1	1
TCGA-TM-A7C5	X	2703391	155233846	1	0
