sample	chr	startpos	endpos	nMajor	nMinor
TCGA-FD-A6TI	1	61735	121482979	2	2
TCGA-FD-A6TI	1	144007049	199538245	3	3
TCGA-FD-A6TI	1	199539063	249224388	3	2
TCGA-FD-A6TI	2	12784	243089456	2	2
TCGA-FD-A6TI	3	60345	143200129	4	2
TCGA-FD-A6TI	3	143200689	192612531	5	2
TCGA-FD-A6TI	3	192612557	197896118	4	2
TCGA-FD-A6TI	4	12281	9372303	2	2
TCGA-FD-A6TI	4	9378279	37385086	3	2
TCGA-FD-A6TI	4	37385328	179188478	2	2
TCGA-FD-A6TI	4	179188693	181288401	3	2
TCGA-FD-A6TI	4	181289100	187401290	2	2
TCGA-FD-A6TI	4	187401973	191027923	3	2
TCGA-FD-A6TI	5	15532	1638716	2	2
TCGA-FD-A6TI	5	1639103	4276946	3	2
TCGA-FD-A6TI	5	4277513	17742344	2	2
TCGA-FD-A6TI	5	17744585	30805324	3	2
TCGA-FD-A6TI	5	30805353	96891938	2	2
TCGA-FD-A6TI	5	96895219	101397970	3	2
TCGA-FD-A6TI	5	101403503	180790320	2	2
TCGA-FD-A6TI	6	149661	156197778	2	2
TCGA-FD-A6TI	6	156198381	169002834	2	1
TCGA-FD-A6TI	6	169004647	171051005	2	2
TCGA-FD-A6TI	7	43259	159127004	3	2
TCGA-FD-A6TI	8	31254	2576610	6	1
TCGA-FD-A6TI	8	2578805	5798721	7	1
TCGA-FD-A6TI	8	5802074	43662756	6	1
TCGA-FD-A6TI	8	43663675	146298155	6	2
TCGA-FD-A6TI	9	46587	12140546	5	0
TCGA-FD-A6TI	9	12141524	21785261	4	0
TCGA-FD-A6TI	9	21785304	26210141	5	0
TCGA-FD-A6TI	9	26210349	141091394	4	0
TCGA-FD-A6TI	10	72759	135506704	3	2
TCGA-FD-A6TI	11	198572	42514486	3	3
TCGA-FD-A6TI	11	42514964	79817365	3	2
TCGA-FD-A6TI	11	79821744	101866780	3	3
TCGA-FD-A6TI	11	101867596	134944770	3	2
TCGA-FD-A6TI	12	150442	126576115	2	2
TCGA-FD-A6TI	12	126576115	133778189	3	2
TCGA-FD-A6TI	13	19026949	115108397	2	2
TCGA-FD-A6TI	14	19002124	25743324	2	2
TCGA-FD-A6TI	14	25743501	88352666	3	2
TCGA-FD-A6TI	14	88353310	107285437	2	2
TCGA-FD-A6TI	15	20016328	24117160	4	0
TCGA-FD-A6TI	15	24117803	28100943	3	2
TCGA-FD-A6TI	15	28101137	95395598	2	2
TCGA-FD-A6TI	15	95395934	98681490	3	2
TCGA-FD-A6TI	15	98682895	102469040	2	2
TCGA-FD-A6TI	16	60777	90287535	3	3
TCGA-FD-A6TI	17	526	46978180	2	2
TCGA-FD-A6TI	17	46988044	66631112	6	2
TCGA-FD-A6TI	17	66633424	70894441	7	2
TCGA-FD-A6TI	17	70897142	81049726	6	2
TCGA-FD-A6TI	18	48133	78015057	2	2
TCGA-FD-A6TI	19	90910	59097854	2	2
TCGA-FD-A6TI	20	61305	21961920	3	3
TCGA-FD-A6TI	20	21962333	24393948	4	3
TCGA-FD-A6TI	20	24394770	62956153	3	2
TCGA-FD-A6TI	21	10736871	30306756	3	2
TCGA-FD-A6TI	21	30310639	31632925	2	0
TCGA-FD-A6TI	21	31632974	32434138	3	2
TCGA-FD-A6TI	21	32434839	32866846	2	0
TCGA-FD-A6TI	21	32869357	33068475	2	2
TCGA-FD-A6TI	21	33069297	34059299	2	0
TCGA-FD-A6TI	21	34061160	48096957	3	2
TCGA-FD-A6TI	22	16052528	51234455	2	2
TCGA-FD-A6TI	X	168477	2694240	5	2
TCGA-FD-A6TI	X	2703391	150970831	3	0
TCGA-FD-A6TI	X	150971142	154929308	2	0
TCGA-FD-A6TI	X	154929498	155233846	5	3
