sample	chr	startpos	endpos	nMajor	nMinor
TCGA-50-5936	1	61735	75485904	2	0
TCGA-50-5936	1	75486214	75611815	0	0
TCGA-50-5936	1	75611859	91166964	2	0
TCGA-50-5936	1	91168041	94671969	2	2
TCGA-50-5936	1	94677212	95158284	2	0
TCGA-50-5936	1	95158603	101842322	2	2
TCGA-50-5936	1	101842666	102663407	2	1
TCGA-50-5936	1	102663809	104041057	2	2
TCGA-50-5936	1	104044198	107916169	2	0
TCGA-50-5936	1	107919366	115071420	2	1
TCGA-50-5936	1	115071884	121482979	1	0
TCGA-50-5936	1	144007049	163880481	2	2
TCGA-50-5936	1	163881773	166876683	5	2
TCGA-50-5936	1	166878464	249224388	2	2
TCGA-50-5936	2	12784	46840840	2	2
TCGA-50-5936	2	46847239	47538757	4	2
TCGA-50-5936	2	47545563	97198800	2	2
TCGA-50-5936	2	97198800	141779064	2	1
TCGA-50-5936	2	141779163	142066593	1	0
TCGA-50-5936	2	142071366	142451423	2	1
TCGA-50-5936	2	142455213	142717475	1	0
TCGA-50-5936	2	142719722	243089456	2	1
TCGA-50-5936	3	60345	6317359	2	2
TCGA-50-5936	3	6319263	7106880	5	2
TCGA-50-5936	3	7110094	26856530	2	2
TCGA-50-5936	3	26856595	28133043	2	0
TCGA-50-5936	3	28133703	28392858	2	2
TCGA-50-5936	3	28393387	62281436	2	0
TCGA-50-5936	3	62282482	62782468	4	0
TCGA-50-5936	3	62783165	73548535	2	0
TCGA-50-5936	3	73550488	73643591	2	2
TCGA-50-5936	3	73645584	73802369	2	0
TCGA-50-5936	3	73803443	175076539	2	2
TCGA-50-5936	3	175078326	175359343	2	0
TCGA-50-5936	3	175359403	197896118	2	2
TCGA-50-5936	4	12281	55086397	2	2
TCGA-50-5936	4	55093689	191027923	2	0
TCGA-50-5936	5	15532	180790320	2	2
TCGA-50-5936	6	149661	67804693	2	2
TCGA-50-5936	6	67804700	68417861	2	0
TCGA-50-5936	6	68429912	72906753	2	2
TCGA-50-5936	6	72907197	75838431	2	0
TCGA-50-5936	6	75838596	77579127	2	2
TCGA-50-5936	6	77580013	79503418	2	0
TCGA-50-5936	6	79503884	79581523	2	2
TCGA-50-5936	6	79581916	97756523	2	0
TCGA-50-5936	6	97757782	171051005	2	2
TCGA-50-5936	7	43259	19615872	3	3
TCGA-50-5936	7	19616010	44270602	3	2
TCGA-50-5936	7	44276843	44355099	2	0
TCGA-50-5936	7	44371414	61888128	3	3
TCGA-50-5936	7	61987173	69836837	2	1
TCGA-50-5936	7	69837319	70197494	2	2
TCGA-50-5936	7	70197584	74842451	3	2
TCGA-50-5936	7	74859651	77390246	2	1
TCGA-50-5936	7	77391899	82375568	2	2
TCGA-50-5936	7	82375715	83223340	2	1
TCGA-50-5936	7	83223390	86129396	2	2
TCGA-50-5936	7	86129940	88483587	2	0
TCGA-50-5936	7	88487936	89352407	3	2
TCGA-50-5936	7	89352541	89786135	5	2
TCGA-50-5936	7	89787296	102474939	2	0
TCGA-50-5936	7	102476478	103176576	2	2
TCGA-50-5936	7	103176885	104883305	5	2
TCGA-50-5936	7	104891414	106868475	2	0
TCGA-50-5936	7	106872532	107707172	2	1
TCGA-50-5936	7	107712074	109659225	2	0
TCGA-50-5936	7	109667548	111077582	2	2
TCGA-50-5936	7	111077709	117060281	2	0
TCGA-50-5936	7	117067822	122664719	2	2
TCGA-50-5936	7	122671216	159127004	2	0
TCGA-50-5936	8	31254	146298155	2	2
TCGA-50-5936	9	46587	141091394	2	0
TCGA-50-5936	10	72759	135506704	2	2
TCGA-50-5936	11	198572	134944770	3	0
TCGA-50-5936	12	150442	133778189	2	2
TCGA-50-5936	13	19026949	94687480	2	0
TCGA-50-5936	13	94689471	95090320	4	0
TCGA-50-5936	13	95091739	115108397	2	0
TCGA-50-5936	14	19002124	107285437	2	1
TCGA-50-5936	15	20016328	99232134	3	2
TCGA-50-5936	15	99233799	102469040	2	2
TCGA-50-5936	16	60777	70604924	2	2
TCGA-50-5936	16	70605280	90287535	2	0
TCGA-50-5936	17	526	21564400	2	0
TCGA-50-5936	17	21566026	35141150	2	1
TCGA-50-5936	17	35141462	38882795	2	2
TCGA-50-5936	17	38885353	40257163	2	1
TCGA-50-5936	17	40262472	50829468	2	2
TCGA-50-5936	17	50829547	53204178	2	1
TCGA-50-5936	17	53204509	53684155	5	2
TCGA-50-5936	17	53684381	56318245	2	1
TCGA-50-5936	17	56320158	57734690	5	2
TCGA-50-5936	17	57740075	81049726	2	1
TCGA-50-5936	18	48133	78015057	2	0
TCGA-50-5936	19	90910	702745	2	0
TCGA-50-5936	19	713229	1175396	6	0
TCGA-50-5936	19	1186533	24456957	2	0
TCGA-50-5936	19	24460818	59097854	4	0
TCGA-50-5936	20	61305	26305491	2	0
TCGA-50-5936	20	26305579	35276398	3	3
TCGA-50-5936	20	35276585	62956153	2	0
TCGA-50-5936	21	10736871	48096957	2	2
TCGA-50-5936	22	16052528	51234455	2	0
TCGA-50-5936	X	168477	2694240	2	2
TCGA-50-5936	X	2703391	155233846	2	0
