sample	chr	startpos	endpos	nMajor	nMinor
TCGA-EB-A5SG	1	61735	249224388	1	1
TCGA-EB-A5SG	2	12784	243089456	1	1
TCGA-EB-A5SG	3	60345	197896118	1	1
TCGA-EB-A5SG	4	12281	191027923	1	1
TCGA-EB-A5SG	5	15532	180790320	1	1
TCGA-EB-A5SG	6	149661	58759028	2	1
TCGA-EB-A5SG	6	58774716	171051005	1	1
TCGA-EB-A5SG	7	43259	38294101	1	1
TCGA-EB-A5SG	7	38294996	38366512	1	0
TCGA-EB-A5SG	7	38370792	159127004	1	1
TCGA-EB-A5SG	8	31254	146298155	1	1
TCGA-EB-A5SG	9	46587	141091394	1	1
TCGA-EB-A5SG	10	72759	135506704	1	1
TCGA-EB-A5SG	11	198572	134944770	1	1
TCGA-EB-A5SG	12	150442	133778189	1	1
TCGA-EB-A5SG	13	19026949	115108397	1	1
TCGA-EB-A5SG	14	19002124	22390619	1	1
TCGA-EB-A5SG	14	22392626	22974293	1	0
TCGA-EB-A5SG	14	22975700	107285437	1	1
TCGA-EB-A5SG	15	20016328	102469040	1	1
TCGA-EB-A5SG	16	60777	90287535	1	1
TCGA-EB-A5SG	17	526	81049726	1	1
TCGA-EB-A5SG	18	48133	78015057	1	1
TCGA-EB-A5SG	19	90910	59097854	1	1
TCGA-EB-A5SG	20	61305	62956153	1	1
TCGA-EB-A5SG	21	10736871	48096957	1	1
TCGA-EB-A5SG	22	16052528	34569729	2	1
TCGA-EB-A5SG	22	34569881	34661756	3	1
TCGA-EB-A5SG	22	34662514	45352287	2	1
TCGA-EB-A5SG	22	45354918	48552464	1	1
TCGA-EB-A5SG	22	48554022	49603973	2	1
TCGA-EB-A5SG	22	49604190	51234455	1	1
TCGA-EB-A5SG	X	168477	155233846	1	1
