sample	chr	startpos	endpos	nMajor	nMinor
TCGA-D6-6827	1	61735	121482979	1	1
TCGA-D6-6827	1	144007049	165788031	2	2
TCGA-D6-6827	1	165788321	166457390	3	1
TCGA-D6-6827	1	166457774	249224388	2	2
TCGA-D6-6827	2	12784	243089456	1	1
TCGA-D6-6827	3	60345	197896118	1	1
TCGA-D6-6827	4	12281	191027923	1	1
TCGA-D6-6827	5	15532	408137	2	0
TCGA-D6-6827	5	408582	180790320	1	1
TCGA-D6-6827	6	149661	171051005	1	1
TCGA-D6-6827	7	43259	159127004	2	1
TCGA-D6-6827	8	31254	146298155	1	1
TCGA-D6-6827	9	46587	141091394	1	1
TCGA-D6-6827	10	72759	135506704	1	1
TCGA-D6-6827	11	198572	134944770	2	1
TCGA-D6-6827	12	150442	133778189	1	1
TCGA-D6-6827	13	19026949	30107963	1	1
TCGA-D6-6827	13	30108554	30392808	1	0
TCGA-D6-6827	13	30394776	31133133	2	1
TCGA-D6-6827	13	31133342	31185212	2	0
TCGA-D6-6827	13	31185867	32148565	1	0
TCGA-D6-6827	13	32152092	32337194	2	1
TCGA-D6-6827	13	32338443	33770753	1	0
TCGA-D6-6827	13	33774399	34282300	1	1
TCGA-D6-6827	13	34285799	47906089	1	0
TCGA-D6-6827	13	47907370	48308914	2	0
TCGA-D6-6827	13	48316025	48429070	0	0
TCGA-D6-6827	13	48431473	49428061	1	0
TCGA-D6-6827	13	49435424	50031170	0	0
TCGA-D6-6827	13	50031868	73463396	1	0
TCGA-D6-6827	13	73465989	98546712	1	1
TCGA-D6-6827	13	98552547	99361959	1	0
TCGA-D6-6827	13	99362029	104162304	1	1
TCGA-D6-6827	13	104162365	104228815	1	0
TCGA-D6-6827	13	104232213	104406029	1	1
TCGA-D6-6827	13	104406047	104597539	1	0
TCGA-D6-6827	13	104600760	105662950	1	1
TCGA-D6-6827	13	105663046	106726509	1	0
TCGA-D6-6827	13	106728586	107141349	2	1
TCGA-D6-6827	13	107141433	107274755	1	0
TCGA-D6-6827	13	107275890	107906038	1	1
TCGA-D6-6827	13	107911203	108297550	1	0
TCGA-D6-6827	13	108301153	108314339	3	0
TCGA-D6-6827	13	108314720	109048406	2	1
TCGA-D6-6827	13	109050055	109566832	1	1
TCGA-D6-6827	13	109567946	110169764	1	0
TCGA-D6-6827	13	110170250	111695352	1	1
TCGA-D6-6827	13	111695863	112210201	1	0
TCGA-D6-6827	13	112211348	115108397	1	1
TCGA-D6-6827	14	19002124	107285437	1	1
TCGA-D6-6827	15	20016328	22587474	2	0
TCGA-D6-6827	15	22588019	102469040	1	1
TCGA-D6-6827	16	60777	35283226	1	1
TCGA-D6-6827	16	46463782	70842097	1	0
TCGA-D6-6827	16	70854381	71202489	2	0
TCGA-D6-6827	16	71202797	90287535	1	0
TCGA-D6-6827	17	526	12580150	1	0
TCGA-D6-6827	17	12580341	81049726	1	1
TCGA-D6-6827	18	48133	78015057	1	1
TCGA-D6-6827	19	90910	59097854	1	1
TCGA-D6-6827	20	61305	50776575	1	1
TCGA-D6-6827	20	50778077	50974109	1	0
TCGA-D6-6827	20	50974714	62956153	1	1
TCGA-D6-6827	21	10736871	48096957	1	1
TCGA-D6-6827	22	16052528	51234455	1	1
TCGA-D6-6827	X	168477	881015	2	1
TCGA-D6-6827	X	881112	1778663	1	1
TCGA-D6-6827	X	1794333	3232699	1	0
TCGA-D6-6827	X	3233112	3689435	1	1
TCGA-D6-6827	X	3695258	4191410	2	1
TCGA-D6-6827	X	4195147	4832665	1	0
TCGA-D6-6827	X	4834459	5563107	1	1
TCGA-D6-6827	X	5563321	6317798	2	1
TCGA-D6-6827	X	6320427	9573791	1	1
TCGA-D6-6827	X	9578063	13082719	1	0
TCGA-D6-6827	X	13085396	13255750	1	1
TCGA-D6-6827	X	13256054	15081127	1	0
TCGA-D6-6827	X	15089359	16103591	1	1
TCGA-D6-6827	X	16109081	16972552	2	1
TCGA-D6-6827	X	16976017	18131880	1	1
TCGA-D6-6827	X	18132560	20790653	1	0
TCGA-D6-6827	X	20796265	23125102	2	1
TCGA-D6-6827	X	23125967	33477716	1	1
TCGA-D6-6827	X	33478388	33564576	2	1
TCGA-D6-6827	X	33564997	35071334	1	0
TCGA-D6-6827	X	35077739	36076600	1	1
TCGA-D6-6827	X	36079555	36346108	1	0
TCGA-D6-6827	X	36353097	36511741	2	1
TCGA-D6-6827	X	36512711	38793324	1	0
TCGA-D6-6827	X	38793909	39229516	1	1
TCGA-D6-6827	X	39232009	39760286	1	0
TCGA-D6-6827	X	39765605	40896469	1	1
TCGA-D6-6827	X	40901339	41091244	1	0
TCGA-D6-6827	X	41093413	42100666	1	1
TCGA-D6-6827	X	42101084	47654095	1	0
TCGA-D6-6827	X	47658046	49813566	1	1
TCGA-D6-6827	X	49823892	53053625	1	0
TCGA-D6-6827	X	53055916	53899699	2	1
TCGA-D6-6827	X	53901860	54861634	1	0
TCGA-D6-6827	X	54866504	54910726	2	0
TCGA-D6-6827	X	54910739	55601533	1	0
TCGA-D6-6827	X	55605613	57079776	2	1
TCGA-D6-6827	X	57090151	63540820	1	0
TCGA-D6-6827	X	63544222	64034723	2	1
TCGA-D6-6827	X	64039480	67237982	1	0
TCGA-D6-6827	X	67243553	67258446	2	0
TCGA-D6-6827	X	67258782	67417582	3	0
TCGA-D6-6827	X	67419971	67977850	1	0
TCGA-D6-6827	X	67977897	68501807	2	1
TCGA-D6-6827	X	68503726	68770925	2	0
TCGA-D6-6827	X	68773620	68784828	2	1
TCGA-D6-6827	X	68787164	71156602	1	0
TCGA-D6-6827	X	71157328	71182175	2	1
TCGA-D6-6827	X	71183015	72445842	1	0
TCGA-D6-6827	X	72447560	72611686	2	0
TCGA-D6-6827	X	72614886	72891279	3	1
TCGA-D6-6827	X	72891330	72989564	3	0
TCGA-D6-6827	X	72989778	73542904	2	0
TCGA-D6-6827	X	73549862	74480551	1	0
TCGA-D6-6827	X	74487071	74582286	3	1
TCGA-D6-6827	X	74584568	75640802	1	0
TCGA-D6-6827	X	75641089	77232316	2	1
TCGA-D6-6827	X	77241282	77494960	1	0
TCGA-D6-6827	X	77499199	78403182	2	1
TCGA-D6-6827	X	78403393	80393505	1	0
TCGA-D6-6827	X	80404553	80713199	3	1
TCGA-D6-6827	X	80713711	82992174	1	0
TCGA-D6-6827	X	82993018	83705766	2	1
TCGA-D6-6827	X	83708482	84024896	1	0
TCGA-D6-6827	X	84025364	84260117	1	1
TCGA-D6-6827	X	84260957	88394007	1	0
TCGA-D6-6827	X	88400239	89421466	1	1
TCGA-D6-6827	X	89421760	91274479	1	0
TCGA-D6-6827	X	91281476	91620052	1	1
TCGA-D6-6827	X	91625166	92188180	1	0
TCGA-D6-6827	X	92190336	92348723	3	0
TCGA-D6-6827	X	92349314	93733839	1	0
TCGA-D6-6827	X	93734179	94358812	1	1
TCGA-D6-6827	X	94359608	97831537	1	0
TCGA-D6-6827	X	97833775	98496357	2	1
TCGA-D6-6827	X	98504943	98622850	1	0
TCGA-D6-6827	X	98630522	100514986	1	1
TCGA-D6-6827	X	100515332	103644356	1	0
TCGA-D6-6827	X	103645051	103816056	1	1
TCGA-D6-6827	X	103817726	104740521	1	0
TCGA-D6-6827	X	104755492	105434591	1	1
TCGA-D6-6827	X	105446431	108882091	1	0
TCGA-D6-6827	X	108882623	109262656	1	1
TCGA-D6-6827	X	109264873	112033290	1	0
TCGA-D6-6827	X	112036963	113162869	1	1
TCGA-D6-6827	X	113166749	113411822	1	0
TCGA-D6-6827	X	113414179	113828047	2	1
TCGA-D6-6827	X	113828806	114093762	1	0
TCGA-D6-6827	X	114100970	114951479	1	1
TCGA-D6-6827	X	114954581	115672690	1	0
TCGA-D6-6827	X	115675146	117322970	1	1
TCGA-D6-6827	X	117329665	118007272	1	0
TCGA-D6-6827	X	118007749	118580630	1	1
TCGA-D6-6827	X	118582016	118967092	1	0
TCGA-D6-6827	X	118967114	123359111	1	1
TCGA-D6-6827	X	123359493	124170505	1	0
TCGA-D6-6827	X	124171957	124778596	1	1
TCGA-D6-6827	X	124782677	126004859	1	0
TCGA-D6-6827	X	126005487	126915526	1	1
TCGA-D6-6827	X	126917665	127567737	1	0
TCGA-D6-6827	X	127569594	128479643	1	1
TCGA-D6-6827	X	128483226	129478120	1	0
TCGA-D6-6827	X	129480736	130397166	1	1
TCGA-D6-6827	X	130397317	131914395	1	0
TCGA-D6-6827	X	131914806	131924319	2	0
TCGA-D6-6827	X	131924676	132074183	1	0
TCGA-D6-6827	X	132075965	133210864	1	1
TCGA-D6-6827	X	133211389	139060409	1	0
TCGA-D6-6827	X	139066090	139397493	1	1
TCGA-D6-6827	X	139398655	140047869	1	0
TCGA-D6-6827	X	140053586	141632197	1	1
TCGA-D6-6827	X	141639578	142807658	1	0
TCGA-D6-6827	X	142812926	142956723	2	1
TCGA-D6-6827	X	142970493	143472414	1	0
TCGA-D6-6827	X	143472587	143945149	1	1
TCGA-D6-6827	X	143947027	144127526	1	0
TCGA-D6-6827	X	144128080	144690906	2	1
TCGA-D6-6827	X	144691668	147396155	1	1
TCGA-D6-6827	X	147398299	148052511	1	0
TCGA-D6-6827	X	148057533	149326556	1	1
TCGA-D6-6827	X	149326775	152517039	1	0
TCGA-D6-6827	X	152527831	152772826	1	1
TCGA-D6-6827	X	152774192	153642229	1	0
TCGA-D6-6827	X	153644271	155233846	1	1
