sample	chr	startpos	endpos	nMajor	nMinor
TCGA-68-8251	1	61735	249224388	1	1
TCGA-68-8251	2	12784	243089456	1	0
TCGA-68-8251	3	60345	3743939	1	0
TCGA-68-8251	3	3748433	4340375	0	0
TCGA-68-8251	3	4342353	90502862	1	0
TCGA-68-8251	3	93519478	114389907	1	1
TCGA-68-8251	3	114390189	176691008	2	1
TCGA-68-8251	3	176693589	178556231	1	1
TCGA-68-8251	3	178556266	197896118	2	1
TCGA-68-8251	4	12281	10287251	1	0
TCGA-68-8251	4	10287268	13346102	1	1
TCGA-68-8251	4	13346602	22607632	1	0
TCGA-68-8251	4	22608379	37364037	1	1
TCGA-68-8251	4	37365416	186793755	1	0
TCGA-68-8251	4	186795326	191027923	1	1
TCGA-68-8251	5	15532	44252900	1	1
TCGA-68-8251	5	44253592	44911293	1	0
TCGA-68-8251	5	44916174	45740067	1	1
TCGA-68-8251	5	45748784	137925722	1	0
TCGA-68-8251	5	137942331	138103373	1	1
TCGA-68-8251	5	138104320	155120944	1	0
TCGA-68-8251	5	155121837	167887205	1	1
TCGA-68-8251	5	167887431	168217988	1	0
TCGA-68-8251	5	168218150	180790320	1	1
TCGA-68-8251	6	149661	31827286	2	0
TCGA-68-8251	6	31836151	56290542	1	1
TCGA-68-8251	6	56290815	56853152	1	0
TCGA-68-8251	6	56856966	171051005	1	1
TCGA-68-8251	7	43259	151387964	1	1
TCGA-68-8251	7	151388250	152933241	1	0
TCGA-68-8251	7	152938377	159127004	1	1
TCGA-68-8251	8	31254	3428006	1	1
TCGA-68-8251	8	3429069	40901967	1	0
TCGA-68-8251	8	40903984	58952696	1	1
TCGA-68-8251	8	58954663	60511106	1	0
TCGA-68-8251	8	60517429	71734606	1	1
TCGA-68-8251	8	71736073	72293042	1	0
TCGA-68-8251	8	72293334	128281708	1	1
TCGA-68-8251	8	128282154	128442469	14	4
TCGA-68-8251	8	128447549	128772050	2	1
TCGA-68-8251	8	128777531	138769748	1	1
TCGA-68-8251	8	138770156	139691616	1	0
TCGA-68-8251	8	139691656	146298155	1	1
TCGA-68-8251	9	46587	21763566	1	0
TCGA-68-8251	9	21766532	22137685	0	0
TCGA-68-8251	9	22138105	141091394	1	0
TCGA-68-8251	10	72759	135506704	1	0
TCGA-68-8251	11	198572	12599379	1	0
TCGA-68-8251	11	12601934	13651110	1	1
TCGA-68-8251	11	13651186	15119322	1	0
TCGA-68-8251	11	15119426	15294201	1	1
TCGA-68-8251	11	15294201	16637323	1	0
TCGA-68-8251	11	16637462	17203315	1	1
TCGA-68-8251	11	17204441	19364272	1	0
TCGA-68-8251	11	19366478	20950660	1	1
TCGA-68-8251	11	20950861	22064514	1	0
TCGA-68-8251	11	22066915	23330510	1	1
TCGA-68-8251	11	23333447	32555940	1	0
TCGA-68-8251	11	32556396	35423287	1	1
TCGA-68-8251	11	35425294	45517386	1	0
TCGA-68-8251	11	45521559	50596478	1	1
TCGA-68-8251	11	50608909	84927522	1	0
TCGA-68-8251	11	84929379	88762718	1	1
TCGA-68-8251	11	88768334	91895581	1	0
TCGA-68-8251	11	91900136	92141311	1	1
TCGA-68-8251	11	92141807	134944770	1	0
TCGA-68-8251	12	150442	133778189	1	1
TCGA-68-8251	13	19026949	115108397	1	0
TCGA-68-8251	14	19002124	22519653	1	0
TCGA-68-8251	14	22519841	22995817	0	0
TCGA-68-8251	14	22997524	107285437	1	0
TCGA-68-8251	15	20016328	29451629	1	1
TCGA-68-8251	15	29453000	95227877	1	0
TCGA-68-8251	15	95229989	99608971	1	1
TCGA-68-8251	15	99609016	102469040	1	0
TCGA-68-8251	16	60777	90287535	1	0
TCGA-68-8251	17	526	22227836	1	0
TCGA-68-8251	17	22227841	29429261	1	1
TCGA-68-8251	17	29432908	30596502	1	0
TCGA-68-8251	17	30597243	81049726	1	1
TCGA-68-8251	18	48133	78015057	1	1
TCGA-68-8251	19	90910	22201608	1	1
TCGA-68-8251	19	22202166	22727289	1	0
TCGA-68-8251	19	22728164	59097854	1	1
TCGA-68-8251	20	61305	47647697	1	1
TCGA-68-8251	20	47649615	59165671	1	0
TCGA-68-8251	20	59168069	62956153	1	1
TCGA-68-8251	21	10736871	48096957	1	0
TCGA-68-8251	22	16052528	51234455	1	0
TCGA-68-8251	X	168477	155233846	1	0
