sample	chr	startpos	endpos	nMajor	nMinor
TCGA-CQ-6223	1	61735	121482979	2	1
TCGA-CQ-6223	1	144007049	249224388	2	2
TCGA-CQ-6223	2	12784	243089456	2	2
TCGA-CQ-6223	3	60345	89206077	2	0
TCGA-CQ-6223	3	89207222	90378694	17	3
TCGA-CQ-6223	3	90394583	197896118	7	2
TCGA-CQ-6223	4	12281	49503166	2	1
TCGA-CQ-6223	4	49503785	191027923	2	2
TCGA-CQ-6223	5	15532	180790320	2	2
TCGA-CQ-6223	6	149661	6250248	1	1
TCGA-CQ-6223	6	6250284	8118674	2	2
TCGA-CQ-6223	6	8125393	9980598	1	1
TCGA-CQ-6223	6	9981493	11495324	2	2
TCGA-CQ-6223	6	11495818	29707307	1	1
TCGA-CQ-6223	6	29708222	171051005	2	1
TCGA-CQ-6223	7	43259	159127004	2	2
TCGA-CQ-6223	8	31254	3437134	2	2
TCGA-CQ-6223	8	3442734	3681641	2	0
TCGA-CQ-6223	8	3682023	146298155	2	2
TCGA-CQ-6223	9	46587	19711014	2	2
TCGA-CQ-6223	9	19711275	37494808	2	0
TCGA-CQ-6223	9	37495192	141091394	2	2
TCGA-CQ-6223	10	72759	38670620	2	1
TCGA-CQ-6223	10	38677347	135506704	2	2
TCGA-CQ-6223	11	198572	134449146	2	2
TCGA-CQ-6223	11	134449247	134696354	3	1
TCGA-CQ-6223	11	134696375	134944770	2	2
TCGA-CQ-6223	12	150442	133778189	2	2
TCGA-CQ-6223	13	19026949	115108397	2	2
TCGA-CQ-6223	14	19002124	107285437	2	2
TCGA-CQ-6223	15	20016328	102469040	2	2
TCGA-CQ-6223	16	60777	90287535	2	2
TCGA-CQ-6223	17	526	20495624	2	0
TCGA-CQ-6223	17	20496164	21707731	4	2
TCGA-CQ-6223	17	21708202	22214014	6	2
TCGA-CQ-6223	17	22216940	81049726	2	2
TCGA-CQ-6223	18	48133	14406969	2	0
TCGA-CQ-6223	18	14407179	35580245	2	1
TCGA-CQ-6223	18	35584240	78015057	2	0
TCGA-CQ-6223	19	90910	24507167	2	0
TCGA-CQ-6223	19	24507172	59097854	2	2
TCGA-CQ-6223	20	61305	62956153	2	2
TCGA-CQ-6223	21	10736871	48096957	2	0
TCGA-CQ-6223	22	16052528	51234455	2	2
TCGA-CQ-6223	X	168477	2693175	2	1
TCGA-CQ-6223	X	2693624	154840711	2	0
TCGA-CQ-6223	X	154844287	155233846	1	0
