sample	chr	startpos	endpos	nMajor	nMinor
TCGA-AR-A24U	1	61735	121482979	1	1
TCGA-AR-A24U	1	144007049	249224388	2	1
TCGA-AR-A24U	2	12784	243089456	1	1
TCGA-AR-A24U	3	60345	197896118	1	1
TCGA-AR-A24U	4	12281	17591468	1	1
TCGA-AR-A24U	4	17591627	22879857	1	0
TCGA-AR-A24U	4	22880417	25070196	1	1
TCGA-AR-A24U	4	25070882	49089374	1	0
TCGA-AR-A24U	4	49093786	57261234	1	1
TCGA-AR-A24U	4	57264397	59117179	1	0
TCGA-AR-A24U	4	59118811	86265040	1	1
TCGA-AR-A24U	4	86265143	99520855	2	1
TCGA-AR-A24U	4	99521345	191027923	1	1
TCGA-AR-A24U	5	15532	46377327	2	1
TCGA-AR-A24U	5	46381782	78516985	1	0
TCGA-AR-A24U	5	78517143	80037116	1	1
TCGA-AR-A24U	5	80037514	94798430	1	0
TCGA-AR-A24U	5	94799142	96221426	2	2
TCGA-AR-A24U	5	96221889	111606805	1	1
TCGA-AR-A24U	5	111609021	166893544	1	0
TCGA-AR-A24U	5	166893662	180790320	2	1
TCGA-AR-A24U	6	149661	171051005	1	1
TCGA-AR-A24U	7	43259	159127004	1	1
TCGA-AR-A24U	8	31254	43767226	1	0
TCGA-AR-A24U	8	43778914	58266249	2	1
TCGA-AR-A24U	8	58266339	66893801	2	2
TCGA-AR-A24U	8	66894142	77466436	3	1
TCGA-AR-A24U	8	77468435	83310279	3	3
TCGA-AR-A24U	8	83313852	94351368	4	3
TCGA-AR-A24U	8	94352783	95719387	5	4
TCGA-AR-A24U	8	95720662	103517059	4	3
TCGA-AR-A24U	8	103517702	106376596	5	5
TCGA-AR-A24U	8	106377021	107009079	5	0
TCGA-AR-A24U	8	107011025	107767224	5	5
TCGA-AR-A24U	8	107773619	111173726	4	1
TCGA-AR-A24U	8	111173806	114179681	5	0
TCGA-AR-A24U	8	114179926	117501803	4	4
TCGA-AR-A24U	8	117506530	118699464	5	1
TCGA-AR-A24U	8	118699585	118990984	5	5
TCGA-AR-A24U	8	118991029	121921643	5	1
TCGA-AR-A24U	8	121923918	125249998	5	0
TCGA-AR-A24U	8	125250405	127592616	4	1
TCGA-AR-A24U	8	127592786	130013999	5	5
TCGA-AR-A24U	8	130016814	132195120	4	4
TCGA-AR-A24U	8	132205298	133211749	5	0
TCGA-AR-A24U	8	133213084	135954518	4	1
TCGA-AR-A24U	8	135954878	146298155	4	0
TCGA-AR-A24U	9	46587	141091394	1	1
TCGA-AR-A24U	10	72759	38918993	2	2
TCGA-AR-A24U	10	38920806	44347063	1	1
TCGA-AR-A24U	10	44347246	65986355	1	0
TCGA-AR-A24U	10	65994428	67501160	10	1
TCGA-AR-A24U	10	67506495	70897820	1	1
TCGA-AR-A24U	10	70898352	75873264	4	1
TCGA-AR-A24U	10	75874415	76296380	2	1
TCGA-AR-A24U	10	76299315	80041351	7	1
TCGA-AR-A24U	10	80047418	80055274	5	5
TCGA-AR-A24U	10	80058892	80435869	1	1
TCGA-AR-A24U	10	80442868	81347813	9	1
TCGA-AR-A24U	10	81347842	135506704	1	0
TCGA-AR-A24U	11	198572	134944770	1	1
TCGA-AR-A24U	12	150442	133778189	1	1
TCGA-AR-A24U	13	19026949	115108397	2	1
TCGA-AR-A24U	14	19002124	92670928	1	1
TCGA-AR-A24U	14	92671089	95260489	2	1
TCGA-AR-A24U	14	95264858	107285437	1	0
TCGA-AR-A24U	15	20016328	102469040	1	1
TCGA-AR-A24U	16	60777	35283226	1	1
TCGA-AR-A24U	16	46463782	90287535	1	0
TCGA-AR-A24U	17	526	4906648	2	0
TCGA-AR-A24U	17	4906710	22125034	1	0
TCGA-AR-A24U	17	22125659	36519803	1	1
TCGA-AR-A24U	17	36520410	37413108	5	1
TCGA-AR-A24U	17	37419317	38197305	17	1
TCGA-AR-A24U	17	38200951	38900462	2	1
TCGA-AR-A24U	17	38900881	45474286	1	0
TCGA-AR-A24U	17	45478611	46285061	6	1
TCGA-AR-A24U	17	46290249	46371724	1	0
TCGA-AR-A24U	17	46372573	47117902	13	2
TCGA-AR-A24U	17	47118047	47456064	4	1
TCGA-AR-A24U	17	47457481	48644537	1	1
TCGA-AR-A24U	17	48648861	48991357	13	1
TCGA-AR-A24U	17	49002559	58470304	1	0
TCGA-AR-A24U	17	58470867	58613330	5	4
TCGA-AR-A24U	17	58613417	58634884	5	5
TCGA-AR-A24U	17	58637183	58922916	4	3
TCGA-AR-A24U	17	58923071	62337474	1	0
TCGA-AR-A24U	17	62338815	63565910	10	1
TCGA-AR-A24U	17	63566399	72124511	1	0
TCGA-AR-A24U	17	72127577	73041163	8	1
TCGA-AR-A24U	17	73046892	76132259	1	0
TCGA-AR-A24U	17	76132692	81049726	1	1
TCGA-AR-A24U	18	48133	78015057	1	1
TCGA-AR-A24U	19	90910	27909876	1	1
TCGA-AR-A24U	19	27910675	31686911	4	1
TCGA-AR-A24U	19	31692461	57421106	1	1
TCGA-AR-A24U	19	57421150	59097854	2	1
TCGA-AR-A24U	20	61305	62956153	1	1
TCGA-AR-A24U	21	10736871	27059071	1	0
TCGA-AR-A24U	21	27060862	28246382	2	0
TCGA-AR-A24U	21	28246908	32446777	1	0
TCGA-AR-A24U	21	32450137	34825791	5	0
TCGA-AR-A24U	21	34835929	36445002	3	0
TCGA-AR-A24U	21	36445224	37662439	1	1
TCGA-AR-A24U	21	37663995	45193473	3	0
TCGA-AR-A24U	21	45194009	48096957	1	0
TCGA-AR-A24U	22	16052528	19846851	1	0
TCGA-AR-A24U	22	19846987	34599289	1	1
TCGA-AR-A24U	22	34600013	34668891	6	1
TCGA-AR-A24U	22	34672759	41176563	2	1
TCGA-AR-A24U	22	41181853	44313849	1	1
TCGA-AR-A24U	22	44316700	47729062	2	0
TCGA-AR-A24U	22	47729347	49755141	4	1
TCGA-AR-A24U	22	49755477	51234455	1	0
TCGA-AR-A24U	X	168477	56004659	1	1
TCGA-AR-A24U	X	56004892	115575302	1	0
TCGA-AR-A24U	X	115575956	116249929	2	1
TCGA-AR-A24U	X	116250468	117104907	7	1
TCGA-AR-A24U	X	117106927	155233846	1	0
