sample	chr	startpos	endpos	nMajor	nMinor
TCGA-55-7727-b	1	61735	27176431	2	1
TCGA-55-7727-b	1	27177907	121482979	2	2
TCGA-55-7727-b	1	144007049	154230105	4	1
TCGA-55-7727-b	1	154233016	156700768	7	1
TCGA-55-7727-b	1	156700845	201192884	4	1
TCGA-55-7727-b	1	201193668	202745429	6	1
TCGA-55-7727-b	1	202745429	245347142	4	1
TCGA-55-7727-b	1	245348263	249224388	3	3
TCGA-55-7727-b	2	12784	64219887	3	1
TCGA-55-7727-b	2	64223352	64568307	5	1
TCGA-55-7727-b	2	64568495	99212889	3	1
TCGA-55-7727-b	2	99214786	106460695	2	0
TCGA-55-7727-b	2	106460814	243089456	2	2
TCGA-55-7727-b	3	60345	197896118	2	1
TCGA-55-7727-b	4	12281	6350641	2	1
TCGA-55-7727-b	4	6350710	7924370	4	2
TCGA-55-7727-b	4	7925113	24424154	2	2
TCGA-55-7727-b	4	24428608	26304484	4	2
TCGA-55-7727-b	4	26309269	191027923	2	2
TCGA-55-7727-b	5	15532	46383335	8	2
TCGA-55-7727-b	5	46386392	53934304	3	2
TCGA-55-7727-b	5	53935622	103070299	2	1
TCGA-55-7727-b	5	103071358	134474637	1	0
TCGA-55-7727-b	5	134475494	165045758	2	1
TCGA-55-7727-b	5	165047392	180790320	4	1
TCGA-55-7727-b	6	149661	58774716	2	2
TCGA-55-7727-b	6	61886440	66522851	3	2
TCGA-55-7727-b	6	66523298	97588710	2	0
TCGA-55-7727-b	6	97594752	99807127	4	0
TCGA-55-7727-b	6	99808532	103156998	2	0
TCGA-55-7727-b	6	103158574	171051005	3	0
TCGA-55-7727-b	7	43259	61987244	3	2
TCGA-55-7727-b	7	61987257	127465095	2	1
TCGA-55-7727-b	7	127467959	129218091	3	2
TCGA-55-7727-b	7	129225579	159127004	2	2
TCGA-55-7727-b	8	31254	19900748	1	0
TCGA-55-7727-b	8	19903139	20275566	3	0
TCGA-55-7727-b	8	20276281	21681501	1	0
TCGA-55-7727-b	8	21682044	30185611	2	1
TCGA-55-7727-b	8	30187258	80317220	2	2
TCGA-55-7727-b	8	80317615	82129515	4	2
TCGA-55-7727-b	8	82129842	87098211	2	2
TCGA-55-7727-b	8	87098393	146298155	3	2
TCGA-55-7727-b	9	46587	33140789	2	2
TCGA-55-7727-b	9	33140976	34921681	4	2
TCGA-55-7727-b	9	34925201	141091394	2	2
TCGA-55-7727-b	10	72759	22341895	3	2
TCGA-55-7727-b	10	22342077	135506704	2	2
TCGA-55-7727-b	11	198572	11478010	2	1
TCGA-55-7727-b	11	11479866	13588943	2	2
TCGA-55-7727-b	11	13589010	72583520	2	1
TCGA-55-7727-b	11	72588730	74467950	4	1
TCGA-55-7727-b	11	74474865	134944770	2	1
TCGA-55-7727-b	12	150442	50514478	2	0
TCGA-55-7727-b	12	50516156	52403110	4	0
TCGA-55-7727-b	12	52410060	133778189	2	0
TCGA-55-7727-b	13	19026949	52332722	2	0
TCGA-55-7727-b	13	52334619	115108397	2	2
TCGA-55-7727-b	14	19002124	28292105	2	2
TCGA-55-7727-b	14	28294108	29132035	5	2
TCGA-55-7727-b	14	29132496	35357350	8	2
TCGA-55-7727-b	14	35360635	39666734	8	4
TCGA-55-7727-b	14	39671835	48358413	7	2
TCGA-55-7727-b	14	48358696	57237437	2	1
TCGA-55-7727-b	14	57238033	107285437	1	1
TCGA-55-7727-b	15	20016328	74355648	2	0
TCGA-55-7727-b	15	74394995	75962029	4	0
TCGA-55-7727-b	15	75964226	102469040	2	0
TCGA-55-7727-b	16	60777	35283226	2	1
TCGA-55-7727-b	16	46463782	67460541	2	0
TCGA-55-7727-b	16	67461695	68869267	2	1
TCGA-55-7727-b	16	68869510	90287535	2	0
TCGA-55-7727-b	17	526	17766296	1	0
TCGA-55-7727-b	17	17773166	19130231	1	1
TCGA-55-7727-b	17	19149286	19926500	6	1
TCGA-55-7727-b	17	19927699	47577719	2	2
TCGA-55-7727-b	17	47577839	49461290	3	2
TCGA-55-7727-b	17	49464497	81049726	3	1
TCGA-55-7727-b	18	48133	39256047	2	2
TCGA-55-7727-b	18	39259148	78015057	2	0
TCGA-55-7727-b	19	90910	27751675	2	1
TCGA-55-7727-b	19	27762138	36043589	3	0
TCGA-55-7727-b	19	36045403	38942248	4	0
TCGA-55-7727-b	19	38945851	47084959	3	0
TCGA-55-7727-b	19	47091449	59097854	2	0
TCGA-55-7727-b	20	61305	24728158	2	1
TCGA-55-7727-b	20	24732436	24895855	4	1
TCGA-55-7727-b	20	24897293	45534053	2	2
TCGA-55-7727-b	20	45534919	46145124	6	1
TCGA-55-7727-b	20	46145277	62956153	3	1
TCGA-55-7727-b	21	10736871	48096957	4	1
TCGA-55-7727-b	22	16052528	21188999	2	1
TCGA-55-7727-b	22	21189014	34619587	3	1
TCGA-55-7727-b	22	34625130	50458631	1	1
TCGA-55-7727-b	22	50461013	51234455	4	1
TCGA-55-7727-b	X	168477	2694240	2	1
TCGA-55-7727-b	X	2703391	154848078	2	0
TCGA-55-7727-b	X	154849234	155233846	1	0
