sample	chr	startpos	endpos	nMajor	nMinor
TCGA-CW-5581	1	61735	249224388	1	1
TCGA-CW-5581	2	12784	243089456	1	1
TCGA-CW-5581	3	60345	58006413	1	0
TCGA-CW-5581	3	58009259	59918223	1	1
TCGA-CW-5581	3	59919993	62166837	1	0
TCGA-CW-5581	3	62167188	128228167	1	1
TCGA-CW-5581	3	128229571	130909356	2	1
TCGA-CW-5581	3	130911572	140785834	1	1
TCGA-CW-5581	3	140787552	143052798	2	1
TCGA-CW-5581	3	143055646	197896118	1	1
TCGA-CW-5581	4	12281	15175003	1	1
TCGA-CW-5581	4	15181187	15564535	1	0
TCGA-CW-5581	4	15565208	16773219	1	1
TCGA-CW-5581	4	16773323	19117837	1	0
TCGA-CW-5581	4	19120064	31495213	1	1
TCGA-CW-5581	4	31496548	42662283	1	0
TCGA-CW-5581	4	42662336	44532463	1	1
TCGA-CW-5581	4	44533192	47772548	1	0
TCGA-CW-5581	4	47772972	57093456	1	1
TCGA-CW-5581	4	57093975	57254422	1	0
TCGA-CW-5581	4	57254568	191027923	1	1
TCGA-CW-5581	5	15532	112842197	1	1
TCGA-CW-5581	5	112842992	113823916	2	1
TCGA-CW-5581	5	113824499	114587448	1	1
TCGA-CW-5581	5	114588021	115341638	2	1
TCGA-CW-5581	5	115342559	116588527	1	1
TCGA-CW-5581	5	116588730	180790320	2	1
TCGA-CW-5581	6	149661	109477092	1	1
TCGA-CW-5581	6	109483623	110386342	2	1
TCGA-CW-5581	6	110389869	112215541	2	2
TCGA-CW-5581	6	112219460	113333886	2	1
TCGA-CW-5581	6	113334793	171051005	1	1
TCGA-CW-5581	7	43259	159127004	1	1
TCGA-CW-5581	8	31254	146298155	1	1
TCGA-CW-5581	9	46587	131520281	1	1
TCGA-CW-5581	9	131524566	141091394	1	0
TCGA-CW-5581	10	72759	15749443	1	0
TCGA-CW-5581	10	15751823	72368608	1	1
TCGA-CW-5581	10	72373218	75007588	2	1
TCGA-CW-5581	10	75013289	135506704	1	1
TCGA-CW-5581	11	198572	134944770	1	1
TCGA-CW-5581	12	150442	52399254	1	1
TCGA-CW-5581	12	52403110	54745004	2	1
TCGA-CW-5581	12	54750927	133778189	1	1
TCGA-CW-5581	13	19026949	115108397	1	1
TCGA-CW-5581	14	19002124	34436023	1	1
TCGA-CW-5581	14	34436418	37402053	21	0
TCGA-CW-5581	14	37403647	107285437	1	1
TCGA-CW-5581	15	20016328	64799698	1	1
TCGA-CW-5581	15	64804243	67442527	2	1
TCGA-CW-5581	15	67446298	102469040	1	1
TCGA-CW-5581	16	60777	83665234	2	1
TCGA-CW-5581	16	83665269	85972612	3	1
TCGA-CW-5581	16	85972819	90287535	2	1
TCGA-CW-5581	17	526	81049726	1	1
TCGA-CW-5581	18	48133	55138320	1	1
TCGA-CW-5581	18	55138556	57343009	2	1
TCGA-CW-5581	18	57343257	78015057	1	1
TCGA-CW-5581	19	90910	59097854	1	1
TCGA-CW-5581	20	61305	62956153	1	1
TCGA-CW-5581	21	10736871	48096957	1	1
TCGA-CW-5581	22	16052528	36885652	1	1
TCGA-CW-5581	22	36888444	39200776	2	1
TCGA-CW-5581	22	39201562	40502365	1	1
TCGA-CW-5581	22	40502608	43124240	2	1
TCGA-CW-5581	22	43124828	51234455	1	1
TCGA-CW-5581	X	168477	152213797	1	0
TCGA-CW-5581	X	152214026	154347720	2	0
TCGA-CW-5581	X	154348276	155233846	1	0
