sample	chr	startpos	endpos	nMajor	nMinor
TCGA-UD-AAC1	1	61735	249224388	2	0
TCGA-UD-AAC1	2	12784	243089456	2	0
TCGA-UD-AAC1	3	60345	197896118	2	0
TCGA-UD-AAC1	4	12281	191027923	2	0
TCGA-UD-AAC1	5	15532	180790320	2	2
TCGA-UD-AAC1	6	149661	171051005	2	0
TCGA-UD-AAC1	7	43259	159127004	2	2
TCGA-UD-AAC1	8	31254	146298155	2	0
TCGA-UD-AAC1	9	46587	141091394	2	0
TCGA-UD-AAC1	10	72759	135506704	2	0
TCGA-UD-AAC1	11	198572	134944770	2	0
TCGA-UD-AAC1	12	150442	133778189	2	0
TCGA-UD-AAC1	13	19026949	115108397	2	0
TCGA-UD-AAC1	14	19002124	20427502	2	1
TCGA-UD-AAC1	14	20427613	107285437	2	0
TCGA-UD-AAC1	15	20016328	102469040	2	0
TCGA-UD-AAC1	16	60777	6408154	2	0
TCGA-UD-AAC1	16	6413744	6874659	1	0
TCGA-UD-AAC1	16	6875404	90287535	2	0
TCGA-UD-AAC1	17	526	81049726	2	0
TCGA-UD-AAC1	18	48133	78015057	2	0
TCGA-UD-AAC1	19	90910	59097854	2	0
TCGA-UD-AAC1	20	61305	62956153	2	0
TCGA-UD-AAC1	21	10736871	48096957	2	0
TCGA-UD-AAC1	22	16052528	51234455	2	0
TCGA-UD-AAC1	X	168477	155233846	2	0
