sample	chr	startpos	endpos	nMajor	nMinor
TCGA-ZB-A964	1	61735	249224388	1	1
TCGA-ZB-A964	2	12784	243089456	1	1
TCGA-ZB-A964	3	60345	197896118	1	1
TCGA-ZB-A964	4	12281	191027923	1	1
TCGA-ZB-A964	5	15532	180790320	1	1
TCGA-ZB-A964	6	149661	171051005	1	1
TCGA-ZB-A964	7	43259	159127004	1	1
TCGA-ZB-A964	8	31254	146298155	1	1
TCGA-ZB-A964	9	46587	141091394	1	1
TCGA-ZB-A964	10	72759	135506704	1	1
TCGA-ZB-A964	11	198572	134944770	1	1
TCGA-ZB-A964	12	150442	133778189	1	1
TCGA-ZB-A964	13	19026949	115108397	1	1
TCGA-ZB-A964	14	19002124	22550300	1	1
TCGA-ZB-A964	14	22553002	22970050	2	1
TCGA-ZB-A964	14	22970236	107285437	1	1
TCGA-ZB-A964	15	20016328	102469040	1	1
TCGA-ZB-A964	16	60777	90287535	1	1
TCGA-ZB-A964	17	526	81049726	1	1
TCGA-ZB-A964	18	48133	78015057	1	1
TCGA-ZB-A964	19	90910	59097854	1	1
TCGA-ZB-A964	20	61305	62956153	1	1
TCGA-ZB-A964	21	10736871	48096957	1	1
TCGA-ZB-A964	22	16052528	51234455	1	1
TCGA-ZB-A964	X	168477	2694240	1	1
TCGA-ZB-A964	X	2703391	154929308	1	0
TCGA-ZB-A964	X	154929498	155233846	1	1
