sample	chr	startpos	endpos	nMajor	nMinor
TCGA-C5-A3HL	1	61735	204434927	1	1
TCGA-C5-A3HL	1	204436181	239343023	1	0
TCGA-C5-A3HL	1	239343047	249224388	1	1
TCGA-C5-A3HL	2	12784	243089456	1	1
TCGA-C5-A3HL	3	60345	130380616	1	1
TCGA-C5-A3HL	3	130383119	197896118	6	1
TCGA-C5-A3HL	4	12281	191027923	1	1
TCGA-C5-A3HL	5	15532	180790320	1	1
TCGA-C5-A3HL	6	149661	171051005	1	1
TCGA-C5-A3HL	7	43259	159127004	1	1
TCGA-C5-A3HL	8	31254	146298155	1	1
TCGA-C5-A3HL	9	46587	141091394	1	1
TCGA-C5-A3HL	10	72759	83735017	1	1
TCGA-C5-A3HL	10	83739547	111965625	1	0
TCGA-C5-A3HL	10	111966844	135506704	1	1
TCGA-C5-A3HL	11	198572	134944770	1	1
TCGA-C5-A3HL	12	150442	133778189	1	1
TCGA-C5-A3HL	13	19026949	115108397	1	1
TCGA-C5-A3HL	14	19002124	107285437	1	1
TCGA-C5-A3HL	15	20016328	102469040	1	1
TCGA-C5-A3HL	16	60777	90287535	1	1
TCGA-C5-A3HL	17	526	81049726	1	1
TCGA-C5-A3HL	18	48133	78015057	1	1
TCGA-C5-A3HL	19	90910	59097854	1	1
TCGA-C5-A3HL	20	61305	62956153	1	1
TCGA-C5-A3HL	21	10736871	48096957	1	1
TCGA-C5-A3HL	22	16052528	51234455	1	1
TCGA-C5-A3HL	X	168477	155233846	1	1
