sample	chr	startpos	endpos	nMajor	nMinor
TCGA-55-8301-b	1	61735	121482979	1	0
TCGA-55-8301-b	1	144007049	249224388	2	1
TCGA-55-8301-b	2	12784	243089456	1	0
TCGA-55-8301-b	3	60345	168325141	1	0
TCGA-55-8301-b	3	168325202	197896118	2	0
TCGA-55-8301-b	4	12281	191027923	1	0
TCGA-55-8301-b	5	15532	30153327	4	1
TCGA-55-8301-b	5	30158032	38209532	3	1
TCGA-55-8301-b	5	38210894	39116726	2	2
TCGA-55-8301-b	5	39117087	40669184	1	0
TCGA-55-8301-b	5	40670061	46097059	1	1
TCGA-55-8301-b	5	46097647	154385025	1	0
TCGA-55-8301-b	5	154385053	180790320	1	1
TCGA-55-8301-b	6	149661	40220106	1	0
TCGA-55-8301-b	6	40221026	45325748	1	1
TCGA-55-8301-b	6	45326088	74099728	1	0
TCGA-55-8301-b	6	74111009	76010407	2	0
TCGA-55-8301-b	6	76010433	141024879	1	0
TCGA-55-8301-b	6	141026033	147258306	2	0
TCGA-55-8301-b	6	147259099	162209898	1	0
TCGA-55-8301-b	6	162210379	166003641	2	0
TCGA-55-8301-b	6	166007270	171051005	1	0
TCGA-55-8301-b	7	43259	159127004	1	1
TCGA-55-8301-b	8	31254	41158004	1	0
TCGA-55-8301-b	8	41158004	57916348	1	1
TCGA-55-8301-b	8	57917944	61513392	2	1
TCGA-55-8301-b	8	61513833	68512437	1	1
TCGA-55-8301-b	8	68513119	71012325	2	1
TCGA-55-8301-b	8	71012811	82001432	1	1
TCGA-55-8301-b	8	82003363	84781345	3	1
TCGA-55-8301-b	8	84783296	86506805	2	1
TCGA-55-8301-b	8	86510294	128602212	1	1
TCGA-55-8301-b	8	128603328	135575855	3	1
TCGA-55-8301-b	8	135577008	139159028	4	1
TCGA-55-8301-b	8	139159079	146298155	3	1
TCGA-55-8301-b	9	46587	47217176	1	1
TCGA-55-8301-b	9	65616971	141091394	1	0
TCGA-55-8301-b	10	72759	81215357	1	1
TCGA-55-8301-b	10	81216207	126877797	1	0
TCGA-55-8301-b	10	126878833	135506704	1	1
TCGA-55-8301-b	11	198572	103196329	1	0
TCGA-55-8301-b	11	103197902	103470305	2	0
TCGA-55-8301-b	11	103476927	134944770	1	0
TCGA-55-8301-b	12	150442	125823964	1	1
TCGA-55-8301-b	12	125824051	133778189	1	0
TCGA-55-8301-b	13	19026949	115108397	1	0
TCGA-55-8301-b	14	19002124	27546536	1	1
TCGA-55-8301-b	14	27546796	39779455	2	1
TCGA-55-8301-b	14	39782336	67000824	1	1
TCGA-55-8301-b	14	67003873	107285437	1	0
TCGA-55-8301-b	15	20016328	102469040	1	0
TCGA-55-8301-b	16	60777	90287535	1	0
TCGA-55-8301-b	17	526	81049726	1	0
TCGA-55-8301-b	18	48133	78015057	1	0
TCGA-55-8301-b	19	90910	7869138	1	0
TCGA-55-8301-b	19	7875243	12774862	1	1
TCGA-55-8301-b	19	12776302	24596750	1	0
TCGA-55-8301-b	19	27747993	29399652	7	1
TCGA-55-8301-b	19	29400017	30400158	10	1
TCGA-55-8301-b	19	30400285	30924388	8	1
TCGA-55-8301-b	19	30925298	32761678	5	1
TCGA-55-8301-b	19	32764131	33570263	7	1
TCGA-55-8301-b	19	33574536	33670981	4	1
TCGA-55-8301-b	19	33671624	59097854	1	0
TCGA-55-8301-b	20	61305	26153492	1	0
TCGA-55-8301-b	20	26153517	62956153	1	1
TCGA-55-8301-b	21	10736871	48096957	1	0
TCGA-55-8301-b	22	16052528	51234455	1	0
TCGA-55-8301-b	X	168477	2694240	1	0
TCGA-55-8301-b	X	2703391	10238407	0	0
TCGA-55-8301-b	X	10238852	155233846	1	0
