sample	chr	startpos	endpos	nMajor	nMinor
TCGA-06-0221-a	1	61735	249224388	1	1
TCGA-06-0221-a	2	12784	476836	4	1
TCGA-06-0221-a	2	477364	23997834	2	1
TCGA-06-0221-a	2	23998514	231701707	1	1
TCGA-06-0221-a	2	231704107	243089456	1	0
TCGA-06-0221-a	3	60345	3723840	1	0
TCGA-06-0221-a	3	3723997	197896118	1	1
TCGA-06-0221-a	4	12281	53290353	1	1
TCGA-06-0221-a	4	53291571	56285305	6	1
TCGA-06-0221-a	4	56288125	91653800	1	1
TCGA-06-0221-a	4	91655219	91949192	8	3
TCGA-06-0221-a	4	91949252	131663248	1	1
TCGA-06-0221-a	4	131667814	131993833	9	3
TCGA-06-0221-a	4	131998959	191027923	1	1
TCGA-06-0221-a	5	15532	180790320	1	1
TCGA-06-0221-a	6	149661	171051005	1	1
TCGA-06-0221-a	7	43259	10926070	1	1
TCGA-06-0221-a	7	10928142	10988142	4	4
TCGA-06-0221-a	7	10988593	11046199	9	0
TCGA-06-0221-a	7	11050676	26583752	1	1
TCGA-06-0221-a	7	26585256	26814795	8	1
TCGA-06-0221-a	7	26814891	39659776	1	1
TCGA-06-0221-a	7	39662268	39831064	7	3
TCGA-06-0221-a	7	39838678	68004011	1	1
TCGA-06-0221-a	7	68005766	68173073	7	2
TCGA-06-0221-a	7	68174775	80257109	1	1
TCGA-06-0221-a	7	80263001	80797964	9	1
TCGA-06-0221-a	7	80801057	91751933	1	1
TCGA-06-0221-a	7	91756379	92533155	8	2
TCGA-06-0221-a	7	92533310	94120771	1	1
TCGA-06-0221-a	7	94124618	94268253	3	1
TCGA-06-0221-a	7	94268266	100498645	1	1
TCGA-06-0221-a	7	100498686	159127004	2	1
TCGA-06-0221-a	8	31254	131056738	1	1
TCGA-06-0221-a	8	131057521	146298155	1	0
TCGA-06-0221-a	9	46587	29030963	1	0
TCGA-06-0221-a	9	29031760	29226232	2	1
TCGA-06-0221-a	9	29226291	141091394	1	1
TCGA-06-0221-a	10	72759	135506704	1	1
TCGA-06-0221-a	11	198572	13572708	1	0
TCGA-06-0221-a	11	13573554	97019673	1	1
TCGA-06-0221-a	11	97019713	103163828	2	1
TCGA-06-0221-a	11	103164869	104853392	1	0
TCGA-06-0221-a	11	104855890	105346058	1	1
TCGA-06-0221-a	11	105353600	109905836	1	0
TCGA-06-0221-a	11	109908949	134944770	1	1
TCGA-06-0221-a	12	150442	3950838	1	1
TCGA-06-0221-a	12	3952152	5750896	6	1
TCGA-06-0221-a	12	5751342	5820678	4	3
TCGA-06-0221-a	12	5821121	6536869	1	1
TCGA-06-0221-a	12	6537125	7367536	3	1
TCGA-06-0221-a	12	7368182	7384836	2	2
TCGA-06-0221-a	12	7393298	10104289	1	1
TCGA-06-0221-a	12	10109162	10362261	7	1
TCGA-06-0221-a	12	10367886	13058610	1	1
TCGA-06-0221-a	12	13059110	13192761	6	2
TCGA-06-0221-a	12	13199086	16733721	1	1
TCGA-06-0221-a	12	16738633	16814546	4	2
TCGA-06-0221-a	12	16817150	21463479	1	1
TCGA-06-0221-a	12	21465964	21887603	7	1
TCGA-06-0221-a	12	21888293	31387953	1	1
TCGA-06-0221-a	12	31390640	31674523	5	2
TCGA-06-0221-a	12	31674834	38583991	1	1
TCGA-06-0221-a	12	38586549	38981583	4	1
TCGA-06-0221-a	12	38983885	50366300	1	1
TCGA-06-0221-a	12	50368740	51109733	8	0
TCGA-06-0221-a	12	51114370	51669285	1	1
TCGA-06-0221-a	12	51670202	52535928	7	1
TCGA-06-0221-a	12	52545309	54811708	1	1
TCGA-06-0221-a	12	54816228	54961548	6	2
TCGA-06-0221-a	12	54965197	55563054	1	1
TCGA-06-0221-a	12	55565515	55656842	4	1
TCGA-06-0221-a	12	55662006	57871290	1	1
TCGA-06-0221-a	12	57878730	58357007	8	2
TCGA-06-0221-a	12	58357999	58665217	1	1
TCGA-06-0221-a	12	58672150	59636982	6	1
TCGA-06-0221-a	12	59641013	63851425	1	1
TCGA-06-0221-a	12	63856484	64557958	3	1
TCGA-06-0221-a	12	64561360	68782495	1	1
TCGA-06-0221-a	12	68784773	68934636	5	2
TCGA-06-0221-a	12	68939825	71979546	1	1
TCGA-06-0221-a	12	71980986	72364203	8	1
TCGA-06-0221-a	12	72365104	76650915	1	1
TCGA-06-0221-a	12	76651353	76928975	5	1
TCGA-06-0221-a	12	76933786	96332698	1	1
TCGA-06-0221-a	12	96333951	96427915	7	2
TCGA-06-0221-a	12	96433375	114139719	1	1
TCGA-06-0221-a	12	114142494	114680483	8	1
TCGA-06-0221-a	12	114683074	123055657	1	1
TCGA-06-0221-a	12	123058514	123205614	3	1
TCGA-06-0221-a	12	123208929	123261808	4	1
TCGA-06-0221-a	12	123263890	127997542	1	1
TCGA-06-0221-a	12	127998732	128218314	8	3
TCGA-06-0221-a	12	128221918	128230197	2	1
TCGA-06-0221-a	12	128230496	131596868	1	1
TCGA-06-0221-a	12	131597580	131700462	6	2
TCGA-06-0221-a	12	131700622	133778189	1	1
TCGA-06-0221-a	13	19026949	19982431	1	0
TCGA-06-0221-a	13	19984413	31605974	1	1
TCGA-06-0221-a	13	31607186	59953190	1	0
TCGA-06-0221-a	13	59958253	79048833	1	1
TCGA-06-0221-a	13	79049324	84854459	1	0
TCGA-06-0221-a	13	84854840	93712869	1	1
TCGA-06-0221-a	13	93713436	95590217	1	0
TCGA-06-0221-a	13	95591755	111081674	1	1
TCGA-06-0221-a	13	111081875	111860716	1	0
TCGA-06-0221-a	13	111862196	115108397	1	1
TCGA-06-0221-a	14	19002124	107285437	1	1
TCGA-06-0221-a	15	20016328	102469040	1	1
TCGA-06-0221-a	16	60777	90287535	1	1
TCGA-06-0221-a	17	526	10696753	2	0
TCGA-06-0221-a	17	10697117	81049726	1	1
TCGA-06-0221-a	18	48133	78015057	1	1
TCGA-06-0221-a	19	90910	27965515	2	1
TCGA-06-0221-a	19	27998566	59097854	1	1
TCGA-06-0221-a	20	61305	62956153	1	1
TCGA-06-0221-a	21	10736871	16246657	1	0
TCGA-06-0221-a	21	16250104	48096957	1	1
TCGA-06-0221-a	22	16052528	51234455	1	1
TCGA-06-0221-a	X	168477	2703391	1	1
TCGA-06-0221-a	X	2703633	155233846	1	0
