sample	chr	startpos	endpos	nMajor	nMinor
TCGA-F5-6464	1	61735	118133768	2	2
TCGA-F5-6464	1	118136474	118938678	7	2
TCGA-F5-6464	1	118939811	121482979	5	2
TCGA-F5-6464	1	144007049	149758041	4	2
TCGA-F5-6464	1	149769972	154093895	10	2
TCGA-F5-6464	1	154102098	249224388	5	2
TCGA-F5-6464	2	12784	51987720	3	2
TCGA-F5-6464	2	51988634	243089456	4	2
TCGA-F5-6464	3	60345	197896118	2	2
TCGA-F5-6464	4	12281	148339585	2	2
TCGA-F5-6464	4	148340933	191027923	2	1
TCGA-F5-6464	5	15532	103044062	3	2
TCGA-F5-6464	5	103044623	140751007	3	0
TCGA-F5-6464	5	140753245	180790320	3	2
TCGA-F5-6464	6	149661	32161366	3	1
TCGA-F5-6464	6	32161430	33095162	2	0
TCGA-F5-6464	6	33095176	162369869	2	2
TCGA-F5-6464	6	162370784	162681105	1	1
TCGA-F5-6464	6	162681725	171051005	2	2
TCGA-F5-6464	7	43259	40328843	7	1
TCGA-F5-6464	7	40330516	110191916	7	2
TCGA-F5-6464	7	110192161	110591497	4	2
TCGA-F5-6464	7	110592055	159127004	7	2
TCGA-F5-6464	8	31254	34985956	2	0
TCGA-F5-6464	8	34986499	42667562	4	0
TCGA-F5-6464	8	42675912	83516404	4	2
TCGA-F5-6464	8	83516626	146298155	7	2
TCGA-F5-6464	9	46587	141091394	4	2
TCGA-F5-6464	10	72759	135506704	2	2
TCGA-F5-6464	11	198572	134944770	2	2
TCGA-F5-6464	12	150442	43503454	2	2
TCGA-F5-6464	12	43503809	46514396	2	0
TCGA-F5-6464	12	46514889	133778189	2	2
TCGA-F5-6464	13	19026949	68196847	5	4
TCGA-F5-6464	13	68197291	68478012	4	2
TCGA-F5-6464	13	68486830	115108397	5	4
TCGA-F5-6464	14	19002124	107285437	2	2
TCGA-F5-6464	15	20016328	102469040	3	2
TCGA-F5-6464	16	60777	6551071	2	2
TCGA-F5-6464	16	6551089	6632488	2	0
TCGA-F5-6464	16	6632615	6838349	2	2
TCGA-F5-6464	16	6838885	6890529	0	0
TCGA-F5-6464	16	6891365	6973049	2	0
TCGA-F5-6464	16	6974580	78502389	2	2
TCGA-F5-6464	16	78502669	78807234	2	1
TCGA-F5-6464	16	78807256	90287535	2	2
TCGA-F5-6464	17	526	22227741	2	0
TCGA-F5-6464	17	22227836	45017859	2	2
TCGA-F5-6464	17	45018463	45960865	2	0
TCGA-F5-6464	17	45964776	51903031	2	2
TCGA-F5-6464	17	51903167	56957890	2	0
TCGA-F5-6464	17	56963138	73662087	2	2
TCGA-F5-6464	17	73667033	81049726	4	2
TCGA-F5-6464	18	48133	47650846	4	2
TCGA-F5-6464	18	47651001	60424093	4	0
TCGA-F5-6464	18	60424354	62821827	4	2
TCGA-F5-6464	18	62822004	69838075	3	2
TCGA-F5-6464	18	69839047	78015057	4	2
TCGA-F5-6464	19	90910	59097854	2	2
TCGA-F5-6464	20	61305	62956153	7	2
TCGA-F5-6464	21	10736871	48096957	2	2
TCGA-F5-6464	22	16052528	51234455	2	2
TCGA-F5-6464	X	168477	7003448	4	2
TCGA-F5-6464	X	7003707	7114581	2	0
TCGA-F5-6464	X	7114694	78200361	4	2
TCGA-F5-6464	X	78203774	155233846	4	3
