sample	chr	startpos	endpos	nMajor	nMinor
TCGA-2G-AAG8	1	61735	45116437	3	2
TCGA-2G-AAG8	1	45116603	121482979	2	2
TCGA-2G-AAG8	1	144007049	249224388	3	1
TCGA-2G-AAG8	2	12784	243089456	4	1
TCGA-2G-AAG8	3	60345	90264056	2	1
TCGA-2G-AAG8	3	90264161	197896118	4	1
TCGA-2G-AAG8	4	12281	191027923	3	1
TCGA-2G-AAG8	5	15532	180790320	2	2
TCGA-2G-AAG8	6	149661	171051005	3	2
TCGA-2G-AAG8	7	43259	63825816	7	2
TCGA-2G-AAG8	7	63830960	114246250	6	2
TCGA-2G-AAG8	7	114250359	159127004	7	2
TCGA-2G-AAG8	8	31254	2121197	2	1
TCGA-2G-AAG8	8	2121238	26059112	3	1
TCGA-2G-AAG8	8	26059161	146298155	5	1
TCGA-2G-AAG8	9	46587	141091394	2	2
TCGA-2G-AAG8	10	72759	135506704	2	1
TCGA-2G-AAG8	11	198572	61262057	3	2
TCGA-2G-AAG8	11	61262732	134944770	3	0
TCGA-2G-AAG8	12	150442	38279916	12	2
TCGA-2G-AAG8	12	38280036	39024020	7	0
TCGA-2G-AAG8	12	39027182	133778189	4	2
TCGA-2G-AAG8	13	19026949	19402323	5	1
TCGA-2G-AAG8	13	19402598	115108397	2	2
TCGA-2G-AAG8	14	19002124	107285437	3	2
TCGA-2G-AAG8	15	20016328	102469040	4	0
TCGA-2G-AAG8	16	60777	90287535	2	2
TCGA-2G-AAG8	17	526	21739064	3	2
TCGA-2G-AAG8	17	21744804	81049726	6	2
TCGA-2G-AAG8	18	48133	78015057	2	1
TCGA-2G-AAG8	19	90910	28492719	3	2
TCGA-2G-AAG8	19	28492815	34848716	2	2
TCGA-2G-AAG8	19	34850157	59097854	2	1
TCGA-2G-AAG8	20	61305	62956153	5	0
TCGA-2G-AAG8	21	10736871	20023965	5	1
TCGA-2G-AAG8	21	20024288	48096957	3	1
TCGA-2G-AAG8	22	16052528	39874790	3	2
TCGA-2G-AAG8	22	39875966	51234455	2	2
TCGA-2G-AAG8	X	168477	11595273	5	0
TCGA-2G-AAG8	X	11595898	11797809	4	0
TCGA-2G-AAG8	X	11799510	32707580	5	0
TCGA-2G-AAG8	X	32707631	32856776	4	0
TCGA-2G-AAG8	X	32858847	32929104	6	0
TCGA-2G-AAG8	X	32929962	35890712	5	0
TCGA-2G-AAG8	X	35891092	85354057	4	0
TCGA-2G-AAG8	X	85354943	144281194	5	0
TCGA-2G-AAG8	X	144281577	144636083	4	0
TCGA-2G-AAG8	X	144638472	154223821	5	0
TCGA-2G-AAG8	X	154224425	154780240	3	0
TCGA-2G-AAG8	X	154780270	155233846	2	0
