sample	chr	startpos	endpos	nMajor	nMinor
TCGA-KK-A8IC	1	61735	27581501	1	1
TCGA-KK-A8IC	1	27581926	29869915	1	0
TCGA-KK-A8IC	1	29869978	47491592	1	1
TCGA-KK-A8IC	1	47492898	49072635	1	0
TCGA-KK-A8IC	1	49074468	249224388	1	1
TCGA-KK-A8IC	2	12784	196465136	1	1
TCGA-KK-A8IC	2	196465805	197762548	1	0
TCGA-KK-A8IC	2	197764433	219286061	1	1
TCGA-KK-A8IC	2	219286541	242320236	1	0
TCGA-KK-A8IC	2	242321026	243089456	1	1
TCGA-KK-A8IC	3	60345	3608242	1	1
TCGA-KK-A8IC	3	3609123	3884057	1	0
TCGA-KK-A8IC	3	3884404	7000074	1	1
TCGA-KK-A8IC	3	7000320	8694830	1	0
TCGA-KK-A8IC	3	8695287	100872513	1	1
TCGA-KK-A8IC	3	100873216	101558208	1	0
TCGA-KK-A8IC	3	101558727	107554964	1	1
TCGA-KK-A8IC	3	107555466	113702484	1	0
TCGA-KK-A8IC	3	113706088	122750417	2	0
TCGA-KK-A8IC	3	122751953	197896118	2	1
TCGA-KK-A8IC	4	12281	20310173	1	1
TCGA-KK-A8IC	4	20310276	38372055	1	0
TCGA-KK-A8IC	4	38374326	191027923	1	1
TCGA-KK-A8IC	5	15532	52411785	1	1
TCGA-KK-A8IC	5	52411807	53761456	1	0
TCGA-KK-A8IC	5	53762985	115398002	1	1
TCGA-KK-A8IC	5	115398030	121919902	1	0
TCGA-KK-A8IC	5	121921114	180790320	1	1
TCGA-KK-A8IC	6	149661	52742295	1	0
TCGA-KK-A8IC	6	52742767	54170056	1	1
TCGA-KK-A8IC	6	54171624	57161200	1	0
TCGA-KK-A8IC	6	57161558	79586225	1	1
TCGA-KK-A8IC	6	79589228	171051005	1	0
TCGA-KK-A8IC	7	43259	159127004	1	1
TCGA-KK-A8IC	8	31254	7254328	1	1
TCGA-KK-A8IC	8	7254341	30486873	1	0
TCGA-KK-A8IC	8	30487344	82726201	1	1
TCGA-KK-A8IC	8	82729674	96865150	1	0
TCGA-KK-A8IC	8	96871229	110990414	1	1
TCGA-KK-A8IC	8	110993620	117856746	1	0
TCGA-KK-A8IC	8	117857493	129726384	1	1
TCGA-KK-A8IC	8	129734226	132564450	1	0
TCGA-KK-A8IC	8	132564658	146298155	1	1
TCGA-KK-A8IC	9	46587	32948882	1	0
TCGA-KK-A8IC	9	32949218	32976883	3	2
TCGA-KK-A8IC	9	32977286	35868784	4	1
TCGA-KK-A8IC	9	35869818	43780909	5	1
TCGA-KK-A8IC	9	43790346	47217176	2	1
TCGA-KK-A8IC	9	65616971	141091394	1	1
TCGA-KK-A8IC	10	72759	52089351	1	1
TCGA-KK-A8IC	10	52089568	54642295	1	0
TCGA-KK-A8IC	10	54644669	58810991	1	1
TCGA-KK-A8IC	10	58811252	60484808	1	0
TCGA-KK-A8IC	10	60486268	89323667	1	1
TCGA-KK-A8IC	10	89324356	89585977	1	0
TCGA-KK-A8IC	10	89586709	90187924	0	0
TCGA-KK-A8IC	10	90193131	97846811	1	0
TCGA-KK-A8IC	10	97851112	108380895	1	1
TCGA-KK-A8IC	10	108381257	112844268	1	0
TCGA-KK-A8IC	10	112844970	135506704	1	1
TCGA-KK-A8IC	11	198572	134944770	1	1
TCGA-KK-A8IC	12	150442	10198223	1	1
TCGA-KK-A8IC	12	10199357	13427341	1	0
TCGA-KK-A8IC	12	13428022	19559831	1	1
TCGA-KK-A8IC	12	19567456	20155512	1	0
TCGA-KK-A8IC	12	20155741	31308803	1	1
TCGA-KK-A8IC	12	31310604	32983944	1	0
TCGA-KK-A8IC	12	32984330	133778189	1	1
TCGA-KK-A8IC	13	19026949	50332027	1	1
TCGA-KK-A8IC	13	50333387	51680740	1	0
TCGA-KK-A8IC	13	51684054	115108397	1	1
TCGA-KK-A8IC	14	19002124	59609645	1	1
TCGA-KK-A8IC	14	59613951	107285437	1	0
TCGA-KK-A8IC	15	20016328	61774962	1	1
TCGA-KK-A8IC	15	61775710	62375970	1	0
TCGA-KK-A8IC	15	62380132	102469040	1	1
TCGA-KK-A8IC	16	60777	90287535	1	1
TCGA-KK-A8IC	17	526	40620898	1	0
TCGA-KK-A8IC	17	40621171	49447876	1	1
TCGA-KK-A8IC	17	49449132	55281295	1	0
TCGA-KK-A8IC	17	55281365	60713007	1	1
TCGA-KK-A8IC	17	60714450	79510225	1	0
TCGA-KK-A8IC	17	79510899	81049726	1	1
TCGA-KK-A8IC	18	48133	78015057	1	1
TCGA-KK-A8IC	19	90910	59097854	1	1
TCGA-KK-A8IC	20	61305	62956153	1	1
TCGA-KK-A8IC	21	10736871	39896592	1	1
TCGA-KK-A8IC	21	39897018	42872383	1	0
TCGA-KK-A8IC	21	42872410	48096957	1	1
TCGA-KK-A8IC	22	16052528	51234455	1	1
TCGA-KK-A8IC	X	168477	154929498	1	0
TCGA-KK-A8IC	X	154963439	155233846	2	0
