sample	chr	startpos	endpos	nMajor	nMinor
TCGA-A3-3308-a	1	61735	11456536	1	1
TCGA-A3-3308-a	1	11459570	12107155	2	1
TCGA-A3-3308-a	1	12108791	249224388	1	1
TCGA-A3-3308-a	2	12784	44352066	1	1
TCGA-A3-3308-a	2	44352121	44820544	2	1
TCGA-A3-3308-a	2	44820764	243089456	1	1
TCGA-A3-3308-a	3	60345	53768205	1	0
TCGA-A3-3308-a	3	53768710	197896118	1	1
TCGA-A3-3308-a	4	12281	86349632	1	1
TCGA-A3-3308-a	4	86350683	87143546	2	1
TCGA-A3-3308-a	4	87143972	191027923	1	1
TCGA-A3-3308-a	5	15532	180790320	1	1
TCGA-A3-3308-a	6	149661	123002848	1	1
TCGA-A3-3308-a	6	123005895	123292305	2	1
TCGA-A3-3308-a	6	123292344	171051005	1	1
TCGA-A3-3308-a	7	43259	159127004	1	1
TCGA-A3-3308-a	8	31254	37209040	1	1
TCGA-A3-3308-a	8	37209300	146298155	3	1
TCGA-A3-3308-a	9	46587	117009115	1	1
TCGA-A3-3308-a	9	117009721	117570223	2	1
TCGA-A3-3308-a	9	117576479	141091394	1	1
TCGA-A3-3308-a	10	72759	90776083	1	1
TCGA-A3-3308-a	10	90776349	91358102	2	1
TCGA-A3-3308-a	10	91359441	135506704	1	1
TCGA-A3-3308-a	11	198572	134944770	1	1
TCGA-A3-3308-a	12	150442	40433169	1	1
TCGA-A3-3308-a	12	40433665	40892329	3	1
TCGA-A3-3308-a	12	40892518	68798000	1	1
TCGA-A3-3308-a	12	68799544	69511534	2	1
TCGA-A3-3308-a	12	69513675	133778189	1	1
TCGA-A3-3308-a	13	19026949	115108397	1	1
TCGA-A3-3308-a	14	19002124	107285437	1	1
TCGA-A3-3308-a	15	20016328	102469040	1	1
TCGA-A3-3308-a	16	60777	90287535	1	1
TCGA-A3-3308-a	17	526	6849650	1	1
TCGA-A3-3308-a	17	6850368	17519839	1	0
TCGA-A3-3308-a	17	17524181	81049726	1	1
TCGA-A3-3308-a	18	48133	18529353	3	1
TCGA-A3-3308-a	18	18541659	78015057	1	0
TCGA-A3-3308-a	19	90910	44978453	1	1
TCGA-A3-3308-a	19	44979443	45624219	2	1
TCGA-A3-3308-a	19	45624303	59097854	1	1
TCGA-A3-3308-a	20	61305	42900000	1	1
TCGA-A3-3308-a	20	42903183	62956153	2	1
TCGA-A3-3308-a	21	10736871	35812910	1	1
TCGA-A3-3308-a	21	35814861	36480002	2	1
TCGA-A3-3308-a	21	36480487	48096957	1	1
TCGA-A3-3308-a	22	16052528	51234455	1	1
TCGA-A3-3308-a	X	168477	155233846	1	1
