sample	chr	startpos	endpos	nMajor	nMinor
TCGA-E9-A1RC	1	61735	121482979	1	1
TCGA-E9-A1RC	1	144007049	249224388	6	1
TCGA-E9-A1RC	2	12784	136511817	2	1
TCGA-E9-A1RC	2	136511874	137149357	3	1
TCGA-E9-A1RC	2	137149620	166219931	2	1
TCGA-E9-A1RC	2	166222858	171106816	1	1
TCGA-E9-A1RC	2	171106833	243089456	2	1
TCGA-E9-A1RC	3	60345	197896118	4	0
TCGA-E9-A1RC	4	12281	3602184	2	2
TCGA-E9-A1RC	4	3609390	16778287	2	0
TCGA-E9-A1RC	4	16779535	86909213	2	2
TCGA-E9-A1RC	4	86910883	88544375	4	2
TCGA-E9-A1RC	4	88546861	191027923	2	2
TCGA-E9-A1RC	5	15532	42626424	3	1
TCGA-E9-A1RC	5	42626949	45220336	3	0
TCGA-E9-A1RC	5	45223122	49690651	4	2
TCGA-E9-A1RC	5	49691275	49979858	3	0
TCGA-E9-A1RC	5	49980603	56249842	2	0
TCGA-E9-A1RC	5	56251777	67769529	3	2
TCGA-E9-A1RC	5	67770083	71117869	3	1
TCGA-E9-A1RC	5	71121555	86621759	3	2
TCGA-E9-A1RC	5	86624842	87522736	3	1
TCGA-E9-A1RC	5	87525041	105450606	3	3
TCGA-E9-A1RC	5	105455836	105792199	2	1
TCGA-E9-A1RC	5	105794451	106342682	3	3
TCGA-E9-A1RC	5	106346982	107088710	3	0
TCGA-E9-A1RC	5	107090384	111761309	3	3
TCGA-E9-A1RC	5	111764545	112534944	3	0
TCGA-E9-A1RC	5	112536689	113913853	2	0
TCGA-E9-A1RC	5	113914542	113931405	5	1
TCGA-E9-A1RC	5	113933410	113976029	4	0
TCGA-E9-A1RC	5	113977860	113981259	8	0
TCGA-E9-A1RC	5	113982017	114231499	5	0
TCGA-E9-A1RC	5	114231987	114610476	2	0
TCGA-E9-A1RC	5	114612986	121505220	3	2
TCGA-E9-A1RC	5	121505392	125147841	3	3
TCGA-E9-A1RC	5	125147929	131321507	3	2
TCGA-E9-A1RC	5	131322026	131807624	3	0
TCGA-E9-A1RC	5	131810619	133795201	3	3
TCGA-E9-A1RC	5	133797580	134564688	2	1
TCGA-E9-A1RC	5	134566648	134572661	5	2
TCGA-E9-A1RC	5	134573007	136313920	3	3
TCGA-E9-A1RC	5	136318739	137671026	3	0
TCGA-E9-A1RC	5	137678057	141160883	3	3
TCGA-E9-A1RC	5	141163221	141622067	3	0
TCGA-E9-A1RC	5	141622938	142786083	3	2
TCGA-E9-A1RC	5	142788711	145020306	3	3
TCGA-E9-A1RC	5	145021005	147183694	3	2
TCGA-E9-A1RC	5	147183723	149043849	3	3
TCGA-E9-A1RC	5	149044959	151518351	3	2
TCGA-E9-A1RC	5	151520271	164770223	3	0
TCGA-E9-A1RC	5	164773351	166122570	4	3
TCGA-E9-A1RC	5	166124977	167524395	3	2
TCGA-E9-A1RC	5	167525112	180790320	3	3
TCGA-E9-A1RC	6	149661	171051005	2	1
TCGA-E9-A1RC	7	43259	84819357	4	0
TCGA-E9-A1RC	7	84820483	85531462	2	0
TCGA-E9-A1RC	7	85532898	113129182	4	0
TCGA-E9-A1RC	7	113130482	114181071	2	0
TCGA-E9-A1RC	7	114183507	115311870	4	0
TCGA-E9-A1RC	7	115317538	116634529	2	0
TCGA-E9-A1RC	7	116635048	118854591	4	0
TCGA-E9-A1RC	7	118863961	119983117	2	0
TCGA-E9-A1RC	7	119983470	122291720	4	0
TCGA-E9-A1RC	7	122292711	124813234	2	0
TCGA-E9-A1RC	7	124816209	129258399	4	0
TCGA-E9-A1RC	7	129265143	139371976	2	0
TCGA-E9-A1RC	7	139373845	142587779	4	0
TCGA-E9-A1RC	7	142589234	155030999	2	0
TCGA-E9-A1RC	7	155035345	159127004	4	0
TCGA-E9-A1RC	8	31254	146298155	4	2
TCGA-E9-A1RC	9	46587	141091394	2	1
TCGA-E9-A1RC	10	72759	135506704	2	1
TCGA-E9-A1RC	11	198572	134944770	2	1
TCGA-E9-A1RC	12	150442	49299290	2	2
TCGA-E9-A1RC	12	49302705	49420078	3	2
TCGA-E9-A1RC	12	49422359	133778189	2	2
TCGA-E9-A1RC	13	19026949	37862441	2	1
TCGA-E9-A1RC	13	37863209	51051549	1	0
TCGA-E9-A1RC	13	51054484	54582113	1	1
TCGA-E9-A1RC	13	54583722	70539381	2	1
TCGA-E9-A1RC	13	70539516	71014985	3	1
TCGA-E9-A1RC	13	71015109	115108397	2	1
TCGA-E9-A1RC	14	19002124	37738519	3	1
TCGA-E9-A1RC	14	37743946	38213708	4	1
TCGA-E9-A1RC	14	38214324	107285437	3	1
TCGA-E9-A1RC	15	20016328	43786947	1	1
TCGA-E9-A1RC	15	43789184	45234328	1	0
TCGA-E9-A1RC	15	45234447	56529955	3	1
TCGA-E9-A1RC	15	56536844	57447686	1	0
TCGA-E9-A1RC	15	57455719	74353712	3	1
TCGA-E9-A1RC	15	74353737	75237178	1	0
TCGA-E9-A1RC	15	75241978	81360038	1	1
TCGA-E9-A1RC	15	81360790	81903608	1	0
TCGA-E9-A1RC	15	81903704	87117030	3	1
TCGA-E9-A1RC	15	87117255	87123435	2	1
TCGA-E9-A1RC	15	87125552	88613157	1	0
TCGA-E9-A1RC	15	88616092	89381452	3	1
TCGA-E9-A1RC	15	89381556	90218474	1	0
TCGA-E9-A1RC	15	90218947	102469040	3	1
TCGA-E9-A1RC	16	60777	35283226	5	3
TCGA-E9-A1RC	16	46463782	70855202	3	0
TCGA-E9-A1RC	16	70855479	71202797	4	1
TCGA-E9-A1RC	16	71205194	90287535	3	0
TCGA-E9-A1RC	17	526	81049726	2	1
TCGA-E9-A1RC	18	48133	39243871	2	1
TCGA-E9-A1RC	18	39244511	41025926	2	0
TCGA-E9-A1RC	18	41028106	78015057	2	1
TCGA-E9-A1RC	19	90910	16728605	2	0
TCGA-E9-A1RC	19	16731720	59097854	2	1
TCGA-E9-A1RC	20	61305	62956153	4	1
TCGA-E9-A1RC	21	10736871	48096957	2	1
TCGA-E9-A1RC	22	16052528	51234455	1	1
TCGA-E9-A1RC	X	168477	155233846	2	1
