sample	chr	startpos	endpos	nMajor	nMinor
TCGA-86-A4D0	1	61735	46907340	1	1
TCGA-86-A4D0	1	46911921	71771282	2	1
TCGA-86-A4D0	1	71771423	72114281	1	0
TCGA-86-A4D0	1	72114751	72331362	0	0
TCGA-86-A4D0	1	72334769	121482979	1	0
TCGA-86-A4D0	1	144007049	249224388	2	1
TCGA-86-A4D0	2	12784	23950374	1	1
TCGA-86-A4D0	2	23951316	32958132	2	1
TCGA-86-A4D0	2	32958187	243089456	1	1
TCGA-86-A4D0	3	60345	63261724	1	1
TCGA-86-A4D0	3	63262365	84038148	1	0
TCGA-86-A4D0	3	84042758	197896118	1	1
TCGA-86-A4D0	4	12281	191027923	1	1
TCGA-86-A4D0	5	15532	3993182	3	1
TCGA-86-A4D0	5	3993252	10955988	2	1
TCGA-86-A4D0	5	10958364	12573329	3	1
TCGA-86-A4D0	5	12577635	13831628	5	2
TCGA-86-A4D0	5	13833009	17504277	3	2
TCGA-86-A4D0	5	17508439	21323109	3	3
TCGA-86-A4D0	5	21323160	31507079	2	2
TCGA-86-A4D0	5	31508564	42842305	4	2
TCGA-86-A4D0	5	42843103	46313502	3	1
TCGA-86-A4D0	5	46313520	180790320	1	1
TCGA-86-A4D0	6	149661	11239085	2	1
TCGA-86-A4D0	6	11239119	57466047	1	1
TCGA-86-A4D0	6	57475654	58058678	3	1
TCGA-86-A4D0	6	58058729	65244987	2	1
TCGA-86-A4D0	6	65245009	171051005	1	1
TCGA-86-A4D0	7	43259	55376930	1	1
TCGA-86-A4D0	7	55377306	57843749	1	0
TCGA-86-A4D0	7	57844233	159127004	1	1
TCGA-86-A4D0	8	31254	35001397	1	0
TCGA-86-A4D0	8	35002665	37778887	1	1
TCGA-86-A4D0	8	37781578	37781578	4	0
TCGA-86-A4D0	8	37783235	37902897	3	0
TCGA-86-A4D0	8	37911088	39621564	6	1
TCGA-86-A4D0	8	39624682	40937651	2	1
TCGA-86-A4D0	8	40942755	41306146	5	1
TCGA-86-A4D0	8	41306750	41618577	2	1
TCGA-86-A4D0	8	41625961	43072097	7	1
TCGA-86-A4D0	8	43073244	65866010	5	1
TCGA-86-A4D0	8	65873165	94597831	7	1
TCGA-86-A4D0	8	94598649	103400659	8	1
TCGA-86-A4D0	8	103401154	104711572	6	1
TCGA-86-A4D0	8	104716740	110460623	8	1
TCGA-86-A4D0	8	110461518	146298155	6	1
TCGA-86-A4D0	9	46587	141091394	1	1
TCGA-86-A4D0	10	72759	99706223	1	1
TCGA-86-A4D0	10	99709620	135506704	2	0
TCGA-86-A4D0	11	198572	47663157	1	1
TCGA-86-A4D0	11	47666672	48602676	1	0
TCGA-86-A4D0	11	48606318	79365377	2	1
TCGA-86-A4D0	11	79365420	81880291	1	0
TCGA-86-A4D0	11	81880589	89846170	2	1
TCGA-86-A4D0	11	89847271	95663607	1	0
TCGA-86-A4D0	11	95663791	97907123	2	1
TCGA-86-A4D0	11	97917013	99222349	1	0
TCGA-86-A4D0	11	99222382	104239996	2	1
TCGA-86-A4D0	11	104241240	104440543	1	0
TCGA-86-A4D0	11	104440607	107910059	2	1
TCGA-86-A4D0	11	107910209	114380011	1	0
TCGA-86-A4D0	11	114380120	119503516	1	1
TCGA-86-A4D0	11	119504952	121852780	1	0
TCGA-86-A4D0	11	121861047	134944770	2	1
TCGA-86-A4D0	12	150442	103065407	2	1
TCGA-86-A4D0	12	103065491	103248017	1	0
TCGA-86-A4D0	12	103248272	114697547	3	1
TCGA-86-A4D0	12	114697688	115012877	1	0
TCGA-86-A4D0	12	115012918	115049467	3	1
TCGA-86-A4D0	12	115049923	127073102	2	1
TCGA-86-A4D0	12	127075147	127802777	3	1
TCGA-86-A4D0	12	127803944	133778189	1	0
TCGA-86-A4D0	13	19026949	92116160	1	0
TCGA-86-A4D0	13	92116400	92127131	0	0
TCGA-86-A4D0	13	92127383	92133941	1	0
TCGA-86-A4D0	13	92134219	92408575	0	0
TCGA-86-A4D0	13	92411374	115108397	1	0
TCGA-86-A4D0	14	19002124	21869573	2	1
TCGA-86-A4D0	14	21870089	22075384	1	0
TCGA-86-A4D0	14	22079003	23170296	2	1
TCGA-86-A4D0	14	23170382	24071531	4	1
TCGA-86-A4D0	14	24071960	27664093	2	1
TCGA-86-A4D0	14	27669536	29071676	2	2
TCGA-86-A4D0	14	29071750	31231210	4	1
TCGA-86-A4D0	14	31232135	35290117	5	1
TCGA-86-A4D0	14	35290846	36542762	7	1
TCGA-86-A4D0	14	36544027	38878291	11	1
TCGA-86-A4D0	14	38889663	40608149	4	1
TCGA-86-A4D0	14	40608324	41204804	7	1
TCGA-86-A4D0	14	41205038	43471987	4	1
TCGA-86-A4D0	14	43472733	44412821	2	1
TCGA-86-A4D0	14	44414462	45201544	5	1
TCGA-86-A4D0	14	45202102	45202102	3	0
TCGA-86-A4D0	14	45202714	45339443	3	2
TCGA-86-A4D0	14	45339466	47563015	2	1
TCGA-86-A4D0	14	47563472	50842134	1	1
TCGA-86-A4D0	14	50842280	54853948	2	1
TCGA-86-A4D0	14	54854795	65242279	1	1
TCGA-86-A4D0	14	65245223	107285437	1	0
TCGA-86-A4D0	15	20016328	64823394	1	0
TCGA-86-A4D0	15	64825786	69403013	2	1
TCGA-86-A4D0	15	69403588	84792083	1	0
TCGA-86-A4D0	15	84792634	102469040	1	1
TCGA-86-A4D0	16	60777	35283226	1	1
TCGA-86-A4D0	16	46463782	53896259	2	1
TCGA-86-A4D0	16	53898506	71587199	1	1
TCGA-86-A4D0	16	71589011	73866925	3	1
TCGA-86-A4D0	16	73867002	90287535	1	1
TCGA-86-A4D0	17	526	43462064	1	1
TCGA-86-A4D0	17	43463090	81049726	2	1
TCGA-86-A4D0	18	48133	78015057	1	1
TCGA-86-A4D0	19	90910	59097854	2	0
TCGA-86-A4D0	20	61305	62956153	1	1
TCGA-86-A4D0	21	10736871	17362649	2	1
TCGA-86-A4D0	21	17363243	48096957	1	1
TCGA-86-A4D0	22	16052528	20985000	1	0
TCGA-86-A4D0	22	20985012	20993766	3	1
TCGA-86-A4D0	22	20993797	22353605	6	1
TCGA-86-A4D0	22	22353729	22740490	5	1
TCGA-86-A4D0	22	22749545	38426043	1	0
TCGA-86-A4D0	22	38427963	39216692	13	1
TCGA-86-A4D0	22	39220846	41356226	9	1
TCGA-86-A4D0	22	41356526	41499980	5	1
TCGA-86-A4D0	22	41500133	51234455	1	0
TCGA-86-A4D0	X	168477	2694240	2	1
TCGA-86-A4D0	X	2703391	10944233	1	0
TCGA-86-A4D0	X	10951332	11722743	2	0
TCGA-86-A4D0	X	11723144	21985964	1	0
TCGA-86-A4D0	X	21986024	22171577	2	0
TCGA-86-A4D0	X	22174817	22231458	1	0
TCGA-86-A4D0	X	22233009	22290928	2	0
TCGA-86-A4D0	X	22291606	22396669	1	0
TCGA-86-A4D0	X	22397349	22540446	2	0
TCGA-86-A4D0	X	22542726	22726232	1	0
TCGA-86-A4D0	X	22728406	23231392	2	0
TCGA-86-A4D0	X	23233153	23567315	1	0
TCGA-86-A4D0	X	23569512	25940533	2	0
TCGA-86-A4D0	X	25940695	26674709	1	0
TCGA-86-A4D0	X	26677245	26913250	2	0
TCGA-86-A4D0	X	26913459	28850223	1	0
TCGA-86-A4D0	X	28850901	29084028	2	0
TCGA-86-A4D0	X	29084687	29559784	1	0
TCGA-86-A4D0	X	29560155	29929113	2	0
TCGA-86-A4D0	X	29929802	30144770	1	0
TCGA-86-A4D0	X	30145016	30905518	2	0
TCGA-86-A4D0	X	30913308	149907961	1	0
TCGA-86-A4D0	X	149908236	155233846	2	0
