sample	chr	startpos	endpos	nMajor	nMinor
TCGA-DD-AAW1	1	61735	121482979	1	1
TCGA-DD-AAW1	1	144007049	249224388	2	1
TCGA-DD-AAW1	2	12784	243089456	1	1
TCGA-DD-AAW1	3	60345	197896118	1	1
TCGA-DD-AAW1	4	12281	191027923	1	1
TCGA-DD-AAW1	5	15532	180790320	1	1
TCGA-DD-AAW1	6	149661	171051005	1	1
TCGA-DD-AAW1	7	43259	159127004	1	1
TCGA-DD-AAW1	8	31254	18046577	1	1
TCGA-DD-AAW1	8	18048204	18264491	2	1
TCGA-DD-AAW1	8	18265154	21783029	1	1
TCGA-DD-AAW1	8	21785801	22164583	2	1
TCGA-DD-AAW1	8	22167613	49500679	1	1
TCGA-DD-AAW1	8	49501127	51850490	2	1
TCGA-DD-AAW1	8	51854351	53114096	3	1
TCGA-DD-AAW1	8	53114224	56460563	2	1
TCGA-DD-AAW1	8	56461002	146298155	3	1
TCGA-DD-AAW1	9	46587	141091394	1	1
TCGA-DD-AAW1	10	72759	135506704	1	1
TCGA-DD-AAW1	11	198572	134944770	1	1
TCGA-DD-AAW1	12	150442	133778189	1	1
TCGA-DD-AAW1	13	19026949	115108397	1	1
TCGA-DD-AAW1	14	19002124	107285437	1	1
TCGA-DD-AAW1	15	20016328	102469040	1	1
TCGA-DD-AAW1	16	60777	90287535	1	1
TCGA-DD-AAW1	17	526	17793891	1	0
TCGA-DD-AAW1	17	17794534	19425166	1	1
TCGA-DD-AAW1	17	19426975	19864431	2	1
TCGA-DD-AAW1	17	19864787	45174877	1	1
TCGA-DD-AAW1	17	45179324	81049726	2	1
TCGA-DD-AAW1	18	48133	78015057	1	1
TCGA-DD-AAW1	19	90910	59097854	1	1
TCGA-DD-AAW1	20	61305	62956153	1	1
TCGA-DD-AAW1	21	10736871	48096957	1	1
TCGA-DD-AAW1	22	16052528	51234455	1	1
TCGA-DD-AAW1	X	168477	2694240	1	1
TCGA-DD-AAW1	X	2703391	23721145	1	0
TCGA-DD-AAW1	X	23722835	23888144	2	0
TCGA-DD-AAW1	X	23888581	58476717	1	0
TCGA-DD-AAW1	X	58480556	155233846	3	0
