sample	chr	startpos	endpos	nMajor	nMinor
TCGA-CA-5255	1	61735	121482979	1	1
TCGA-CA-5255	1	144007049	249224388	3	2
TCGA-CA-5255	2	12784	243089456	2	2
TCGA-CA-5255	3	60345	60263721	2	1
TCGA-CA-5255	3	60263928	60620613	1	0
TCGA-CA-5255	3	60621084	197896118	2	1
TCGA-CA-5255	4	12281	191027923	2	1
TCGA-CA-5255	5	15532	180790320	2	1
TCGA-CA-5255	6	149661	20484605	1	1
TCGA-CA-5255	6	20484729	27842053	1	0
TCGA-CA-5255	6	27852952	171051005	1	1
TCGA-CA-5255	7	43259	159127004	5	1
TCGA-CA-5255	8	31254	146298155	3	2
TCGA-CA-5255	9	46587	47217176	2	2
TCGA-CA-5255	9	65616971	141091394	2	1
TCGA-CA-5255	10	72759	135506704	2	1
TCGA-CA-5255	11	198572	134944770	2	1
TCGA-CA-5255	12	150442	27109655	5	0
TCGA-CA-5255	12	27109832	133778189	3	2
TCGA-CA-5255	13	19026949	115108397	2	2
TCGA-CA-5255	14	19002124	107285437	2	0
TCGA-CA-5255	15	20016328	102469040	2	1
TCGA-CA-5255	16	60777	90287535	2	1
TCGA-CA-5255	17	526	39716001	2	1
TCGA-CA-5255	17	39718841	81049726	4	0
TCGA-CA-5255	18	48133	29613207	2	1
TCGA-CA-5255	18	29613235	78015057	3	0
TCGA-CA-5255	19	90910	59097854	2	2
TCGA-CA-5255	20	61305	62956153	3	2
TCGA-CA-5255	21	10736871	48096957	2	2
TCGA-CA-5255	22	16052528	51234455	2	1
TCGA-CA-5255	X	168477	2703391	3	1
TCGA-CA-5255	X	2703633	154772431	3	0
TCGA-CA-5255	X	154772449	155233846	1	0
