sample	chr	startpos	endpos	nMajor	nMinor
TCGA-EE-A184	1	61735	121482979	2	0
TCGA-EE-A184	1	144007049	163086499	3	1
TCGA-EE-A184	1	163086758	199973705	4	1
TCGA-EE-A184	1	199974728	215106057	3	1
TCGA-EE-A184	1	215106779	222038372	4	1
TCGA-EE-A184	1	222039055	237274213	3	1
TCGA-EE-A184	1	237275120	249224388	4	1
TCGA-EE-A184	2	12784	243089456	1	1
TCGA-EE-A184	3	60345	277845	2	1
TCGA-EE-A184	3	277889	2647812	2	2
TCGA-EE-A184	3	2647918	73542729	2	1
TCGA-EE-A184	3	73543066	94834640	2	2
TCGA-EE-A184	3	94836467	161536449	2	1
TCGA-EE-A184	3	161537899	167594951	2	2
TCGA-EE-A184	3	167596899	197896118	2	1
TCGA-EE-A184	4	12281	19100501	2	1
TCGA-EE-A184	4	19100871	24361017	3	1
TCGA-EE-A184	4	24369452	26966277	2	1
TCGA-EE-A184	4	26966906	35334050	3	1
TCGA-EE-A184	4	35334194	43333597	2	1
TCGA-EE-A184	4	43333610	47021221	3	1
TCGA-EE-A184	4	47022456	58104275	2	1
TCGA-EE-A184	4	58104571	68010555	3	1
TCGA-EE-A184	4	68011953	116671524	2	1
TCGA-EE-A184	4	116673644	191027923	2	0
TCGA-EE-A184	5	15532	3817329	1	0
TCGA-EE-A184	5	3820805	4351205	7	1
TCGA-EE-A184	5	4352277	7684832	1	0
TCGA-EE-A184	5	7689267	7813260	4	1
TCGA-EE-A184	5	7813630	9662632	1	0
TCGA-EE-A184	5	9663146	9890762	4	1
TCGA-EE-A184	5	9891201	10214463	9	1
TCGA-EE-A184	5	10215009	10309798	6	2
TCGA-EE-A184	5	10312161	13140490	4	1
TCGA-EE-A184	5	13142487	13188629	1	0
TCGA-EE-A184	5	13191338	13276289	3	1
TCGA-EE-A184	5	13282479	13834223	7	1
TCGA-EE-A184	5	13834706	14269135	4	1
TCGA-EE-A184	5	14272007	14795240	9	1
TCGA-EE-A184	5	14799058	15203571	3	1
TCGA-EE-A184	5	15209311	15290629	8	1
TCGA-EE-A184	5	15291398	15334514	3	1
TCGA-EE-A184	5	15334803	15481042	4	1
TCGA-EE-A184	5	15485140	16232273	1	0
TCGA-EE-A184	5	16233056	18306708	6	1
TCGA-EE-A184	5	18307513	20303255	8	1
TCGA-EE-A184	5	20306614	20555114	17	1
TCGA-EE-A184	5	20555350	20835592	5	1
TCGA-EE-A184	5	20835719	26901474	1	0
TCGA-EE-A184	5	26904191	27050959	14	2
TCGA-EE-A184	5	27052899	30530524	1	0
TCGA-EE-A184	5	30536972	31182413	11	1
TCGA-EE-A184	5	31182792	32249443	7	1
TCGA-EE-A184	5	32253100	33565949	4	1
TCGA-EE-A184	5	33565995	34392449	7	1
TCGA-EE-A184	5	34392615	34708925	4	1
TCGA-EE-A184	5	34709281	34909901	8	1
TCGA-EE-A184	5	34909994	35458787	4	1
TCGA-EE-A184	5	35459182	35465852	6	1
TCGA-EE-A184	5	35465985	35484319	7	0
TCGA-EE-A184	5	35486659	35586502	8	2
TCGA-EE-A184	5	35588057	35613298	6	1
TCGA-EE-A184	5	35616027	35838776	18	1
TCGA-EE-A184	5	35838933	36376460	7	1
TCGA-EE-A184	5	36377399	36492303	1	0
TCGA-EE-A184	5	36494393	36600810	8	2
TCGA-EE-A184	5	36600919	36909673	5	1
TCGA-EE-A184	5	36911299	37209389	12	1
TCGA-EE-A184	5	37216757	39048915	5	1
TCGA-EE-A184	5	39054434	39502562	7	1
TCGA-EE-A184	5	39502755	39694505	13	1
TCGA-EE-A184	5	39696886	41740906	1	1
TCGA-EE-A184	5	41742867	42010051	3	3
TCGA-EE-A184	5	42012273	42046894	4	3
TCGA-EE-A184	5	42049362	42124105	7	0
TCGA-EE-A184	5	42131509	45503444	1	1
TCGA-EE-A184	5	45506368	46389273	1	0
TCGA-EE-A184	5	49432831	107046983	1	1
TCGA-EE-A184	5	107047724	107322661	1	0
TCGA-EE-A184	5	107323328	132721316	1	1
TCGA-EE-A184	5	132721911	133784798	1	0
TCGA-EE-A184	5	133784852	180790320	1	1
TCGA-EE-A184	6	149661	8412451	2	1
TCGA-EE-A184	6	8413890	10008957	3	1
TCGA-EE-A184	6	10010063	74702428	2	1
TCGA-EE-A184	6	74705256	98144137	1	1
TCGA-EE-A184	6	98151394	171051005	1	0
TCGA-EE-A184	7	43259	159127004	1	1
TCGA-EE-A184	8	31254	96305384	1	1
TCGA-EE-A184	8	96306168	96577306	1	0
TCGA-EE-A184	8	96577774	96800117	2	1
TCGA-EE-A184	8	96801967	98916846	1	0
TCGA-EE-A184	8	98917218	104032954	1	1
TCGA-EE-A184	8	104034635	104789068	1	0
TCGA-EE-A184	8	104803869	146298155	1	1
TCGA-EE-A184	9	46587	9664440	2	1
TCGA-EE-A184	9	9666083	9725867	1	0
TCGA-EE-A184	9	9726090	38654051	2	1
TCGA-EE-A184	9	38654207	141091394	1	1
TCGA-EE-A184	10	72759	135506704	1	1
TCGA-EE-A184	11	198572	3815536	1	1
TCGA-EE-A184	11	3815860	3915912	2	1
TCGA-EE-A184	11	3922728	134944770	1	1
TCGA-EE-A184	12	150442	133778189	1	1
TCGA-EE-A184	13	19026949	26912848	1	1
TCGA-EE-A184	13	26916353	30442686	2	1
TCGA-EE-A184	13	30442786	30999710	6	1
TCGA-EE-A184	13	31003646	31550443	11	1
TCGA-EE-A184	13	31550776	31675839	5	1
TCGA-EE-A184	13	31679055	31730888	9	1
TCGA-EE-A184	13	31733945	34793545	2	1
TCGA-EE-A184	13	34798288	35062269	7	1
TCGA-EE-A184	13	35067063	35749335	4	1
TCGA-EE-A184	13	35752436	36401453	8	1
TCGA-EE-A184	13	36401731	36740219	16	1
TCGA-EE-A184	13	36740422	39947775	10	1
TCGA-EE-A184	13	39948390	40996549	5	1
TCGA-EE-A184	13	41002433	41173668	12	1
TCGA-EE-A184	13	41176950	41476086	4	1
TCGA-EE-A184	13	41478641	42509802	1	1
TCGA-EE-A184	13	42510305	42702120	5	1
TCGA-EE-A184	13	42702711	43269230	1	1
TCGA-EE-A184	13	43269309	43685018	2	1
TCGA-EE-A184	13	43685259	44628147	1	1
TCGA-EE-A184	13	44632931	44960248	4	1
TCGA-EE-A184	13	44962946	70582008	1	0
TCGA-EE-A184	13	70582059	70892818	4	1
TCGA-EE-A184	13	70894396	71708400	1	1
TCGA-EE-A184	13	71716201	72081369	3	1
TCGA-EE-A184	13	72087754	72438081	6	1
TCGA-EE-A184	13	72438187	72579189	13	1
TCGA-EE-A184	13	72582328	72642843	3	1
TCGA-EE-A184	13	72646716	73411780	5	1
TCGA-EE-A184	13	73418040	73656779	2	1
TCGA-EE-A184	13	73656967	74480164	5	1
TCGA-EE-A184	13	74491265	74713157	9	1
TCGA-EE-A184	13	74714343	75008770	4	1
TCGA-EE-A184	13	75013045	75140162	20	1
TCGA-EE-A184	13	75144560	75259113	8	1
TCGA-EE-A184	13	75261344	75722580	2	1
TCGA-EE-A184	13	75724384	76281653	1	0
TCGA-EE-A184	13	76282163	78425416	1	1
TCGA-EE-A184	13	78428586	79057454	7	1
TCGA-EE-A184	13	79059296	79818104	3	1
TCGA-EE-A184	13	79823377	79895712	6	1
TCGA-EE-A184	13	79896578	88154291	1	0
TCGA-EE-A184	13	88160508	88795180	1	1
TCGA-EE-A184	13	88795543	90288364	3	1
TCGA-EE-A184	13	90288380	90338315	5	1
TCGA-EE-A184	13	90341786	90385944	25	0
TCGA-EE-A184	13	90391968	90712806	6	1
TCGA-EE-A184	13	90715598	91298920	10	1
TCGA-EE-A184	13	91300138	91620124	1	0
TCGA-EE-A184	13	91622868	91837704	2	1
TCGA-EE-A184	13	91839802	92077975	5	1
TCGA-EE-A184	13	92080432	113494248	1	0
TCGA-EE-A184	13	113501960	114205883	7	1
TCGA-EE-A184	13	114207755	115108397	1	0
TCGA-EE-A184	14	19002124	107285437	1	1
TCGA-EE-A184	15	20016328	102469040	1	1
TCGA-EE-A184	16	60777	511763	2	1
TCGA-EE-A184	16	513775	70855202	1	1
TCGA-EE-A184	16	70855479	71202489	2	1
TCGA-EE-A184	16	71202797	90287535	1	1
TCGA-EE-A184	17	526	22217883	1	0
TCGA-EE-A184	17	22219197	49589415	2	1
TCGA-EE-A184	17	49593252	52869457	3	1
TCGA-EE-A184	17	52869546	81049726	2	1
TCGA-EE-A184	18	48133	34372780	1	1
TCGA-EE-A184	18	34377280	34539338	1	0
TCGA-EE-A184	18	34543602	78015057	1	1
TCGA-EE-A184	19	90910	1382576	1	1
TCGA-EE-A184	19	1383258	1829946	1	0
TCGA-EE-A184	19	1837061	3161257	1	1
TCGA-EE-A184	19	3166715	3509792	1	0
TCGA-EE-A184	19	3510005	59097854	1	1
TCGA-EE-A184	20	61305	29420352	2	0
TCGA-EE-A184	20	29420553	42019919	3	2
TCGA-EE-A184	20	42022225	58040872	2	2
TCGA-EE-A184	20	58049419	60419256	3	2
TCGA-EE-A184	20	60421169	62956153	2	2
TCGA-EE-A184	21	10736871	48096957	2	1
TCGA-EE-A184	22	16052528	17678642	1	1
TCGA-EE-A184	22	17682165	18415498	1	0
TCGA-EE-A184	22	18421458	19679460	2	1
TCGA-EE-A184	22	19681755	19939096	7	1
TCGA-EE-A184	22	19941927	20801221	3	1
TCGA-EE-A184	22	20804983	21465672	7	1
TCGA-EE-A184	22	21465835	22570417	2	1
TCGA-EE-A184	22	22571872	23577589	4	1
TCGA-EE-A184	22	23581302	23860188	1	0
TCGA-EE-A184	22	23860255	24122321	2	1
TCGA-EE-A184	22	24133570	25193554	1	0
TCGA-EE-A184	22	25204053	25215934	3	1
TCGA-EE-A184	22	25217740	25305370	2	1
TCGA-EE-A184	22	25308506	25465240	6	1
TCGA-EE-A184	22	25466323	25767164	1	0
TCGA-EE-A184	22	25767199	25936501	3	1
TCGA-EE-A184	22	25936947	28776893	1	0
TCGA-EE-A184	22	28791110	28966347	3	1
TCGA-EE-A184	22	28969514	29465642	1	0
TCGA-EE-A184	22	29465677	29607257	3	1
TCGA-EE-A184	22	29624467	32019338	1	0
TCGA-EE-A184	22	32024980	32996975	5	1
TCGA-EE-A184	22	32999164	33121330	1	0
TCGA-EE-A184	22	33121988	33192544	3	1
TCGA-EE-A184	22	33196635	33572901	1	0
TCGA-EE-A184	22	33580578	35153958	8	1
TCGA-EE-A184	22	35154979	35836471	5	1
TCGA-EE-A184	22	35839772	36925598	1	0
TCGA-EE-A184	22	36926990	39233734	3	1
TCGA-EE-A184	22	39235353	39874790	7	1
TCGA-EE-A184	22	39875966	39952098	3	1
TCGA-EE-A184	22	39957057	41132402	1	0
TCGA-EE-A184	22	41133675	42568411	4	1
TCGA-EE-A184	22	42572421	43149508	9	1
TCGA-EE-A184	22	43151763	45715464	1	0
TCGA-EE-A184	22	45717371	46574010	3	1
TCGA-EE-A184	22	46576373	47498751	11	1
TCGA-EE-A184	22	47499564	47718753	4	1
TCGA-EE-A184	22	47721260	48044739	1	0
TCGA-EE-A184	22	48045889	48159646	12	1
TCGA-EE-A184	22	48160759	48509722	1	0
TCGA-EE-A184	22	48510196	48677261	3	1
TCGA-EE-A184	22	48680953	48770872	1	0
TCGA-EE-A184	22	48773706	49046717	4	1
TCGA-EE-A184	22	49048898	49446677	1	0
TCGA-EE-A184	22	49449618	49542221	3	1
TCGA-EE-A184	22	49550176	49774599	7	1
TCGA-EE-A184	22	49775151	49939309	15	1
TCGA-EE-A184	22	49939322	50184287	4	1
TCGA-EE-A184	22	50190747	51234455	1	0
TCGA-EE-A184	X	168477	2703391	1	1
TCGA-EE-A184	X	2703633	155233846	1	0
