sample	chr	startpos	endpos	nMajor	nMinor
TCGA-EY-A1GM	1	61735	16028738	1	0
TCGA-EY-A1GM	1	16034201	16903726	2	0
TCGA-EY-A1GM	1	16909609	22913759	1	0
TCGA-EY-A1GM	1	22914160	23389975	2	0
TCGA-EY-A1GM	1	23395162	29176213	1	0
TCGA-EY-A1GM	1	29181049	32858280	1	1
TCGA-EY-A1GM	1	32862797	33982699	2	1
TCGA-EY-A1GM	1	33983019	151816538	1	1
TCGA-EY-A1GM	1	151816563	152122416	3	1
TCGA-EY-A1GM	1	152124558	164632279	1	1
TCGA-EY-A1GM	1	164632702	164829005	2	1
TCGA-EY-A1GM	1	164829035	249224388	1	1
TCGA-EY-A1GM	2	12784	85842591	2	1
TCGA-EY-A1GM	2	85846772	86100807	2	2
TCGA-EY-A1GM	2	86101011	243089456	2	1
TCGA-EY-A1GM	3	60345	69641296	2	0
TCGA-EY-A1GM	3	69646894	69756983	3	1
TCGA-EY-A1GM	3	69757425	86498842	2	0
TCGA-EY-A1GM	3	86502137	88219838	5	2
TCGA-EY-A1GM	3	88220847	197896118	2	1
TCGA-EY-A1GM	4	12281	53410433	1	1
TCGA-EY-A1GM	4	53412811	56481268	2	1
TCGA-EY-A1GM	4	56481653	63094921	1	0
TCGA-EY-A1GM	4	63095164	63999739	1	1
TCGA-EY-A1GM	4	64001865	65475746	4	1
TCGA-EY-A1GM	4	65475782	66281005	2	1
TCGA-EY-A1GM	4	66282361	95509883	1	0
TCGA-EY-A1GM	4	95513107	95836860	2	0
TCGA-EY-A1GM	4	95840043	191027923	1	0
TCGA-EY-A1GM	5	15532	180790320	1	1
TCGA-EY-A1GM	6	149661	16043822	1	1
TCGA-EY-A1GM	6	16044822	16467593	2	1
TCGA-EY-A1GM	6	16468207	17526017	1	1
TCGA-EY-A1GM	6	17527500	17964978	2	1
TCGA-EY-A1GM	6	17965654	90368464	1	1
TCGA-EY-A1GM	6	90369207	90643375	2	1
TCGA-EY-A1GM	6	90643375	110549256	1	1
TCGA-EY-A1GM	6	110549869	110851718	2	1
TCGA-EY-A1GM	6	110853486	158571655	1	1
TCGA-EY-A1GM	6	158571706	158696986	2	1
TCGA-EY-A1GM	6	158701028	168453077	1	1
TCGA-EY-A1GM	6	168453623	168910712	2	1
TCGA-EY-A1GM	6	168911301	171051005	1	1
TCGA-EY-A1GM	7	43259	30737513	1	1
TCGA-EY-A1GM	7	30738557	30952744	2	1
TCGA-EY-A1GM	7	30954965	109149482	1	1
TCGA-EY-A1GM	7	109150479	109440918	3	1
TCGA-EY-A1GM	7	109440919	159127004	1	1
TCGA-EY-A1GM	8	31254	146298155	2	1
TCGA-EY-A1GM	9	46587	2170884	1	1
TCGA-EY-A1GM	9	2177081	2292596	4	1
TCGA-EY-A1GM	9	2293921	33992629	1	1
TCGA-EY-A1GM	9	33993280	34298143	2	1
TCGA-EY-A1GM	9	34300838	131274865	1	1
TCGA-EY-A1GM	9	131279359	141091394	1	0
TCGA-EY-A1GM	10	72759	13283437	1	1
TCGA-EY-A1GM	10	13285565	13687315	2	1
TCGA-EY-A1GM	10	13689761	13958652	2	2
TCGA-EY-A1GM	10	13960053	14344211	2	1
TCGA-EY-A1GM	10	14345594	70148380	1	1
TCGA-EY-A1GM	10	70150277	71263424	2	1
TCGA-EY-A1GM	10	71267483	71371465	1	1
TCGA-EY-A1GM	10	71373459	88459091	1	0
TCGA-EY-A1GM	10	88463253	88689402	2	0
TCGA-EY-A1GM	10	88692755	96865300	1	0
TCGA-EY-A1GM	10	96865301	97039037	1	1
TCGA-EY-A1GM	10	97040743	97334479	2	1
TCGA-EY-A1GM	10	97335231	99950224	1	1
TCGA-EY-A1GM	10	99954383	100176154	2	1
TCGA-EY-A1GM	10	100176339	119793856	1	1
TCGA-EY-A1GM	10	119794733	120287011	2	1
TCGA-EY-A1GM	10	120287418	135506704	1	1
TCGA-EY-A1GM	11	198572	17028745	2	0
TCGA-EY-A1GM	11	17033118	46209851	1	0
TCGA-EY-A1GM	11	46210773	50100027	3	1
TCGA-EY-A1GM	11	50100267	61057052	1	1
TCGA-EY-A1GM	11	61057065	61835423	2	2
TCGA-EY-A1GM	11	61837544	67942763	1	1
TCGA-EY-A1GM	11	67950508	68224042	2	1
TCGA-EY-A1GM	11	68226019	101452331	1	1
TCGA-EY-A1GM	11	101452755	102477006	2	1
TCGA-EY-A1GM	11	102477515	110250955	1	1
TCGA-EY-A1GM	11	110250972	134944770	1	0
TCGA-EY-A1GM	12	150442	47956004	1	1
TCGA-EY-A1GM	12	47956031	48550049	2	2
TCGA-EY-A1GM	12	48553243	109463057	1	1
TCGA-EY-A1GM	12	109464985	111288258	2	1
TCGA-EY-A1GM	12	111288738	133778189	1	1
TCGA-EY-A1GM	13	19026949	115108397	1	1
TCGA-EY-A1GM	14	19002124	22420837	1	1
TCGA-EY-A1GM	14	22421494	22978516	2	1
TCGA-EY-A1GM	14	22978577	107285437	1	1
TCGA-EY-A1GM	15	20016328	60547534	1	1
TCGA-EY-A1GM	15	60547812	60903900	2	1
TCGA-EY-A1GM	15	60905637	63593740	1	1
TCGA-EY-A1GM	15	63594231	63848338	2	1
TCGA-EY-A1GM	15	63848743	102469040	1	1
TCGA-EY-A1GM	16	60777	4227977	1	1
TCGA-EY-A1GM	16	4236334	4638559	2	1
TCGA-EY-A1GM	16	4649720	11732244	1	1
TCGA-EY-A1GM	16	11734256	12092575	2	1
TCGA-EY-A1GM	16	12092860	31944081	1	1
TCGA-EY-A1GM	16	31947241	69311600	1	0
TCGA-EY-A1GM	16	69321503	69597069	2	0
TCGA-EY-A1GM	16	69603544	90287535	1	0
TCGA-EY-A1GM	17	526	2687979	1	0
TCGA-EY-A1GM	17	2689106	3350174	1	1
TCGA-EY-A1GM	17	3350555	22176061	1	0
TCGA-EY-A1GM	17	22185485	35059718	1	1
TCGA-EY-A1GM	17	35059989	35281526	2	1
TCGA-EY-A1GM	17	35282364	46450314	1	1
TCGA-EY-A1GM	17	46458791	46725612	2	1
TCGA-EY-A1GM	17	46725941	54139138	1	1
TCGA-EY-A1GM	17	54141273	54256108	1	0
TCGA-EY-A1GM	17	54256166	54395550	1	1
TCGA-EY-A1GM	17	54396835	54585145	1	0
TCGA-EY-A1GM	17	54585378	73206112	1	1
TCGA-EY-A1GM	17	73207945	74151456	2	1
TCGA-EY-A1GM	17	74152194	76163308	1	1
TCGA-EY-A1GM	17	76166196	76571560	2	1
TCGA-EY-A1GM	17	76571579	81049726	1	1
TCGA-EY-A1GM	18	48133	78015057	2	0
TCGA-EY-A1GM	19	90910	3389632	1	1
TCGA-EY-A1GM	19	3390312	5690772	1	0
TCGA-EY-A1GM	19	5696962	7995497	1	1
TCGA-EY-A1GM	19	8000001	8412172	1	0
TCGA-EY-A1GM	19	8414301	24582577	1	1
TCGA-EY-A1GM	19	24583312	31450960	3	1
TCGA-EY-A1GM	19	31456867	33608733	1	0
TCGA-EY-A1GM	19	33612188	34086875	3	1
TCGA-EY-A1GM	19	34087195	35064669	5	1
TCGA-EY-A1GM	19	35069082	38114293	3	1
TCGA-EY-A1GM	19	38114903	47435769	2	1
TCGA-EY-A1GM	19	47436187	48709461	1	1
TCGA-EY-A1GM	19	48710180	48974825	2	1
TCGA-EY-A1GM	19	48977019	59097854	1	1
TCGA-EY-A1GM	20	61305	5643495	2	1
TCGA-EY-A1GM	20	5643855	6408403	3	1
TCGA-EY-A1GM	20	6408618	19696920	2	1
TCGA-EY-A1GM	20	19697084	20026133	5	1
TCGA-EY-A1GM	20	20026427	29651749	2	1
TCGA-EY-A1GM	20	29835049	29980787	17	2
TCGA-EY-A1GM	20	29980870	30882796	13	3
TCGA-EY-A1GM	20	30887659	36039638	3	0
TCGA-EY-A1GM	20	36042200	36537934	4	0
TCGA-EY-A1GM	20	36540363	43516343	3	0
TCGA-EY-A1GM	20	43516815	45080051	4	0
TCGA-EY-A1GM	20	45080421	48013369	3	0
TCGA-EY-A1GM	20	48013385	50021455	4	0
TCGA-EY-A1GM	20	50022149	50982349	3	1
TCGA-EY-A1GM	20	50984936	62956153	5	1
TCGA-EY-A1GM	21	10736871	48096957	1	1
TCGA-EY-A1GM	22	16052528	24288367	1	1
TCGA-EY-A1GM	22	24288434	30531091	1	0
TCGA-EY-A1GM	22	30531662	30771554	2	0
TCGA-EY-A1GM	22	30774653	31301433	1	0
TCGA-EY-A1GM	22	31305842	32111560	2	0
TCGA-EY-A1GM	22	32113080	38773364	1	0
TCGA-EY-A1GM	22	38774979	39196244	2	0
TCGA-EY-A1GM	22	39196937	46795141	1	0
TCGA-EY-A1GM	22	46797331	51234455	1	1
TCGA-EY-A1GM	X	168477	127849470	1	1
TCGA-EY-A1GM	X	127852219	128221549	2	1
TCGA-EY-A1GM	X	128224552	155233846	1	1
