sample	chr	startpos	endpos	nMajor	nMinor
TCGA-A6-2681-b	1	61735	121482979	2	2
TCGA-A6-2681-b	1	144007049	249224388	5	1
TCGA-A6-2681-b	2	12784	33389868	2	2
TCGA-A6-2681-b	2	33391914	33824300	1	0
TCGA-A6-2681-b	2	33824923	41261841	2	2
TCGA-A6-2681-b	2	41261992	43603152	3	1
TCGA-A6-2681-b	2	43607811	45813208	2	2
TCGA-A6-2681-b	2	45816569	46913726	3	1
TCGA-A6-2681-b	2	46918665	54362938	2	2
TCGA-A6-2681-b	2	54362975	54523285	2	0
TCGA-A6-2681-b	2	54523650	64340563	2	2
TCGA-A6-2681-b	2	64341525	64543088	1	0
TCGA-A6-2681-b	2	64543877	89109747	2	2
TCGA-A6-2681-b	2	89109772	186626491	3	1
TCGA-A6-2681-b	2	186627016	187101451	1	0
TCGA-A6-2681-b	2	187104878	243089456	3	1
TCGA-A6-2681-b	3	60345	197896118	2	2
TCGA-A6-2681-b	4	12281	92103882	2	2
TCGA-A6-2681-b	4	92103898	92313802	2	0
TCGA-A6-2681-b	4	92315233	150733373	2	2
TCGA-A6-2681-b	4	150741167	191027923	2	0
TCGA-A6-2681-b	5	15532	180790320	3	2
TCGA-A6-2681-b	6	149661	51334042	2	2
TCGA-A6-2681-b	6	51334448	51890501	3	0
TCGA-A6-2681-b	6	51890823	171051005	2	2
TCGA-A6-2681-b	7	43259	3471241	2	2
TCGA-A6-2681-b	7	3471726	11929071	4	2
TCGA-A6-2681-b	7	11930135	12231817	3	0
TCGA-A6-2681-b	7	12234631	159127004	4	2
TCGA-A6-2681-b	8	31254	36661663	2	0
TCGA-A6-2681-b	8	36661686	48825890	3	2
TCGA-A6-2681-b	8	48828083	56466778	2	0
TCGA-A6-2681-b	8	56470407	146298155	3	2
TCGA-A6-2681-b	9	46587	665516	2	0
TCGA-A6-2681-b	9	668887	107029005	2	2
TCGA-A6-2681-b	9	107033509	107335602	2	0
TCGA-A6-2681-b	9	107335663	141091394	2	2
TCGA-A6-2681-b	10	72759	57054581	2	0
TCGA-A6-2681-b	10	57056414	89180237	2	2
TCGA-A6-2681-b	10	89180520	89559180	2	0
TCGA-A6-2681-b	10	89560538	89678467	1	0
TCGA-A6-2681-b	10	89678492	135506704	2	2
TCGA-A6-2681-b	11	198572	59617138	2	2
TCGA-A6-2681-b	11	59619232	60677905	3	2
TCGA-A6-2681-b	11	60678035	61156113	3	0
TCGA-A6-2681-b	11	61157056	61526381	2	2
TCGA-A6-2681-b	11	61529469	63745125	2	0
TCGA-A6-2681-b	11	63750405	68804806	2	2
TCGA-A6-2681-b	11	68804889	68947705	2	0
TCGA-A6-2681-b	11	68955847	77667165	2	2
TCGA-A6-2681-b	11	77670912	79359380	2	0
TCGA-A6-2681-b	11	79359939	94848743	2	2
TCGA-A6-2681-b	11	94850721	125855420	2	0
TCGA-A6-2681-b	11	125855466	134944770	2	2
TCGA-A6-2681-b	12	150442	33230538	2	0
TCGA-A6-2681-b	12	33232042	33440824	4	1
TCGA-A6-2681-b	12	33445795	33482649	3	0
TCGA-A6-2681-b	12	33491201	133778189	3	2
TCGA-A6-2681-b	13	19026949	23274873	7	0
TCGA-A6-2681-b	13	23275106	78940424	7	1
TCGA-A6-2681-b	13	78942159	86622882	4	1
TCGA-A6-2681-b	13	86627690	88724698	7	1
TCGA-A6-2681-b	13	88725065	115108397	7	4
TCGA-A6-2681-b	14	19002124	29513719	2	2
TCGA-A6-2681-b	14	29513799	29739621	2	1
TCGA-A6-2681-b	14	29739935	60696379	2	2
TCGA-A6-2681-b	14	60698146	92299375	2	0
TCGA-A6-2681-b	14	92308053	107153166	2	2
TCGA-A6-2681-b	14	107153173	107285437	4	2
TCGA-A6-2681-b	15	20016328	102469040	2	0
TCGA-A6-2681-b	16	60777	6420926	2	2
TCGA-A6-2681-b	16	6421146	6579245	1	0
TCGA-A6-2681-b	16	6579979	6755650	2	1
TCGA-A6-2681-b	16	6755679	6824823	2	0
TCGA-A6-2681-b	16	6824941	7047889	1	0
TCGA-A6-2681-b	16	7052359	7333566	2	1
TCGA-A6-2681-b	16	7335059	7392967	1	0
TCGA-A6-2681-b	16	7395436	7773359	2	1
TCGA-A6-2681-b	16	7773809	78373817	3	2
TCGA-A6-2681-b	16	78376377	78647972	2	1
TCGA-A6-2681-b	16	78648998	90287535	3	2
TCGA-A6-2681-b	17	526	420165	2	0
TCGA-A6-2681-b	17	422549	8961077	5	0
TCGA-A6-2681-b	17	8962487	10047782	8	0
TCGA-A6-2681-b	17	10048351	28615073	2	0
TCGA-A6-2681-b	17	28615812	76212699	4	0
TCGA-A6-2681-b	17	76217744	81049726	6	0
TCGA-A6-2681-b	18	48133	78015057	2	0
TCGA-A6-2681-b	19	90910	28127288	4	2
TCGA-A6-2681-b	19	28127326	59097854	5	0
TCGA-A6-2681-b	20	61305	14739308	4	2
TCGA-A6-2681-b	20	14739323	14758438	4	0
TCGA-A6-2681-b	20	14758473	14960100	2	0
TCGA-A6-2681-b	20	14962281	15489871	4	2
TCGA-A6-2681-b	20	15490760	15715210	2	2
TCGA-A6-2681-b	20	15716837	62956153	5	2
TCGA-A6-2681-b	21	10736871	48096957	2	2
TCGA-A6-2681-b	22	16052528	51234455	2	0
TCGA-A6-2681-b	X	168477	6897570	3	2
TCGA-A6-2681-b	X	6897849	7128827	2	1
TCGA-A6-2681-b	X	7129264	7411214	2	0
TCGA-A6-2681-b	X	7414218	73901100	3	2
TCGA-A6-2681-b	X	73903195	137778199	5	2
TCGA-A6-2681-b	X	137779193	138216293	2	2
TCGA-A6-2681-b	X	138218647	142095574	5	2
TCGA-A6-2681-b	X	142099309	143486692	5	0
TCGA-A6-2681-b	X	143489724	155233846	5	2
