sample	chr	startpos	endpos	nMajor	nMinor
TCGA-HT-7471	1	61735	121482979	2	0
TCGA-HT-7471	1	144007049	145390114	2	1
TCGA-HT-7471	1	145390170	249224388	2	2
TCGA-HT-7471	2	12784	243089456	2	2
TCGA-HT-7471	3	60345	197896118	2	2
TCGA-HT-7471	4	12281	191027923	2	1
TCGA-HT-7471	5	15532	79992418	2	2
TCGA-HT-7471	5	79993083	80149445	1	1
TCGA-HT-7471	5	80154197	180790320	2	2
TCGA-HT-7471	6	149661	171051005	2	2
TCGA-HT-7471	7	43259	159127004	2	2
TCGA-HT-7471	8	31254	146298155	2	2
TCGA-HT-7471	9	46587	141091394	2	1
TCGA-HT-7471	10	72759	135506704	2	1
TCGA-HT-7471	11	198572	134944770	2	2
TCGA-HT-7471	12	150442	133778189	2	2
TCGA-HT-7471	13	19026949	115108397	1	1
TCGA-HT-7471	14	19002124	22300380	2	2
TCGA-HT-7471	14	22300838	23029322	3	2
TCGA-HT-7471	14	23029342	107285437	2	2
TCGA-HT-7471	15	20016328	102469040	2	2
TCGA-HT-7471	16	60777	90287535	2	2
TCGA-HT-7471	17	526	81049726	2	2
TCGA-HT-7471	18	48133	78015057	2	2
TCGA-HT-7471	19	90910	27762138	2	2
TCGA-HT-7471	19	27765988	59097854	2	0
TCGA-HT-7471	20	61305	62956153	2	2
TCGA-HT-7471	21	10736871	48096957	2	2
TCGA-HT-7471	22	16052528	51234455	2	2
TCGA-HT-7471	X	168477	155233846	2	2
