sample	chr	startpos	endpos	nMajor	nMinor
TCGA-A8-A08B	1	61735	121482979	2	2
TCGA-A8-A08B	1	144007049	184807512	6	2
TCGA-A8-A08B	1	184809353	205612126	7	2
TCGA-A8-A08B	1	205612278	210071062	11	2
TCGA-A8-A08B	1	210081613	212879644	14	2
TCGA-A8-A08B	1	212880119	249224388	9	2
TCGA-A8-A08B	2	12784	243089456	2	2
TCGA-A8-A08B	3	60345	34874158	4	0
TCGA-A8-A08B	3	34874377	88203844	3	0
TCGA-A8-A08B	3	88214146	150417580	3	2
TCGA-A8-A08B	3	150417593	157542718	4	3
TCGA-A8-A08B	3	157543913	163639281	4	4
TCGA-A8-A08B	3	163639954	166470176	6	3
TCGA-A8-A08B	3	166470911	170530629	4	4
TCGA-A8-A08B	3	170530760	191802937	3	2
TCGA-A8-A08B	3	191804762	197896118	4	3
TCGA-A8-A08B	4	12281	49143263	3	0
TCGA-A8-A08B	4	49148834	55478521	2	2
TCGA-A8-A08B	4	55479582	57037997	4	4
TCGA-A8-A08B	4	57038461	60753064	3	2
TCGA-A8-A08B	4	60756570	191027923	3	0
TCGA-A8-A08B	5	15532	137969852	3	2
TCGA-A8-A08B	5	137976852	138608724	5	2
TCGA-A8-A08B	5	138609609	180790320	2	2
TCGA-A8-A08B	6	149661	145006780	4	3
TCGA-A8-A08B	6	145007115	171051005	2	0
TCGA-A8-A08B	7	43259	56088491	2	2
TCGA-A8-A08B	7	56090878	71525196	3	2
TCGA-A8-A08B	7	71525378	159127004	2	2
TCGA-A8-A08B	8	31254	78793375	2	2
TCGA-A8-A08B	8	78800051	78945414	9	4
TCGA-A8-A08B	8	78945590	92014386	3	2
TCGA-A8-A08B	8	92017278	93192336	19	2
TCGA-A8-A08B	8	93196771	95079676	3	2
TCGA-A8-A08B	8	95083101	96338508	14	3
TCGA-A8-A08B	8	96344427	97174823	20	3
TCGA-A8-A08B	8	97181050	101140179	15	3
TCGA-A8-A08B	8	101140933	101915431	20	3
TCGA-A8-A08B	8	101917164	106478716	4	3
TCGA-A8-A08B	8	106481816	107175123	11	3
TCGA-A8-A08B	8	107179008	110342599	3	3
TCGA-A8-A08B	8	110346287	111278308	3	1
TCGA-A8-A08B	8	111280576	113436766	11	3
TCGA-A8-A08B	8	113440838	113487450	25	8
TCGA-A8-A08B	8	113487472	114763921	17	5
TCGA-A8-A08B	8	114766093	115230819	3	3
TCGA-A8-A08B	8	115230950	115699642	9	3
TCGA-A8-A08B	8	115699735	117603485	19	3
TCGA-A8-A08B	8	117603759	119323354	12	3
TCGA-A8-A08B	8	119323381	123331351	26	3
TCGA-A8-A08B	8	123334068	123853184	5	3
TCGA-A8-A08B	8	123855349	124915931	11	3
TCGA-A8-A08B	8	124922448	125221738	3	3
TCGA-A8-A08B	8	125222043	126173452	8	3
TCGA-A8-A08B	8	126174429	126394994	2	0
TCGA-A8-A08B	8	126398900	126910354	4	3
TCGA-A8-A08B	8	126910497	129402528	23	3
TCGA-A8-A08B	8	129405358	131128915	29	3
TCGA-A8-A08B	8	131130594	131781146	14	3
TCGA-A8-A08B	8	131781235	131842123	8	2
TCGA-A8-A08B	8	131843238	132273185	2	0
TCGA-A8-A08B	8	132281905	134676889	7	3
TCGA-A8-A08B	8	134676921	135957404	4	3
TCGA-A8-A08B	8	135958471	136767285	11	3
TCGA-A8-A08B	8	136772300	139144914	24	3
TCGA-A8-A08B	8	139145752	139175182	11	4
TCGA-A8-A08B	8	139175349	139528884	3	2
TCGA-A8-A08B	8	139532160	140267889	3	1
TCGA-A8-A08B	8	140269545	140540471	3	0
TCGA-A8-A08B	8	140541717	141504541	3	1
TCGA-A8-A08B	8	141510422	143130738	9	3
TCGA-A8-A08B	8	143136640	146298155	3	0
TCGA-A8-A08B	9	46587	141091394	3	2
TCGA-A8-A08B	10	72759	27347474	4	3
TCGA-A8-A08B	10	27348423	38914683	3	0
TCGA-A8-A08B	10	38918934	77745326	3	3
TCGA-A8-A08B	10	77745700	81198098	5	3
TCGA-A8-A08B	10	81198221	135506704	3	2
TCGA-A8-A08B	11	198572	134944770	3	3
TCGA-A8-A08B	12	150442	13839191	3	2
TCGA-A8-A08B	12	13839429	23152518	3	1
TCGA-A8-A08B	12	23152620	51453637	2	2
TCGA-A8-A08B	12	51453905	53336989	3	2
TCGA-A8-A08B	12	53340393	60129493	2	2
TCGA-A8-A08B	12	60129773	61132706	3	3
TCGA-A8-A08B	12	61133434	63345003	8	3
TCGA-A8-A08B	12	63347469	64751007	4	2
TCGA-A8-A08B	12	64753417	65621669	3	0
TCGA-A8-A08B	12	65635664	66641975	2	2
TCGA-A8-A08B	12	66642304	67939204	2	0
TCGA-A8-A08B	12	67939374	69532439	2	2
TCGA-A8-A08B	12	69532934	71962087	4	3
TCGA-A8-A08B	12	71962466	72470551	2	2
TCGA-A8-A08B	12	72471930	74162088	8	3
TCGA-A8-A08B	12	74165862	75505451	3	0
TCGA-A8-A08B	12	75507668	77515055	2	2
TCGA-A8-A08B	12	77517676	78407768	8	3
TCGA-A8-A08B	12	78410061	78752496	3	2
TCGA-A8-A08B	12	78755340	88790144	3	0
TCGA-A8-A08B	12	88793642	91395834	6	3
TCGA-A8-A08B	12	91396006	91611223	11	6
TCGA-A8-A08B	12	91612844	91612844	7	0
TCGA-A8-A08B	12	91614786	91902668	16	3
TCGA-A8-A08B	12	91907311	91973918	13	0
TCGA-A8-A08B	12	91976692	94734020	7	3
TCGA-A8-A08B	12	94736548	95987632	3	0
TCGA-A8-A08B	12	95995475	97453066	4	4
TCGA-A8-A08B	12	97453244	98080273	3	0
TCGA-A8-A08B	12	98082187	98300150	6	3
TCGA-A8-A08B	12	98301932	133778189	3	0
TCGA-A8-A08B	13	19026949	115108397	4	0
TCGA-A8-A08B	14	19002124	107285437	3	3
TCGA-A8-A08B	15	20016328	102469040	3	3
TCGA-A8-A08B	16	60777	4780262	6	2
TCGA-A8-A08B	16	4781191	35283226	6	3
TCGA-A8-A08B	16	46463782	90287535	3	0
TCGA-A8-A08B	17	526	25270517	3	0
TCGA-A8-A08B	17	25270800	28505392	3	2
TCGA-A8-A08B	17	28507515	29013205	2	0
TCGA-A8-A08B	17	29016360	29016726	7	0
TCGA-A8-A08B	17	29017626	29175244	5	0
TCGA-A8-A08B	17	29187109	29810753	18	1
TCGA-A8-A08B	17	29813689	34037278	3	0
TCGA-A8-A08B	17	34037420	34981225	14	2
TCGA-A8-A08B	17	34982734	35773761	7	3
TCGA-A8-A08B	17	35773799	36424962	3	0
TCGA-A8-A08B	17	36439253	37021403	7	3
TCGA-A8-A08B	17	37037718	38950933	26	4
TCGA-A8-A08B	17	38951180	39091943	9	2
TCGA-A8-A08B	17	39092868	40137218	3	3
TCGA-A8-A08B	17	40138463	81049726	3	0
TCGA-A8-A08B	18	48133	78015057	3	0
TCGA-A8-A08B	19	90910	38337171	3	2
TCGA-A8-A08B	19	38337582	38384740	6	5
TCGA-A8-A08B	19	38387237	38816538	6	3
TCGA-A8-A08B	19	38817277	59097854	3	1
TCGA-A8-A08B	20	61305	10723828	3	3
TCGA-A8-A08B	20	10724378	62956153	4	3
TCGA-A8-A08B	21	10736871	48096957	3	3
TCGA-A8-A08B	22	16052528	51234455	3	3
TCGA-A8-A08B	X	168477	31280884	3	2
TCGA-A8-A08B	X	31281003	31515348	9	3
TCGA-A8-A08B	X	31517385	62114111	3	2
TCGA-A8-A08B	X	62116393	126995587	3	0
TCGA-A8-A08B	X	126995845	127009904	2	2
TCGA-A8-A08B	X	127017497	127248244	3	0
TCGA-A8-A08B	X	127249818	136966294	3	2
TCGA-A8-A08B	X	136967823	147652028	3	3
TCGA-A8-A08B	X	147654912	155233846	3	2
