sample	chr	startpos	endpos	nMajor	nMinor
TCGA-24-1426	1	61735	14760866	1	1
TCGA-24-1426	1	14761482	14884960	2	1
TCGA-24-1426	1	14885519	31041973	1	1
TCGA-24-1426	1	31043625	31789376	2	1
TCGA-24-1426	1	31790426	53974582	1	1
TCGA-24-1426	1	53981882	56382975	2	1
TCGA-24-1426	1	56383084	153129417	1	1
TCGA-24-1426	1	153132872	153804336	2	1
TCGA-24-1426	1	153805750	171417430	1	1
TCGA-24-1426	1	171420706	172227103	2	1
TCGA-24-1426	1	172228720	201657508	1	1
TCGA-24-1426	1	201657709	203036523	2	1
TCGA-24-1426	1	203037784	205056247	1	1
TCGA-24-1426	1	205056301	205845259	2	1
TCGA-24-1426	1	205849495	230245900	1	1
TCGA-24-1426	1	230247564	231203039	1	0
TCGA-24-1426	1	231203881	249224388	1	1
TCGA-24-1426	2	12784	15636501	1	1
TCGA-24-1426	2	15638511	15913925	2	1
TCGA-24-1426	2	15914842	102579902	1	1
TCGA-24-1426	2	102580363	102896968	3	1
TCGA-24-1426	2	102901080	190180619	1	1
TCGA-24-1426	2	190181624	190940176	2	1
TCGA-24-1426	2	190943816	243089456	1	1
TCGA-24-1426	3	60345	1109871	2	0
TCGA-24-1426	3	1110339	1375581	1	1
TCGA-24-1426	3	1375621	8918846	1	0
TCGA-24-1426	3	8918879	9061714	5	0
TCGA-24-1426	3	9062146	61281841	1	0
TCGA-24-1426	3	61282140	66108209	2	2
TCGA-24-1426	3	66109740	84574306	2	1
TCGA-24-1426	3	84574491	84735806	1	1
TCGA-24-1426	3	84739674	84818870	2	1
TCGA-24-1426	3	84819292	93680414	1	1
TCGA-24-1426	3	93681489	107221587	1	0
TCGA-24-1426	3	107223736	108434955	4	1
TCGA-24-1426	3	108435020	116536560	3	0
TCGA-24-1426	3	116537733	116908623	0	0
TCGA-24-1426	3	116908832	129762859	3	0
TCGA-24-1426	3	129763698	129806236	1	0
TCGA-24-1426	3	129806924	197896118	3	0
TCGA-24-1426	4	12281	92331783	1	0
TCGA-24-1426	4	92338498	92392152	0	0
TCGA-24-1426	4	92395860	191027923	1	0
TCGA-24-1426	5	15532	77270815	1	1
TCGA-24-1426	5	77277101	78220410	2	1
TCGA-24-1426	5	78221603	141513204	1	1
TCGA-24-1426	5	141513691	145601598	1	0
TCGA-24-1426	5	145601869	145868803	2	1
TCGA-24-1426	5	145870080	180790320	1	1
TCGA-24-1426	6	149661	43225079	1	0
TCGA-24-1426	6	43225117	44790410	2	0
TCGA-24-1426	6	44791861	116607576	1	0
TCGA-24-1426	6	116609005	117228916	2	0
TCGA-24-1426	6	117231616	171051005	1	0
TCGA-24-1426	7	43259	61987257	1	1
TCGA-24-1426	7	61987294	79049835	2	1
TCGA-24-1426	7	79055847	79458805	1	0
TCGA-24-1426	7	79458854	93469600	1	1
TCGA-24-1426	7	93469699	98335284	1	0
TCGA-24-1426	7	98338079	100409850	2	1
TCGA-24-1426	7	100410873	102089969	1	0
TCGA-24-1426	7	102091735	105137317	2	1
TCGA-24-1426	7	105138501	108631779	1	0
TCGA-24-1426	7	108634465	109079519	1	1
TCGA-24-1426	7	109079556	116718088	1	0
TCGA-24-1426	7	116720422	117770679	1	1
TCGA-24-1426	7	117777360	126384840	1	0
TCGA-24-1426	7	126386865	127250377	2	1
TCGA-24-1426	7	127253469	128677824	1	0
TCGA-24-1426	7	128678236	128916875	3	1
TCGA-24-1426	7	128921834	141443893	1	0
TCGA-24-1426	7	141444116	141881986	1	1
TCGA-24-1426	7	141882455	142047396	1	0
TCGA-24-1426	7	142047648	144049301	1	1
TCGA-24-1426	7	144049379	153645522	1	0
TCGA-24-1426	7	153647531	158115424	2	1
TCGA-24-1426	7	158115862	158385232	1	0
TCGA-24-1426	7	158385584	159047467	2	1
TCGA-24-1426	7	159050734	159127004	1	0
TCGA-24-1426	8	31254	31069002	1	1
TCGA-24-1426	8	31070147	31735547	2	1
TCGA-24-1426	8	31736625	119203780	1	1
TCGA-24-1426	8	119207029	119331118	2	1
TCGA-24-1426	8	119332157	120824357	1	1
TCGA-24-1426	8	120825225	124443722	2	1
TCGA-24-1426	8	124444496	146209584	1	1
TCGA-24-1426	8	146211595	146298155	2	1
TCGA-24-1426	9	46587	141091394	1	0
TCGA-24-1426	10	72759	11640549	1	1
TCGA-24-1426	10	11641469	12150826	2	1
TCGA-24-1426	10	12151960	30793466	1	1
TCGA-24-1426	10	30795848	34783097	1	0
TCGA-24-1426	10	34785685	74981075	1	1
TCGA-24-1426	10	74987178	75961136	2	1
TCGA-24-1426	10	75968419	135506704	1	1
TCGA-24-1426	11	198572	59224964	1	1
TCGA-24-1426	11	59225221	61746269	2	1
TCGA-24-1426	11	61746291	69434580	1	1
TCGA-24-1426	11	69435230	70787123	2	1
TCGA-24-1426	11	70787123	95289251	1	1
TCGA-24-1426	11	95290854	95710814	2	1
TCGA-24-1426	11	95710993	117347400	1	1
TCGA-24-1426	11	117350137	117506626	2	1
TCGA-24-1426	11	117511224	126766324	1	1
TCGA-24-1426	11	126767481	127059774	2	1
TCGA-24-1426	11	127059885	134944770	1	1
TCGA-24-1426	12	150442	14913709	1	1
TCGA-24-1426	12	14915409	15119131	2	1
TCGA-24-1426	12	15119251	26028847	1	1
TCGA-24-1426	12	26029604	26444867	2	1
TCGA-24-1426	12	26446508	56120523	1	1
TCGA-24-1426	12	56124048	57198634	2	1
TCGA-24-1426	12	57202502	72349290	1	1
TCGA-24-1426	12	72359281	72447587	2	1
TCGA-24-1426	12	72447931	110018331	1	1
TCGA-24-1426	12	110020449	110371897	2	1
TCGA-24-1426	12	110372210	133778189	1	1
TCGA-24-1426	13	19026949	58938664	1	0
TCGA-24-1426	13	58940745	115108397	1	1
TCGA-24-1426	14	19002124	60821571	1	1
TCGA-24-1426	14	60824884	61449328	2	1
TCGA-24-1426	14	61449864	107285437	1	1
TCGA-24-1426	15	20016328	102469040	1	0
TCGA-24-1426	16	60777	90287535	1	0
TCGA-24-1426	17	526	26586872	1	0
TCGA-24-1426	17	26588359	27655839	2	0
TCGA-24-1426	17	27658233	41736076	1	0
TCGA-24-1426	17	41737310	81049726	2	0
TCGA-24-1426	18	48133	3016126	1	1
TCGA-24-1426	18	3016150	5145017	2	1
TCGA-24-1426	18	5145389	18541906	1	1
TCGA-24-1426	18	18546748	21766242	1	0
TCGA-24-1426	18	21769091	22681118	1	1
TCGA-24-1426	18	22685290	41104234	1	0
TCGA-24-1426	18	41109457	44446802	2	1
TCGA-24-1426	18	44451625	50935353	1	0
TCGA-24-1426	18	50939001	52968422	2	1
TCGA-24-1426	18	52973135	55257063	1	0
TCGA-24-1426	18	55257126	55396303	3	1
TCGA-24-1426	18	55396585	59499757	1	1
TCGA-24-1426	18	59501752	77601336	1	0
TCGA-24-1426	18	77601824	78015057	2	1
TCGA-24-1426	19	90910	6407191	1	0
TCGA-24-1426	19	6407740	6958134	2	0
TCGA-24-1426	19	6958636	7762825	1	0
TCGA-24-1426	19	7762911	12407347	1	1
TCGA-24-1426	19	12408593	13115417	1	0
TCGA-24-1426	19	13115480	20114690	2	1
TCGA-24-1426	19	20114781	21839724	1	1
TCGA-24-1426	19	21841241	31089208	4	1
TCGA-24-1426	19	31092424	32653185	3	1
TCGA-24-1426	19	32661756	34133996	4	1
TCGA-24-1426	19	34134459	36689804	1	1
TCGA-24-1426	19	36690874	40848682	4	1
TCGA-24-1426	19	40856235	59097854	1	0
TCGA-24-1426	20	61305	25738764	2	0
TCGA-24-1426	20	25740998	30304021	2	1
TCGA-24-1426	20	30306724	33151632	2	2
TCGA-24-1426	20	33154603	51672983	2	1
TCGA-24-1426	20	51673358	52644868	3	1
TCGA-24-1426	20	52647808	52652358	1	0
TCGA-24-1426	20	52652360	52865040	3	1
TCGA-24-1426	20	52865835	62956153	2	1
TCGA-24-1426	21	10736871	14621519	1	0
TCGA-24-1426	21	14623785	48096957	1	1
TCGA-24-1426	22	16052528	51234455	1	0
TCGA-24-1426	X	168477	155233846	1	0
