sample	chr	startpos	endpos	nMajor	nMinor
TCGA-K1-A3PO-b	1	61735	16620589	1	1
TCGA-K1-A3PO-b	1	16621432	23709869	1	0
TCGA-K1-A3PO-b	1	23710475	27864256	1	1
TCGA-K1-A3PO-b	1	27864963	30757020	1	0
TCGA-K1-A3PO-b	1	30759956	249224388	1	1
TCGA-K1-A3PO-b	2	12784	24358652	1	1
TCGA-K1-A3PO-b	2	24359818	29153574	1	0
TCGA-K1-A3PO-b	2	29156517	243089456	1	1
TCGA-K1-A3PO-b	3	60345	197896118	1	1
TCGA-K1-A3PO-b	4	12281	191027923	1	1
TCGA-K1-A3PO-b	5	15532	64037953	1	1
TCGA-K1-A3PO-b	5	64039626	68387802	1	0
TCGA-K1-A3PO-b	5	68396213	180790320	1	1
TCGA-K1-A3PO-b	6	149661	4945938	1	1
TCGA-K1-A3PO-b	6	4946356	57117841	1	0
TCGA-K1-A3PO-b	6	57122994	171051005	1	1
TCGA-K1-A3PO-b	7	43259	159127004	1	1
TCGA-K1-A3PO-b	8	31254	146298155	1	1
TCGA-K1-A3PO-b	9	46587	141091394	1	1
TCGA-K1-A3PO-b	10	72759	135506704	1	1
TCGA-K1-A3PO-b	11	198572	134944770	1	1
TCGA-K1-A3PO-b	12	150442	133778189	1	1
TCGA-K1-A3PO-b	13	19026949	115108397	1	1
TCGA-K1-A3PO-b	14	19002124	107285437	1	1
TCGA-K1-A3PO-b	15	20016328	102469040	1	1
TCGA-K1-A3PO-b	16	60777	90287535	1	1
TCGA-K1-A3PO-b	17	526	81049726	1	1
TCGA-K1-A3PO-b	18	48133	78015057	1	1
TCGA-K1-A3PO-b	19	90910	3943267	1	0
TCGA-K1-A3PO-b	19	3957921	59097854	1	1
TCGA-K1-A3PO-b	20	61305	46321407	1	1
TCGA-K1-A3PO-b	20	46324224	46737001	1	0
TCGA-K1-A3PO-b	20	46737091	62956153	1	1
TCGA-K1-A3PO-b	21	10736871	48096957	1	1
TCGA-K1-A3PO-b	22	16052528	51234455	1	1
TCGA-K1-A3PO-b	X	168477	2703391	1	1
TCGA-K1-A3PO-b	X	2703633	154929034	1	0
TCGA-K1-A3PO-b	X	154929105	155233846	2	0
