sample	chr	startpos	endpos	nMajor	nMinor
TCGA-CJ-4897	1	61735	41974258	2	2
TCGA-CJ-4897	1	41980484	42243549	4	0
TCGA-CJ-4897	1	42244889	223608626	2	2
TCGA-CJ-4897	1	223609316	224179046	4	0
TCGA-CJ-4897	1	224184274	249224388	2	2
TCGA-CJ-4897	2	12784	3975650	3	3
TCGA-CJ-4897	2	3978793	4557527	6	0
TCGA-CJ-4897	2	4557748	17221092	3	3
TCGA-CJ-4897	2	17221165	18609987	6	1
TCGA-CJ-4897	2	18610166	36498265	3	3
TCGA-CJ-4897	2	36498366	36942266	6	1
TCGA-CJ-4897	2	36942341	86063044	3	3
TCGA-CJ-4897	2	86064885	86865883	6	0
TCGA-CJ-4897	2	86872592	114165409	3	3
TCGA-CJ-4897	2	114166962	115096799	6	1
TCGA-CJ-4897	2	115099082	120101182	3	3
TCGA-CJ-4897	2	120104443	121305724	5	1
TCGA-CJ-4897	2	121306592	135147830	3	3
TCGA-CJ-4897	2	135148441	135618945	5	1
TCGA-CJ-4897	2	135618982	243089456	3	3
TCGA-CJ-4897	3	60345	63313537	3	0
TCGA-CJ-4897	3	63313662	66853608	3	3
TCGA-CJ-4897	3	66856267	67061259	3	0
TCGA-CJ-4897	3	67061379	75988282	3	2
TCGA-CJ-4897	3	75988606	76490030	4	1
TCGA-CJ-4897	3	76492476	80176052	3	3
TCGA-CJ-4897	3	80178537	81200650	4	1
TCGA-CJ-4897	3	81201108	122681041	3	2
TCGA-CJ-4897	3	122681930	123151162	5	1
TCGA-CJ-4897	3	123152897	123936339	5	0
TCGA-CJ-4897	3	123936353	197896118	3	2
TCGA-CJ-4897	4	12281	95682303	2	2
TCGA-CJ-4897	4	95682424	99507836	4	0
TCGA-CJ-4897	4	99508217	191027923	2	2
TCGA-CJ-4897	5	15532	35058163	3	3
TCGA-CJ-4897	5	35060319	35608884	6	1
TCGA-CJ-4897	5	35609750	42911014	3	3
TCGA-CJ-4897	5	42911330	44362769	5	2
TCGA-CJ-4897	5	44364007	74097919	3	3
TCGA-CJ-4897	5	74098485	75243922	5	1
TCGA-CJ-4897	5	75244122	83173593	4	3
TCGA-CJ-4897	5	83173714	112488644	6	3
TCGA-CJ-4897	5	112490223	115077310	7	2
TCGA-CJ-4897	5	115080595	121907715	6	3
TCGA-CJ-4897	5	121907829	123577635	9	0
TCGA-CJ-4897	5	123578059	180210642	6	3
TCGA-CJ-4897	5	180210695	180790320	8	0
TCGA-CJ-4897	6	149661	27223467	3	2
TCGA-CJ-4897	6	27224633	29351873	4	0
TCGA-CJ-4897	6	29352797	40605168	3	2
TCGA-CJ-4897	6	40606516	68233509	5	0
TCGA-CJ-4897	6	68233677	121674337	3	2
TCGA-CJ-4897	6	121674378	123076196	4	1
TCGA-CJ-4897	6	123078637	128314648	3	2
TCGA-CJ-4897	6	128314738	129736389	4	1
TCGA-CJ-4897	6	129737670	171051005	3	2
TCGA-CJ-4897	7	43259	64890142	3	3
TCGA-CJ-4897	7	64890353	66376108	5	1
TCGA-CJ-4897	7	66376795	126850221	3	3
TCGA-CJ-4897	7	126851448	127791953	6	0
TCGA-CJ-4897	7	127794769	131855343	4	3
TCGA-CJ-4897	7	131855508	132476411	6	0
TCGA-CJ-4897	7	132476914	136123190	3	3
TCGA-CJ-4897	7	136123543	136956990	5	2
TCGA-CJ-4897	7	136957172	159127004	3	3
TCGA-CJ-4897	8	31254	38514540	3	1
TCGA-CJ-4897	8	38518933	146298155	2	2
TCGA-CJ-4897	9	46587	38766241	3	3
TCGA-CJ-4897	9	38767942	47217176	3	0
TCGA-CJ-4897	9	65616971	97582905	3	3
TCGA-CJ-4897	9	97583496	98317474	5	1
TCGA-CJ-4897	9	98317832	140755287	3	3
TCGA-CJ-4897	9	140756825	141091394	5	0
TCGA-CJ-4897	10	72759	126194500	3	2
TCGA-CJ-4897	10	126197887	126814320	4	0
TCGA-CJ-4897	10	126815036	135506704	3	2
TCGA-CJ-4897	11	198572	10413839	3	2
TCGA-CJ-4897	11	10414509	11041533	4	1
TCGA-CJ-4897	11	11042515	47950082	3	2
TCGA-CJ-4897	11	47954136	51501539	5	0
TCGA-CJ-4897	11	51502987	56396020	3	1
TCGA-CJ-4897	11	56396773	58531402	5	0
TCGA-CJ-4897	11	58534059	108855811	3	2
TCGA-CJ-4897	11	108856850	109944364	4	1
TCGA-CJ-4897	11	109947478	134944770	3	2
TCGA-CJ-4897	12	150442	133778189	3	2
TCGA-CJ-4897	13	19026949	22891551	3	2
TCGA-CJ-4897	13	22894372	26523862	5	0
TCGA-CJ-4897	13	26524966	115108397	3	3
TCGA-CJ-4897	14	19002124	40561322	2	2
TCGA-CJ-4897	14	40562450	41514877	3	0
TCGA-CJ-4897	14	41514925	107285437	2	2
TCGA-CJ-4897	15	20016328	22922449	5	0
TCGA-CJ-4897	15	22922576	27804507	3	3
TCGA-CJ-4897	15	27807476	32185610	5	0
TCGA-CJ-4897	15	32187120	67675406	3	3
TCGA-CJ-4897	15	67675547	69174475	4	1
TCGA-CJ-4897	15	69175289	102469040	3	3
TCGA-CJ-4897	16	60777	186672	6	0
TCGA-CJ-4897	16	186729	5525343	3	3
TCGA-CJ-4897	16	5526492	5844415	6	0
TCGA-CJ-4897	16	5844549	31631405	3	3
TCGA-CJ-4897	16	31633058	35283226	5	0
TCGA-CJ-4897	16	46463782	76889183	3	3
TCGA-CJ-4897	16	76889210	77373039	5	1
TCGA-CJ-4897	16	77373123	90287535	3	3
TCGA-CJ-4897	17	526	81049726	3	2
TCGA-CJ-4897	18	48133	49111225	3	3
TCGA-CJ-4897	18	49117622	49446426	5	1
TCGA-CJ-4897	18	49449713	78015057	3	3
TCGA-CJ-4897	19	90910	56758966	4	2
TCGA-CJ-4897	19	56762676	59097854	6	0
TCGA-CJ-4897	20	61305	6042627	3	3
TCGA-CJ-4897	20	6042852	6611708	5	1
TCGA-CJ-4897	20	6612356	32998601	3	3
TCGA-CJ-4897	20	32998654	34773508	5	1
TCGA-CJ-4897	20	34775777	62956153	3	3
TCGA-CJ-4897	21	10736871	48096957	3	1
TCGA-CJ-4897	22	16052528	22333025	2	2
TCGA-CJ-4897	22	22333218	22583115	3	1
TCGA-CJ-4897	22	22583252	51234455	2	2
TCGA-CJ-4897	X	168477	10184807	3	2
TCGA-CJ-4897	X	10186592	12579299	5	0
TCGA-CJ-4897	X	12581341	17758772	4	2
TCGA-CJ-4897	X	17759331	20510728	5	0
TCGA-CJ-4897	X	20513545	62538073	3	2
TCGA-CJ-4897	X	62541794	66350960	5	0
TCGA-CJ-4897	X	66352696	80679917	3	2
TCGA-CJ-4897	X	80683073	82742602	5	0
TCGA-CJ-4897	X	82743129	104527364	3	2
TCGA-CJ-4897	X	104529064	108003701	5	0
TCGA-CJ-4897	X	108005663	108860628	3	2
TCGA-CJ-4897	X	108869348	111513147	5	0
TCGA-CJ-4897	X	111517028	126172157	3	2
TCGA-CJ-4897	X	126175223	127281397	5	0
TCGA-CJ-4897	X	127281474	155233846	3	2
