sample	chr	startpos	endpos	nMajor	nMinor
TCGA-BJ-A18Y	1	61735	249224388	1	1
TCGA-BJ-A18Y	2	12784	243089456	1	1
TCGA-BJ-A18Y	3	60345	197896118	1	1
TCGA-BJ-A18Y	4	12281	191027923	1	1
TCGA-BJ-A18Y	5	15532	180790320	1	1
TCGA-BJ-A18Y	6	149661	171051005	1	1
TCGA-BJ-A18Y	7	43259	159127004	1	1
TCGA-BJ-A18Y	8	31254	146298155	1	1
TCGA-BJ-A18Y	9	46587	141091394	1	1
TCGA-BJ-A18Y	10	72759	135004074	1	1
TCGA-BJ-A18Y	10	135017319	135506704	2	0
TCGA-BJ-A18Y	11	198572	134944770	1	1
TCGA-BJ-A18Y	12	150442	133778189	1	1
TCGA-BJ-A18Y	13	19026949	115108397	1	1
TCGA-BJ-A18Y	14	19002124	22359663	1	1
TCGA-BJ-A18Y	14	22367550	22978775	2	1
TCGA-BJ-A18Y	14	22983223	107285437	1	1
TCGA-BJ-A18Y	15	20016328	102469040	1	1
TCGA-BJ-A18Y	16	60777	90287535	1	1
TCGA-BJ-A18Y	17	526	81049726	1	1
TCGA-BJ-A18Y	18	48133	78015057	1	1
TCGA-BJ-A18Y	19	90910	59097854	1	1
TCGA-BJ-A18Y	20	61305	62956153	1	1
TCGA-BJ-A18Y	21	10736871	48096957	1	1
TCGA-BJ-A18Y	22	16052528	51234455	1	0
TCGA-BJ-A18Y	X	168477	2694240	1	1
TCGA-BJ-A18Y	X	2703391	155233846	1	0
