sample	chr	startpos	endpos	nMajor	nMinor
TCGA-DQ-7592	1	61735	32766292	2	0
TCGA-DQ-7592	1	32767392	56079739	2	2
TCGA-DQ-7592	1	56080015	58653014	1	1
TCGA-DQ-7592	1	58654363	62492054	2	2
TCGA-DQ-7592	1	62492871	121482979	1	1
TCGA-DQ-7592	1	144007049	249224388	2	1
TCGA-DQ-7592	2	12784	172253756	2	1
TCGA-DQ-7592	2	172259981	179696919	3	2
TCGA-DQ-7592	2	179701993	180521376	7	2
TCGA-DQ-7592	2	180522353	243089456	2	0
TCGA-DQ-7592	3	60345	90252447	2	0
TCGA-DQ-7592	3	90253559	129352436	2	1
TCGA-DQ-7592	3	129353333	197896118	3	2
TCGA-DQ-7592	4	12281	49649791	2	2
TCGA-DQ-7592	4	49650106	99063287	2	0
TCGA-DQ-7592	4	99067312	100463584	3	0
TCGA-DQ-7592	4	100464565	191027923	2	0
TCGA-DQ-7592	5	15532	46326188	3	2
TCGA-DQ-7592	5	46328445	180790320	2	0
TCGA-DQ-7592	6	149661	171051005	2	1
TCGA-DQ-7592	7	43259	57197823	2	2
TCGA-DQ-7592	7	57198661	159127004	1	1
TCGA-DQ-7592	8	31254	43767226	2	0
TCGA-DQ-7592	8	43778914	146298155	3	2
TCGA-DQ-7592	9	46587	47217176	2	0
TCGA-DQ-7592	9	65616971	141091394	2	1
TCGA-DQ-7592	10	72759	135506704	2	1
TCGA-DQ-7592	11	198572	134944770	2	1
TCGA-DQ-7592	12	150442	34662107	5	2
TCGA-DQ-7592	12	34662810	39899215	3	2
TCGA-DQ-7592	12	39903135	40509370	6	2
TCGA-DQ-7592	12	40513378	41082882	2	2
TCGA-DQ-7592	12	41083586	64454527	2	1
TCGA-DQ-7592	12	64455989	65380775	2	2
TCGA-DQ-7592	12	65382358	72939127	12	2
TCGA-DQ-7592	12	72943328	73890104	7	2
TCGA-DQ-7592	12	73892273	133778189	2	1
TCGA-DQ-7592	13	19026949	72199742	2	0
TCGA-DQ-7592	13	72205630	72237748	12	4
TCGA-DQ-7592	13	72237969	72237969	10	0
TCGA-DQ-7592	13	72239063	73280593	21	0
TCGA-DQ-7592	13	73281642	74132415	14	0
TCGA-DQ-7592	13	74132997	79025365	10	0
TCGA-DQ-7592	13	79025470	85482828	8	0
TCGA-DQ-7592	13	85482844	87319964	5	0
TCGA-DQ-7592	13	87320074	89435868	3	0
TCGA-DQ-7592	13	89439397	91785987	5	0
TCGA-DQ-7592	13	91788920	91985615	3	0
TCGA-DQ-7592	13	91986204	94854554	6	0
TCGA-DQ-7592	13	94856653	100615239	3	0
TCGA-DQ-7592	13	100619462	101056956	5	0
TCGA-DQ-7592	13	101056973	115108397	2	0
TCGA-DQ-7592	14	19002124	107285437	2	1
TCGA-DQ-7592	15	20016328	49697092	3	1
TCGA-DQ-7592	15	49698295	51763131	5	1
TCGA-DQ-7592	15	51763249	102469040	1	1
TCGA-DQ-7592	16	60777	35283226	2	1
TCGA-DQ-7592	16	46463782	68649807	3	1
TCGA-DQ-7592	16	68650918	68695010	1	0
TCGA-DQ-7592	16	68698153	68698153	6	0
TCGA-DQ-7592	16	68698482	90287535	1	1
TCGA-DQ-7592	17	526	9132041	3	0
TCGA-DQ-7592	17	9134697	11078882	4	0
TCGA-DQ-7592	17	11078947	81049726	2	0
TCGA-DQ-7592	18	48133	21937021	2	1
TCGA-DQ-7592	18	21938221	24217664	3	2
TCGA-DQ-7592	18	24218548	27164363	2	1
TCGA-DQ-7592	18	27167522	78015057	2	0
TCGA-DQ-7592	19	90910	28153513	1	1
TCGA-DQ-7592	19	28154325	59097854	2	2
TCGA-DQ-7592	20	61305	24014217	2	1
TCGA-DQ-7592	20	24017576	62956153	2	2
TCGA-DQ-7592	21	10736871	28367449	2	1
TCGA-DQ-7592	21	28367622	31263552	3	1
TCGA-DQ-7592	21	31263608	48096957	1	1
TCGA-DQ-7592	22	16052528	51234455	1	1
TCGA-DQ-7592	X	168477	61967759	1	0
TCGA-DQ-7592	X	61973490	155233846	2	0
