sample	chr	startpos	endpos	nMajor	nMinor
TCGA-68-A59J	1	61735	33717367	2	0
TCGA-68-A59J	1	33718018	42379053	2	1
TCGA-68-A59J	1	42381269	59870576	2	0
TCGA-68-A59J	1	59870802	60106999	0	0
TCGA-68-A59J	1	60107040	63727542	2	0
TCGA-68-A59J	1	63727646	64582790	2	1
TCGA-68-A59J	1	64583223	70101082	1	1
TCGA-68-A59J	1	70111889	83434931	2	1
TCGA-68-A59J	1	83435041	121482979	1	1
TCGA-68-A59J	1	144007049	149974459	5	1
TCGA-68-A59J	1	149975989	150436784	12	1
TCGA-68-A59J	1	150439596	150783458	23	0
TCGA-68-A59J	1	150785931	151762108	13	1
TCGA-68-A59J	1	151763246	154693513	18	1
TCGA-68-A59J	1	154695678	169747383	5	1
TCGA-68-A59J	1	169747456	187213613	3	2
TCGA-68-A59J	1	187219720	216642795	5	1
TCGA-68-A59J	1	216643370	221808378	6	1
TCGA-68-A59J	1	221808834	244125281	4	1
TCGA-68-A59J	1	244125726	249074012	6	1
TCGA-68-A59J	1	249074032	249224388	2	2
TCGA-68-A59J	2	12784	46401548	1	1
TCGA-68-A59J	2	46403837	63355558	2	2
TCGA-68-A59J	2	63360463	95387913	2	0
TCGA-68-A59J	2	95391588	100480432	2	2
TCGA-68-A59J	2	100480501	114721988	2	0
TCGA-68-A59J	2	114724122	114734569	5	1
TCGA-68-A59J	2	114734912	114994184	4	4
TCGA-68-A59J	2	114998082	141882529	2	2
TCGA-68-A59J	2	141882709	142350130	0	0
TCGA-68-A59J	2	142362444	142547597	2	0
TCGA-68-A59J	2	142550763	196999123	3	2
TCGA-68-A59J	2	197000544	200814809	5	2
TCGA-68-A59J	2	200815652	213531142	2	0
TCGA-68-A59J	2	213531435	213924006	0	0
TCGA-68-A59J	2	213924330	243089456	2	0
TCGA-68-A59J	3	60345	46898041	3	0
TCGA-68-A59J	3	46900051	55487317	2	0
TCGA-68-A59J	3	55487428	55561557	5	0
TCGA-68-A59J	3	55568062	71093591	2	0
TCGA-68-A59J	3	71094738	71548515	0	0
TCGA-68-A59J	3	71551870	93559134	2	0
TCGA-68-A59J	3	93561911	97463673	2	1
TCGA-68-A59J	3	97466707	100224441	2	0
TCGA-68-A59J	3	100226967	100979671	6	0
TCGA-68-A59J	3	100980849	103179165	3	0
TCGA-68-A59J	3	103183234	105417692	2	0
TCGA-68-A59J	3	105421034	106401978	8	1
TCGA-68-A59J	3	106402233	106413906	5	4
TCGA-68-A59J	3	106415381	113776959	1	0
TCGA-68-A59J	3	113777617	174207829	4	0
TCGA-68-A59J	3	174213657	175278831	17	3
TCGA-68-A59J	3	175281578	178128635	10	4
TCGA-68-A59J	3	178130099	178485513	5	5
TCGA-68-A59J	3	178491261	179173859	21	3
TCGA-68-A59J	3	179174789	179654084	5	4
TCGA-68-A59J	3	179656495	182470771	14	3
TCGA-68-A59J	3	182471086	183260086	7	3
TCGA-68-A59J	3	183263131	187822447	3	2
TCGA-68-A59J	3	187825714	188164032	2	1
TCGA-68-A59J	3	188164925	197896118	3	3
TCGA-68-A59J	4	12281	20874470	2	0
TCGA-68-A59J	4	20878885	21254536	1	0
TCGA-68-A59J	4	21254762	35096851	2	0
TCGA-68-A59J	4	35097908	36203372	2	2
TCGA-68-A59J	4	36207022	39872163	2	0
TCGA-68-A59J	4	39875378	82416237	2	1
TCGA-68-A59J	4	82416237	128815729	1	1
TCGA-68-A59J	4	128820317	131171935	4	1
TCGA-68-A59J	4	131172194	139107387	1	0
TCGA-68-A59J	4	139109752	139564853	18	0
TCGA-68-A59J	4	139565031	147030471	2	0
TCGA-68-A59J	4	147032228	150617889	1	0
TCGA-68-A59J	4	150619427	191027923	2	0
TCGA-68-A59J	5	15532	23717184	4	3
TCGA-68-A59J	5	23720355	46389273	4	4
TCGA-68-A59J	5	49432831	180790320	3	0
TCGA-68-A59J	6	149661	40224049	4	0
TCGA-68-A59J	6	40224268	42122304	2	0
TCGA-68-A59J	6	42123668	53619624	3	2
TCGA-68-A59J	6	53620063	57162489	4	3
TCGA-68-A59J	6	57162703	65736937	3	1
TCGA-68-A59J	6	65737295	83739683	1	1
TCGA-68-A59J	6	83743782	125404988	2	1
TCGA-68-A59J	6	125405206	134546767	1	1
TCGA-68-A59J	6	134548143	151045578	2	2
TCGA-68-A59J	6	151047184	151158446	1	0
TCGA-68-A59J	6	151159915	171051005	2	2
TCGA-68-A59J	7	43259	57642606	3	2
TCGA-68-A59J	7	57644656	159127004	2	1
TCGA-68-A59J	8	31254	2142557	2	0
TCGA-68-A59J	8	2142927	3156604	2	2
TCGA-68-A59J	8	3157063	3521405	2	0
TCGA-68-A59J	8	3523990	4519471	2	1
TCGA-68-A59J	8	4519524	5058220	2	0
TCGA-68-A59J	8	5064449	6749911	2	1
TCGA-68-A59J	8	6752007	35225033	2	0
TCGA-68-A59J	8	35225779	146298155	2	1
TCGA-68-A59J	9	46587	25757569	4	0
TCGA-68-A59J	9	25760752	32319302	2	0
TCGA-68-A59J	9	32321717	35136146	2	1
TCGA-68-A59J	9	35141508	47217176	2	2
TCGA-68-A59J	9	65616971	104508569	2	0
TCGA-68-A59J	9	104508915	141091394	3	2
TCGA-68-A59J	10	72759	87805259	2	0
TCGA-68-A59J	10	87806564	94147300	1	0
TCGA-68-A59J	10	94147345	135506704	2	0
TCGA-68-A59J	11	198572	68558897	2	0
TCGA-68-A59J	11	68565557	68923597	8	2
TCGA-68-A59J	11	68923993	69670717	12	2
TCGA-68-A59J	11	69671075	70284068	21	2
TCGA-68-A59J	11	70295897	134944770	2	0
TCGA-68-A59J	12	150442	17464409	3	3
TCGA-68-A59J	12	17464568	33578552	3	2
TCGA-68-A59J	12	33578622	133778189	2	1
TCGA-68-A59J	13	19026949	50752690	2	1
TCGA-68-A59J	13	50752815	51421748	1	0
TCGA-68-A59J	13	51425739	115108397	2	1
TCGA-68-A59J	14	19002124	22110234	3	3
TCGA-68-A59J	14	22116895	23545868	7	2
TCGA-68-A59J	14	23548213	24709351	12	2
TCGA-68-A59J	14	24709742	36135210	2	0
TCGA-68-A59J	14	36138872	36369156	0	0
TCGA-68-A59J	14	36371253	104993793	2	0
TCGA-68-A59J	14	104994807	107285437	4	0
TCGA-68-A59J	15	20016328	34898868	1	1
TCGA-68-A59J	15	34899398	36040200	3	1
TCGA-68-A59J	15	36042081	49359620	1	1
TCGA-68-A59J	15	49362571	52377355	3	1
TCGA-68-A59J	15	52378750	72752157	2	1
TCGA-68-A59J	15	72755319	102469040	3	2
TCGA-68-A59J	16	60777	1758774	2	0
TCGA-68-A59J	16	1759794	35283226	2	1
TCGA-68-A59J	16	46463782	90287535	1	1
TCGA-68-A59J	17	526	25309463	3	0
TCGA-68-A59J	17	25310045	30001953	2	2
TCGA-68-A59J	17	30004134	32619332	5	1
TCGA-68-A59J	17	32626507	35420319	1	0
TCGA-68-A59J	17	35420781	37252826	2	0
TCGA-68-A59J	17	37253064	62932398	2	1
TCGA-68-A59J	17	62947855	67721708	3	2
TCGA-68-A59J	17	67725655	78484427	2	2
TCGA-68-A59J	17	78484484	81049726	2	0
TCGA-68-A59J	18	48133	15307804	3	2
TCGA-68-A59J	18	15314563	78015057	2	0
TCGA-68-A59J	19	90910	4431538	2	1
TCGA-68-A59J	19	4432110	7954070	3	1
TCGA-68-A59J	19	7954240	28462938	2	1
TCGA-68-A59J	19	28463587	59097854	2	2
TCGA-68-A59J	20	61305	29641265	2	0
TCGA-68-A59J	20	29648981	55664349	2	2
TCGA-68-A59J	20	55664731	56175590	4	3
TCGA-68-A59J	20	56175752	62956153	2	2
TCGA-68-A59J	21	10736871	48096957	2	1
TCGA-68-A59J	22	16052528	28836969	2	2
TCGA-68-A59J	22	28837841	32963983	4	2
TCGA-68-A59J	22	32964990	51234455	2	2
TCGA-68-A59J	X	168477	48318899	2	0
TCGA-68-A59J	X	48320301	62233270	2	2
TCGA-68-A59J	X	62239715	155233846	2	0
