sample	chr	startpos	endpos	nMajor	nMinor
TCGA-E2-A156	1	61735	249224388	2	2
TCGA-E2-A156	2	12784	170005283	2	2
TCGA-E2-A156	2	170007228	216258251	2	1
TCGA-E2-A156	2	216266225	243089456	2	2
TCGA-E2-A156	3	60345	143607158	2	2
TCGA-E2-A156	3	143607625	197896118	4	0
TCGA-E2-A156	4	12281	191027923	2	2
TCGA-E2-A156	5	15532	180790320	2	2
TCGA-E2-A156	6	149661	171051005	2	2
TCGA-E2-A156	7	43259	4854630	2	2
TCGA-E2-A156	7	4861879	6319495	2	0
TCGA-E2-A156	7	6326147	6334747	2	1
TCGA-E2-A156	7	6339227	159127004	2	2
TCGA-E2-A156	8	31254	146298155	2	2
TCGA-E2-A156	9	46587	141091394	2	2
TCGA-E2-A156	10	72759	135506704	2	2
TCGA-E2-A156	11	198572	134944770	2	2
TCGA-E2-A156	12	150442	133778189	2	2
TCGA-E2-A156	13	19026949	48879920	2	2
TCGA-E2-A156	13	48879935	51618160	2	0
TCGA-E2-A156	13	51621783	98495165	2	2
TCGA-E2-A156	13	98495308	99200771	2	0
TCGA-E2-A156	13	99203045	115108397	2	2
TCGA-E2-A156	14	19002124	107285437	2	2
TCGA-E2-A156	15	20016328	102469040	2	2
TCGA-E2-A156	16	60777	35283226	7	2
TCGA-E2-A156	16	46463782	90287535	2	0
TCGA-E2-A156	17	526	11939510	2	2
TCGA-E2-A156	17	11943065	16654301	2	0
TCGA-E2-A156	17	16657331	46989837	2	2
TCGA-E2-A156	17	46989985	48257099	2	0
TCGA-E2-A156	17	48257154	79855320	2	2
TCGA-E2-A156	17	79857920	80339729	1	1
TCGA-E2-A156	17	80340524	81049726	2	2
TCGA-E2-A156	18	48133	78015057	2	2
TCGA-E2-A156	19	90910	59097854	2	2
TCGA-E2-A156	20	61305	32861556	2	2
TCGA-E2-A156	20	32864303	33406339	2	0
TCGA-E2-A156	20	33407715	35160166	2	2
TCGA-E2-A156	20	35161875	37086540	2	0
TCGA-E2-A156	20	37095423	38399974	2	2
TCGA-E2-A156	20	38403349	38435302	1	1
TCGA-E2-A156	20	38435425	39840344	2	0
TCGA-E2-A156	20	39841064	41138904	2	2
TCGA-E2-A156	20	41139399	42494964	2	0
TCGA-E2-A156	20	42495338	44568277	2	2
TCGA-E2-A156	20	44574238	47226270	2	0
TCGA-E2-A156	20	47226850	62956153	2	2
TCGA-E2-A156	21	10736871	48096957	2	2
TCGA-E2-A156	22	16052528	51234455	2	2
TCGA-E2-A156	X	168477	155233846	2	2
