sample	chr	startpos	endpos	nMajor	nMinor
TCGA-AC-A2FE	1	61735	109787389	1	1
TCGA-AC-A2FE	1	109787493	115758999	3	3
TCGA-AC-A2FE	1	115759337	116034334	8	2
TCGA-AC-A2FE	1	116034853	117030719	3	3
TCGA-AC-A2FE	1	117030982	117914040	1	1
TCGA-AC-A2FE	1	117915032	249224388	3	3
TCGA-AC-A2FE	2	12784	243089456	2	2
TCGA-AC-A2FE	3	60345	197896118	2	2
TCGA-AC-A2FE	4	12281	191027923	2	2
TCGA-AC-A2FE	5	15532	30070775	3	3
TCGA-AC-A2FE	5	30071081	31963193	9	2
TCGA-AC-A2FE	5	31963300	37283937	13	2
TCGA-AC-A2FE	5	37285576	38273340	20	2
TCGA-AC-A2FE	5	38273460	39752642	14	3
TCGA-AC-A2FE	5	39753535	40252311	9	2
TCGA-AC-A2FE	5	40253902	40521705	2	0
TCGA-AC-A2FE	5	40522212	42305093	5	1
TCGA-AC-A2FE	5	42306247	42999704	15	2
TCGA-AC-A2FE	5	43004195	44414594	8	2
TCGA-AC-A2FE	5	44414650	139143510	2	2
TCGA-AC-A2FE	5	139145747	144632828	3	3
TCGA-AC-A2FE	5	144637107	145338660	2	0
TCGA-AC-A2FE	5	145341353	148751930	3	3
TCGA-AC-A2FE	5	148752053	149291008	2	0
TCGA-AC-A2FE	5	149291275	180790320	3	3
TCGA-AC-A2FE	6	149661	171051005	2	2
TCGA-AC-A2FE	7	43259	159127004	2	2
TCGA-AC-A2FE	8	31254	98432618	3	3
TCGA-AC-A2FE	8	98432665	146298155	2	2
TCGA-AC-A2FE	9	46587	141091394	2	2
TCGA-AC-A2FE	10	72759	135506704	2	2
TCGA-AC-A2FE	11	198572	51410471	2	2
TCGA-AC-A2FE	11	51416513	57734385	2	0
TCGA-AC-A2FE	11	57739207	62209534	2	2
TCGA-AC-A2FE	11	62209586	70782241	2	0
TCGA-AC-A2FE	11	70783552	71230760	6	2
TCGA-AC-A2FE	11	71234296	73160589	2	2
TCGA-AC-A2FE	11	73161927	76907727	3	3
TCGA-AC-A2FE	11	76910319	77260287	2	0
TCGA-AC-A2FE	11	77260742	85382869	3	3
TCGA-AC-A2FE	11	85390406	134944770	2	0
TCGA-AC-A2FE	12	150442	133778189	2	2
TCGA-AC-A2FE	13	19026949	115108397	2	2
TCGA-AC-A2FE	14	19002124	22481767	2	2
TCGA-AC-A2FE	14	22481790	22965078	1	0
TCGA-AC-A2FE	14	22965174	107285437	2	2
TCGA-AC-A2FE	15	20016328	57628302	2	2
TCGA-AC-A2FE	15	57630962	57783554	4	0
TCGA-AC-A2FE	15	57785123	102469040	2	2
TCGA-AC-A2FE	16	60777	52011105	2	2
TCGA-AC-A2FE	16	52013231	90287535	1	1
TCGA-AC-A2FE	17	526	81049726	2	2
TCGA-AC-A2FE	18	48133	78015057	2	2
TCGA-AC-A2FE	19	90910	59097854	2	2
TCGA-AC-A2FE	20	61305	62956153	2	2
TCGA-AC-A2FE	21	10736871	18005288	2	0
TCGA-AC-A2FE	21	18006976	48096957	2	2
TCGA-AC-A2FE	22	16052528	51234455	2	2
TCGA-AC-A2FE	X	168477	155233846	2	2
