sample	chr	startpos	endpos	nMajor	nMinor
TCGA-63-7020	1	61735	249224388	2	1
TCGA-63-7020	2	12784	243089456	3	0
TCGA-63-7020	3	60345	93519478	2	0
TCGA-63-7020	3	93520016	197896118	3	2
TCGA-63-7020	4	12281	143889118	2	0
TCGA-63-7020	4	143890810	144615492	21	1
TCGA-63-7020	4	144624327	144806745	31	1
TCGA-63-7020	4	144810452	191027923	2	0
TCGA-63-7020	5	15532	50561827	3	2
TCGA-63-7020	5	50564057	50576315	2	0
TCGA-63-7020	5	50578041	51098198	4	0
TCGA-63-7020	5	51100852	180790320	2	0
TCGA-63-7020	6	149661	32624304	2	0
TCGA-63-7020	6	32624591	37930836	2	1
TCGA-63-7020	6	37932048	171051005	2	0
TCGA-63-7020	7	43259	81174348	2	2
TCGA-63-7020	7	81175445	81840351	4	2
TCGA-63-7020	7	81840824	85057361	2	2
TCGA-63-7020	7	85057791	124683256	3	3
TCGA-63-7020	7	124683810	126665746	6	1
TCGA-63-7020	7	126666196	159127004	2	1
TCGA-63-7020	8	31254	10526434	3	0
TCGA-63-7020	8	10526446	10930720	0	0
TCGA-63-7020	8	10934937	22076333	3	0
TCGA-63-7020	8	22079305	22707565	5	3
TCGA-63-7020	8	22708838	72685824	3	2
TCGA-63-7020	8	72686277	86548351	3	0
TCGA-63-7020	8	86548388	146298155	3	2
TCGA-63-7020	9	46587	141091394	2	0
TCGA-63-7020	10	72759	89262717	2	0
TCGA-63-7020	10	89262987	90068729	0	0
TCGA-63-7020	10	90075877	90091454	2	1
TCGA-63-7020	10	90091540	135506704	2	0
TCGA-63-7020	11	198572	4871481	2	0
TCGA-63-7020	11	4871506	5625784	4	2
TCGA-63-7020	11	5625847	45177853	2	2
TCGA-63-7020	11	45178859	60462955	2	1
TCGA-63-7020	11	60465161	134944770	2	2
TCGA-63-7020	12	150442	34333811	3	2
TCGA-63-7020	12	34337598	121622196	2	1
TCGA-63-7020	12	121622440	133778189	2	0
TCGA-63-7020	13	19026949	115108397	2	0
TCGA-63-7020	14	19002124	42170951	3	1
TCGA-63-7020	14	42171574	48688747	2	2
TCGA-63-7020	14	48690325	85108477	4	1
TCGA-63-7020	14	85108675	86571510	5	1
TCGA-63-7020	14	86585129	107285437	3	1
TCGA-63-7020	15	20016328	94086754	2	1
TCGA-63-7020	15	94087751	102469040	2	2
TCGA-63-7020	16	60777	90287535	2	2
TCGA-63-7020	17	526	81049726	2	0
TCGA-63-7020	18	48133	78015057	2	2
TCGA-63-7020	19	90910	24505062	2	0
TCGA-63-7020	19	24505637	30963766	2	2
TCGA-63-7020	19	30968337	59097854	3	2
TCGA-63-7020	20	61305	61855890	4	2
TCGA-63-7020	20	61856754	62956153	4	4
TCGA-63-7020	21	10736871	35585080	2	0
TCGA-63-7020	21	35586263	44036806	1	0
TCGA-63-7020	21	44039013	48096957	2	0
TCGA-63-7020	22	16052528	51234455	2	2
TCGA-63-7020	X	168477	2694240	2	2
TCGA-63-7020	X	2703391	155233846	2	0
