sample	chr	startpos	endpos	nMajor	nMinor
TCGA-02-0038	1	61735	249224388	1	1
TCGA-02-0038	2	12784	65223785	1	1
TCGA-02-0038	2	65229578	71701419	1	0
TCGA-02-0038	2	71702582	243089456	1	1
TCGA-02-0038	3	60345	197896118	1	1
TCGA-02-0038	4	12281	191027923	1	1
TCGA-02-0038	5	15532	174592210	1	1
TCGA-02-0038	5	174593584	175081629	1	0
TCGA-02-0038	5	175082112	180790320	1	1
TCGA-02-0038	6	149661	94482641	1	1
TCGA-02-0038	6	94486242	126118676	1	0
TCGA-02-0038	6	126118814	171051005	1	1
TCGA-02-0038	7	43259	54837410	2	1
TCGA-02-0038	7	54840482	55432292	34	1
TCGA-02-0038	7	55437549	147014998	2	1
TCGA-02-0038	7	147017423	147747847	1	1
TCGA-02-0038	7	147749789	159127004	2	1
TCGA-02-0038	8	31254	68518201	1	1
TCGA-02-0038	8	68521098	69322475	1	0
TCGA-02-0038	8	69323052	146298155	1	1
TCGA-02-0038	9	46587	309066	1	1
TCGA-02-0038	9	317195	395235	1	0
TCGA-02-0038	9	395250	8369521	1	1
TCGA-02-0038	9	8370338	19466890	1	0
TCGA-02-0038	9	19468696	22011392	0	0
TCGA-02-0038	9	22011477	32837393	1	0
TCGA-02-0038	9	32845398	141091394	1	1
TCGA-02-0038	10	72759	135506704	1	0
TCGA-02-0038	11	198572	134944770	1	1
TCGA-02-0038	12	150442	10304111	1	1
TCGA-02-0038	12	10306058	17921180	1	0
TCGA-02-0038	12	17928263	133778189	1	1
TCGA-02-0038	13	19026949	115108397	1	1
TCGA-02-0038	14	19002124	22220532	1	0
TCGA-02-0038	14	22221077	22410495	1	1
TCGA-02-0038	14	22410620	46363162	1	0
TCGA-02-0038	14	46363298	87918499	1	1
TCGA-02-0038	14	87926616	88497451	1	0
TCGA-02-0038	14	88498976	107285437	1	1
TCGA-02-0038	15	20016328	31122819	1	1
TCGA-02-0038	15	31126935	49737503	1	0
TCGA-02-0038	15	49742233	102469040	1	1
TCGA-02-0038	16	60777	63767866	1	1
TCGA-02-0038	16	63769815	66043381	1	0
TCGA-02-0038	16	66043905	71877463	1	1
TCGA-02-0038	16	71882644	82852554	1	0
TCGA-02-0038	16	82855053	90287535	1	1
TCGA-02-0038	17	526	37835854	1	1
TCGA-02-0038	17	37836581	38592563	1	0
TCGA-02-0038	17	38594811	81049726	1	1
TCGA-02-0038	18	48133	78015057	1	1
TCGA-02-0038	19	90910	16201801	2	1
TCGA-02-0038	19	16205676	16677289	1	1
TCGA-02-0038	19	16680956	59097854	2	1
TCGA-02-0038	20	61305	3285140	2	1
TCGA-02-0038	20	3285821	9967393	1	1
TCGA-02-0038	20	9971124	10051695	2	1
TCGA-02-0038	20	10051943	21565003	1	1
TCGA-02-0038	20	21565207	22487052	2	1
TCGA-02-0038	20	22487317	25058135	1	1
TCGA-02-0038	20	25058898	62956153	2	1
TCGA-02-0038	21	10736871	48096957	1	1
TCGA-02-0038	22	16052528	51234455	1	1
TCGA-02-0038	X	168477	155233846	1	0
