sample	chr	startpos	endpos	nMajor	nMinor
TCGA-94-8035	1	61735	90537470	4	0
TCGA-94-8035	1	90538025	121482979	2	0
TCGA-94-8035	1	144007049	249224388	2	2
TCGA-94-8035	2	12784	22866605	2	2
TCGA-94-8035	2	22872233	23526198	2	0
TCGA-94-8035	2	23526280	133271993	2	2
TCGA-94-8035	2	133273590	133515953	3	2
TCGA-94-8035	2	133519244	222307295	2	2
TCGA-94-8035	2	222307310	222442786	2	0
TCGA-94-8035	2	222442880	235113684	2	2
TCGA-94-8035	2	235113988	235660873	2	0
TCGA-94-8035	2	235666786	243089456	2	2
TCGA-94-8035	3	60345	66983679	2	0
TCGA-94-8035	3	66984033	67818048	0	0
TCGA-94-8035	3	67826438	93588913	2	0
TCGA-94-8035	3	93590780	155343730	3	3
TCGA-94-8035	3	155349311	164812799	6	2
TCGA-94-8035	3	164819134	166443886	8	3
TCGA-94-8035	3	166444013	169144611	12	2
TCGA-94-8035	3	169146575	180691330	10	2
TCGA-94-8035	3	180691661	186921513	11	2
TCGA-94-8035	3	186921639	188415148	12	2
TCGA-94-8035	3	188415361	189302062	9	3
TCGA-94-8035	3	189303627	192585807	9	0
TCGA-94-8035	3	192585917	197896118	7	0
TCGA-94-8035	4	12281	37783978	2	0
TCGA-94-8035	4	37784700	52685699	2	1
TCGA-94-8035	4	52685993	55250138	8	3
TCGA-94-8035	4	55250355	55490143	14	3
TCGA-94-8035	4	55490582	78009392	9	3
TCGA-94-8035	4	78011164	91169068	3	0
TCGA-94-8035	4	91169380	191027923	2	0
TCGA-94-8035	5	15532	14852553	3	3
TCGA-94-8035	5	14852610	15069297	2	2
TCGA-94-8035	5	15070483	49447306	3	3
TCGA-94-8035	5	49455636	180790320	2	0
TCGA-94-8035	6	149661	168318201	2	2
TCGA-94-8035	6	168319939	171051005	4	2
TCGA-94-8035	7	43259	142637978	2	2
TCGA-94-8035	7	142638697	145149810	3	2
TCGA-94-8035	7	145151681	159127004	2	2
TCGA-94-8035	8	31254	2636544	2	1
TCGA-94-8035	8	2644947	5869938	3	2
TCGA-94-8035	8	5870302	146298155	2	2
TCGA-94-8035	9	46587	3234830	3	0
TCGA-94-8035	9	3234880	4910278	3	2
TCGA-94-8035	9	4912451	5660241	3	0
TCGA-94-8035	9	5677461	7525813	3	2
TCGA-94-8035	9	7530883	34942510	3	0
TCGA-94-8035	9	34945139	35908488	3	3
TCGA-94-8035	9	35912171	37762673	2	0
TCGA-94-8035	9	37763824	38555236	3	2
TCGA-94-8035	9	38561293	141091394	3	0
TCGA-94-8035	10	72759	849230	2	2
TCGA-94-8035	10	849865	135506704	2	0
TCGA-94-8035	11	198572	50750724	2	0
TCGA-94-8035	11	50751358	134944770	2	2
TCGA-94-8035	12	150442	103905753	2	2
TCGA-94-8035	12	103906167	116518093	3	2
TCGA-94-8035	12	116518839	133778189	2	2
TCGA-94-8035	13	19026949	27736540	2	0
TCGA-94-8035	13	27736948	28212381	22	1
TCGA-94-8035	13	28215262	28479149	9	2
TCGA-94-8035	13	28479494	28872923	4	2
TCGA-94-8035	13	28873034	73646859	2	0
TCGA-94-8035	13	73652158	74330736	6	0
TCGA-94-8035	13	74330819	75239427	3	0
TCGA-94-8035	13	75240083	77276291	2	0
TCGA-94-8035	13	77276506	101059998	4	0
TCGA-94-8035	13	101060466	115108397	2	0
TCGA-94-8035	14	19002124	68556944	2	2
TCGA-94-8035	14	68564711	90033439	2	0
TCGA-94-8035	14	90033531	107285437	2	2
TCGA-94-8035	15	20016328	102469040	2	2
TCGA-94-8035	16	60777	23079009	2	0
TCGA-94-8035	16	23080634	30790463	2	1
TCGA-94-8035	16	30802427	90287535	2	0
TCGA-94-8035	17	526	18922745	4	0
TCGA-94-8035	17	18935523	22030023	2	0
TCGA-94-8035	17	22030035	49479211	2	2
TCGA-94-8035	17	49479917	53948627	3	2
TCGA-94-8035	17	53950455	64397624	2	2
TCGA-94-8035	17	64397926	80610612	3	2
TCGA-94-8035	17	80611005	81049726	2	1
TCGA-94-8035	18	48133	5472746	3	2
TCGA-94-8035	18	5472931	78015057	2	2
TCGA-94-8035	19	90910	58092058	2	2
TCGA-94-8035	19	58093044	58558437	2	0
TCGA-94-8035	19	58560750	59097854	2	1
TCGA-94-8035	20	61305	62956153	2	2
TCGA-94-8035	21	10736871	39500557	2	2
TCGA-94-8035	21	39501732	39781530	5	2
TCGA-94-8035	21	39781688	48096957	2	2
TCGA-94-8035	22	16052528	24603191	2	1
TCGA-94-8035	22	24603391	51234455	2	2
TCGA-94-8035	X	168477	995819	2	0
TCGA-94-8035	X	1000937	2694240	3	2
TCGA-94-8035	X	2703391	154780433	2	0
TCGA-94-8035	X	154780682	155233846	1	0
