sample	chr	startpos	endpos	nMajor	nMinor
TCGA-CZ-5462	1	61735	116800201	1	0
TCGA-CZ-5462	1	116802731	249224388	1	1
TCGA-CZ-5462	2	12784	164156850	1	1
TCGA-CZ-5462	2	164158938	164603509	1	0
TCGA-CZ-5462	2	164603821	243089456	1	1
TCGA-CZ-5462	3	60345	143940504	1	0
TCGA-CZ-5462	3	143943030	197896118	1	1
TCGA-CZ-5462	4	12281	191027923	1	1
TCGA-CZ-5462	5	15532	129618654	1	1
TCGA-CZ-5462	5	129619475	130468988	2	0
TCGA-CZ-5462	5	130472593	180790320	3	1
TCGA-CZ-5462	6	149661	111302140	1	1
TCGA-CZ-5462	6	111303742	171051005	1	0
TCGA-CZ-5462	7	43259	159127004	1	1
TCGA-CZ-5462	8	31254	43767226	1	0
TCGA-CZ-5462	8	43778914	146298155	2	1
TCGA-CZ-5462	9	46587	10821967	1	0
TCGA-CZ-5462	9	10825168	20781295	2	1
TCGA-CZ-5462	9	20781979	141091394	1	0
TCGA-CZ-5462	10	72759	135506704	1	1
TCGA-CZ-5462	11	198572	134944770	1	1
TCGA-CZ-5462	12	150442	133778189	1	1
TCGA-CZ-5462	13	19026949	115108397	1	1
TCGA-CZ-5462	14	19002124	21173001	1	1
TCGA-CZ-5462	14	21175274	25110903	1	0
TCGA-CZ-5462	14	25111338	26284927	1	1
TCGA-CZ-5462	14	26285438	107285437	1	0
TCGA-CZ-5462	15	20016328	102469040	1	1
TCGA-CZ-5462	16	60777	90287535	1	1
TCGA-CZ-5462	17	526	81049726	1	1
TCGA-CZ-5462	18	48133	78015057	1	1
TCGA-CZ-5462	19	90910	59097854	1	1
TCGA-CZ-5462	20	61305	62956153	1	1
TCGA-CZ-5462	21	10736871	48096957	1	1
TCGA-CZ-5462	22	16052528	51234455	1	1
TCGA-CZ-5462	X	168477	2694240	1	1
TCGA-CZ-5462	X	2703391	155233846	1	0
