sample	chr	startpos	endpos	nMajor	nMinor
TCGA-N5-A4RU	1	61735	41057025	2	1
TCGA-N5-A4RU	1	41059499	41286353	2	2
TCGA-N5-A4RU	1	41287448	121482979	2	1
TCGA-N5-A4RU	1	144007049	149246415	4	0
TCGA-N5-A4RU	1	149248712	155555753	2	2
TCGA-N5-A4RU	1	155556216	156567086	4	2
TCGA-N5-A4RU	1	156567120	181561856	2	2
TCGA-N5-A4RU	1	181562198	203035050	2	1
TCGA-N5-A4RU	1	203035250	205772680	2	2
TCGA-N5-A4RU	1	205773379	207175037	3	2
TCGA-N5-A4RU	1	207178900	249224388	2	2
TCGA-N5-A4RU	2	12784	146346285	2	2
TCGA-N5-A4RU	2	146347459	160596705	2	1
TCGA-N5-A4RU	2	160604812	161032226	4	2
TCGA-N5-A4RU	2	161040220	225347270	2	1
TCGA-N5-A4RU	2	225347460	243089456	1	1
TCGA-N5-A4RU	3	60345	13756641	3	1
TCGA-N5-A4RU	3	13757482	14043474	7	1
TCGA-N5-A4RU	3	14045151	49318247	3	1
TCGA-N5-A4RU	3	49318265	66582825	2	1
TCGA-N5-A4RU	3	66587692	67021142	6	2
TCGA-N5-A4RU	3	67021444	70223123	7	2
TCGA-N5-A4RU	3	70223302	71315129	8	0
TCGA-N5-A4RU	3	71315237	72706632	6	0
TCGA-N5-A4RU	3	72707853	80505813	1	0
TCGA-N5-A4RU	3	80509151	87398577	2	1
TCGA-N5-A4RU	3	87398630	107672291	1	1
TCGA-N5-A4RU	3	107672934	107829219	2	1
TCGA-N5-A4RU	3	107829562	127971361	1	1
TCGA-N5-A4RU	3	127971609	128334272	2	2
TCGA-N5-A4RU	3	128336221	176739019	2	1
TCGA-N5-A4RU	3	176742843	177440742	4	1
TCGA-N5-A4RU	3	177441472	190596952	2	1
TCGA-N5-A4RU	3	190618661	191914808	3	1
TCGA-N5-A4RU	3	191917368	197896118	1	1
TCGA-N5-A4RU	4	12281	2371930	2	2
TCGA-N5-A4RU	4	2374873	4635005	2	1
TCGA-N5-A4RU	4	4635276	10093651	2	2
TCGA-N5-A4RU	4	10095763	140794537	2	1
TCGA-N5-A4RU	4	140797656	141585375	3	2
TCGA-N5-A4RU	4	141589301	156686737	2	1
TCGA-N5-A4RU	4	156688451	191027923	3	1
TCGA-N5-A4RU	5	15532	45921139	2	2
TCGA-N5-A4RU	5	45922323	52204290	2	1
TCGA-N5-A4RU	5	52213384	58202795	2	0
TCGA-N5-A4RU	5	58202930	58829387	3	0
TCGA-N5-A4RU	5	58829434	133446575	2	0
TCGA-N5-A4RU	5	133452535	149005203	2	1
TCGA-N5-A4RU	5	149006036	149481778	2	2
TCGA-N5-A4RU	5	149482735	164457610	2	1
TCGA-N5-A4RU	5	164458165	164918927	1	1
TCGA-N5-A4RU	5	164919132	180790320	2	1
TCGA-N5-A4RU	6	149661	11109669	3	1
TCGA-N5-A4RU	6	11110656	12029312	5	1
TCGA-N5-A4RU	6	12029338	34358720	3	1
TCGA-N5-A4RU	6	34359594	35133228	5	1
TCGA-N5-A4RU	6	35133787	43948260	3	2
TCGA-N5-A4RU	6	43953671	47021691	2	2
TCGA-N5-A4RU	6	47022947	50794890	4	2
TCGA-N5-A4RU	6	50795611	58742632	2	2
TCGA-N5-A4RU	6	58742640	125059785	2	1
TCGA-N5-A4RU	6	125060209	171051005	2	2
TCGA-N5-A4RU	7	43259	839727	3	2
TCGA-N5-A4RU	7	840540	1205705	4	2
TCGA-N5-A4RU	7	1208210	25048019	3	2
TCGA-N5-A4RU	7	25048045	25566717	5	2
TCGA-N5-A4RU	7	25567048	61987244	3	2
TCGA-N5-A4RU	7	61987257	77856539	2	1
TCGA-N5-A4RU	7	77859611	78147642	1	1
TCGA-N5-A4RU	7	78147720	117104507	2	1
TCGA-N5-A4RU	7	117104552	117243830	3	1
TCGA-N5-A4RU	7	117244501	159127004	2	1
TCGA-N5-A4RU	8	31254	6520628	1	0
TCGA-N5-A4RU	8	6520875	8072303	2	0
TCGA-N5-A4RU	8	8092025	10210793	1	0
TCGA-N5-A4RU	8	10210825	12473652	2	0
TCGA-N5-A4RU	8	12473882	13453868	3	1
TCGA-N5-A4RU	8	13454418	36554205	1	0
TCGA-N5-A4RU	8	36554669	36566253	4	1
TCGA-N5-A4RU	8	36570336	37047856	3	1
TCGA-N5-A4RU	8	37048178	40203791	2	1
TCGA-N5-A4RU	8	40204148	42643045	2	2
TCGA-N5-A4RU	8	42643861	127942683	3	2
TCGA-N5-A4RU	8	127949209	128566084	9	2
TCGA-N5-A4RU	8	128568359	130222310	7	2
TCGA-N5-A4RU	8	130222681	136044604	6	2
TCGA-N5-A4RU	8	136044884	142416980	8	2
TCGA-N5-A4RU	8	142422729	146298155	3	2
TCGA-N5-A4RU	9	46587	125949583	2	1
TCGA-N5-A4RU	9	125952264	130629681	2	2
TCGA-N5-A4RU	9	130633010	131964029	3	2
TCGA-N5-A4RU	9	131967856	132273698	5	2
TCGA-N5-A4RU	9	132274388	134657966	3	2
TCGA-N5-A4RU	9	134658090	139316744	2	2
TCGA-N5-A4RU	9	139316916	139785471	5	2
TCGA-N5-A4RU	9	139785656	141091394	3	2
TCGA-N5-A4RU	10	72759	30731262	2	0
TCGA-N5-A4RU	10	30731639	33135468	2	2
TCGA-N5-A4RU	10	33135753	33609466	6	2
TCGA-N5-A4RU	10	33610979	56472264	2	1
TCGA-N5-A4RU	10	56472435	56620109	1	0
TCGA-N5-A4RU	10	56620608	115310495	2	1
TCGA-N5-A4RU	10	115310563	115711648	3	1
TCGA-N5-A4RU	10	115717027	135506704	2	1
TCGA-N5-A4RU	11	198572	45363268	2	1
TCGA-N5-A4RU	11	45363416	47336320	3	1
TCGA-N5-A4RU	11	47337326	50747226	2	1
TCGA-N5-A4RU	11	50750724	58112130	6	3
TCGA-N5-A4RU	11	58115501	59596854	3	2
TCGA-N5-A4RU	11	59598480	63133487	1	1
TCGA-N5-A4RU	11	63138482	63720941	8	1
TCGA-N5-A4RU	11	63721613	64157538	5	1
TCGA-N5-A4RU	11	64159253	64962001	1	1
TCGA-N5-A4RU	11	64962498	65454795	4	1
TCGA-N5-A4RU	11	65458169	67836469	2	1
TCGA-N5-A4RU	11	67836820	68548468	1	1
TCGA-N5-A4RU	11	68550304	69256899	3	1
TCGA-N5-A4RU	11	69261207	69267507	1	0
TCGA-N5-A4RU	11	69267720	70852856	1	1
TCGA-N5-A4RU	11	70854918	71581325	4	1
TCGA-N5-A4RU	11	71588804	75074647	1	1
TCGA-N5-A4RU	11	75079100	94112953	2	1
TCGA-N5-A4RU	11	94113071	95922349	3	1
TCGA-N5-A4RU	11	95923720	104660630	2	1
TCGA-N5-A4RU	11	104660737	106121233	4	2
TCGA-N5-A4RU	11	106121275	107531320	2	2
TCGA-N5-A4RU	11	107531759	109839996	2	1
TCGA-N5-A4RU	11	109842979	118762218	2	2
TCGA-N5-A4RU	11	118765267	119840052	2	1
TCGA-N5-A4RU	11	119840442	120407965	3	2
TCGA-N5-A4RU	11	120408071	126533749	2	1
TCGA-N5-A4RU	11	126534962	129473690	1	1
TCGA-N5-A4RU	11	129473993	134944770	2	1
TCGA-N5-A4RU	12	150442	6102125	2	0
TCGA-N5-A4RU	12	6105499	29024534	2	1
TCGA-N5-A4RU	12	29025218	30883579	3	2
TCGA-N5-A4RU	12	30884092	32068150	2	2
TCGA-N5-A4RU	12	32068182	32591235	5	2
TCGA-N5-A4RU	12	32592263	34482900	2	2
TCGA-N5-A4RU	12	34482933	48441692	2	1
TCGA-N5-A4RU	12	48441748	51255960	2	0
TCGA-N5-A4RU	12	51256065	52522673	2	2
TCGA-N5-A4RU	12	52522899	59298389	2	1
TCGA-N5-A4RU	12	59298859	108131498	2	0
TCGA-N5-A4RU	12	108133034	133778189	2	1
TCGA-N5-A4RU	13	19026949	19721848	2	1
TCGA-N5-A4RU	13	19722330	36455898	1	1
TCGA-N5-A4RU	13	36458401	44786566	1	0
TCGA-N5-A4RU	13	44787371	67018555	3	0
TCGA-N5-A4RU	13	67020878	67213147	0	0
TCGA-N5-A4RU	13	67215410	115108397	3	0
TCGA-N5-A4RU	14	19002124	101985928	2	1
TCGA-N5-A4RU	14	101988736	102359489	4	1
TCGA-N5-A4RU	14	102359568	107285437	2	1
TCGA-N5-A4RU	15	20016328	24109415	3	2
TCGA-N5-A4RU	15	24117029	30125850	2	1
TCGA-N5-A4RU	15	30128146	71695607	1	1
TCGA-N5-A4RU	15	71696541	71958996	1	0
TCGA-N5-A4RU	15	71959196	90432308	1	1
TCGA-N5-A4RU	15	90434488	90909282	2	2
TCGA-N5-A4RU	15	90912484	102469040	1	1
TCGA-N5-A4RU	16	60777	1743018	2	0
TCGA-N5-A4RU	16	1744995	2871753	2	1
TCGA-N5-A4RU	16	2873313	14365445	2	0
TCGA-N5-A4RU	16	14370339	23634101	2	1
TCGA-N5-A4RU	16	23636132	26563387	1	1
TCGA-N5-A4RU	16	26563607	27975227	3	1
TCGA-N5-A4RU	16	27975811	30385503	5	2
TCGA-N5-A4RU	16	30385837	33681101	7	2
TCGA-N5-A4RU	16	33709435	34012168	6	0
TCGA-N5-A4RU	16	34197351	35283226	2	1
TCGA-N5-A4RU	16	46463782	73908337	1	1
TCGA-N5-A4RU	16	73908794	74843903	1	0
TCGA-N5-A4RU	16	74846932	81189510	1	1
TCGA-N5-A4RU	16	81189583	81606569	3	1
TCGA-N5-A4RU	16	81617528	89064019	1	1
TCGA-N5-A4RU	16	89066988	90287535	2	1
TCGA-N5-A4RU	17	526	6500977	2	1
TCGA-N5-A4RU	17	6502789	15364293	2	0
TCGA-N5-A4RU	17	15368938	15390696	7	1
TCGA-N5-A4RU	17	15393044	15545914	7	0
TCGA-N5-A4RU	17	15546790	15681593	4	2
TCGA-N5-A4RU	17	15682578	73404796	2	1
TCGA-N5-A4RU	17	73405892	73945774	3	1
TCGA-N5-A4RU	17	73945957	81049726	1	1
TCGA-N5-A4RU	18	48133	23357500	3	2
TCGA-N5-A4RU	18	23358827	39370967	2	1
TCGA-N5-A4RU	18	39371771	46050864	2	2
TCGA-N5-A4RU	18	46051539	46794815	4	2
TCGA-N5-A4RU	18	46797264	52475641	3	1
TCGA-N5-A4RU	18	52476108	78015057	2	2
TCGA-N5-A4RU	19	90910	9063678	1	1
TCGA-N5-A4RU	19	9065510	11025177	2	1
TCGA-N5-A4RU	19	11027023	16761943	3	2
TCGA-N5-A4RU	19	16765698	23345279	2	2
TCGA-N5-A4RU	19	23353024	50106486	2	1
TCGA-N5-A4RU	19	50110610	54656298	3	0
TCGA-N5-A4RU	19	54656409	59097854	2	0
TCGA-N5-A4RU	20	61305	15490828	2	2
TCGA-N5-A4RU	20	15491394	15850269	2	1
TCGA-N5-A4RU	20	15852131	30516925	2	2
TCGA-N5-A4RU	20	30517503	31927910	3	2
TCGA-N5-A4RU	20	31929075	44248069	2	1
TCGA-N5-A4RU	20	44250487	44703692	2	2
TCGA-N5-A4RU	20	44705129	45373802	2	1
TCGA-N5-A4RU	20	45373828	45492236	2	2
TCGA-N5-A4RU	20	45492273	48220012	2	1
TCGA-N5-A4RU	20	48220024	62956153	2	2
TCGA-N5-A4RU	21	10736871	16169546	4	2
TCGA-N5-A4RU	21	16172735	16830424	3	3
TCGA-N5-A4RU	21	16831362	18354419	3	1
TCGA-N5-A4RU	21	18355562	22104879	2	1
TCGA-N5-A4RU	21	22111707	24832028	1	1
TCGA-N5-A4RU	21	24832086	26769928	2	1
TCGA-N5-A4RU	21	26771220	44001795	1	1
TCGA-N5-A4RU	21	44003992	44976216	2	1
TCGA-N5-A4RU	21	44978282	45992076	1	1
TCGA-N5-A4RU	21	45992140	48096957	1	0
TCGA-N5-A4RU	22	16052528	30113960	3	1
TCGA-N5-A4RU	22	30128394	30580161	3	2
TCGA-N5-A4RU	22	30586475	41949259	3	1
TCGA-N5-A4RU	22	41958862	51234455	1	0
TCGA-N5-A4RU	X	168477	18910412	2	1
TCGA-N5-A4RU	X	18912033	22635657	1	1
TCGA-N5-A4RU	X	22636699	28690286	1	0
TCGA-N5-A4RU	X	28690636	29249169	0	0
TCGA-N5-A4RU	X	29250561	47463162	1	0
TCGA-N5-A4RU	X	47464705	47791167	3	0
TCGA-N5-A4RU	X	47792492	53908887	2	0
TCGA-N5-A4RU	X	53910741	63574149	2	2
TCGA-N5-A4RU	X	63574388	83228695	2	1
TCGA-N5-A4RU	X	83228889	86982728	1	1
TCGA-N5-A4RU	X	86983765	126316000	2	1
TCGA-N5-A4RU	X	126317678	136441407	2	2
TCGA-N5-A4RU	X	136442635	143339194	2	1
TCGA-N5-A4RU	X	143341352	149333853	2	2
TCGA-N5-A4RU	X	149336087	155233846	3	2
