sample	chr	startpos	endpos	nMajor	nMinor
TCGA-CV-7252-b	1	61735	249224388	1	1
TCGA-CV-7252-b	2	12784	133505919	2	0
TCGA-CV-7252-b	2	133508309	133888726	1	0
TCGA-CV-7252-b	2	133891025	133955999	0	0
TCGA-CV-7252-b	2	133956291	210763827	2	0
TCGA-CV-7252-b	2	210764362	211763594	1	0
TCGA-CV-7252-b	2	211766532	243089456	2	0
TCGA-CV-7252-b	3	60345	60292312	1	0
TCGA-CV-7252-b	3	60301071	60756977	0	0
TCGA-CV-7252-b	3	60757500	147233125	1	0
TCGA-CV-7252-b	3	147238316	197896118	2	1
TCGA-CV-7252-b	4	12281	161355449	1	1
TCGA-CV-7252-b	4	161366623	161491661	1	0
TCGA-CV-7252-b	4	161492172	191027923	1	1
TCGA-CV-7252-b	5	15532	59032018	1	1
TCGA-CV-7252-b	5	59034453	59545849	1	0
TCGA-CV-7252-b	5	59546961	180790320	1	1
TCGA-CV-7252-b	6	149661	171051005	1	1
TCGA-CV-7252-b	7	43259	38294101	1	1
TCGA-CV-7252-b	7	38294996	38370792	3	2
TCGA-CV-7252-b	7	38371334	159127004	1	1
TCGA-CV-7252-b	8	31254	3332236	1	1
TCGA-CV-7252-b	8	3332290	3442734	1	0
TCGA-CV-7252-b	8	3443108	146298155	1	1
TCGA-CV-7252-b	9	46587	141091394	1	0
TCGA-CV-7252-b	10	72759	135506704	1	1
TCGA-CV-7252-b	11	198572	134944770	1	1
TCGA-CV-7252-b	12	150442	133778189	1	1
TCGA-CV-7252-b	13	19026949	115108397	1	1
TCGA-CV-7252-b	14	19002124	22332079	1	1
TCGA-CV-7252-b	14	22332373	22536071	2	1
TCGA-CV-7252-b	14	22537377	22988022	3	2
TCGA-CV-7252-b	14	22988571	107285437	1	1
TCGA-CV-7252-b	15	20016328	102469040	1	1
TCGA-CV-7252-b	16	60777	78222989	1	1
TCGA-CV-7252-b	16	78225248	78308981	1	0
TCGA-CV-7252-b	16	78309324	83665269	1	1
TCGA-CV-7252-b	16	83668735	84101840	2	1
TCGA-CV-7252-b	16	84101875	90287535	1	1
TCGA-CV-7252-b	17	526	81049726	1	1
TCGA-CV-7252-b	18	48133	78015057	1	1
TCGA-CV-7252-b	19	90910	59097854	1	1
TCGA-CV-7252-b	20	61305	62956153	1	1
TCGA-CV-7252-b	21	10736871	21900271	1	1
TCGA-CV-7252-b	21	21900893	22225140	1	0
TCGA-CV-7252-b	21	22225861	48096957	1	1
TCGA-CV-7252-b	22	16052528	51234455	1	1
TCGA-CV-7252-b	X	168477	155233846	1	1
