sample	chr	startpos	endpos	nMajor	nMinor
TCGA-CR-7390	1	61735	121482979	2	1
TCGA-CR-7390	1	144007049	249224388	3	1
TCGA-CR-7390	2	12784	95362252	5	1
TCGA-CR-7390	2	95369126	98695955	7	3
TCGA-CR-7390	2	98697789	102437893	3	1
TCGA-CR-7390	2	102438836	103393495	4	1
TCGA-CR-7390	2	103394496	121657398	3	1
TCGA-CR-7390	2	121657990	122811368	8	3
TCGA-CR-7390	2	122812115	172944650	3	0
TCGA-CR-7390	2	172946527	178358233	11	3
TCGA-CR-7390	2	178358281	243089456	3	0
TCGA-CR-7390	3	60345	90485962	2	0
TCGA-CR-7390	3	90502862	142913697	6	1
TCGA-CR-7390	3	142914698	147094222	7	1
TCGA-CR-7390	3	147097267	169626379	6	1
TCGA-CR-7390	3	169626944	187097663	7	1
TCGA-CR-7390	3	187100657	187830883	8	1
TCGA-CR-7390	3	187833695	188082169	14	0
TCGA-CR-7390	3	188082285	192793187	8	1
TCGA-CR-7390	3	192793418	197896118	7	1
TCGA-CR-7390	4	12281	9899633	1	1
TCGA-CR-7390	4	9899855	12769197	2	1
TCGA-CR-7390	4	12773571	49154769	1	1
TCGA-CR-7390	4	49161758	91170676	3	1
TCGA-CR-7390	4	91175710	91294987	1	1
TCGA-CR-7390	4	91295330	98691651	3	1
TCGA-CR-7390	4	98692079	99299515	3	3
TCGA-CR-7390	4	99300263	153103707	3	0
TCGA-CR-7390	4	153108187	153403588	1	0
TCGA-CR-7390	4	153407410	187451134	3	0
TCGA-CR-7390	4	187451541	191027923	4	0
TCGA-CR-7390	5	15532	1189456	2	1
TCGA-CR-7390	5	1190088	2882812	3	3
TCGA-CR-7390	5	2883581	4044145	3	1
TCGA-CR-7390	5	4051607	19370718	2	1
TCGA-CR-7390	5	19375151	22660383	4	2
TCGA-CR-7390	5	22660431	49441958	2	1
TCGA-CR-7390	5	49447306	58331441	1	1
TCGA-CR-7390	5	58331492	58622188	1	0
TCGA-CR-7390	5	58623098	180790320	1	1
TCGA-CR-7390	6	149661	14217265	2	1
TCGA-CR-7390	6	14218481	14515168	2	0
TCGA-CR-7390	6	14515524	45488758	2	1
TCGA-CR-7390	6	45489192	50083282	2	2
TCGA-CR-7390	6	50084140	57535856	2	1
TCGA-CR-7390	6	57537874	64042455	3	2
TCGA-CR-7390	6	64045971	136884234	2	1
TCGA-CR-7390	6	136888192	137050651	2	0
TCGA-CR-7390	6	137050854	171051005	2	1
TCGA-CR-7390	7	43259	61858202	3	3
TCGA-CR-7390	7	61858375	87029984	2	1
TCGA-CR-7390	7	87030903	142126738	3	1
TCGA-CR-7390	7	142127560	145307866	4	1
TCGA-CR-7390	7	145307997	159127004	3	1
TCGA-CR-7390	8	31254	2996150	2	1
TCGA-CR-7390	8	3000019	3563524	1	0
TCGA-CR-7390	8	3563822	5826511	2	2
TCGA-CR-7390	8	5827045	14830294	2	1
TCGA-CR-7390	8	14832104	16365639	2	2
TCGA-CR-7390	8	16367435	29520471	1	1
TCGA-CR-7390	8	29523123	31069002	1	0
TCGA-CR-7390	8	31070147	31616406	2	0
TCGA-CR-7390	8	31619224	34908763	27	2
TCGA-CR-7390	8	34912250	40881755	17	2
TCGA-CR-7390	8	40883546	40968017	31	1
TCGA-CR-7390	8	40970391	41716363	10	2
TCGA-CR-7390	8	41716521	41746303	6	6
TCGA-CR-7390	8	41747372	53706541	2	2
TCGA-CR-7390	8	53707687	62140981	2	1
TCGA-CR-7390	8	62141756	70859624	2	2
TCGA-CR-7390	8	70861599	88700499	2	1
TCGA-CR-7390	8	88705972	146298155	3	3
TCGA-CR-7390	9	46587	5523432	2	0
TCGA-CR-7390	9	5525380	6463353	1	0
TCGA-CR-7390	9	6467200	7914480	6	0
TCGA-CR-7390	9	7915552	8262271	3	0
TCGA-CR-7390	9	8262469	9045932	4	0
TCGA-CR-7390	9	9049072	33075451	2	0
TCGA-CR-7390	9	33079006	33354236	3	3
TCGA-CR-7390	9	33368648	35070177	2	1
TCGA-CR-7390	9	35084366	36266363	2	2
TCGA-CR-7390	9	36270267	47217176	2	0
TCGA-CR-7390	9	65616971	141091394	3	0
TCGA-CR-7390	10	72759	37162907	2	1
TCGA-CR-7390	10	37166543	43584148	3	1
TCGA-CR-7390	10	43584256	135506704	2	2
TCGA-CR-7390	11	198572	48349430	2	1
TCGA-CR-7390	11	48349510	74495622	2	2
TCGA-CR-7390	11	74495683	134944770	2	1
TCGA-CR-7390	12	150442	33118155	3	3
TCGA-CR-7390	12	33122061	34854498	4	3
TCGA-CR-7390	12	37857751	61685442	1	1
TCGA-CR-7390	12	61687369	62451933	3	1
TCGA-CR-7390	12	62455504	62696835	14	1
TCGA-CR-7390	12	62696886	64535715	9	1
TCGA-CR-7390	12	64536125	70803254	5	1
TCGA-CR-7390	12	70806679	133778189	1	1
TCGA-CR-7390	13	19026949	19605410	2	1
TCGA-CR-7390	13	19610329	39527632	1	1
TCGA-CR-7390	13	39529226	44661367	2	1
TCGA-CR-7390	13	44664976	115108397	2	2
TCGA-CR-7390	14	19002124	78950246	2	2
TCGA-CR-7390	14	78950498	87831846	3	2
TCGA-CR-7390	14	87832454	97729200	2	2
TCGA-CR-7390	14	97729602	99481474	3	2
TCGA-CR-7390	14	99481973	107285437	2	2
TCGA-CR-7390	15	20016328	26788387	3	2
TCGA-CR-7390	15	26789090	76998291	2	2
TCGA-CR-7390	15	76998988	97934776	2	1
TCGA-CR-7390	15	97934860	98896883	3	2
TCGA-CR-7390	15	98898025	102469040	2	2
TCGA-CR-7390	16	60777	25843011	2	1
TCGA-CR-7390	16	25843431	90287535	2	2
TCGA-CR-7390	17	526	25270411	2	0
TCGA-CR-7390	17	25270517	53290477	3	1
TCGA-CR-7390	17	53293092	81049726	4	1
TCGA-CR-7390	18	48133	8573667	3	2
TCGA-CR-7390	18	8579817	12160236	2	1
TCGA-CR-7390	18	12160890	15079330	3	2
TCGA-CR-7390	18	15081797	39256047	2	2
TCGA-CR-7390	18	39259148	40315812	3	2
TCGA-CR-7390	18	40319736	78015057	2	1
TCGA-CR-7390	19	90910	21917939	2	1
TCGA-CR-7390	19	21922075	28395315	2	2
TCGA-CR-7390	19	28398313	30410228	2	0
TCGA-CR-7390	19	30411910	33660151	2	1
TCGA-CR-7390	19	33660697	35199728	2	2
TCGA-CR-7390	19	35201954	36062455	5	2
TCGA-CR-7390	19	36067619	36251084	12	2
TCGA-CR-7390	19	36251326	47368179	2	1
TCGA-CR-7390	19	47368664	59097854	2	0
TCGA-CR-7390	20	61305	62956153	2	1
TCGA-CR-7390	21	10736871	48096957	2	1
TCGA-CR-7390	22	16052528	51234455	2	2
TCGA-CR-7390	X	168477	2694240	2	1
TCGA-CR-7390	X	2703391	57019499	1	0
TCGA-CR-7390	X	57022610	58561930	2	0
TCGA-CR-7390	X	61728829	77961229	1	0
TCGA-CR-7390	X	77964035	154488432	3	0
TCGA-CR-7390	X	154488741	155233846	4	0
