sample	chr	startpos	endpos	nMajor	nMinor
TCGA-P6-A5OH	1	61735	11591804	1	0
TCGA-P6-A5OH	1	11598670	12094682	3	0
TCGA-P6-A5OH	1	12100028	15910003	1	0
TCGA-P6-A5OH	1	15918676	16621771	2	2
TCGA-P6-A5OH	1	16622546	22066733	3	0
TCGA-P6-A5OH	1	22067338	22602040	5	1
TCGA-P6-A5OH	1	22603366	56636394	2	2
TCGA-P6-A5OH	1	56636405	62131769	2	1
TCGA-P6-A5OH	1	62131807	62726561	4	1
TCGA-P6-A5OH	1	62726774	249224388	2	2
TCGA-P6-A5OH	2	12784	32479166	3	2
TCGA-P6-A5OH	2	32480153	45405989	3	3
TCGA-P6-A5OH	2	45407742	47824548	3	2
TCGA-P6-A5OH	2	47826830	235404129	3	3
TCGA-P6-A5OH	2	235407064	243089456	3	2
TCGA-P6-A5OH	3	60345	101797555	2	2
TCGA-P6-A5OH	3	101803052	115943419	1	1
TCGA-P6-A5OH	3	115950853	116056230	1	0
TCGA-P6-A5OH	3	116058482	135281406	1	1
TCGA-P6-A5OH	3	135281570	139050702	2	1
TCGA-P6-A5OH	3	139050910	170718364	4	1
TCGA-P6-A5OH	3	170720412	171558536	3	1
TCGA-P6-A5OH	3	171558645	193812998	4	1
TCGA-P6-A5OH	3	193814654	197896118	4	3
TCGA-P6-A5OH	4	12281	25493374	2	2
TCGA-P6-A5OH	4	25493407	25748562	4	2
TCGA-P6-A5OH	4	25750008	40804634	2	2
TCGA-P6-A5OH	4	40810663	49061209	2	0
TCGA-P6-A5OH	4	49063479	182014520	2	2
TCGA-P6-A5OH	4	182016891	182515278	1	1
TCGA-P6-A5OH	4	182515659	183080828	2	2
TCGA-P6-A5OH	4	183081763	183687661	1	1
TCGA-P6-A5OH	4	183687789	191027923	2	2
TCGA-P6-A5OH	5	15532	167188873	3	3
TCGA-P6-A5OH	5	167189612	180790320	3	2
TCGA-P6-A5OH	6	149661	7744028	2	2
TCGA-P6-A5OH	6	7745852	7932261	2	0
TCGA-P6-A5OH	6	7932338	10925127	3	1
TCGA-P6-A5OH	6	10925187	70532945	2	2
TCGA-P6-A5OH	6	70533469	155518212	3	0
TCGA-P6-A5OH	6	155518478	162047381	2	0
TCGA-P6-A5OH	6	162047938	162169275	1	0
TCGA-P6-A5OH	6	162169823	163039045	3	0
TCGA-P6-A5OH	6	163039183	171051005	2	0
TCGA-P6-A5OH	7	43259	4339413	2	2
TCGA-P6-A5OH	7	4341485	6698297	4	2
TCGA-P6-A5OH	7	6698858	55779709	2	2
TCGA-P6-A5OH	7	55789135	69024927	3	2
TCGA-P6-A5OH	7	69025010	70246912	2	2
TCGA-P6-A5OH	7	70249445	75949617	3	1
TCGA-P6-A5OH	7	75951903	103034592	2	2
TCGA-P6-A5OH	7	103035255	107988718	3	1
TCGA-P6-A5OH	7	107991567	108279550	5	1
TCGA-P6-A5OH	7	108283606	128843598	2	2
TCGA-P6-A5OH	7	128845481	129823554	3	2
TCGA-P6-A5OH	7	129828915	159127004	2	2
TCGA-P6-A5OH	8	31254	128440167	2	2
TCGA-P6-A5OH	8	128440928	129076363	4	1
TCGA-P6-A5OH	8	129076451	146298155	2	2
TCGA-P6-A5OH	9	46587	47217176	2	2
TCGA-P6-A5OH	9	65616971	78859001	3	2
TCGA-P6-A5OH	9	78869524	80142046	3	3
TCGA-P6-A5OH	9	80142406	112572347	3	2
TCGA-P6-A5OH	9	112574297	116151527	3	3
TCGA-P6-A5OH	9	116153250	117275129	2	2
TCGA-P6-A5OH	9	117275182	132150041	3	2
TCGA-P6-A5OH	9	132150442	137342561	2	2
TCGA-P6-A5OH	9	137342807	141091394	3	2
TCGA-P6-A5OH	10	72759	7968104	4	1
TCGA-P6-A5OH	10	7968301	56584196	3	1
TCGA-P6-A5OH	10	56584348	71345198	3	3
TCGA-P6-A5OH	10	71345939	135506704	3	2
TCGA-P6-A5OH	11	198572	40260148	3	2
TCGA-P6-A5OH	11	40260495	40684304	2	1
TCGA-P6-A5OH	11	40695391	47132132	3	2
TCGA-P6-A5OH	11	47132724	55011144	4	3
TCGA-P6-A5OH	11	55030215	75142867	3	1
TCGA-P6-A5OH	11	75143870	76552042	2	1
TCGA-P6-A5OH	11	76553487	77881111	4	1
TCGA-P6-A5OH	11	77883478	134944770	3	1
TCGA-P6-A5OH	12	150442	1739836	3	2
TCGA-P6-A5OH	12	1740171	31406872	2	2
TCGA-P6-A5OH	12	31406907	38384949	3	2
TCGA-P6-A5OH	12	38385512	49478812	3	0
TCGA-P6-A5OH	12	49479968	51144749	3	2
TCGA-P6-A5OH	12	51145877	51565094	4	0
TCGA-P6-A5OH	12	51568184	51831749	5	2
TCGA-P6-A5OH	12	51833718	114995255	2	2
TCGA-P6-A5OH	12	114996093	115391398	4	4
TCGA-P6-A5OH	12	115391485	118317105	2	2
TCGA-P6-A5OH	12	118323084	120856139	4	2
TCGA-P6-A5OH	12	120863235	121407478	5	5
TCGA-P6-A5OH	12	121420320	133778189	4	2
TCGA-P6-A5OH	13	19026949	115108397	1	1
TCGA-P6-A5OH	14	19002124	67964098	3	1
TCGA-P6-A5OH	14	67964228	70642831	1	1
TCGA-P6-A5OH	14	70642881	74439167	2	1
TCGA-P6-A5OH	14	74439693	94363810	2	2
TCGA-P6-A5OH	14	94364512	95113932	2	1
TCGA-P6-A5OH	14	95115271	107285437	3	1
TCGA-P6-A5OH	15	20016328	32099427	3	1
TCGA-P6-A5OH	15	32099458	35133441	1	1
TCGA-P6-A5OH	15	35137777	36904945	3	1
TCGA-P6-A5OH	15	36908423	44074416	1	1
TCGA-P6-A5OH	15	44079568	54499592	3	1
TCGA-P6-A5OH	15	54501109	54988820	1	1
TCGA-P6-A5OH	15	54997230	55802933	3	1
TCGA-P6-A5OH	15	55803373	59049648	1	1
TCGA-P6-A5OH	15	59051714	59802608	3	1
TCGA-P6-A5OH	15	59802756	64118863	1	1
TCGA-P6-A5OH	15	64119075	64705710	3	1
TCGA-P6-A5OH	15	64706326	102469040	1	1
TCGA-P6-A5OH	16	60777	6759257	2	2
TCGA-P6-A5OH	16	6761165	6887853	3	0
TCGA-P6-A5OH	16	6888255	35283226	2	2
TCGA-P6-A5OH	16	46463782	68590610	3	2
TCGA-P6-A5OH	16	68591230	70486824	4	4
TCGA-P6-A5OH	16	70490521	85048043	3	1
TCGA-P6-A5OH	16	85050712	85205764	6	1
TCGA-P6-A5OH	16	85205909	89708096	3	1
TCGA-P6-A5OH	16	89708224	90287535	2	1
TCGA-P6-A5OH	17	526	1510937	2	1
TCGA-P6-A5OH	17	1512095	1941851	5	1
TCGA-P6-A5OH	17	1943920	4285314	2	1
TCGA-P6-A5OH	17	4285429	4342008	7	2
TCGA-P6-A5OH	17	4344527	9196576	2	1
TCGA-P6-A5OH	17	9196979	29889952	3	2
TCGA-P6-A5OH	17	29894732	34983275	3	1
TCGA-P6-A5OH	17	34984925	38200951	2	1
TCGA-P6-A5OH	17	38202030	39865756	1	0
TCGA-P6-A5OH	17	39866336	42384314	2	1
TCGA-P6-A5OH	17	42388908	46109906	3	1
TCGA-P6-A5OH	17	46110469	46912573	4	4
TCGA-P6-A5OH	17	46915862	81049726	3	3
TCGA-P6-A5OH	18	48133	78015057	2	2
TCGA-P6-A5OH	19	90910	2213179	4	3
TCGA-P6-A5OH	19	2218359	10429566	4	2
TCGA-P6-A5OH	19	10429762	28418686	4	4
TCGA-P6-A5OH	19	28419388	59097854	3	3
TCGA-P6-A5OH	20	61305	5628195	3	2
TCGA-P6-A5OH	20	5632781	6122594	5	3
TCGA-P6-A5OH	20	6123452	25259039	3	2
TCGA-P6-A5OH	20	25260128	36054493	3	3
TCGA-P6-A5OH	20	36054722	50250838	3	2
TCGA-P6-A5OH	20	50251061	50797862	4	3
TCGA-P6-A5OH	20	50799982	62956153	3	2
TCGA-P6-A5OH	21	10736871	48096957	2	2
TCGA-P6-A5OH	22	16052528	18282708	2	1
TCGA-P6-A5OH	22	18285538	39895776	1	1
TCGA-P6-A5OH	22	39899065	40838140	1	0
TCGA-P6-A5OH	22	40843236	50132379	1	1
TCGA-P6-A5OH	22	50134204	51234455	3	1
TCGA-P6-A5OH	X	168477	6652158	2	1
TCGA-P6-A5OH	X	6658781	7214805	1	1
TCGA-P6-A5OH	X	7215336	134744339	2	1
TCGA-P6-A5OH	X	134745405	155233846	2	2
