sample	chr	startpos	endpos	nMajor	nMinor
TCGA-E2-A15A-b	1	61735	31866024	2	0
TCGA-E2-A15A-b	1	31867374	46039612	3	1
TCGA-E2-A15A-b	1	46041100	93621868	2	0
TCGA-E2-A15A-b	1	93622134	95288808	3	0
TCGA-E2-A15A-b	1	95292491	101521405	2	0
TCGA-E2-A15A-b	1	101524748	102290353	11	3
TCGA-E2-A15A-b	1	102291637	105164486	5	3
TCGA-E2-A15A-b	1	105173095	105955437	2	2
TCGA-E2-A15A-b	1	105955467	109712482	3	2
TCGA-E2-A15A-b	1	109714240	113601174	2	0
TCGA-E2-A15A-b	1	113601721	116136307	3	1
TCGA-E2-A15A-b	1	116136825	116904119	4	3
TCGA-E2-A15A-b	1	116905055	121482979	3	2
TCGA-E2-A15A-b	1	144007049	246664131	3	3
TCGA-E2-A15A-b	1	246664178	249224388	4	4
TCGA-E2-A15A-b	2	12784	99442809	3	2
TCGA-E2-A15A-b	2	99444339	100912986	4	2
TCGA-E2-A15A-b	2	100913361	148142079	3	2
TCGA-E2-A15A-b	2	148142300	178479248	2	1
TCGA-E2-A15A-b	2	178479332	243089456	2	2
TCGA-E2-A15A-b	3	60345	6291260	3	0
TCGA-E2-A15A-b	3	6291533	86524522	2	0
TCGA-E2-A15A-b	3	86525058	90485962	3	0
TCGA-E2-A15A-b	3	90502862	104998829	2	0
TCGA-E2-A15A-b	3	105002080	106409453	0	0
TCGA-E2-A15A-b	3	106410209	108400650	2	0
TCGA-E2-A15A-b	3	108401146	167252102	4	0
TCGA-E2-A15A-b	3	167253799	197896118	5	0
TCGA-E2-A15A-b	4	12281	36814622	3	1
TCGA-E2-A15A-b	4	36814993	41063514	2	2
TCGA-E2-A15A-b	4	41064140	52685699	3	1
TCGA-E2-A15A-b	4	52685993	54485700	4	3
TCGA-E2-A15A-b	4	54485727	57529425	3	3
TCGA-E2-A15A-b	4	57529468	62766992	3	2
TCGA-E2-A15A-b	4	62767097	64010447	6	3
TCGA-E2-A15A-b	4	64015275	68852356	3	1
TCGA-E2-A15A-b	4	68852446	71319795	4	3
TCGA-E2-A15A-b	4	71321473	73674696	3	1
TCGA-E2-A15A-b	4	73674780	138918924	3	2
TCGA-E2-A15A-b	4	138919059	191027923	2	2
TCGA-E2-A15A-b	5	15532	15949778	3	3
TCGA-E2-A15A-b	5	15949793	23347954	2	0
TCGA-E2-A15A-b	5	23349296	56817737	3	3
TCGA-E2-A15A-b	5	56818800	58044383	3	0
TCGA-E2-A15A-b	5	58052090	61683960	3	3
TCGA-E2-A15A-b	5	61684030	137620824	3	0
TCGA-E2-A15A-b	5	137621270	139855300	5	0
TCGA-E2-A15A-b	5	139858529	165721164	3	0
TCGA-E2-A15A-b	5	165721294	167126671	6	0
TCGA-E2-A15A-b	5	167127692	174309043	3	0
TCGA-E2-A15A-b	5	174309210	180790320	4	0
TCGA-E2-A15A-b	6	149661	24369872	3	2
TCGA-E2-A15A-b	6	24370358	25883714	8	2
TCGA-E2-A15A-b	6	25885181	32881527	5	2
TCGA-E2-A15A-b	6	32900018	33163451	2	2
TCGA-E2-A15A-b	6	33164735	34050917	4	2
TCGA-E2-A15A-b	6	34051442	71595151	3	2
TCGA-E2-A15A-b	6	71596028	90665317	3	1
TCGA-E2-A15A-b	6	90665718	110732116	2	0
TCGA-E2-A15A-b	6	110732209	171051005	3	1
TCGA-E2-A15A-b	7	43259	61987173	3	3
TCGA-E2-A15A-b	7	61987244	151101741	3	2
TCGA-E2-A15A-b	7	151108411	151712787	4	2
TCGA-E2-A15A-b	7	151713518	151773516	6	2
TCGA-E2-A15A-b	7	151776056	159127004	2	0
TCGA-E2-A15A-b	8	31254	3553701	2	0
TCGA-E2-A15A-b	8	3553750	4967381	4	0
TCGA-E2-A15A-b	8	4969309	37330262	2	0
TCGA-E2-A15A-b	8	37333288	37960281	13	2
TCGA-E2-A15A-b	8	37965256	38192459	2	0
TCGA-E2-A15A-b	8	38197404	38491949	19	3
TCGA-E2-A15A-b	8	38496833	39014454	7	2
TCGA-E2-A15A-b	8	39015849	39028953	2	0
TCGA-E2-A15A-b	8	39041224	39174299	3	0
TCGA-E2-A15A-b	8	39174480	39588503	14	5
TCGA-E2-A15A-b	8	39589653	39647845	18	0
TCGA-E2-A15A-b	8	39651922	40149921	2	0
TCGA-E2-A15A-b	8	40150595	41229798	12	3
TCGA-E2-A15A-b	8	41233365	41365708	25	3
TCGA-E2-A15A-b	8	41366879	41834285	12	4
TCGA-E2-A15A-b	8	41836276	42117048	33	2
TCGA-E2-A15A-b	8	42133102	42149575	7	1
TCGA-E2-A15A-b	8	42149606	42211771	9	0
TCGA-E2-A15A-b	8	42213105	42750786	2	0
TCGA-E2-A15A-b	8	42755229	43013822	12	6
TCGA-E2-A15A-b	8	43017674	43330388	15	0
TCGA-E2-A15A-b	8	43333395	47352656	2	1
TCGA-E2-A15A-b	8	47354618	47354618	2	0
TCGA-E2-A15A-b	8	47361525	47465443	2	1
TCGA-E2-A15A-b	8	47466272	63010961	6	3
TCGA-E2-A15A-b	8	63012427	72569282	7	3
TCGA-E2-A15A-b	8	72570765	77336283	9	3
TCGA-E2-A15A-b	8	77337170	89505027	9	4
TCGA-E2-A15A-b	8	89505671	90021232	10	6
TCGA-E2-A15A-b	8	90021828	123696741	9	4
TCGA-E2-A15A-b	8	123697871	123967826	14	4
TCGA-E2-A15A-b	8	123969205	129163730	8	4
TCGA-E2-A15A-b	8	129163737	146298155	8	2
TCGA-E2-A15A-b	9	46587	141091394	2	0
TCGA-E2-A15A-b	10	72759	15886626	3	2
TCGA-E2-A15A-b	10	15890338	29890267	3	1
TCGA-E2-A15A-b	10	29890436	30595858	3	2
TCGA-E2-A15A-b	10	30600490	31915391	3	1
TCGA-E2-A15A-b	10	31916448	32294720	3	3
TCGA-E2-A15A-b	10	32295221	84400714	3	1
TCGA-E2-A15A-b	10	84401508	85461728	3	2
TCGA-E2-A15A-b	10	85462107	88406970	3	1
TCGA-E2-A15A-b	10	88407055	91307920	1	1
TCGA-E2-A15A-b	10	91312337	92401716	3	1
TCGA-E2-A15A-b	10	92404193	105591779	3	2
TCGA-E2-A15A-b	10	105596307	107688351	2	0
TCGA-E2-A15A-b	10	107688610	107810250	3	2
TCGA-E2-A15A-b	10	107810364	122985722	2	0
TCGA-E2-A15A-b	10	122987091	127054912	3	2
TCGA-E2-A15A-b	10	127054962	135506704	3	1
TCGA-E2-A15A-b	11	198572	50750724	3	2
TCGA-E2-A15A-b	11	50751358	58983503	2	0
TCGA-E2-A15A-b	11	58989046	66185354	3	2
TCGA-E2-A15A-b	11	66196305	69629199	11	3
TCGA-E2-A15A-b	11	69631899	70045024	19	3
TCGA-E2-A15A-b	11	70045336	71482054	25	2
TCGA-E2-A15A-b	11	71513455	73027849	2	0
TCGA-E2-A15A-b	11	73030521	74082611	11	3
TCGA-E2-A15A-b	11	74083878	74181916	6	3
TCGA-E2-A15A-b	11	74182572	75282882	2	0
TCGA-E2-A15A-b	11	75286191	75558646	7	3
TCGA-E2-A15A-b	11	75559849	78709279	11	3
TCGA-E2-A15A-b	11	78709918	78825980	17	3
TCGA-E2-A15A-b	11	78827849	82423340	2	0
TCGA-E2-A15A-b	11	82426438	99976674	3	0
TCGA-E2-A15A-b	11	99976696	99993641	4	0
TCGA-E2-A15A-b	11	99995282	100355092	20	4
TCGA-E2-A15A-b	11	100355562	134944770	3	0
TCGA-E2-A15A-b	12	150442	786238	2	2
TCGA-E2-A15A-b	12	789152	125625570	3	2
TCGA-E2-A15A-b	12	125625603	126737320	3	3
TCGA-E2-A15A-b	12	126737461	133778189	3	2
TCGA-E2-A15A-b	13	19026949	33560252	3	1
TCGA-E2-A15A-b	13	33561520	37929558	2	0
TCGA-E2-A15A-b	13	37932005	41491722	3	2
TCGA-E2-A15A-b	13	41492344	43692879	4	3
TCGA-E2-A15A-b	13	43692974	44450346	3	1
TCGA-E2-A15A-b	13	44451466	44538352	4	4
TCGA-E2-A15A-b	13	44538413	45452710	3	1
TCGA-E2-A15A-b	13	45452942	51263793	3	0
TCGA-E2-A15A-b	13	51263857	115108397	3	1
TCGA-E2-A15A-b	14	19002124	23113646	3	0
TCGA-E2-A15A-b	14	23114522	23245674	3	3
TCGA-E2-A15A-b	14	23249292	24199039	2	0
TCGA-E2-A15A-b	14	24207182	25853208	5	0
TCGA-E2-A15A-b	14	25853756	26057113	2	0
TCGA-E2-A15A-b	14	26064623	26736401	30	2
TCGA-E2-A15A-b	14	26738291	27187678	3	0
TCGA-E2-A15A-b	14	27193713	29276968	0	0
TCGA-E2-A15A-b	14	29279087	29694034	2	0
TCGA-E2-A15A-b	14	29698748	32671106	3	2
TCGA-E2-A15A-b	14	32671183	34767084	6	3
TCGA-E2-A15A-b	14	34767305	37701675	3	3
TCGA-E2-A15A-b	14	37702065	38533095	3	2
TCGA-E2-A15A-b	14	38533971	40754436	2	0
TCGA-E2-A15A-b	14	40756061	45339443	3	0
TCGA-E2-A15A-b	14	45339466	84861059	2	0
TCGA-E2-A15A-b	14	84862795	85147591	0	0
TCGA-E2-A15A-b	14	85149025	107052550	2	0
TCGA-E2-A15A-b	14	107053541	107285437	4	0
TCGA-E2-A15A-b	15	20016328	72019591	3	2
TCGA-E2-A15A-b	15	72020773	99077116	3	1
TCGA-E2-A15A-b	15	99077862	99766981	3	2
TCGA-E2-A15A-b	15	99767071	102469040	3	1
TCGA-E2-A15A-b	16	60777	35283226	3	2
TCGA-E2-A15A-b	16	46463782	72479263	2	2
TCGA-E2-A15A-b	16	72482566	90287535	2	1
TCGA-E2-A15A-b	17	526	2049795	2	0
TCGA-E2-A15A-b	17	2052078	6232365	3	0
TCGA-E2-A15A-b	17	6235033	19130231	2	0
TCGA-E2-A15A-b	17	19149286	21716624	3	1
TCGA-E2-A15A-b	17	21717257	81049726	3	2
TCGA-E2-A15A-b	18	48133	15396945	3	1
TCGA-E2-A15A-b	18	15401763	21401875	2	0
TCGA-E2-A15A-b	18	21401924	23464649	3	1
TCGA-E2-A15A-b	18	23474347	78015057	2	0
TCGA-E2-A15A-b	19	90910	4500284	2	0
TCGA-E2-A15A-b	19	4501045	6402714	7	3
TCGA-E2-A15A-b	19	6402943	8378891	3	0
TCGA-E2-A15A-b	19	8379294	10194884	2	2
TCGA-E2-A15A-b	19	10199107	16871722	2	0
TCGA-E2-A15A-b	19	16876022	17340492	3	2
TCGA-E2-A15A-b	19	17352945	19099979	2	2
TCGA-E2-A15A-b	19	19100198	22188709	3	2
TCGA-E2-A15A-b	19	22192238	23683732	3	0
TCGA-E2-A15A-b	19	23683950	32053677	3	1
TCGA-E2-A15A-b	19	32053745	41652840	3	2
TCGA-E2-A15A-b	19	41653394	59097854	3	1
TCGA-E2-A15A-b	20	61305	10817009	2	0
TCGA-E2-A15A-b	20	10820189	11914412	4	0
TCGA-E2-A15A-b	20	11919465	15821465	2	0
TCGA-E2-A15A-b	20	15824414	16325269	4	0
TCGA-E2-A15A-b	20	16326109	17959966	2	0
TCGA-E2-A15A-b	20	17963182	62956153	6	3
TCGA-E2-A15A-b	21	10736871	16532233	2	0
TCGA-E2-A15A-b	21	16532799	17559942	6	2
TCGA-E2-A15A-b	21	17562437	17803576	3	3
TCGA-E2-A15A-b	21	17808262	18091248	7	3
TCGA-E2-A15A-b	21	18092738	24915383	3	0
TCGA-E2-A15A-b	21	24921062	32167869	3	1
TCGA-E2-A15A-b	21	32169139	38750304	3	2
TCGA-E2-A15A-b	21	38751689	41875038	3	1
TCGA-E2-A15A-b	21	41875741	48096957	3	3
TCGA-E2-A15A-b	22	16052528	40634882	2	0
TCGA-E2-A15A-b	22	40635276	46949149	2	2
TCGA-E2-A15A-b	22	46949292	47412261	3	3
TCGA-E2-A15A-b	22	47412450	51234455	3	2
TCGA-E2-A15A-b	X	168477	34144145	3	2
TCGA-E2-A15A-b	X	34144671	34903439	5	3
TCGA-E2-A15A-b	X	34903751	123287946	3	2
TCGA-E2-A15A-b	X	123288584	138004242	4	2
TCGA-E2-A15A-b	X	138004420	155233846	3	2
