sample	chr	startpos	endpos	nMajor	nMinor
TCGA-RQ-AAAT	1	61735	12788406	2	2
TCGA-RQ-AAAT	1	12799736	18981136	2	0
TCGA-RQ-AAAT	1	18984958	168768708	2	2
TCGA-RQ-AAAT	1	168778182	169238731	19	2
TCGA-RQ-AAAT	1	169238745	170823554	8	2
TCGA-RQ-AAAT	1	170830277	181491640	3	2
TCGA-RQ-AAAT	1	181494528	249224388	2	1
TCGA-RQ-AAAT	2	12784	49830871	2	1
TCGA-RQ-AAAT	2	49830975	49991056	4	1
TCGA-RQ-AAAT	2	49992053	53549975	2	1
TCGA-RQ-AAAT	2	53550921	56258695	3	2
TCGA-RQ-AAAT	2	56258784	56743667	4	2
TCGA-RQ-AAAT	2	56743753	57565317	7	2
TCGA-RQ-AAAT	2	57570624	60235568	2	2
TCGA-RQ-AAAT	2	60235783	60375462	5	2
TCGA-RQ-AAAT	2	60375583	60716242	3	2
TCGA-RQ-AAAT	2	60716308	62072052	14	2
TCGA-RQ-AAAT	2	62072107	62077971	7	4
TCGA-RQ-AAAT	2	62084295	62175460	14	0
TCGA-RQ-AAAT	2	62184664	63226924	4	2
TCGA-RQ-AAAT	2	63230734	156806589	2	2
TCGA-RQ-AAAT	2	156812657	224226065	2	1
TCGA-RQ-AAAT	2	224228654	230360787	2	2
TCGA-RQ-AAAT	2	230360901	230702652	11	2
TCGA-RQ-AAAT	2	230708723	238051007	2	2
TCGA-RQ-AAAT	2	238052767	238604029	6	2
TCGA-RQ-AAAT	2	238604650	239884404	10	2
TCGA-RQ-AAAT	2	239889955	240425643	5	2
TCGA-RQ-AAAT	2	240426219	243089456	2	2
TCGA-RQ-AAAT	3	60345	22788963	1	1
TCGA-RQ-AAAT	3	22792076	29922299	6	1
TCGA-RQ-AAAT	3	29922333	37862300	4	1
TCGA-RQ-AAAT	3	37862718	38390884	6	1
TCGA-RQ-AAAT	3	38393350	197896118	2	1
TCGA-RQ-AAAT	4	12281	188787224	3	1
TCGA-RQ-AAAT	4	188791456	189971926	1	0
TCGA-RQ-AAAT	4	189977915	191027923	3	1
TCGA-RQ-AAAT	5	15532	157296986	2	1
TCGA-RQ-AAAT	5	157298652	158849668	1	0
TCGA-RQ-AAAT	5	158849837	180790320	2	1
TCGA-RQ-AAAT	6	149661	57194118	2	2
TCGA-RQ-AAAT	6	57205920	62725552	2	1
TCGA-RQ-AAAT	6	62725671	171051005	2	0
TCGA-RQ-AAAT	7	43259	85810659	2	2
TCGA-RQ-AAAT	7	85812996	114601956	4	2
TCGA-RQ-AAAT	7	114606579	114762181	3	2
TCGA-RQ-AAAT	7	114763318	126345352	5	2
TCGA-RQ-AAAT	7	126345572	126427454	1	1
TCGA-RQ-AAAT	7	126428765	159127004	2	0
TCGA-RQ-AAAT	8	31254	146298155	2	2
TCGA-RQ-AAAT	9	46587	141091394	2	2
TCGA-RQ-AAAT	10	72759	135506704	2	2
TCGA-RQ-AAAT	11	198572	4392311	4	2
TCGA-RQ-AAAT	11	4393679	24907359	3	2
TCGA-RQ-AAAT	11	24908055	134944770	4	2
TCGA-RQ-AAAT	12	150442	34494821	3	3
TCGA-RQ-AAAT	12	34510783	133615706	2	2
TCGA-RQ-AAAT	12	133616206	133778189	1	0
TCGA-RQ-AAAT	13	19026949	115108397	2	1
TCGA-RQ-AAAT	14	19002124	106199376	2	1
TCGA-RQ-AAAT	14	106218585	106826639	1	0
TCGA-RQ-AAAT	14	106828137	107285437	2	1
TCGA-RQ-AAAT	15	20016328	41978403	4	0
TCGA-RQ-AAAT	15	41984723	42091335	0	0
TCGA-RQ-AAAT	15	42091385	102469040	4	0
TCGA-RQ-AAAT	16	60777	90287535	2	2
TCGA-RQ-AAAT	17	526	18319862	2	0
TCGA-RQ-AAAT	17	18355392	18571345	4	0
TCGA-RQ-AAAT	17	18571664	21540367	4	2
TCGA-RQ-AAAT	17	21542097	22235650	7	3
TCGA-RQ-AAAT	17	25270411	40554956	2	2
TCGA-RQ-AAAT	17	40555001	48537122	4	0
TCGA-RQ-AAAT	17	48537135	81049726	3	0
TCGA-RQ-AAAT	18	48133	51015967	3	0
TCGA-RQ-AAAT	18	51018146	77877718	3	2
TCGA-RQ-AAAT	18	77882568	78015057	3	1
TCGA-RQ-AAAT	19	90910	9430987	2	2
TCGA-RQ-AAAT	19	9431599	9646862	2	0
TCGA-RQ-AAAT	19	9649078	59097854	2	2
TCGA-RQ-AAAT	20	61305	62956153	2	2
TCGA-RQ-AAAT	21	10736871	48096957	2	2
TCGA-RQ-AAAT	22	16052528	22380718	2	2
TCGA-RQ-AAAT	22	22380743	22675468	2	0
TCGA-RQ-AAAT	22	22675707	23251602	0	0
TCGA-RQ-AAAT	22	23255556	51234455	2	2
TCGA-RQ-AAAT	X	168477	144566030	2	0
TCGA-RQ-AAAT	X	144566054	146271465	3	2
TCGA-RQ-AAAT	X	146274262	147012620	2	1
TCGA-RQ-AAAT	X	147012672	155233846	2	2
