sample	chr	startpos	endpos	nMajor	nMinor
TCGA-CN-6024	1	61735	121482979	2	0
TCGA-CN-6024	1	144007049	194530338	2	1
TCGA-CN-6024	1	194530781	204886000	2	2
TCGA-CN-6024	1	204887233	249224388	3	2
TCGA-CN-6024	2	12784	22417510	2	0
TCGA-CN-6024	2	22417578	80045293	2	1
TCGA-CN-6024	2	80046453	97459920	1	1
TCGA-CN-6024	2	97460442	106189955	2	1
TCGA-CN-6024	2	106191692	107448631	5	1
TCGA-CN-6024	2	107449552	113320609	1	1
TCGA-CN-6024	2	113320975	113609992	2	1
TCGA-CN-6024	2	113612588	115748417	2	0
TCGA-CN-6024	2	115749545	123999704	2	1
TCGA-CN-6024	2	124000929	125134818	4	1
TCGA-CN-6024	2	125135372	134194121	1	1
TCGA-CN-6024	2	134194991	135372512	2	1
TCGA-CN-6024	2	135375716	141021707	1	1
TCGA-CN-6024	2	141023529	141723187	2	1
TCGA-CN-6024	2	141729899	141893746	2	0
TCGA-CN-6024	2	141893894	157153587	2	1
TCGA-CN-6024	2	157154709	158071819	2	0
TCGA-CN-6024	2	158077828	158492960	7	2
TCGA-CN-6024	2	158495651	158648263	2	2
TCGA-CN-6024	2	158648796	158950669	5	2
TCGA-CN-6024	2	158956551	175355401	2	1
TCGA-CN-6024	2	175355951	184906937	3	1
TCGA-CN-6024	2	184907397	186705458	4	1
TCGA-CN-6024	2	186706301	204372883	2	1
TCGA-CN-6024	2	204379692	211103372	1	1
TCGA-CN-6024	2	211105516	213677207	2	1
TCGA-CN-6024	2	213677875	214218399	1	1
TCGA-CN-6024	2	214218922	214749180	2	1
TCGA-CN-6024	2	214749993	243089456	1	0
TCGA-CN-6024	3	60345	90502862	2	0
TCGA-CN-6024	3	93519478	94235456	4	4
TCGA-CN-6024	3	94243713	95551447	7	3
TCGA-CN-6024	3	95552641	96346915	3	3
TCGA-CN-6024	3	96346971	97119596	2	1
TCGA-CN-6024	3	97129626	97835898	4	1
TCGA-CN-6024	3	97835979	120074858	2	1
TCGA-CN-6024	3	120076749	125432406	3	1
TCGA-CN-6024	3	125435263	153263568	2	1
TCGA-CN-6024	3	153270172	153335391	1	0
TCGA-CN-6024	3	153339189	164004651	2	1
TCGA-CN-6024	3	164021918	168346977	3	1
TCGA-CN-6024	3	168347113	197896118	2	1
TCGA-CN-6024	4	12281	31918367	1	1
TCGA-CN-6024	4	31924431	32822489	3	1
TCGA-CN-6024	4	32822802	44638305	1	1
TCGA-CN-6024	4	44638672	54207781	2	1
TCGA-CN-6024	4	54212389	97947993	2	0
TCGA-CN-6024	4	97949728	160609560	3	0
TCGA-CN-6024	4	160609723	161300792	2	0
TCGA-CN-6024	4	161300938	191027923	3	0
TCGA-CN-6024	5	15532	13495525	2	0
TCGA-CN-6024	5	13500912	45707027	2	2
TCGA-CN-6024	5	45709959	51873695	2	1
TCGA-CN-6024	5	51873729	109112145	2	0
TCGA-CN-6024	5	109112425	109173157	0	0
TCGA-CN-6024	5	109175464	180790320	2	0
TCGA-CN-6024	6	149661	55986891	1	1
TCGA-CN-6024	6	55988519	106983465	2	1
TCGA-CN-6024	6	106983546	171051005	1	1
TCGA-CN-6024	7	43259	159127004	2	2
TCGA-CN-6024	8	31254	46912027	2	0
TCGA-CN-6024	8	46912314	53902872	5	4
TCGA-CN-6024	8	53902879	72609487	4	4
TCGA-CN-6024	8	72609895	77906484	6	5
TCGA-CN-6024	8	77912887	84337995	5	5
TCGA-CN-6024	8	84341857	84809501	6	6
TCGA-CN-6024	8	84812227	142274632	5	2
TCGA-CN-6024	8	142274654	146298155	4	2
TCGA-CN-6024	9	46587	22372214	2	0
TCGA-CN-6024	9	22372963	23056061	9	0
TCGA-CN-6024	9	23058521	23507723	6	0
TCGA-CN-6024	9	23512634	26807818	2	0
TCGA-CN-6024	9	26808206	27382668	6	0
TCGA-CN-6024	9	27385345	31926728	2	0
TCGA-CN-6024	9	31928731	47217176	6	0
TCGA-CN-6024	9	65616971	141091394	3	0
TCGA-CN-6024	10	72759	4129469	2	1
TCGA-CN-6024	10	4130066	5445925	2	2
TCGA-CN-6024	10	5445958	86730861	2	1
TCGA-CN-6024	10	86733782	87133028	3	1
TCGA-CN-6024	10	87135504	127761559	1	1
TCGA-CN-6024	10	127762886	127848780	2	1
TCGA-CN-6024	10	127850056	135506704	1	1
TCGA-CN-6024	11	198572	55034275	2	1
TCGA-CN-6024	11	55036472	55898620	2	0
TCGA-CN-6024	11	55898965	57614903	2	1
TCGA-CN-6024	11	57621656	62278631	3	1
TCGA-CN-6024	11	62281619	88102739	2	1
TCGA-CN-6024	11	88102952	88715372	1	1
TCGA-CN-6024	11	88726072	89207017	10	1
TCGA-CN-6024	11	89207232	90606790	6	1
TCGA-CN-6024	11	90610108	91843442	3	1
TCGA-CN-6024	11	91843530	134944770	1	1
TCGA-CN-6024	12	150442	27971574	7	1
TCGA-CN-6024	12	27971714	34854498	15	1
TCGA-CN-6024	12	37857751	51879826	2	0
TCGA-CN-6024	12	51880445	52716027	2	1
TCGA-CN-6024	12	52718206	53910829	2	0
TCGA-CN-6024	12	53914680	73677086	2	1
TCGA-CN-6024	12	73683874	133778189	2	0
TCGA-CN-6024	13	19026949	115108397	2	0
TCGA-CN-6024	14	19002124	72816393	2	1
TCGA-CN-6024	14	72816626	92849810	2	2
TCGA-CN-6024	14	92855520	92972111	2	1
TCGA-CN-6024	14	92972162	107285437	2	2
TCGA-CN-6024	15	20016328	77093095	2	0
TCGA-CN-6024	15	77093381	82169227	1	0
TCGA-CN-6024	15	82176429	102469040	2	0
TCGA-CN-6024	16	60777	35283226	2	1
TCGA-CN-6024	16	46463782	51741545	1	1
TCGA-CN-6024	16	51743055	90287535	2	1
TCGA-CN-6024	17	526	562244	4	0
TCGA-CN-6024	17	562478	7929777	3	0
TCGA-CN-6024	17	7930778	12486389	2	1
TCGA-CN-6024	17	12487389	13376188	2	2
TCGA-CN-6024	17	13377293	15554278	10	2
TCGA-CN-6024	17	15554561	17348560	9	2
TCGA-CN-6024	17	17350504	19273846	2	1
TCGA-CN-6024	17	19276073	20928538	2	2
TCGA-CN-6024	17	20929191	81049726	2	1
TCGA-CN-6024	18	48133	6311143	4	1
TCGA-CN-6024	18	6313320	15402408	2	1
TCGA-CN-6024	18	18529353	19093978	2	0
TCGA-CN-6024	18	19098894	19567474	2	2
TCGA-CN-6024	18	19568146	21852735	9	2
TCGA-CN-6024	18	21859646	22650576	2	2
TCGA-CN-6024	18	22656876	24376407	5	2
TCGA-CN-6024	18	24378897	26862516	10	2
TCGA-CN-6024	18	26866222	78015057	2	0
TCGA-CN-6024	19	90910	32993526	2	2
TCGA-CN-6024	19	32996122	59097854	2	1
TCGA-CN-6024	20	61305	20386022	2	2
TCGA-CN-6024	20	20386709	29544920	3	2
TCGA-CN-6024	20	29544934	32060739	4	1
TCGA-CN-6024	20	32061711	33765842	2	1
TCGA-CN-6024	20	33769019	34476302	5	1
TCGA-CN-6024	20	34477984	37988671	2	1
TCGA-CN-6024	20	37990840	62956153	1	1
TCGA-CN-6024	21	10736871	15930554	3	2
TCGA-CN-6024	21	15932610	18686961	8	2
TCGA-CN-6024	21	18687379	20416618	3	2
TCGA-CN-6024	21	20416887	20733268	8	2
TCGA-CN-6024	21	20735150	20956925	2	2
TCGA-CN-6024	21	20959192	22078587	8	2
TCGA-CN-6024	21	22080284	23439274	2	2
TCGA-CN-6024	21	23439659	24620715	10	2
TCGA-CN-6024	21	24622290	25382128	2	2
TCGA-CN-6024	21	25382268	34441564	2	0
TCGA-CN-6024	21	34447879	48096957	2	1
TCGA-CN-6024	22	16052528	18309902	2	0
TCGA-CN-6024	22	18310068	51234455	2	2
TCGA-CN-6024	X	168477	2703391	2	1
TCGA-CN-6024	X	2703633	15407305	2	0
TCGA-CN-6024	X	15407414	15512734	1	0
TCGA-CN-6024	X	15512875	19476434	2	0
TCGA-CN-6024	X	19478043	19504130	1	0
TCGA-CN-6024	X	19504273	53667006	2	0
TCGA-CN-6024	X	53667634	54595370	3	0
TCGA-CN-6024	X	54601299	58473306	4	0
TCGA-CN-6024	X	58473565	71401801	2	0
TCGA-CN-6024	X	71407938	77941197	3	0
TCGA-CN-6024	X	77941334	155233846	2	0
