sample	chr	startpos	endpos	nMajor	nMinor
TCGA-75-7031	1	61735	121482979	2	1
TCGA-75-7031	1	144007049	226184438	3	2
TCGA-75-7031	1	226188649	227876136	2	2
TCGA-75-7031	1	227877999	249224388	3	2
TCGA-75-7031	2	12784	73911371	2	1
TCGA-75-7031	2	73911523	113229718	2	2
TCGA-75-7031	2	113230824	113840443	4	2
TCGA-75-7031	2	113840539	146808897	2	1
TCGA-75-7031	2	146815737	146941292	7	2
TCGA-75-7031	2	146947519	150387805	2	1
TCGA-75-7031	2	150389192	152513824	2	2
TCGA-75-7031	2	152516831	152540836	8	3
TCGA-75-7031	2	152545628	154140666	4	2
TCGA-75-7031	2	154141087	154568757	2	1
TCGA-75-7031	2	154569262	158409131	4	2
TCGA-75-7031	2	158409595	159146203	9	2
TCGA-75-7031	2	159148180	160739300	4	2
TCGA-75-7031	2	160742771	163968188	10	2
TCGA-75-7031	2	163970434	168950279	15	1
TCGA-75-7031	2	168950499	170512490	6	2
TCGA-75-7031	2	170513555	172111312	8	2
TCGA-75-7031	2	172116750	176224127	6	2
TCGA-75-7031	2	176228257	178206965	14	2
TCGA-75-7031	2	178209345	181432382	6	2
TCGA-75-7031	2	181432982	182427920	12	2
TCGA-75-7031	2	182429735	184128876	20	1
TCGA-75-7031	2	184130246	185785610	9	2
TCGA-75-7031	2	185785947	185877422	5	5
TCGA-75-7031	2	185877827	204048392	2	2
TCGA-75-7031	2	204050625	243089456	2	1
TCGA-75-7031	3	60345	197896118	2	1
TCGA-75-7031	4	12281	55182046	2	2
TCGA-75-7031	4	55185450	191027923	2	1
TCGA-75-7031	5	15532	46313502	7	2
TCGA-75-7031	5	46313520	56666830	5	2
TCGA-75-7031	5	56670920	97902676	2	0
TCGA-75-7031	5	97902927	98071050	2	2
TCGA-75-7031	5	98071502	98694877	2	0
TCGA-75-7031	5	98695117	99704421	2	2
TCGA-75-7031	5	99707871	101693329	2	0
TCGA-75-7031	5	101697017	103824347	3	2
TCGA-75-7031	5	103824865	105042813	2	0
TCGA-75-7031	5	105051260	105139013	3	2
TCGA-75-7031	5	105142866	105416486	2	0
TCGA-75-7031	5	105424150	111741035	3	2
TCGA-75-7031	5	111742825	111920250	5	2
TCGA-75-7031	5	111923414	146761387	2	2
TCGA-75-7031	5	146762381	148801477	7	2
TCGA-75-7031	5	148801771	180790320	2	2
TCGA-75-7031	6	149661	171051005	2	2
TCGA-75-7031	7	43259	16184037	2	0
TCGA-75-7031	7	16187099	16232148	3	2
TCGA-75-7031	7	16236162	17417812	2	0
TCGA-75-7031	7	17421105	85414954	2	2
TCGA-75-7031	7	85418831	87770175	2	1
TCGA-75-7031	7	87771197	88368601	2	0
TCGA-75-7031	7	88370683	102828585	2	2
TCGA-75-7031	7	102837947	137939326	2	1
TCGA-75-7031	7	137939783	159127004	2	2
TCGA-75-7031	8	31254	7186632	5	1
TCGA-75-7031	8	7186646	10384665	5	0
TCGA-75-7031	8	10384802	12473652	5	1
TCGA-75-7031	8	12473882	16883152	5	0
TCGA-75-7031	8	16888193	34949185	3	0
TCGA-75-7031	8	34951543	57497592	3	2
TCGA-75-7031	8	57500283	69909273	4	3
TCGA-75-7031	8	69913696	69994670	9	4
TCGA-75-7031	8	69997500	73479723	4	3
TCGA-75-7031	8	73479960	73654498	9	3
TCGA-75-7031	8	73655462	75013844	4	4
TCGA-75-7031	8	75014977	76360477	3	3
TCGA-75-7031	8	76370143	76439313	5	4
TCGA-75-7031	8	76440022	93056708	15	3
TCGA-75-7031	8	93057823	94296353	18	3
TCGA-75-7031	8	94296892	100718876	14	3
TCGA-75-7031	8	100720943	101861790	27	3
TCGA-75-7031	8	101861829	119685363	3	0
TCGA-75-7031	8	119691918	120697457	29	2
TCGA-75-7031	8	120705817	124172267	3	0
TCGA-75-7031	8	124174642	127563384	28	3
TCGA-75-7031	8	127568138	129874453	34	3
TCGA-75-7031	8	129875260	133736740	21	3
TCGA-75-7031	8	133737712	139751302	18	3
TCGA-75-7031	8	139758053	140469794	12	3
TCGA-75-7031	8	140476042	143652160	23	3
TCGA-75-7031	8	143659309	146298155	13	3
TCGA-75-7031	9	46587	30018156	2	1
TCGA-75-7031	9	30022519	30735603	2	0
TCGA-75-7031	9	30737773	33205136	2	1
TCGA-75-7031	9	33205408	34303875	5	2
TCGA-75-7031	9	34303922	36373407	2	2
TCGA-75-7031	9	36374204	37108986	5	2
TCGA-75-7031	9	37116188	47217176	2	2
TCGA-75-7031	9	65616971	141091394	3	2
TCGA-75-7031	10	72759	39045864	2	2
TCGA-75-7031	10	39050890	56456787	2	1
TCGA-75-7031	10	56457173	58879577	2	0
TCGA-75-7031	10	58879797	58883254	1	0
TCGA-75-7031	10	58890510	59720799	3	3
TCGA-75-7031	10	59724110	89671981	2	0
TCGA-75-7031	10	89674110	90078179	0	0
TCGA-75-7031	10	90091211	110952597	2	0
TCGA-75-7031	10	110952757	115035475	3	3
TCGA-75-7031	10	115036523	120366876	2	0
TCGA-75-7031	10	120366905	121921074	4	2
TCGA-75-7031	10	121921519	124322595	6	2
TCGA-75-7031	10	124323252	125227104	3	3
TCGA-75-7031	10	125228315	125335357	7	2
TCGA-75-7031	10	125335960	125832186	3	3
TCGA-75-7031	10	125837911	126074726	9	2
TCGA-75-7031	10	126081270	132438599	3	3
TCGA-75-7031	10	132442893	135506704	2	0
TCGA-75-7031	11	198572	134944770	2	2
TCGA-75-7031	12	150442	100513846	2	2
TCGA-75-7031	12	100523496	100996862	5	2
TCGA-75-7031	12	101008500	133778189	2	2
TCGA-75-7031	13	19026949	20795888	2	2
TCGA-75-7031	13	20796803	70804396	2	1
TCGA-75-7031	13	70808840	87372926	2	0
TCGA-75-7031	13	87374378	115108397	5	0
TCGA-75-7031	14	19002124	21685514	2	0
TCGA-75-7031	14	21689330	23257568	2	2
TCGA-75-7031	14	23258060	107285437	3	2
TCGA-75-7031	15	20016328	20180116	4	0
TCGA-75-7031	15	20180945	20590042	3	0
TCGA-75-7031	15	20590160	23654207	10	1
TCGA-75-7031	15	23654294	55154548	2	0
TCGA-75-7031	15	55154548	55351559	23	2
TCGA-75-7031	15	55351601	56042140	11	2
TCGA-75-7031	15	56042922	56393583	24	2
TCGA-75-7031	15	56409719	57502053	16	3
TCGA-75-7031	15	57507364	57837356	3	1
TCGA-75-7031	15	57838939	58428822	9	2
TCGA-75-7031	15	58433290	58727325	2	0
TCGA-75-7031	15	58727501	58856033	5	2
TCGA-75-7031	15	58858910	59444477	2	0
TCGA-75-7031	15	59445169	61280279	3	2
TCGA-75-7031	15	61285423	62155961	2	0
TCGA-75-7031	15	62159117	64095017	3	2
TCGA-75-7031	15	64095069	65357254	2	0
TCGA-75-7031	15	65357434	66591019	3	2
TCGA-75-7031	15	66592451	88688010	2	1
TCGA-75-7031	15	88689644	90692798	3	3
TCGA-75-7031	15	90693531	95500162	3	2
TCGA-75-7031	15	95500652	102469040	3	3
TCGA-75-7031	16	60777	54643984	2	2
TCGA-75-7031	16	54644076	54961762	5	2
TCGA-75-7031	16	54978787	55321097	2	2
TCGA-75-7031	16	55324094	60960738	5	2
TCGA-75-7031	16	60961448	65153128	2	2
TCGA-75-7031	16	65153453	66119821	4	2
TCGA-75-7031	16	66122316	66224263	7	2
TCGA-75-7031	16	66224580	66905632	5	2
TCGA-75-7031	16	66906647	67002991	6	3
TCGA-75-7031	16	67006309	90287535	2	1
TCGA-75-7031	17	526	18070741	2	0
TCGA-75-7031	17	18073596	22219568	1	0
TCGA-75-7031	17	22227075	35525843	2	2
TCGA-75-7031	17	35527972	43570033	3	3
TCGA-75-7031	17	43570226	66131977	3	2
TCGA-75-7031	17	66132147	81049726	4	2
TCGA-75-7031	18	48133	2629162	3	3
TCGA-75-7031	18	2629368	8528107	3	0
TCGA-75-7031	18	8528270	13705812	3	2
TCGA-75-7031	18	13713480	19344034	3	0
TCGA-75-7031	18	19349487	23047607	3	3
TCGA-75-7031	18	23050668	24999854	3	0
TCGA-75-7031	18	25001111	25949622	3	3
TCGA-75-7031	18	25949733	26439029	4	4
TCGA-75-7031	18	26441142	50505161	3	0
TCGA-75-7031	18	50508024	51278766	2	0
TCGA-75-7031	18	51278781	68178657	3	0
TCGA-75-7031	18	68182237	69469347	4	3
TCGA-75-7031	18	69470225	70673545	3	3
TCGA-75-7031	18	70673725	78015057	3	0
TCGA-75-7031	19	90910	22769664	2	0
TCGA-75-7031	19	22769768	29919225	2	2
TCGA-75-7031	19	29919428	44119669	2	1
TCGA-75-7031	19	44124346	59097854	2	0
TCGA-75-7031	20	61305	2796007	2	0
TCGA-75-7031	20	2796916	26242439	3	2
TCGA-75-7031	20	26247592	55899709	2	1
TCGA-75-7031	20	55903453	61434410	3	2
TCGA-75-7031	20	61438601	62956153	8	3
TCGA-75-7031	21	10736871	16563450	2	1
TCGA-75-7031	21	16566151	17859843	2	0
TCGA-75-7031	21	17860693	19481895	2	1
TCGA-75-7031	21	19483405	20437697	2	0
TCGA-75-7031	21	20437826	28211330	2	1
TCGA-75-7031	21	28213430	33080313	2	0
TCGA-75-7031	21	33083220	41121958	2	1
TCGA-75-7031	21	41122199	46181009	2	0
TCGA-75-7031	21	46181426	48096957	2	1
TCGA-75-7031	22	16052528	18609065	1	1
TCGA-75-7031	22	18610110	19077927	7	3
TCGA-75-7031	22	19080919	19110765	2	0
TCGA-75-7031	22	19113477	21607084	1	1
TCGA-75-7031	22	21607446	27295659	11	1
TCGA-75-7031	22	27300729	28083260	7	1
TCGA-75-7031	22	28086896	30324927	1	1
TCGA-75-7031	22	30330459	31226710	2	1
TCGA-75-7031	22	31227373	31346990	7	2
TCGA-75-7031	22	31349698	31597670	2	2
TCGA-75-7031	22	31600460	35741820	1	1
TCGA-75-7031	22	35744558	38237783	14	1
TCGA-75-7031	22	38242813	39287337	17	1
TCGA-75-7031	22	39287910	40040668	10	1
TCGA-75-7031	22	40043812	41522407	5	1
TCGA-75-7031	22	41522660	42878001	2	1
TCGA-75-7031	22	42878349	49784354	1	0
TCGA-75-7031	22	49784591	50730886	3	1
TCGA-75-7031	22	50791618	51234455	12	1
TCGA-75-7031	X	168477	58561930	2	0
TCGA-75-7031	X	61728829	155233846	3	3
