sample	chr	startpos	endpos	nMajor	nMinor
TCGA-CV-6951-b	1	61735	150516761	2	1
TCGA-CV-6951-b	1	150517356	249224388	2	2
TCGA-CV-6951-b	2	12784	96641549	2	1
TCGA-CV-6951-b	2	96652509	102817077	2	2
TCGA-CV-6951-b	2	102817154	104594111	3	2
TCGA-CV-6951-b	2	104594246	142157396	2	2
TCGA-CV-6951-b	2	142158186	142239199	2	1
TCGA-CV-6951-b	2	142239893	160729820	2	2
TCGA-CV-6951-b	2	160733768	162567450	4	2
TCGA-CV-6951-b	2	162568766	166716484	3	3
TCGA-CV-6951-b	2	166718377	167056428	4	4
TCGA-CV-6951-b	2	167059503	184248600	3	2
TCGA-CV-6951-b	2	184251035	243089456	2	1
TCGA-CV-6951-b	3	60345	90502862	2	0
TCGA-CV-6951-b	3	93519478	162359561	4	1
TCGA-CV-6951-b	3	162359863	167650846	5	1
TCGA-CV-6951-b	3	167653729	187054412	4	1
TCGA-CV-6951-b	3	187054796	193020249	5	1
TCGA-CV-6951-b	3	193020939	197896118	4	1
TCGA-CV-6951-b	4	12281	49309854	1	1
TCGA-CV-6951-b	4	49503166	191027923	2	1
TCGA-CV-6951-b	5	15532	50525859	2	1
TCGA-CV-6951-b	5	50530394	58878283	1	1
TCGA-CV-6951-b	5	58878427	63035353	2	1
TCGA-CV-6951-b	5	63036582	83726598	1	1
TCGA-CV-6951-b	5	83728409	84099867	2	1
TCGA-CV-6951-b	5	84100045	180790320	1	1
TCGA-CV-6951-b	6	149661	171051005	2	1
TCGA-CV-6951-b	7	43259	62385695	3	2
TCGA-CV-6951-b	7	62385820	120297489	3	1
TCGA-CV-6951-b	7	120298206	121577309	4	1
TCGA-CV-6951-b	7	121577899	159127004	3	1
TCGA-CV-6951-b	8	31254	43442247	2	1
TCGA-CV-6951-b	8	43446280	103584651	2	2
TCGA-CV-6951-b	8	103585093	104465678	3	2
TCGA-CV-6951-b	8	104469196	106620498	2	2
TCGA-CV-6951-b	8	106620679	144384671	3	2
TCGA-CV-6951-b	8	144384688	146298155	4	2
TCGA-CV-6951-b	9	46587	141091394	3	0
TCGA-CV-6951-b	10	72759	20170676	2	1
TCGA-CV-6951-b	10	20170754	20557095	1	1
TCGA-CV-6951-b	10	20561539	135506704	2	1
TCGA-CV-6951-b	11	198572	56242248	2	1
TCGA-CV-6951-b	11	56242261	61941816	2	2
TCGA-CV-6951-b	11	61942163	72897807	3	2
TCGA-CV-6951-b	11	72899169	77555167	2	2
TCGA-CV-6951-b	11	77555356	134944770	2	1
TCGA-CV-6951-b	12	150442	3864310	2	2
TCGA-CV-6951-b	12	3864404	4164961	3	2
TCGA-CV-6951-b	12	4165311	18888456	2	2
TCGA-CV-6951-b	12	18889149	19594571	3	2
TCGA-CV-6951-b	12	19596838	38508938	2	2
TCGA-CV-6951-b	12	38510683	117330910	2	1
TCGA-CV-6951-b	12	117335624	133392253	3	1
TCGA-CV-6951-b	12	133393323	133778189	1	1
TCGA-CV-6951-b	13	19026949	56686169	2	0
TCGA-CV-6951-b	13	56698310	115108397	3	0
TCGA-CV-6951-b	14	19002124	22404302	2	1
TCGA-CV-6951-b	14	22404635	22970050	3	2
TCGA-CV-6951-b	14	22970236	30999673	2	1
TCGA-CV-6951-b	14	30999797	32057498	2	2
TCGA-CV-6951-b	14	32057513	60575869	2	1
TCGA-CV-6951-b	14	60575947	62580347	3	2
TCGA-CV-6951-b	14	62582834	70586967	2	2
TCGA-CV-6951-b	14	70587589	97731654	2	1
TCGA-CV-6951-b	14	97734285	102081261	2	2
TCGA-CV-6951-b	14	102082997	107285437	4	2
TCGA-CV-6951-b	15	20016328	102469040	2	1
TCGA-CV-6951-b	16	60777	90287535	2	1
TCGA-CV-6951-b	17	526	81049726	2	2
TCGA-CV-6951-b	18	48133	78015057	2	2
TCGA-CV-6951-b	19	90910	59097854	2	1
TCGA-CV-6951-b	20	61305	26007281	2	1
TCGA-CV-6951-b	20	26018291	62956153	2	2
TCGA-CV-6951-b	21	10736871	29442308	2	1
TCGA-CV-6951-b	21	29442653	30691325	3	1
TCGA-CV-6951-b	21	30692215	35526730	2	1
TCGA-CV-6951-b	21	35527314	48096957	1	1
TCGA-CV-6951-b	22	16052528	51234455	2	1
TCGA-CV-6951-b	X	168477	5796142	1	0
TCGA-CV-6951-b	X	5796243	5899914	0	0
TCGA-CV-6951-b	X	5904933	58495944	1	0
TCGA-CV-6951-b	X	58496049	155233846	2	0
