sample	chr	startpos	endpos	nMajor	nMinor
TCGA-AJ-A23O	1	61735	30975928	1	0
TCGA-AJ-A23O	1	30976102	121482979	1	1
TCGA-AJ-A23O	1	144007049	184205173	3	1
TCGA-AJ-A23O	1	184205246	249224388	3	3
TCGA-AJ-A23O	2	12784	243089456	1	1
TCGA-AJ-A23O	3	60345	197896118	1	1
TCGA-AJ-A23O	4	12281	191027923	1	1
TCGA-AJ-A23O	5	15532	180790320	2	0
TCGA-AJ-A23O	6	149661	171051005	1	1
TCGA-AJ-A23O	7	43259	159127004	1	1
TCGA-AJ-A23O	8	31254	146298155	1	1
TCGA-AJ-A23O	9	46587	141091394	1	1
TCGA-AJ-A23O	10	72759	60538766	2	1
TCGA-AJ-A23O	10	60541641	135506704	3	0
TCGA-AJ-A23O	11	198572	134944770	1	1
TCGA-AJ-A23O	12	150442	133778189	1	1
TCGA-AJ-A23O	13	19026949	115108397	1	1
TCGA-AJ-A23O	14	19002124	107285437	1	1
TCGA-AJ-A23O	15	20016328	102469040	1	1
TCGA-AJ-A23O	16	60777	90287535	1	1
TCGA-AJ-A23O	17	526	81049726	1	1
TCGA-AJ-A23O	18	48133	78015057	1	1
TCGA-AJ-A23O	19	90910	59097854	1	1
TCGA-AJ-A23O	20	61305	62956153	1	1
TCGA-AJ-A23O	21	10736871	48096957	1	1
TCGA-AJ-A23O	22	16052528	51234455	1	1
TCGA-AJ-A23O	X	168477	155233846	1	1
