sample	chr	startpos	endpos	nMajor	nMinor
TCGA-AB-2981	1	61735	238664770	1	1
TCGA-AB-2981	1	238664874	238930341	2	0
TCGA-AB-2981	1	238930859	249224388	1	1
TCGA-AB-2981	2	12784	243089456	1	1
TCGA-AB-2981	3	60345	155166496	1	1
TCGA-AB-2981	3	155167027	156037384	2	0
TCGA-AB-2981	3	156037483	197896118	1	1
TCGA-AB-2981	4	12281	191027923	1	1
TCGA-AB-2981	5	15532	180790320	1	1
TCGA-AB-2981	6	149661	57263688	1	1
TCGA-AB-2981	6	57265248	63845899	2	0
TCGA-AB-2981	6	63849774	171051005	1	1
TCGA-AB-2981	7	43259	159127004	1	1
TCGA-AB-2981	8	31254	112713370	1	1
TCGA-AB-2981	8	112713704	114393054	2	0
TCGA-AB-2981	8	114397765	146298155	1	1
TCGA-AB-2981	9	46587	30061024	1	1
TCGA-AB-2981	9	30062388	31264335	2	0
TCGA-AB-2981	9	31265278	141091394	1	1
TCGA-AB-2981	10	72759	58296254	1	1
TCGA-AB-2981	10	58299180	59056099	2	0
TCGA-AB-2981	10	59059805	135506704	1	1
TCGA-AB-2981	11	198572	134944770	1	1
TCGA-AB-2981	12	150442	133778189	1	1
TCGA-AB-2981	13	19026949	115108397	1	1
TCGA-AB-2981	14	19002124	107285437	1	1
TCGA-AB-2981	15	20016328	22752010	2	0
TCGA-AB-2981	15	22752520	102469040	1	1
TCGA-AB-2981	16	60777	90287535	1	1
TCGA-AB-2981	17	526	81049726	1	1
TCGA-AB-2981	18	48133	78015057	1	1
TCGA-AB-2981	19	90910	59097854	1	1
TCGA-AB-2981	20	61305	62956153	1	1
TCGA-AB-2981	21	10736871	48096957	1	1
TCGA-AB-2981	22	16052528	51234455	1	1
TCGA-AB-2981	X	168477	24601939	1	1
TCGA-AB-2981	X	24604058	25709046	2	0
TCGA-AB-2981	X	25709717	155233846	1	1
