sample	chr	startpos	endpos	nMajor	nMinor
TCGA-D8-A142	1	61735	121482979	1	0
TCGA-D8-A142	1	144007049	166683461	4	1
TCGA-D8-A142	1	166684291	249224388	3	1
TCGA-D8-A142	2	12784	37883765	2	1
TCGA-D8-A142	2	37884461	44443615	1	0
TCGA-D8-A142	2	44444112	46895324	2	1
TCGA-D8-A142	2	46898352	47109904	1	0
TCGA-D8-A142	2	47111175	53676399	2	1
TCGA-D8-A142	2	53683555	60307106	6	1
TCGA-D8-A142	2	60309332	82366969	4	1
TCGA-D8-A142	2	82368255	91952796	3	1
TCGA-D8-A142	2	91964690	101699550	4	1
TCGA-D8-A142	2	101704613	132595609	4	0
TCGA-D8-A142	2	132596741	142226832	6	0
TCGA-D8-A142	2	142227759	217670690	2	0
TCGA-D8-A142	2	217672824	243089456	1	0
TCGA-D8-A142	3	60345	197896118	2	0
TCGA-D8-A142	4	12281	53995801	1	0
TCGA-D8-A142	4	54006606	60583628	2	2
TCGA-D8-A142	4	60591003	62576502	2	1
TCGA-D8-A142	4	62578495	140910848	2	0
TCGA-D8-A142	4	140911267	158590600	1	0
TCGA-D8-A142	4	158591563	191027923	2	0
TCGA-D8-A142	5	15532	24857858	2	1
TCGA-D8-A142	5	24859257	49432831	2	2
TCGA-D8-A142	5	49441958	180790320	1	0
TCGA-D8-A142	6	149661	33637576	3	0
TCGA-D8-A142	6	33642593	38964249	6	3
TCGA-D8-A142	6	38964657	43861786	9	4
TCGA-D8-A142	6	43864087	47381059	12	4
TCGA-D8-A142	6	47381580	57299309	10	4
TCGA-D8-A142	6	57308995	57328748	4	1
TCGA-D8-A142	6	57329886	58399728	3	3
TCGA-D8-A142	6	58401587	58759028	6	6
TCGA-D8-A142	6	58774716	84121294	2	1
TCGA-D8-A142	6	84121512	171051005	1	1
TCGA-D8-A142	7	43259	19280793	2	1
TCGA-D8-A142	7	19282268	50661799	1	1
TCGA-D8-A142	7	50661972	57914523	1	0
TCGA-D8-A142	7	57919732	72378349	2	1
TCGA-D8-A142	7	72382116	101223477	2	2
TCGA-D8-A142	7	101226230	128877305	2	1
TCGA-D8-A142	7	128877305	134850725	2	2
TCGA-D8-A142	7	134851706	159127004	2	0
TCGA-D8-A142	8	31254	934262	0	0
TCGA-D8-A142	8	939102	41720000	1	0
TCGA-D8-A142	8	41721028	50287193	2	1
TCGA-D8-A142	8	50289268	51708094	4	2
TCGA-D8-A142	8	51708663	55934350	3	1
TCGA-D8-A142	8	55934395	58428403	4	1
TCGA-D8-A142	8	58431115	60831255	7	6
TCGA-D8-A142	8	60831756	61151574	13	13
TCGA-D8-A142	8	61151815	61287115	24	0
TCGA-D8-A142	8	61290103	63874594	6	6
TCGA-D8-A142	8	63876133	92588885	4	1
TCGA-D8-A142	8	92589846	93346831	4	3
TCGA-D8-A142	8	93346998	112538961	4	1
TCGA-D8-A142	8	112539456	120203158	7	1
TCGA-D8-A142	8	120203353	130235257	5	1
TCGA-D8-A142	8	130235768	146298155	3	1
TCGA-D8-A142	9	46587	47217176	2	0
TCGA-D8-A142	9	65616971	108474538	1	0
TCGA-D8-A142	9	108480292	141091394	1	1
TCGA-D8-A142	10	72759	10226346	4	3
TCGA-D8-A142	10	10227656	12338712	4	4
TCGA-D8-A142	10	12342100	42819950	4	3
TCGA-D8-A142	10	42820285	47633378	4	0
TCGA-D8-A142	10	47633512	49402084	2	0
TCGA-D8-A142	10	49403556	51496782	1	0
TCGA-D8-A142	10	51496796	51739666	3	0
TCGA-D8-A142	10	51744560	82573190	1	0
TCGA-D8-A142	10	82575778	85701279	1	1
TCGA-D8-A142	10	85705161	93960695	1	0
TCGA-D8-A142	10	93961517	99031197	1	1
TCGA-D8-A142	10	99031685	123087305	1	0
TCGA-D8-A142	10	123088154	123732431	69	10
TCGA-D8-A142	10	123740377	135506704	1	0
TCGA-D8-A142	11	198572	31718826	1	0
TCGA-D8-A142	11	31722484	36027643	5	1
TCGA-D8-A142	11	36028758	36461239	1	0
TCGA-D8-A142	11	36462169	41711296	1	1
TCGA-D8-A142	11	41711745	134944770	2	1
TCGA-D8-A142	12	150442	119506090	1	0
TCGA-D8-A142	12	119506424	133778189	2	0
TCGA-D8-A142	13	19026949	27287962	2	0
TCGA-D8-A142	13	27289832	27961940	8	0
TCGA-D8-A142	13	27963891	30199029	5	0
TCGA-D8-A142	13	30199656	59334734	2	0
TCGA-D8-A142	13	59338293	61620962	6	0
TCGA-D8-A142	13	61629576	115108397	2	0
TCGA-D8-A142	14	19002124	27271324	2	0
TCGA-D8-A142	14	27271382	28920268	4	0
TCGA-D8-A142	14	28922692	107285437	1	0
TCGA-D8-A142	15	20016328	102469040	1	0
TCGA-D8-A142	16	60777	1137526	1	1
TCGA-D8-A142	16	1161810	2899129	3	2
TCGA-D8-A142	16	2900436	51481399	2	1
TCGA-D8-A142	16	51486539	52748247	3	1
TCGA-D8-A142	16	52748342	70823633	1	1
TCGA-D8-A142	16	70824983	71201073	2	1
TCGA-D8-A142	16	71202489	71299234	1	0
TCGA-D8-A142	16	71300780	76358142	3	1
TCGA-D8-A142	16	76361119	78648998	6	1
TCGA-D8-A142	16	78650995	90287535	1	0
TCGA-D8-A142	17	526	47897056	2	0
TCGA-D8-A142	17	47901061	81049726	2	1
TCGA-D8-A142	18	48133	7538370	1	0
TCGA-D8-A142	18	7538885	12830742	2	1
TCGA-D8-A142	18	12831324	19633744	1	0
TCGA-D8-A142	18	19637703	20386225	1	1
TCGA-D8-A142	18	20386440	27061843	1	0
TCGA-D8-A142	18	27062328	28900718	1	1
TCGA-D8-A142	18	28907607	46200911	1	0
TCGA-D8-A142	18	46200968	47128325	1	1
TCGA-D8-A142	18	47128800	48083505	1	0
TCGA-D8-A142	18	48083521	49152206	1	1
TCGA-D8-A142	18	49152708	50469542	1	0
TCGA-D8-A142	18	50469733	50848497	2	1
TCGA-D8-A142	18	50854071	58452186	1	0
TCGA-D8-A142	18	58454721	58883948	0	0
TCGA-D8-A142	18	58883979	62279611	1	0
TCGA-D8-A142	18	62280807	64879152	2	1
TCGA-D8-A142	18	64880055	71004598	1	0
TCGA-D8-A142	18	71007519	73885535	1	1
TCGA-D8-A142	18	73886876	75164869	1	0
TCGA-D8-A142	18	75164919	76338773	2	0
TCGA-D8-A142	18	76347478	78015057	1	0
TCGA-D8-A142	19	90910	24507154	2	0
TCGA-D8-A142	19	24507167	59097854	1	1
TCGA-D8-A142	20	61305	7386690	1	1
TCGA-D8-A142	20	7386959	62956153	2	1
TCGA-D8-A142	21	10736871	18951922	2	1
TCGA-D8-A142	21	18953410	48096957	1	1
TCGA-D8-A142	22	16052528	30885690	2	0
TCGA-D8-A142	22	30885980	31748415	2	1
TCGA-D8-A142	22	31753849	34216154	2	0
TCGA-D8-A142	22	34216621	36512240	3	1
TCGA-D8-A142	22	36512983	40815872	2	0
TCGA-D8-A142	22	40824603	42003026	2	2
TCGA-D8-A142	22	42004569	51234455	2	0
TCGA-D8-A142	X	168477	11474788	1	1
TCGA-D8-A142	X	11476212	28791794	1	0
TCGA-D8-A142	X	28791869	34578267	1	1
TCGA-D8-A142	X	34583116	38182251	1	0
TCGA-D8-A142	X	38182792	44408030	1	1
TCGA-D8-A142	X	44408132	53911272	1	0
TCGA-D8-A142	X	53913131	53950265	2	0
TCGA-D8-A142	X	53953699	54799004	10	2
TCGA-D8-A142	X	54801572	155233846	1	1
