sample	chr	startpos	endpos	nMajor	nMinor
TCGA-HS-A5N7	1	61735	121482979	1	1
TCGA-HS-A5N7	1	144007049	154389822	2	1
TCGA-HS-A5N7	1	154397245	182915803	2	0
TCGA-HS-A5N7	1	182915989	183885714	1	0
TCGA-HS-A5N7	1	183888039	185894428	2	0
TCGA-HS-A5N7	1	185896484	191851939	1	0
TCGA-HS-A5N7	1	191852557	191981844	2	0
TCGA-HS-A5N7	1	191984385	249224388	1	0
TCGA-HS-A5N7	2	12784	83897557	1	0
TCGA-HS-A5N7	2	83905563	243089456	1	1
TCGA-HS-A5N7	3	60345	197896118	1	1
TCGA-HS-A5N7	4	12281	191027923	1	1
TCGA-HS-A5N7	5	15532	136396600	1	1
TCGA-HS-A5N7	5	136399748	136591170	1	0
TCGA-HS-A5N7	5	136592222	141595139	1	1
TCGA-HS-A5N7	5	141598116	143065546	2	1
TCGA-HS-A5N7	5	143067419	180790320	1	1
TCGA-HS-A5N7	6	149661	253861	0	0
TCGA-HS-A5N7	6	254267	26289435	1	0
TCGA-HS-A5N7	6	26290377	171051005	1	1
TCGA-HS-A5N7	7	43259	37306060	1	0
TCGA-HS-A5N7	7	37307663	40576472	1	1
TCGA-HS-A5N7	7	40576914	62386103	1	0
TCGA-HS-A5N7	7	62393418	159127004	1	1
TCGA-HS-A5N7	8	31254	146298155	1	1
TCGA-HS-A5N7	9	46587	134856321	1	1
TCGA-HS-A5N7	9	134858097	141091394	1	0
TCGA-HS-A5N7	10	72759	89306682	1	0
TCGA-HS-A5N7	10	89308022	89735908	0	0
TCGA-HS-A5N7	10	89737101	135506704	1	0
TCGA-HS-A5N7	11	198572	48019736	1	0
TCGA-HS-A5N7	11	48020507	48702689	1	1
TCGA-HS-A5N7	11	48705843	50637257	1	0
TCGA-HS-A5N7	11	50643915	134944770	1	1
TCGA-HS-A5N7	12	150442	133778189	1	0
TCGA-HS-A5N7	13	19026949	98896087	1	0
TCGA-HS-A5N7	13	98901178	100425097	1	1
TCGA-HS-A5N7	13	100425552	115108397	1	0
TCGA-HS-A5N7	14	19002124	107285437	1	1
TCGA-HS-A5N7	15	20016328	102469040	1	1
TCGA-HS-A5N7	16	60777	34011283	1	1
TCGA-HS-A5N7	16	34012168	49241889	1	0
TCGA-HS-A5N7	16	49249894	49360429	2	1
TCGA-HS-A5N7	16	49361269	49844664	1	0
TCGA-HS-A5N7	16	49847068	57312268	2	1
TCGA-HS-A5N7	16	57312687	70869650	1	0
TCGA-HS-A5N7	16	70870256	71049239	2	0
TCGA-HS-A5N7	16	71049391	90287535	1	0
TCGA-HS-A5N7	17	526	1323916	1	0
TCGA-HS-A5N7	17	1324417	5505364	1	1
TCGA-HS-A5N7	17	5510462	5776725	1	0
TCGA-HS-A5N7	17	5777023	9272167	1	1
TCGA-HS-A5N7	17	9272820	9572622	1	0
TCGA-HS-A5N7	17	9572818	10044423	1	1
TCGA-HS-A5N7	17	10047072	10357184	1	0
TCGA-HS-A5N7	17	10357281	12235284	1	1
TCGA-HS-A5N7	17	12239004	17308009	2	1
TCGA-HS-A5N7	17	17308205	20853295	3	1
TCGA-HS-A5N7	17	20854279	22166511	2	1
TCGA-HS-A5N7	17	22167592	80464561	1	1
TCGA-HS-A5N7	17	80464614	80569483	0	0
TCGA-HS-A5N7	17	80571060	81049726	1	0
TCGA-HS-A5N7	18	48133	3166172	1	1
TCGA-HS-A5N7	18	3166192	3439327	2	1
TCGA-HS-A5N7	18	3443505	6713490	1	1
TCGA-HS-A5N7	18	6714952	18610067	1	0
TCGA-HS-A5N7	18	18611243	20650148	1	1
TCGA-HS-A5N7	18	20652523	77969193	1	0
TCGA-HS-A5N7	18	77969285	78015057	0	0
TCGA-HS-A5N7	19	90910	5105408	1	0
TCGA-HS-A5N7	19	5112261	48140857	1	1
TCGA-HS-A5N7	19	48149248	48234356	1	0
TCGA-HS-A5N7	19	48241470	57919424	1	1
TCGA-HS-A5N7	19	57919944	59097854	1	0
TCGA-HS-A5N7	20	61305	62956153	1	1
TCGA-HS-A5N7	21	10736871	48096957	1	1
TCGA-HS-A5N7	22	16052528	51234455	1	1
TCGA-HS-A5N7	X	168477	21009919	2	1
TCGA-HS-A5N7	X	21009994	36913425	3	1
TCGA-HS-A5N7	X	36915427	58561930	2	1
TCGA-HS-A5N7	X	61728829	155233846	1	1
