sample	chr	startpos	endpos	nMajor	nMinor
TCGA-CJ-6032	1	61735	162140268	1	1
TCGA-CJ-6032	1	162140336	200464844	2	0
TCGA-CJ-6032	1	200469505	249224388	2	1
TCGA-CJ-6032	2	12784	243089456	2	1
TCGA-CJ-6032	3	60345	90279797	1	0
TCGA-CJ-6032	3	90283074	197896118	1	1
TCGA-CJ-6032	4	12281	191027923	1	1
TCGA-CJ-6032	5	15532	180790320	1	1
TCGA-CJ-6032	6	149661	72391881	1	1
TCGA-CJ-6032	6	72392260	171051005	1	0
TCGA-CJ-6032	7	43259	159127004	1	1
TCGA-CJ-6032	8	31254	146298155	1	1
TCGA-CJ-6032	9	46587	141091394	1	1
TCGA-CJ-6032	10	72759	12862336	1	0
TCGA-CJ-6032	10	12864310	47677101	1	1
TCGA-CJ-6032	10	47677187	135506704	1	0
TCGA-CJ-6032	11	198572	134944770	1	1
TCGA-CJ-6032	12	150442	133778189	1	1
TCGA-CJ-6032	13	19026949	115108397	1	1
TCGA-CJ-6032	14	19002124	107285437	1	1
TCGA-CJ-6032	15	20016328	102469040	1	1
TCGA-CJ-6032	16	60777	90287535	1	1
TCGA-CJ-6032	17	526	81049726	1	1
TCGA-CJ-6032	18	48133	15143803	1	1
TCGA-CJ-6032	18	15149068	78015057	1	0
TCGA-CJ-6032	19	90910	59097854	1	1
TCGA-CJ-6032	20	61305	62956153	1	1
TCGA-CJ-6032	21	10736871	48096957	1	1
TCGA-CJ-6032	22	16052528	51234455	1	1
TCGA-CJ-6032	X	168477	155233846	1	1
