sample	chr	startpos	endpos	nMajor	nMinor
TCGA-DU-7299	1	61735	102388330	2	2
TCGA-DU-7299	1	102388602	108515547	3	2
TCGA-DU-7299	1	108518870	249224388	2	2
TCGA-DU-7299	2	12784	49258738	2	2
TCGA-DU-7299	2	49258829	53379605	3	2
TCGA-DU-7299	2	53380459	115631225	2	2
TCGA-DU-7299	2	115631638	118326469	3	2
TCGA-DU-7299	2	118327335	243089456	2	2
TCGA-DU-7299	3	60345	197896118	2	2
TCGA-DU-7299	4	12281	59021672	2	2
TCGA-DU-7299	4	59022030	191027923	2	0
TCGA-DU-7299	5	15532	180790320	2	2
TCGA-DU-7299	6	149661	171051005	2	2
TCGA-DU-7299	7	43259	159127004	2	2
TCGA-DU-7299	8	31254	69570737	2	2
TCGA-DU-7299	8	69573937	73431801	2	0
TCGA-DU-7299	8	73431917	73760359	2	2
TCGA-DU-7299	8	73767978	74969115	2	0
TCGA-DU-7299	8	74969786	146298155	2	2
TCGA-DU-7299	9	46587	141091394	2	2
TCGA-DU-7299	10	72759	35955392	5	2
TCGA-DU-7299	10	35957731	135506704	2	2
TCGA-DU-7299	11	198572	134944770	2	2
TCGA-DU-7299	12	150442	1422469	2	2
TCGA-DU-7299	12	1425469	2673216	6	2
TCGA-DU-7299	12	2673222	3037758	8	2
TCGA-DU-7299	12	3044694	3500838	2	2
TCGA-DU-7299	12	3508719	5332680	9	2
TCGA-DU-7299	12	5333561	5521537	2	2
TCGA-DU-7299	12	5521560	5942680	5	2
TCGA-DU-7299	12	5949370	7401371	8	2
TCGA-DU-7299	12	7412351	8935937	4	2
TCGA-DU-7299	12	8937720	15991726	2	2
TCGA-DU-7299	12	15999843	16187938	6	2
TCGA-DU-7299	12	16188011	16939329	2	2
TCGA-DU-7299	12	16939669	21599648	6	2
TCGA-DU-7299	12	21600044	27242210	9	2
TCGA-DU-7299	12	27242492	30037496	8	2
TCGA-DU-7299	12	30038862	30337487	13	2
TCGA-DU-7299	12	30341934	31049103	10	2
TCGA-DU-7299	12	31049356	34305974	7	2
TCGA-DU-7299	12	34306859	34578298	4	3
TCGA-DU-7299	12	34599327	133778189	2	2
TCGA-DU-7299	13	19026949	45487715	2	2
TCGA-DU-7299	13	45487894	46231097	2	1
TCGA-DU-7299	13	46231410	47286523	2	2
TCGA-DU-7299	13	47286826	78894471	2	1
TCGA-DU-7299	13	78894584	115108397	2	2
TCGA-DU-7299	14	19002124	107285437	2	2
TCGA-DU-7299	15	20016328	35474680	2	2
TCGA-DU-7299	15	35474872	39921167	2	0
TCGA-DU-7299	15	39927064	54036218	2	2
TCGA-DU-7299	15	54036646	58863464	2	1
TCGA-DU-7299	15	58863526	74102695	2	2
TCGA-DU-7299	15	74103164	84117467	1	0
TCGA-DU-7299	15	84126482	102469040	2	2
TCGA-DU-7299	16	60777	59378176	2	2
TCGA-DU-7299	16	59381285	65206962	3	2
TCGA-DU-7299	16	65207396	90287535	2	2
TCGA-DU-7299	17	526	21828070	4	0
TCGA-DU-7299	17	21829011	81049726	2	2
TCGA-DU-7299	18	48133	78015057	2	2
TCGA-DU-7299	19	90910	59097854	2	2
TCGA-DU-7299	20	61305	62956153	2	2
TCGA-DU-7299	21	10736871	48096957	2	2
TCGA-DU-7299	22	16052528	51234455	2	2
TCGA-DU-7299	X	168477	1455800	4	2
TCGA-DU-7299	X	1519874	2313548	2	1
TCGA-DU-7299	X	2318320	2703391	6	2
TCGA-DU-7299	X	2703633	2894912	6	0
TCGA-DU-7299	X	2894965	2971770	2	0
TCGA-DU-7299	X	2975731	3293882	6	0
TCGA-DU-7299	X	3294513	3661390	4	0
TCGA-DU-7299	X	3661917	7110056	2	0
TCGA-DU-7299	X	7114581	8786719	7	0
TCGA-DU-7299	X	8789230	10112202	2	0
TCGA-DU-7299	X	10112338	11352123	4	0
TCGA-DU-7299	X	11352382	11382568	3	0
TCGA-DU-7299	X	11387175	11680581	2	0
TCGA-DU-7299	X	11681079	11689423	3	0
TCGA-DU-7299	X	11691178	18100807	4	0
TCGA-DU-7299	X	18105267	23427283	2	0
TCGA-DU-7299	X	23427662	24134229	4	0
TCGA-DU-7299	X	24134570	155233846	2	0
