sample	chr	startpos	endpos	nMajor	nMinor
TCGA-24-1555	1	61735	175362736	2	2
TCGA-24-1555	1	175363227	175759195	3	1
TCGA-24-1555	1	175759292	249224388	2	2
TCGA-24-1555	2	12784	120286048	2	2
TCGA-24-1555	2	120289924	141067667	2	0
TCGA-24-1555	2	141068850	141687924	0	0
TCGA-24-1555	2	141690671	156850369	2	0
TCGA-24-1555	2	156856257	160048269	4	2
TCGA-24-1555	2	160048297	160094760	2	0
TCGA-24-1555	2	160095086	177863176	4	2
TCGA-24-1555	2	177863357	228636158	2	2
TCGA-24-1555	2	228640442	228822326	4	2
TCGA-24-1555	2	228822395	241555991	2	2
TCGA-24-1555	2	241561774	243089456	2	0
TCGA-24-1555	3	60345	8889076	3	2
TCGA-24-1555	3	8889189	9194282	2	1
TCGA-24-1555	3	9194488	23557023	3	2
TCGA-24-1555	3	23559210	55689383	4	2
TCGA-24-1555	3	55694061	116222532	2	2
TCGA-24-1555	3	116222550	116248574	1	1
TCGA-24-1555	3	116248749	116627614	2	2
TCGA-24-1555	3	116627850	116762093	2	1
TCGA-24-1555	3	116762226	116930316	2	0
TCGA-24-1555	3	116933187	155167027	2	2
TCGA-24-1555	3	155173657	157480726	4	2
TCGA-24-1555	3	157485235	157536183	2	0
TCGA-24-1555	3	157540838	174059237	4	2
TCGA-24-1555	3	174059817	174175645	2	2
TCGA-24-1555	3	174177349	197896118	4	2
TCGA-24-1555	4	12281	19339300	2	0
TCGA-24-1555	4	19342908	20582119	2	2
TCGA-24-1555	4	20586728	21669436	2	0
TCGA-24-1555	4	21671519	53749423	2	2
TCGA-24-1555	4	53751932	82677693	3	2
TCGA-24-1555	4	82680037	83699997	2	1
TCGA-24-1555	4	83700755	84002833	4	1
TCGA-24-1555	4	84010583	84552743	2	1
TCGA-24-1555	4	84552796	191027923	1	1
TCGA-24-1555	5	15532	40323938	5	4
TCGA-24-1555	5	40324658	41384048	4	2
TCGA-24-1555	5	41386937	180790320	2	2
TCGA-24-1555	6	149661	38236302	4	2
TCGA-24-1555	6	38247391	113487543	2	2
TCGA-24-1555	6	113490560	157422576	2	0
TCGA-24-1555	6	157431678	171051005	2	2
TCGA-24-1555	7	43259	159127004	2	2
TCGA-24-1555	8	31254	20127100	2	0
TCGA-24-1555	8	20127595	52887541	2	2
TCGA-24-1555	8	52887864	84035883	4	2
TCGA-24-1555	8	84042619	102457921	4	1
TCGA-24-1555	8	102458149	146298155	4	2
TCGA-24-1555	9	46587	36785220	2	2
TCGA-24-1555	9	36786168	38278842	2	0
TCGA-24-1555	9	38280691	73248523	2	2
TCGA-24-1555	9	73254129	85092719	4	2
TCGA-24-1555	9	85094162	100381034	2	0
TCGA-24-1555	9	100386186	141091394	2	2
TCGA-24-1555	10	72759	1417627	3	2
TCGA-24-1555	10	1419039	55873381	2	2
TCGA-24-1555	10	55873618	55906392	1	1
TCGA-24-1555	10	55908282	135506704	2	2
TCGA-24-1555	11	198572	134944770	2	2
TCGA-24-1555	12	150442	133778189	2	2
TCGA-24-1555	13	19026949	115108397	2	0
TCGA-24-1555	14	19002124	20423372	2	1
TCGA-24-1555	14	20424926	56903974	4	2
TCGA-24-1555	14	56908391	56968801	1	1
TCGA-24-1555	14	56969118	67482629	2	2
TCGA-24-1555	14	67483521	107285437	4	2
TCGA-24-1555	15	20016328	102469040	2	2
TCGA-24-1555	16	60777	35283226	2	2
TCGA-24-1555	16	46463782	90287535	2	1
TCGA-24-1555	17	526	77349720	2	0
TCGA-24-1555	17	77349809	81049726	4	0
TCGA-24-1555	18	48133	63869485	2	2
TCGA-24-1555	18	63872509	78015057	2	0
TCGA-24-1555	19	90910	10988086	2	0
TCGA-24-1555	19	10993131	22089575	4	2
TCGA-24-1555	19	22089650	47340236	2	2
TCGA-24-1555	19	47340642	47717615	1	1
TCGA-24-1555	19	47719049	51453652	2	2
TCGA-24-1555	19	51454392	59097854	2	0
TCGA-24-1555	20	61305	2397656	4	0
TCGA-24-1555	20	2398430	5338977	4	2
TCGA-24-1555	20	5353419	62956153	2	2
TCGA-24-1555	21	10736871	46687522	2	2
TCGA-24-1555	21	46689753	48096957	2	0
TCGA-24-1555	22	16052528	24014229	2	2
TCGA-24-1555	22	24014361	51234455	2	0
TCGA-24-1555	X	168477	8252375	3	0
TCGA-24-1555	X	8252779	8403172	2	0
TCGA-24-1555	X	8404489	16951722	3	0
TCGA-24-1555	X	16960597	86929178	2	0
TCGA-24-1555	X	86929251	155233846	2	2
