sample	chr	startpos	endpos	nMajor	nMinor
TCGA-VS-A950	1	61735	156083286	3	0
TCGA-VS-A950	1	156083468	186554554	3	3
TCGA-VS-A950	1	186555040	249224388	3	1
TCGA-VS-A950	2	12784	130586541	3	1
TCGA-VS-A950	2	130587805	141572109	4	0
TCGA-VS-A950	2	141572694	141872505	0	0
TCGA-VS-A950	2	141873954	243089456	4	0
TCGA-VS-A950	3	60345	90502862	3	0
TCGA-VS-A950	3	93519478	143394788	4	3
TCGA-VS-A950	3	143395634	197896118	7	3
TCGA-VS-A950	4	12281	52770417	3	0
TCGA-VS-A950	4	52770545	56643789	3	3
TCGA-VS-A950	4	56646851	191027923	3	0
TCGA-VS-A950	5	15532	44858260	4	2
TCGA-VS-A950	5	44858435	180790320	4	0
TCGA-VS-A950	6	149661	88793926	2	2
TCGA-VS-A950	6	88794201	171051005	2	1
TCGA-VS-A950	7	43259	159127004	2	2
TCGA-VS-A950	8	31254	146298155	3	2
TCGA-VS-A950	9	46587	38703939	3	3
TCGA-VS-A950	9	38704680	47217176	3	2
TCGA-VS-A950	9	65616971	141091394	3	0
TCGA-VS-A950	10	72759	135506704	2	1
TCGA-VS-A950	11	198572	51393403	2	0
TCGA-VS-A950	11	51396007	83920172	2	1
TCGA-VS-A950	11	83920415	134944770	2	0
TCGA-VS-A950	12	150442	133778189	2	1
TCGA-VS-A950	13	19026949	55246261	2	0
TCGA-VS-A950	13	55246288	73442913	2	2
TCGA-VS-A950	13	73444464	74126852	4	2
TCGA-VS-A950	13	74127290	115108397	2	2
TCGA-VS-A950	14	19002124	107285437	2	2
TCGA-VS-A950	15	20016328	23226468	3	1
TCGA-VS-A950	15	23237176	29675684	2	1
TCGA-VS-A950	15	29676527	68123915	2	2
TCGA-VS-A950	15	68124151	80388452	4	2
TCGA-VS-A950	15	80389807	95523940	5	4
TCGA-VS-A950	15	95524174	98672846	4	4
TCGA-VS-A950	15	98672907	102469040	5	5
TCGA-VS-A950	16	60777	35283226	2	2
TCGA-VS-A950	16	46463782	90287535	4	2
TCGA-VS-A950	17	526	81049726	2	1
TCGA-VS-A950	18	48133	78015057	2	1
TCGA-VS-A950	19	90910	7885876	2	0
TCGA-VS-A950	19	7891692	59097854	2	2
TCGA-VS-A950	20	61305	62956153	4	2
TCGA-VS-A950	21	10736871	48096957	2	1
TCGA-VS-A950	22	16052528	51234455	2	2
TCGA-VS-A950	X	168477	58424824	2	2
TCGA-VS-A950	X	58427232	155233846	4	2
