sample	chr	startpos	endpos	nMajor	nMinor
TCGA-A8-A086	1	61735	204132638	1	1
TCGA-A8-A086	1	204133174	204712803	2	1
TCGA-A8-A086	1	204712905	249224388	1	1
TCGA-A8-A086	2	12784	243089456	1	1
TCGA-A8-A086	3	60345	197896118	1	1
TCGA-A8-A086	4	12281	191027923	1	1
TCGA-A8-A086	5	15532	55488039	2	1
TCGA-A8-A086	5	55488416	68846303	2	0
TCGA-A8-A086	5	68867294	180790320	2	1
TCGA-A8-A086	6	149661	171051005	1	1
TCGA-A8-A086	7	43259	159127004	1	1
TCGA-A8-A086	8	31254	37297865	1	0
TCGA-A8-A086	8	37306190	39618716	17	1
TCGA-A8-A086	8	39619160	40227890	10	1
TCGA-A8-A086	8	40229541	41665810	15	1
TCGA-A8-A086	8	41666355	43786802	10	1
TCGA-A8-A086	8	43824048	48036929	2	1
TCGA-A8-A086	8	48039706	136486824	8	1
TCGA-A8-A086	8	136486952	140075989	9	1
TCGA-A8-A086	8	140076068	146298155	8	1
TCGA-A8-A086	9	46587	141091394	1	1
TCGA-A8-A086	10	72759	135506704	1	1
TCGA-A8-A086	11	198572	3872463	1	0
TCGA-A8-A086	11	3875411	13659933	3	1
TCGA-A8-A086	11	13662448	32774735	2	1
TCGA-A8-A086	11	32779203	37348600	1	1
TCGA-A8-A086	11	37348950	40511482	2	1
TCGA-A8-A086	11	40511646	55047415	1	1
TCGA-A8-A086	11	55047467	55509368	1	0
TCGA-A8-A086	11	55520756	63564423	1	1
TCGA-A8-A086	11	63564892	65009190	1	0
TCGA-A8-A086	11	65010957	66333072	1	1
TCGA-A8-A086	11	66333199	67965460	4	1
TCGA-A8-A086	11	67967271	71067625	6	1
TCGA-A8-A086	11	71068320	72327567	4	1
TCGA-A8-A086	11	72330211	74881974	6	1
TCGA-A8-A086	11	74883577	79521751	7	1
TCGA-A8-A086	11	79522631	82530121	8	1
TCGA-A8-A086	11	82535943	83336312	6	1
TCGA-A8-A086	11	83339388	91047120	5	1
TCGA-A8-A086	11	91047133	93226522	2	1
TCGA-A8-A086	11	93226784	99107442	4	1
TCGA-A8-A086	11	99112454	100123748	2	1
TCGA-A8-A086	11	100125092	102099151	3	1
TCGA-A8-A086	11	102103098	134944770	1	0
TCGA-A8-A086	12	150442	133778189	1	1
TCGA-A8-A086	13	19026949	115108397	1	0
TCGA-A8-A086	14	19002124	107285437	1	1
TCGA-A8-A086	15	20016328	102469040	1	1
TCGA-A8-A086	16	60777	5776655	3	1
TCGA-A8-A086	16	5778322	35283226	4	1
TCGA-A8-A086	16	46463782	47730611	1	0
TCGA-A8-A086	16	47733141	48046060	12	3
TCGA-A8-A086	16	48047841	49422927	1	0
TCGA-A8-A086	16	49425234	49830641	12	1
TCGA-A8-A086	16	49831588	50058329	7	1
TCGA-A8-A086	16	50062313	90287535	1	0
TCGA-A8-A086	17	526	18935523	1	0
TCGA-A8-A086	17	18950867	20384880	2	1
TCGA-A8-A086	17	20384920	21519100	3	1
TCGA-A8-A086	17	21524172	81049726	2	1
TCGA-A8-A086	18	48133	78015057	2	1
TCGA-A8-A086	19	90910	59097854	1	1
TCGA-A8-A086	20	61305	62956153	2	1
TCGA-A8-A086	21	10736871	48096957	1	1
TCGA-A8-A086	22	16052528	51234455	1	1
TCGA-A8-A086	X	168477	155233846	1	1
