sample	chr	startpos	endpos	nMajor	nMinor
TCGA-DU-6400	1	61735	121482979	3	0
TCGA-DU-6400	1	144007049	249224388	3	3
TCGA-DU-6400	2	12784	243089456	3	3
TCGA-DU-6400	3	60345	197896118	3	3
TCGA-DU-6400	4	12281	191027923	3	2
TCGA-DU-6400	5	15532	180790320	3	3
TCGA-DU-6400	6	149661	171051005	3	2
TCGA-DU-6400	7	43259	159127004	3	3
TCGA-DU-6400	8	31254	146298155	3	3
TCGA-DU-6400	9	46587	141091394	3	3
TCGA-DU-6400	10	72759	46975060	3	3
TCGA-DU-6400	10	46977295	48426891	4	2
TCGA-DU-6400	10	48427246	135506704	3	3
TCGA-DU-6400	11	198572	134944770	3	3
TCGA-DU-6400	12	150442	133778189	3	3
TCGA-DU-6400	13	19026949	115108397	3	0
TCGA-DU-6400	14	19002124	107285437	3	3
TCGA-DU-6400	15	20016328	102469040	2	2
TCGA-DU-6400	16	60777	31485495	3	3
TCGA-DU-6400	16	31490974	35283226	4	1
TCGA-DU-6400	16	46463782	90287535	3	3
TCGA-DU-6400	17	526	81049726	3	2
TCGA-DU-6400	18	48133	78015057	3	2
TCGA-DU-6400	19	90910	27772025	3	3
TCGA-DU-6400	19	27777386	59097854	3	0
TCGA-DU-6400	20	61305	62956153	3	3
TCGA-DU-6400	21	10736871	48096957	3	3
TCGA-DU-6400	22	16052528	51234455	3	3
TCGA-DU-6400	X	168477	155233846	3	3
