sample	chr	startpos	endpos	nMajor	nMinor
TCGA-DX-A8BU	1	61735	2227924	3	2
TCGA-DX-A8BU	1	2229447	2579341	3	1
TCGA-DX-A8BU	1	2694445	2996196	1	0
TCGA-DX-A8BU	1	2996602	108222766	4	3
TCGA-DX-A8BU	1	108227130	183648676	3	3
TCGA-DX-A8BU	1	183655008	195864604	3	0
TCGA-DX-A8BU	1	195867138	199115332	3	2
TCGA-DX-A8BU	1	199115877	200670772	3	0
TCGA-DX-A8BU	1	200671406	202066465	3	2
TCGA-DX-A8BU	1	202067011	249224388	3	0
TCGA-DX-A8BU	2	12784	989931	1	0
TCGA-DX-A8BU	2	995120	1305131	0	0
TCGA-DX-A8BU	2	1309595	14807626	2	0
TCGA-DX-A8BU	2	14809277	14857197	0	0
TCGA-DX-A8BU	2	14860772	16364164	2	0
TCGA-DX-A8BU	2	16366130	16630892	0	0
TCGA-DX-A8BU	2	16631289	104374182	2	0
TCGA-DX-A8BU	2	104375655	104471726	3	1
TCGA-DX-A8BU	2	104472743	106125913	2	0
TCGA-DX-A8BU	2	106126024	106230463	3	2
TCGA-DX-A8BU	2	106231788	107329027	2	0
TCGA-DX-A8BU	2	107329060	114040741	3	2
TCGA-DX-A8BU	2	114044712	114865740	2	0
TCGA-DX-A8BU	2	114867198	115081688	2	2
TCGA-DX-A8BU	2	115082201	115377354	2	0
TCGA-DX-A8BU	2	115380383	166424558	2	2
TCGA-DX-A8BU	2	166424850	181078615	3	2
TCGA-DX-A8BU	2	181082884	227048658	2	0
TCGA-DX-A8BU	2	227049421	237203184	1	0
TCGA-DX-A8BU	2	237203932	239733773	2	0
TCGA-DX-A8BU	2	239736364	243089456	1	0
TCGA-DX-A8BU	3	60345	418585	3	1
TCGA-DX-A8BU	3	419143	18321726	3	2
TCGA-DX-A8BU	3	18324687	80780373	2	1
TCGA-DX-A8BU	3	80786134	166831243	3	2
TCGA-DX-A8BU	3	166834939	166961949	2	0
TCGA-DX-A8BU	3	166965826	175721556	3	2
TCGA-DX-A8BU	3	175722231	175920525	6	3
TCGA-DX-A8BU	3	175920567	197896118	3	2
TCGA-DX-A8BU	4	12281	586063	1	1
TCGA-DX-A8BU	4	596849	7597738	2	1
TCGA-DX-A8BU	4	7598688	11043256	3	2
TCGA-DX-A8BU	4	11044254	13490674	3	3
TCGA-DX-A8BU	4	13501092	18465442	3	2
TCGA-DX-A8BU	4	18465884	19334029	4	2
TCGA-DX-A8BU	4	19339300	52699776	3	2
TCGA-DX-A8BU	4	52700771	64423468	2	2
TCGA-DX-A8BU	4	64424980	67345506	4	2
TCGA-DX-A8BU	4	67345561	70032800	2	2
TCGA-DX-A8BU	4	70042818	84112503	2	1
TCGA-DX-A8BU	4	84114059	87769694	3	3
TCGA-DX-A8BU	4	87770462	90179219	3	2
TCGA-DX-A8BU	4	90180217	90462267	2	1
TCGA-DX-A8BU	4	90470197	95652125	3	2
TCGA-DX-A8BU	4	95653664	96148670	2	1
TCGA-DX-A8BU	4	96150589	96447517	3	2
TCGA-DX-A8BU	4	96447992	97241771	2	1
TCGA-DX-A8BU	4	97242095	98709930	3	2
TCGA-DX-A8BU	4	98714323	102990269	2	0
TCGA-DX-A8BU	4	102990497	103516737	3	2
TCGA-DX-A8BU	4	103518305	107873806	2	0
TCGA-DX-A8BU	4	107879462	131382854	3	2
TCGA-DX-A8BU	4	131383147	131560875	2	1
TCGA-DX-A8BU	4	131561136	175219915	3	2
TCGA-DX-A8BU	4	175229283	191027923	2	0
TCGA-DX-A8BU	5	15532	17173941	3	2
TCGA-DX-A8BU	5	17175209	17458474	3	1
TCGA-DX-A8BU	5	17462329	18511790	4	3
TCGA-DX-A8BU	5	18511882	19502418	6	3
TCGA-DX-A8BU	5	19502477	21232575	8	3
TCGA-DX-A8BU	5	21237113	22438215	5	3
TCGA-DX-A8BU	5	22438215	49596072	4	3
TCGA-DX-A8BU	5	49596708	56506330	3	3
TCGA-DX-A8BU	5	56507129	58178546	4	3
TCGA-DX-A8BU	5	58188586	63819302	3	3
TCGA-DX-A8BU	5	63819705	70974473	4	3
TCGA-DX-A8BU	5	70974576	170216921	2	2
TCGA-DX-A8BU	5	170222545	170391754	2	1
TCGA-DX-A8BU	5	170395365	172493444	2	2
TCGA-DX-A8BU	5	172497866	180790320	2	0
TCGA-DX-A8BU	6	149661	566673	3	2
TCGA-DX-A8BU	6	566713	1520872	2	1
TCGA-DX-A8BU	6	1523076	4540433	3	2
TCGA-DX-A8BU	6	4541315	6001717	5	3
TCGA-DX-A8BU	6	6004683	6423728	6	3
TCGA-DX-A8BU	6	6423814	7147364	7	3
TCGA-DX-A8BU	6	7153625	7452002	4	2
TCGA-DX-A8BU	6	7452232	8185005	7	2
TCGA-DX-A8BU	6	8187871	9330473	4	2
TCGA-DX-A8BU	6	9334214	9698743	7	2
TCGA-DX-A8BU	6	9700042	10460988	3	3
TCGA-DX-A8BU	6	10466171	17935418	2	1
TCGA-DX-A8BU	6	17936004	34086671	3	1
TCGA-DX-A8BU	6	34086812	35297406	4	4
TCGA-DX-A8BU	6	35304646	35727590	5	2
TCGA-DX-A8BU	6	35727655	38060460	3	3
TCGA-DX-A8BU	6	38060879	39715275	4	4
TCGA-DX-A8BU	6	39726757	40283674	7	4
TCGA-DX-A8BU	6	40283995	41388887	4	4
TCGA-DX-A8BU	6	41388910	45555753	7	4
TCGA-DX-A8BU	6	45556153	45678066	4	3
TCGA-DX-A8BU	6	45682756	48314471	9	4
TCGA-DX-A8BU	6	48315423	50045181	3	1
TCGA-DX-A8BU	6	50048293	52105315	2	1
TCGA-DX-A8BU	6	52107840	53774209	6	3
TCGA-DX-A8BU	6	53776318	54722013	13	3
TCGA-DX-A8BU	6	54724942	62252877	2	2
TCGA-DX-A8BU	6	62255293	81327977	2	1
TCGA-DX-A8BU	6	81332300	83360924	3	1
TCGA-DX-A8BU	6	83367684	86430468	2	2
TCGA-DX-A8BU	6	86432930	91046834	2	1
TCGA-DX-A8BU	6	91047006	91872869	3	2
TCGA-DX-A8BU	6	91874204	92694225	3	1
TCGA-DX-A8BU	6	92694843	93438529	3	2
TCGA-DX-A8BU	6	93448972	95894399	3	1
TCGA-DX-A8BU	6	95896515	100548050	2	2
TCGA-DX-A8BU	6	100548788	103889678	2	1
TCGA-DX-A8BU	6	103891251	105565683	2	2
TCGA-DX-A8BU	6	105566414	109229067	3	2
TCGA-DX-A8BU	6	109232241	116754277	4	2
TCGA-DX-A8BU	6	116754456	117322088	3	2
TCGA-DX-A8BU	6	117328708	121968356	4	2
TCGA-DX-A8BU	6	121969194	158722013	3	2
TCGA-DX-A8BU	6	158722034	159606873	2	2
TCGA-DX-A8BU	6	159606982	163563008	3	2
TCGA-DX-A8BU	6	163565308	170331807	2	2
TCGA-DX-A8BU	6	170334502	170562710	2	1
TCGA-DX-A8BU	6	170566848	171051005	2	2
TCGA-DX-A8BU	7	43259	16208716	2	2
TCGA-DX-A8BU	7	16211816	16440036	2	1
TCGA-DX-A8BU	7	16443852	22708784	2	2
TCGA-DX-A8BU	7	22709003	28259131	3	2
TCGA-DX-A8BU	7	28259233	29101891	3	3
TCGA-DX-A8BU	7	29102308	127645264	3	2
TCGA-DX-A8BU	7	127646946	139954834	2	2
TCGA-DX-A8BU	7	139955231	155059655	2	1
TCGA-DX-A8BU	7	155060706	159127004	1	1
TCGA-DX-A8BU	8	31254	36114903	3	2
TCGA-DX-A8BU	8	36115968	47835286	3	3
TCGA-DX-A8BU	8	47835928	63537848	3	2
TCGA-DX-A8BU	8	63539242	146298155	2	2
TCGA-DX-A8BU	9	46587	47217176	4	2
TCGA-DX-A8BU	9	65616971	100362661	3	2
TCGA-DX-A8BU	9	100364951	113381672	2	1
TCGA-DX-A8BU	9	113383998	130084947	2	2
TCGA-DX-A8BU	9	130087650	133375627	2	1
TCGA-DX-A8BU	9	133388232	133643049	6	2
TCGA-DX-A8BU	9	133643065	136244666	2	1
TCGA-DX-A8BU	9	136246123	141091394	2	0
TCGA-DX-A8BU	10	72759	3262561	3	0
TCGA-DX-A8BU	10	3262682	12854779	2	0
TCGA-DX-A8BU	10	12855156	13283437	3	0
TCGA-DX-A8BU	10	13285565	17577318	2	0
TCGA-DX-A8BU	10	17578161	20015572	2	1
TCGA-DX-A8BU	10	20015932	23889689	2	0
TCGA-DX-A8BU	10	23891930	24254788	2	1
TCGA-DX-A8BU	10	24254802	24548718	2	0
TCGA-DX-A8BU	10	24550939	42790028	3	1
TCGA-DX-A8BU	10	42819902	46048918	2	1
TCGA-DX-A8BU	10	46051277	50538117	3	1
TCGA-DX-A8BU	10	50540023	53478212	2	1
TCGA-DX-A8BU	10	53478270	55136151	3	1
TCGA-DX-A8BU	10	55136286	89932919	2	1
TCGA-DX-A8BU	10	89933244	90534746	2	0
TCGA-DX-A8BU	10	90534759	123118218	2	1
TCGA-DX-A8BU	10	123118640	132646047	2	0
TCGA-DX-A8BU	10	132646467	135506704	3	0
TCGA-DX-A8BU	11	198572	26391367	2	2
TCGA-DX-A8BU	11	26392960	27728171	3	2
TCGA-DX-A8BU	11	27729902	32340688	2	2
TCGA-DX-A8BU	11	32342517	36178090	3	2
TCGA-DX-A8BU	11	36180790	39272025	2	2
TCGA-DX-A8BU	11	39272053	42458745	3	2
TCGA-DX-A8BU	11	42458937	47983677	2	2
TCGA-DX-A8BU	11	47984192	134944770	2	1
TCGA-DX-A8BU	12	150442	34854498	2	0
TCGA-DX-A8BU	12	37857751	53828160	2	1
TCGA-DX-A8BU	12	53829515	109315528	2	2
TCGA-DX-A8BU	12	109315810	133778189	2	1
TCGA-DX-A8BU	13	19026949	21495509	2	1
TCGA-DX-A8BU	13	21496536	48722619	2	0
TCGA-DX-A8BU	13	48722871	48730469	1	1
TCGA-DX-A8BU	13	48730654	51473868	0	0
TCGA-DX-A8BU	13	51473904	76367193	2	0
TCGA-DX-A8BU	13	76370564	91465013	3	2
TCGA-DX-A8BU	13	91471800	93298066	4	3
TCGA-DX-A8BU	13	93299424	95088535	3	2
TCGA-DX-A8BU	13	95088866	95858978	4	3
TCGA-DX-A8BU	13	95859678	98089585	3	3
TCGA-DX-A8BU	13	98097280	99232429	2	0
TCGA-DX-A8BU	13	99232442	99758797	3	0
TCGA-DX-A8BU	13	99759732	99841651	4	1
TCGA-DX-A8BU	13	99841815	105020818	2	0
TCGA-DX-A8BU	13	105020843	105167055	1	0
TCGA-DX-A8BU	13	105168068	115108397	2	0
TCGA-DX-A8BU	14	19002124	107285437	2	0
TCGA-DX-A8BU	15	20016328	91803430	2	2
TCGA-DX-A8BU	15	91803567	102469040	2	1
TCGA-DX-A8BU	16	60777	24320766	2	1
TCGA-DX-A8BU	16	24320791	35283226	3	2
TCGA-DX-A8BU	16	46463782	70855202	3	0
TCGA-DX-A8BU	16	70855479	71226096	4	1
TCGA-DX-A8BU	16	71230079	81669651	3	0
TCGA-DX-A8BU	16	81670342	83620859	4	0
TCGA-DX-A8BU	16	83621073	90287535	3	0
TCGA-DX-A8BU	17	526	3281464	4	2
TCGA-DX-A8BU	17	3285135	25298311	4	0
TCGA-DX-A8BU	17	25301016	41535503	2	0
TCGA-DX-A8BU	17	41537692	54920399	3	2
TCGA-DX-A8BU	17	54927796	55766374	2	0
TCGA-DX-A8BU	17	55766414	56700672	3	2
TCGA-DX-A8BU	17	56711901	65073561	2	0
TCGA-DX-A8BU	17	65073957	66477171	2	2
TCGA-DX-A8BU	17	66477983	81049726	2	0
TCGA-DX-A8BU	18	48133	724222	7	1
TCGA-DX-A8BU	18	724599	2391257	2	2
TCGA-DX-A8BU	18	2394469	5214512	5	2
TCGA-DX-A8BU	18	5215596	7352783	3	2
TCGA-DX-A8BU	18	7352837	8416858	7	2
TCGA-DX-A8BU	18	8416950	10069828	4	2
TCGA-DX-A8BU	18	10070177	11159311	7	2
TCGA-DX-A8BU	18	11165197	12113195	4	2
TCGA-DX-A8BU	18	12114428	12772219	2	1
TCGA-DX-A8BU	18	12772318	15287229	3	1
TCGA-DX-A8BU	18	15287837	37500880	2	0
TCGA-DX-A8BU	18	37501121	38874867	5	0
TCGA-DX-A8BU	18	38874950	51977361	2	0
TCGA-DX-A8BU	18	51977617	67053672	2	1
TCGA-DX-A8BU	18	67054127	78015057	1	1
TCGA-DX-A8BU	19	90910	20663924	3	1
TCGA-DX-A8BU	19	20664380	21544571	2	1
TCGA-DX-A8BU	19	21545017	23989819	4	2
TCGA-DX-A8BU	19	23995555	24008374	2	2
TCGA-DX-A8BU	19	24013276	24583312	2	1
TCGA-DX-A8BU	19	24596750	30756118	5	1
TCGA-DX-A8BU	19	30768455	33316026	9	1
TCGA-DX-A8BU	19	33316323	40304434	7	1
TCGA-DX-A8BU	19	40306704	44419295	6	1
TCGA-DX-A8BU	19	44423981	44555621	9	1
TCGA-DX-A8BU	19	44557092	49761739	6	1
TCGA-DX-A8BU	19	49761795	52997571	2	2
TCGA-DX-A8BU	19	53001299	53891185	6	1
TCGA-DX-A8BU	19	53892073	59097854	2	2
TCGA-DX-A8BU	20	61305	29525422	2	1
TCGA-DX-A8BU	20	29527893	57935066	6	2
TCGA-DX-A8BU	20	57936403	62956153	5	2
TCGA-DX-A8BU	21	10736871	47789310	2	1
TCGA-DX-A8BU	21	47792874	48096957	2	0
TCGA-DX-A8BU	22	16052528	20296033	3	2
TCGA-DX-A8BU	22	20296540	21728138	23	2
TCGA-DX-A8BU	22	21804576	33219887	2	2
TCGA-DX-A8BU	22	33219887	33863676	30	3
TCGA-DX-A8BU	22	33865393	51234455	2	2
TCGA-DX-A8BU	X	168477	2694240	3	2
TCGA-DX-A8BU	X	2703391	92368114	3	0
TCGA-DX-A8BU	X	92369895	92921642	2	0
TCGA-DX-A8BU	X	92923424	96821188	3	0
TCGA-DX-A8BU	X	96823158	97458734	1	0
TCGA-DX-A8BU	X	97462727	109914011	2	0
TCGA-DX-A8BU	X	109917852	110291208	1	0
TCGA-DX-A8BU	X	110292423	131244494	2	0
TCGA-DX-A8BU	X	131244684	155233846	3	0
