sample	chr	startpos	endpos	nMajor	nMinor
TCGA-DU-6407-a	1	61735	249224388	2	2
TCGA-DU-6407-a	2	12784	25482883	4	2
TCGA-DU-6407-a	2	25482970	233007150	2	2
TCGA-DU-6407-a	2	233010442	234879853	2	0
TCGA-DU-6407-a	2	234886363	238105792	2	2
TCGA-DU-6407-a	2	238106460	243089456	2	0
TCGA-DU-6407-a	3	60345	168688	2	1
TCGA-DU-6407-a	3	168827	1796876	2	2
TCGA-DU-6407-a	3	1804655	2122848	3	1
TCGA-DU-6407-a	3	2130049	197896118	2	2
TCGA-DU-6407-a	4	12281	3332479	4	2
TCGA-DU-6407-a	4	3339682	4765225	2	2
TCGA-DU-6407-a	4	4772796	4943367	2	0
TCGA-DU-6407-a	4	4943456	191027923	2	2
TCGA-DU-6407-a	5	15532	180790320	2	2
TCGA-DU-6407-a	6	149661	13585406	2	0
TCGA-DU-6407-a	6	13589873	171051005	2	2
TCGA-DU-6407-a	7	43259	159127004	5	2
TCGA-DU-6407-a	8	31254	146298155	5	2
TCGA-DU-6407-a	9	46587	363758	3	2
TCGA-DU-6407-a	9	364015	19016497	2	2
TCGA-DU-6407-a	9	19016983	33047047	2	0
TCGA-DU-6407-a	9	33053062	141091394	2	2
TCGA-DU-6407-a	10	72759	112167004	2	2
TCGA-DU-6407-a	10	112171993	112270675	1	0
TCGA-DU-6407-a	10	112271467	117445014	2	2
TCGA-DU-6407-a	10	117445304	135506704	2	0
TCGA-DU-6407-a	11	198572	82266020	2	2
TCGA-DU-6407-a	11	82267016	87324746	2	0
TCGA-DU-6407-a	11	87325323	96448352	2	2
TCGA-DU-6407-a	11	96449083	97938720	2	0
TCGA-DU-6407-a	11	97940959	98974774	2	2
TCGA-DU-6407-a	11	98975220	99783295	2	0
TCGA-DU-6407-a	11	99784033	100934635	2	2
TCGA-DU-6407-a	11	100935659	105781938	2	0
TCGA-DU-6407-a	11	105783433	114349787	2	2
TCGA-DU-6407-a	11	114349840	117213893	2	0
TCGA-DU-6407-a	11	117215793	118953202	2	2
TCGA-DU-6407-a	11	118957507	134944770	4	2
TCGA-DU-6407-a	12	150442	133778189	2	2
TCGA-DU-6407-a	13	19026949	21658866	2	2
TCGA-DU-6407-a	13	21667280	26652311	2	1
TCGA-DU-6407-a	13	26653096	45709208	2	2
TCGA-DU-6407-a	13	45709888	61311845	2	1
TCGA-DU-6407-a	13	61313608	63560204	2	0
TCGA-DU-6407-a	13	63560603	85208882	2	1
TCGA-DU-6407-a	13	85209689	98562888	2	2
TCGA-DU-6407-a	13	98564290	105048999	2	1
TCGA-DU-6407-a	13	105049395	115108397	2	2
TCGA-DU-6407-a	14	19002124	94497896	2	2
TCGA-DU-6407-a	14	94498929	107285437	3	2
TCGA-DU-6407-a	15	20016328	102469040	2	2
TCGA-DU-6407-a	16	60777	90287535	2	2
TCGA-DU-6407-a	17	526	7999742	4	0
TCGA-DU-6407-a	17	8003578	81049726	2	2
TCGA-DU-6407-a	18	48133	78015057	2	1
TCGA-DU-6407-a	19	90910	59097854	2	2
TCGA-DU-6407-a	20	61305	62956153	2	2
TCGA-DU-6407-a	21	10736871	48096957	5	2
TCGA-DU-6407-a	22	16052528	51234455	2	2
TCGA-DU-6407-a	X	168477	155233846	2	1
