sample	chr	startpos	endpos	nMajor	nMinor
TCGA-CG-4444	1	61735	23506653	4	1
TCGA-CG-4444	1	23507172	24024442	3	1
TCGA-CG-4444	1	24031050	24901863	7	1
TCGA-CG-4444	1	24901998	26475777	4	1
TCGA-CG-4444	1	26477893	33030185	1	1
TCGA-CG-4444	1	33030461	121482979	3	1
TCGA-CG-4444	1	144007049	154190571	6	3
TCGA-CG-4444	1	154191245	246207387	3	0
TCGA-CG-4444	1	246208095	249224388	2	0
TCGA-CG-4444	2	12784	29042424	5	0
TCGA-CG-4444	2	29047254	88976528	4	0
TCGA-CG-4444	2	88976993	123655345	5	0
TCGA-CG-4444	2	123662768	133008195	4	0
TCGA-CG-4444	2	133009808	135909489	5	0
TCGA-CG-4444	2	135912136	174046059	3	0
TCGA-CG-4444	2	174049513	201648611	2	0
TCGA-CG-4444	2	201648639	213401663	4	1
TCGA-CG-4444	2	213401676	213434856	3	0
TCGA-CG-4444	2	213438221	214325061	1	0
TCGA-CG-4444	2	214333987	215185190	3	0
TCGA-CG-4444	2	215188619	233034495	3	1
TCGA-CG-4444	2	233048132	235177788	1	1
TCGA-CG-4444	2	235180658	243089456	3	1
TCGA-CG-4444	3	60345	4391046	1	1
TCGA-CG-4444	3	4391229	4523965	1	0
TCGA-CG-4444	3	4524098	24376465	2	1
TCGA-CG-4444	3	24383347	24834378	2	0
TCGA-CG-4444	3	24834785	60509645	2	1
TCGA-CG-4444	3	60510909	61100255	2	0
TCGA-CG-4444	3	61101455	61292333	0	0
TCGA-CG-4444	3	61293686	70584560	2	1
TCGA-CG-4444	3	70592215	81272232	3	1
TCGA-CG-4444	3	81273984	93540792	5	1
TCGA-CG-4444	3	93541140	197896118	3	1
TCGA-CG-4444	4	12281	179986342	2	1
TCGA-CG-4444	4	179986728	187121895	2	0
TCGA-CG-4444	4	187122009	191027923	2	1
TCGA-CG-4444	5	15532	9325274	5	0
TCGA-CG-4444	5	9327663	44621545	6	0
TCGA-CG-4444	5	44626810	53484164	4	0
TCGA-CG-4444	5	53484470	180790320	3	0
TCGA-CG-4444	6	149661	65851466	4	0
TCGA-CG-4444	6	65851893	66413823	1	0
TCGA-CG-4444	6	66416652	97288840	3	0
TCGA-CG-4444	6	97292630	103434623	3	3
TCGA-CG-4444	6	103438951	103640244	3	0
TCGA-CG-4444	6	103642562	134630812	3	2
TCGA-CG-4444	6	134631170	138652950	13	3
TCGA-CG-4444	6	138671159	171051005	3	1
TCGA-CG-4444	7	43259	70043670	2	1
TCGA-CG-4444	7	70043726	70292316	1	0
TCGA-CG-4444	7	70292329	105248916	3	1
TCGA-CG-4444	7	105249120	105639848	1	1
TCGA-CG-4444	7	105640183	155445933	3	1
TCGA-CG-4444	7	155446966	155649488	1	0
TCGA-CG-4444	7	155650247	159127004	3	1
TCGA-CG-4444	8	31254	5780656	2	1
TCGA-CG-4444	8	5780691	12870909	1	1
TCGA-CG-4444	8	12871159	70825478	2	1
TCGA-CG-4444	8	70825984	72635024	27	1
TCGA-CG-4444	8	72636278	77655501	11	1
TCGA-CG-4444	8	77659134	77844912	2	0
TCGA-CG-4444	8	77846064	84830489	7	1
TCGA-CG-4444	8	84830906	86835379	10	1
TCGA-CG-4444	8	86840960	87109368	22	1
TCGA-CG-4444	8	87111707	87128258	13	6
TCGA-CG-4444	8	87129492	91031386	4	1
TCGA-CG-4444	8	91033746	92954143	10	1
TCGA-CG-4444	8	92957051	96784918	8	1
TCGA-CG-4444	8	96785198	100814925	6	1
TCGA-CG-4444	8	100819776	100829394	14	4
TCGA-CG-4444	8	100832874	101565291	17	0
TCGA-CG-4444	8	101565626	103379128	4	1
TCGA-CG-4444	8	103382808	105583421	8	1
TCGA-CG-4444	8	105584463	117444294	2	1
TCGA-CG-4444	8	117445358	118445064	3	1
TCGA-CG-4444	8	118462548	119598322	9	1
TCGA-CG-4444	8	119600063	122881737	13	1
TCGA-CG-4444	8	122887670	123491125	30	1
TCGA-CG-4444	8	123498515	123960871	11	1
TCGA-CG-4444	8	123961799	126690572	15	1
TCGA-CG-4444	8	126690906	130151951	19	1
TCGA-CG-4444	8	130154333	146298155	2	1
TCGA-CG-4444	9	46587	11371745	1	0
TCGA-CG-4444	9	11375251	12288602	28	0
TCGA-CG-4444	9	12296052	22272137	2	0
TCGA-CG-4444	9	22280644	24460001	8	0
TCGA-CG-4444	9	24463420	26546480	15	0
TCGA-CG-4444	9	26547175	26684166	1	0
TCGA-CG-4444	9	26686468	28748803	3	0
TCGA-CG-4444	9	28751336	28789440	28	0
TCGA-CG-4444	9	28792884	29445684	3	0
TCGA-CG-4444	9	29445865	29943437	5	0
TCGA-CG-4444	9	29943552	30484506	3	0
TCGA-CG-4444	9	30485070	31622445	1	0
TCGA-CG-4444	9	31622690	32794190	15	0
TCGA-CG-4444	9	32794342	32976883	27	1
TCGA-CG-4444	9	32977286	33778321	11	0
TCGA-CG-4444	9	33778399	34789558	17	1
TCGA-CG-4444	9	34789779	36853047	8	1
TCGA-CG-4444	9	36853677	37303489	5	1
TCGA-CG-4444	9	37312954	37934140	1	1
TCGA-CG-4444	9	37936503	47217176	5	1
TCGA-CG-4444	9	65616971	100521288	2	2
TCGA-CG-4444	9	100521585	101864708	3	2
TCGA-CG-4444	9	101865111	141091394	2	2
TCGA-CG-4444	10	72759	20118436	5	0
TCGA-CG-4444	10	20118838	42947970	6	0
TCGA-CG-4444	10	42953080	50264328	4	0
TCGA-CG-4444	10	50265590	50874028	9	0
TCGA-CG-4444	10	50875502	52127483	10	0
TCGA-CG-4444	10	52128786	54037247	15	0
TCGA-CG-4444	10	54038752	54958347	3	0
TCGA-CG-4444	10	54960892	67700424	5	0
TCGA-CG-4444	10	67700606	68125672	10	0
TCGA-CG-4444	10	68125781	72579468	2	0
TCGA-CG-4444	10	72580188	81559312	9	0
TCGA-CG-4444	10	81559401	111659782	2	0
TCGA-CG-4444	10	111661296	135506704	3	0
TCGA-CG-4444	11	198572	45765771	3	0
TCGA-CG-4444	11	45767321	81178750	2	2
TCGA-CG-4444	11	81179117	81274488	2	0
TCGA-CG-4444	11	81276907	126741884	2	2
TCGA-CG-4444	11	126747337	127819123	4	2
TCGA-CG-4444	11	127819427	129710284	7	1
TCGA-CG-4444	11	129710413	134944770	2	2
TCGA-CG-4444	12	150442	11673982	6	0
TCGA-CG-4444	12	11675377	14101311	8	0
TCGA-CG-4444	12	14101923	23858221	6	0
TCGA-CG-4444	12	23858625	24745537	2	0
TCGA-CG-4444	12	24748492	41580325	4	0
TCGA-CG-4444	12	41585327	46423851	6	0
TCGA-CG-4444	12	46435691	48637362	8	0
TCGA-CG-4444	12	48641403	54482879	4	0
TCGA-CG-4444	12	54486993	61439328	6	0
TCGA-CG-4444	12	61439713	61488772	2	0
TCGA-CG-4444	12	61495850	85236993	7	0
TCGA-CG-4444	12	85237846	121428960	4	0
TCGA-CG-4444	12	121434541	122316875	3	0
TCGA-CG-4444	12	122318723	122915054	8	0
TCGA-CG-4444	12	122915194	124981416	4	0
TCGA-CG-4444	12	124983222	133778189	3	0
TCGA-CG-4444	13	19026949	23569560	2	0
TCGA-CG-4444	13	23570483	26906999	2	2
TCGA-CG-4444	13	26908031	47223935	4	2
TCGA-CG-4444	13	47224681	47382043	2	2
TCGA-CG-4444	13	47386780	54580322	4	2
TCGA-CG-4444	13	54581066	58165977	2	0
TCGA-CG-4444	13	58168583	60669410	2	2
TCGA-CG-4444	13	60673067	61472039	2	0
TCGA-CG-4444	13	61472473	62243333	2	2
TCGA-CG-4444	13	62243508	63244892	2	0
TCGA-CG-4444	13	63252427	63527202	0	0
TCGA-CG-4444	13	63529385	65586879	2	0
TCGA-CG-4444	13	65589184	67127300	2	2
TCGA-CG-4444	13	67133203	75702396	2	0
TCGA-CG-4444	13	75703461	76323507	4	2
TCGA-CG-4444	13	76325972	76381530	1	0
TCGA-CG-4444	13	76382795	78248549	4	2
TCGA-CG-4444	13	78248804	81805686	2	2
TCGA-CG-4444	13	81811684	82274584	2	0
TCGA-CG-4444	13	82279593	82505571	2	2
TCGA-CG-4444	13	82505646	85082705	2	0
TCGA-CG-4444	13	85089598	88331812	2	2
TCGA-CG-4444	13	88334969	88433303	2	0
TCGA-CG-4444	13	88433516	92392966	2	2
TCGA-CG-4444	13	92396226	92891669	4	2
TCGA-CG-4444	13	92896526	112647711	2	0
TCGA-CG-4444	13	112649332	115108397	2	2
TCGA-CG-4444	14	19002124	22378708	4	2
TCGA-CG-4444	14	22378797	23000062	6	3
TCGA-CG-4444	14	23002684	33946630	4	2
TCGA-CG-4444	14	33947124	41637261	5	2
TCGA-CG-4444	14	41637359	42344822	3	2
TCGA-CG-4444	14	42344927	42479676	2	0
TCGA-CG-4444	14	42482814	82067518	2	2
TCGA-CG-4444	14	82067572	107285437	2	1
TCGA-CG-4444	15	20016328	32461414	2	1
TCGA-CG-4444	15	32471487	40108841	5	1
TCGA-CG-4444	15	40111105	55115098	2	1
TCGA-CG-4444	15	55117315	58187013	5	1
TCGA-CG-4444	15	58187513	58962056	8	0
TCGA-CG-4444	15	58971769	59506428	5	1
TCGA-CG-4444	15	59506903	60191655	9	1
TCGA-CG-4444	15	60191857	63900762	5	1
TCGA-CG-4444	15	63901307	68758472	2	1
TCGA-CG-4444	15	68758506	69771948	6	1
TCGA-CG-4444	15	69772479	71617997	8	1
TCGA-CG-4444	15	71618664	75060737	6	1
TCGA-CG-4444	15	75061080	77863720	2	1
TCGA-CG-4444	15	77867164	88698673	2	2
TCGA-CG-4444	15	88701083	89189984	9	1
TCGA-CG-4444	15	89194548	91812240	9	5
TCGA-CG-4444	15	91812453	93197797	12	5
TCGA-CG-4444	15	93200078	94371788	6	6
TCGA-CG-4444	15	94375026	99173481	6	0
TCGA-CG-4444	15	99174219	102469040	5	0
TCGA-CG-4444	16	60777	7130974	2	2
TCGA-CG-4444	16	7131614	7451802	2	0
TCGA-CG-4444	16	7455755	26366437	2	2
TCGA-CG-4444	16	26367616	31948604	4	2
TCGA-CG-4444	16	31955920	35283226	3	0
TCGA-CG-4444	16	46463782	60601131	2	1
TCGA-CG-4444	16	60606897	60739005	1	0
TCGA-CG-4444	16	60743354	90287535	2	1
TCGA-CG-4444	17	526	936936	4	0
TCGA-CG-4444	17	941070	35309726	3	0
TCGA-CG-4444	17	35309848	36736897	4	0
TCGA-CG-4444	17	36737020	37152706	9	0
TCGA-CG-4444	17	37154271	38755665	6	0
TCGA-CG-4444	17	38756969	81049726	3	0
TCGA-CG-4444	18	48133	55650040	2	1
TCGA-CG-4444	18	55651751	55909630	1	0
TCGA-CG-4444	18	55910457	62724860	2	1
TCGA-CG-4444	18	62725011	63842880	2	0
TCGA-CG-4444	18	63842935	78015057	2	1
TCGA-CG-4444	19	90910	13888347	4	0
TCGA-CG-4444	19	13888486	24596750	5	0
TCGA-CG-4444	19	27747993	28980642	8	0
TCGA-CG-4444	19	28980756	31657540	11	0
TCGA-CG-4444	19	31659029	34010189	6	0
TCGA-CG-4444	19	34011248	40170655	5	0
TCGA-CG-4444	19	40171396	43804762	3	0
TCGA-CG-4444	19	43805328	52735298	5	0
TCGA-CG-4444	19	52738707	59097854	4	0
TCGA-CG-4444	20	61305	15959530	3	1
TCGA-CG-4444	20	15959700	20566025	3	2
TCGA-CG-4444	20	20569063	29843973	4	3
TCGA-CG-4444	20	29846281	62956153	4	1
TCGA-CG-4444	21	10736871	23514237	3	0
TCGA-CG-4444	21	23514253	24267278	1	0
TCGA-CG-4444	21	24268618	48096957	3	0
TCGA-CG-4444	22	16052528	51234455	2	1
TCGA-CG-4444	X	168477	7028304	2	0
TCGA-CG-4444	X	7028374	7770460	0	0
TCGA-CG-4444	X	7771982	10487987	2	0
TCGA-CG-4444	X	10491087	10966594	1	0
TCGA-CG-4444	X	10966669	62106595	2	0
TCGA-CG-4444	X	62113473	66349188	1	0
TCGA-CG-4444	X	66350139	67610834	0	0
TCGA-CG-4444	X	67613558	69499512	1	0
TCGA-CG-4444	X	69504130	70196132	0	0
TCGA-CG-4444	X	70199461	81318275	2	0
TCGA-CG-4444	X	81321052	84862342	5	0
TCGA-CG-4444	X	84862592	86867570	8	0
TCGA-CG-4444	X	86867854	87774276	6	0
TCGA-CG-4444	X	87774353	88467861	3	0
TCGA-CG-4444	X	88468321	90376013	2	0
TCGA-CG-4444	X	90376885	91685124	6	0
TCGA-CG-4444	X	91685238	95620729	4	0
TCGA-CG-4444	X	95622232	95631763	1	0
TCGA-CG-4444	X	95641158	119297166	2	0
TCGA-CG-4444	X	119334499	120576799	7	0
TCGA-CG-4444	X	120577349	126234360	4	0
TCGA-CG-4444	X	126237946	135995025	7	0
TCGA-CG-4444	X	136006290	155233846	2	0
