sample	chr	startpos	endpos	nMajor	nMinor
TCGA-5P-A9KC	1	61735	249224388	1	1
TCGA-5P-A9KC	2	12784	243089456	1	1
TCGA-5P-A9KC	3	60345	90365233	1	1
TCGA-5P-A9KC	3	90370298	197896118	2	1
TCGA-5P-A9KC	4	12281	191027923	1	1
TCGA-5P-A9KC	5	15532	180790320	1	1
TCGA-5P-A9KC	6	149661	171051005	1	1
TCGA-5P-A9KC	7	43259	38294101	2	1
TCGA-5P-A9KC	7	38294996	38384841	4	2
TCGA-5P-A9KC	7	38386791	159127004	2	1
TCGA-5P-A9KC	8	31254	146298155	1	1
TCGA-5P-A9KC	9	46587	141091394	1	1
TCGA-5P-A9KC	10	72759	135506704	1	1
TCGA-5P-A9KC	11	198572	134944770	1	1
TCGA-5P-A9KC	12	150442	34854498	1	1
TCGA-5P-A9KC	12	37857751	133778189	2	1
TCGA-5P-A9KC	13	19026949	115108397	1	1
TCGA-5P-A9KC	14	19002124	22378835	1	1
TCGA-5P-A9KC	14	22378861	22978775	2	1
TCGA-5P-A9KC	14	22983223	107285437	1	1
TCGA-5P-A9KC	15	20016328	102469040	1	1
TCGA-5P-A9KC	16	60777	90287535	1	1
TCGA-5P-A9KC	17	526	81049726	1	1
TCGA-5P-A9KC	18	48133	78015057	1	1
TCGA-5P-A9KC	19	90910	24507154	1	0
TCGA-5P-A9KC	19	24507167	59097854	1	1
TCGA-5P-A9KC	20	61305	62956153	1	1
TCGA-5P-A9KC	21	10736871	31920049	1	0
TCGA-5P-A9KC	21	31924451	48096957	1	1
TCGA-5P-A9KC	22	16052528	51234455	1	0
TCGA-5P-A9KC	X	168477	155233846	1	1
