sample	chr	startpos	endpos	nMajor	nMinor
TCGA-P5-A730	1	61735	144989739	1	0
TCGA-P5-A730	1	144991278	248572836	1	1
TCGA-P5-A730	1	248573137	249224388	2	0
TCGA-P5-A730	2	12784	243089456	1	1
TCGA-P5-A730	3	60345	197896118	1	1
TCGA-P5-A730	4	12281	191027923	1	1
TCGA-P5-A730	5	15532	180790320	1	1
TCGA-P5-A730	6	149661	171051005	1	1
TCGA-P5-A730	7	43259	159127004	1	1
TCGA-P5-A730	8	31254	146298155	1	1
TCGA-P5-A730	9	46587	141091394	1	1
TCGA-P5-A730	10	72759	135506704	1	1
TCGA-P5-A730	11	198572	134944770	1	1
TCGA-P5-A730	12	150442	133778189	1	1
TCGA-P5-A730	13	19026949	115108397	1	1
TCGA-P5-A730	14	19002124	107285437	1	1
TCGA-P5-A730	15	20016328	102469040	1	1
TCGA-P5-A730	16	60777	90287535	1	1
TCGA-P5-A730	17	526	81049726	1	1
TCGA-P5-A730	18	48133	78015057	1	1
TCGA-P5-A730	19	90910	24596750	1	1
TCGA-P5-A730	19	27747993	59097854	1	0
TCGA-P5-A730	20	61305	62956153	1	1
TCGA-P5-A730	21	10736871	48096957	1	1
TCGA-P5-A730	22	16052528	51234455	1	1
TCGA-P5-A730	X	168477	2694240	1	1
TCGA-P5-A730	X	2703391	154929498	1	0
TCGA-P5-A730	X	154963439	155233846	1	1
