sample	chr	startpos	endpos	nMajor	nMinor
TCGA-UY-A8OB	1	61735	12635060	2	1
TCGA-UY-A8OB	1	12637160	21133099	1	1
TCGA-UY-A8OB	1	21136237	21365814	1	0
TCGA-UY-A8OB	1	21366769	37961401	1	1
TCGA-UY-A8OB	1	37961613	41141040	2	1
TCGA-UY-A8OB	1	41146304	42256593	1	1
TCGA-UY-A8OB	1	42258367	121482979	2	1
TCGA-UY-A8OB	1	144007049	246433321	2	0
TCGA-UY-A8OB	1	246441421	247363833	4	0
TCGA-UY-A8OB	1	247364063	249224388	2	0
TCGA-UY-A8OB	2	12784	940777	3	1
TCGA-UY-A8OB	2	941020	2618340	1	1
TCGA-UY-A8OB	2	2624263	37889438	3	1
TCGA-UY-A8OB	2	37889613	38041975	3	0
TCGA-UY-A8OB	2	38042958	56134800	3	1
TCGA-UY-A8OB	2	56134827	95372699	2	1
TCGA-UY-A8OB	2	95379441	133393808	1	1
TCGA-UY-A8OB	2	133395968	133492750	1	0
TCGA-UY-A8OB	2	133494050	141361747	1	1
TCGA-UY-A8OB	2	141361994	141656433	1	0
TCGA-UY-A8OB	2	141656541	161045088	1	1
TCGA-UY-A8OB	2	161047787	161286143	1	0
TCGA-UY-A8OB	2	161286438	162505565	2	1
TCGA-UY-A8OB	2	162507843	168981269	1	1
TCGA-UY-A8OB	2	168981918	169087232	1	0
TCGA-UY-A8OB	2	169090774	202110564	1	1
TCGA-UY-A8OB	2	202110917	202445523	1	0
TCGA-UY-A8OB	2	202445924	243089456	1	1
TCGA-UY-A8OB	3	60345	11624211	2	1
TCGA-UY-A8OB	3	11625414	60694765	2	0
TCGA-UY-A8OB	3	60701606	60794598	1	0
TCGA-UY-A8OB	3	60796635	66573939	2	0
TCGA-UY-A8OB	3	66577919	67163881	3	0
TCGA-UY-A8OB	3	67164591	90417948	2	0
TCGA-UY-A8OB	3	90418659	101539450	2	1
TCGA-UY-A8OB	3	101540638	103134372	2	2
TCGA-UY-A8OB	3	103138436	112253756	2	1
TCGA-UY-A8OB	3	112254844	112621731	2	2
TCGA-UY-A8OB	3	112623729	155298936	2	1
TCGA-UY-A8OB	3	155299027	177861714	3	1
TCGA-UY-A8OB	3	177863022	178853973	5	1
TCGA-UY-A8OB	3	178859527	197896118	3	1
TCGA-UY-A8OB	4	12281	102908205	2	0
TCGA-UY-A8OB	4	102911614	103105290	2	2
TCGA-UY-A8OB	4	103105685	191027923	2	0
TCGA-UY-A8OB	5	15532	11344202	5	0
TCGA-UY-A8OB	5	11344836	46382652	6	0
TCGA-UY-A8OB	5	46383335	73909521	2	0
TCGA-UY-A8OB	5	73910198	164638825	3	0
TCGA-UY-A8OB	5	164639100	180790320	2	0
TCGA-UY-A8OB	6	149661	1749928	2	2
TCGA-UY-A8OB	6	1759357	1910253	2	1
TCGA-UY-A8OB	6	1910716	36449070	2	2
TCGA-UY-A8OB	6	36454384	37110171	2	1
TCGA-UY-A8OB	6	37110484	38335108	2	2
TCGA-UY-A8OB	6	38335764	38534429	2	1
TCGA-UY-A8OB	6	38534608	65493303	2	2
TCGA-UY-A8OB	6	65495320	67832696	2	1
TCGA-UY-A8OB	6	67836677	77242311	2	0
TCGA-UY-A8OB	6	77242538	78200310	3	0
TCGA-UY-A8OB	6	78200726	89267195	2	0
TCGA-UY-A8OB	6	89267376	89749812	1	0
TCGA-UY-A8OB	6	89751240	171051005	2	0
TCGA-UY-A8OB	7	43259	27654933	2	1
TCGA-UY-A8OB	7	27656010	27949657	3	2
TCGA-UY-A8OB	7	27949955	61850293	2	1
TCGA-UY-A8OB	7	61850588	159127004	1	1
TCGA-UY-A8OB	8	31254	8684953	2	0
TCGA-UY-A8OB	8	8685190	8949173	4	0
TCGA-UY-A8OB	8	8950011	46847534	2	0
TCGA-UY-A8OB	8	46863535	83435520	2	2
TCGA-UY-A8OB	8	83436288	99114970	2	1
TCGA-UY-A8OB	8	99115359	103035545	3	1
TCGA-UY-A8OB	8	103036197	122151395	2	1
TCGA-UY-A8OB	8	122154644	146298155	3	1
TCGA-UY-A8OB	9	46587	9380737	1	1
TCGA-UY-A8OB	9	9380781	9605281	1	0
TCGA-UY-A8OB	9	9608981	47217176	1	1
TCGA-UY-A8OB	9	65616971	86434458	1	0
TCGA-UY-A8OB	9	86443306	89622624	1	1
TCGA-UY-A8OB	9	89625664	100191433	2	1
TCGA-UY-A8OB	9	100198322	100373275	5	1
TCGA-UY-A8OB	9	100373289	121916610	2	1
TCGA-UY-A8OB	9	121916760	122978928	3	1
TCGA-UY-A8OB	9	122979645	141091394	2	1
TCGA-UY-A8OB	10	72759	42650389	3	1
TCGA-UY-A8OB	10	42652785	66933364	4	1
TCGA-UY-A8OB	10	66934764	67326066	5	1
TCGA-UY-A8OB	10	67326147	68340454	14	1
TCGA-UY-A8OB	10	68346755	76623085	1	1
TCGA-UY-A8OB	10	76627654	77194072	2	1
TCGA-UY-A8OB	10	77197847	88042530	1	1
TCGA-UY-A8OB	10	88042662	88947061	2	1
TCGA-UY-A8OB	10	88949427	93929960	1	1
TCGA-UY-A8OB	10	93932334	94105894	1	0
TCGA-UY-A8OB	10	94108780	135506704	1	1
TCGA-UY-A8OB	11	198572	8176404	1	1
TCGA-UY-A8OB	11	8176443	9398354	1	0
TCGA-UY-A8OB	11	9399247	134944770	1	1
TCGA-UY-A8OB	12	150442	21321429	2	1
TCGA-UY-A8OB	12	21321762	34835837	1	0
TCGA-UY-A8OB	12	34854498	87110388	2	0
TCGA-UY-A8OB	12	87112185	130299753	2	1
TCGA-UY-A8OB	12	130304281	133778189	2	0
TCGA-UY-A8OB	13	19026949	28790602	1	1
TCGA-UY-A8OB	13	28793482	32818984	2	1
TCGA-UY-A8OB	13	32820297	34589178	1	1
TCGA-UY-A8OB	13	34594457	48727931	1	0
TCGA-UY-A8OB	13	48730327	48731503	0	0
TCGA-UY-A8OB	13	48733110	48880148	1	0
TCGA-UY-A8OB	13	48884650	49628906	0	0
TCGA-UY-A8OB	13	49629708	50921946	1	0
TCGA-UY-A8OB	13	50922773	51728432	0	0
TCGA-UY-A8OB	13	51728446	64002271	1	0
TCGA-UY-A8OB	13	64003545	115108397	2	1
TCGA-UY-A8OB	14	19002124	90369749	1	1
TCGA-UY-A8OB	14	90370218	90795966	1	0
TCGA-UY-A8OB	14	90798895	107285437	1	1
TCGA-UY-A8OB	15	20016328	58671386	2	1
TCGA-UY-A8OB	15	58672134	58869160	2	2
TCGA-UY-A8OB	15	58870841	72163356	2	1
TCGA-UY-A8OB	15	72165725	73508363	3	1
TCGA-UY-A8OB	15	73519514	102469040	2	1
TCGA-UY-A8OB	16	60777	68102301	1	1
TCGA-UY-A8OB	16	68104488	69548788	2	1
TCGA-UY-A8OB	16	69556506	90287535	1	1
TCGA-UY-A8OB	17	526	18950867	2	0
TCGA-UY-A8OB	17	18965222	20646648	3	2
TCGA-UY-A8OB	17	20665039	21554727	11	1
TCGA-UY-A8OB	17	21556181	22235650	2	1
TCGA-UY-A8OB	17	25270411	37349269	2	0
TCGA-UY-A8OB	17	37349655	81049726	3	0
TCGA-UY-A8OB	18	48133	9360863	3	0
TCGA-UY-A8OB	18	9363215	64313945	2	0
TCGA-UY-A8OB	18	64316887	78015057	1	0
TCGA-UY-A8OB	19	90910	27781291	1	1
TCGA-UY-A8OB	19	27785493	33181484	2	1
TCGA-UY-A8OB	19	33182094	57304229	2	2
TCGA-UY-A8OB	19	57306737	59097854	3	2
TCGA-UY-A8OB	20	61305	14562460	2	1
TCGA-UY-A8OB	20	14562792	14850179	2	0
TCGA-UY-A8OB	20	14850725	37529853	2	1
TCGA-UY-A8OB	20	37530893	37643556	2	0
TCGA-UY-A8OB	20	37645810	62956153	2	1
TCGA-UY-A8OB	21	10736871	48096957	1	1
TCGA-UY-A8OB	22	16052528	17841068	2	0
TCGA-UY-A8OB	22	17844295	18275091	3	0
TCGA-UY-A8OB	22	18275409	51234455	2	0
TCGA-UY-A8OB	X	168477	155233846	2	0
