sample	chr	startpos	endpos	nMajor	nMinor
TCGA-34-5234	1	61735	249224388	1	1
TCGA-34-5234	2	12784	243089456	1	1
TCGA-34-5234	3	60345	87216951	1	1
TCGA-34-5234	3	87218647	90296031	2	1
TCGA-34-5234	3	90302010	158420369	1	1
TCGA-34-5234	3	158420588	197896118	2	1
TCGA-34-5234	4	12281	191027923	1	1
TCGA-34-5234	5	15532	180790320	1	1
TCGA-34-5234	6	149661	171051005	1	1
TCGA-34-5234	7	43259	56544711	2	1
TCGA-34-5234	7	56550963	159127004	1	1
TCGA-34-5234	8	31254	8274871	1	1
TCGA-34-5234	8	8275062	34564687	1	0
TCGA-34-5234	8	34566258	140821823	1	1
TCGA-34-5234	8	140824325	146298155	1	0
TCGA-34-5234	9	46587	141091394	1	1
TCGA-34-5234	10	72759	135506704	1	1
TCGA-34-5234	11	198572	134944770	1	1
TCGA-34-5234	12	150442	5416611	1	0
TCGA-34-5234	12	5418538	133778189	1	1
TCGA-34-5234	13	19026949	115108397	1	1
TCGA-34-5234	14	19002124	107285437	1	1
TCGA-34-5234	15	20016328	102469040	1	1
TCGA-34-5234	16	60777	90287535	1	1
TCGA-34-5234	17	526	81049726	1	1
TCGA-34-5234	18	48133	78015057	1	1
TCGA-34-5234	19	90910	59097854	1	1
TCGA-34-5234	20	61305	62956153	1	1
TCGA-34-5234	21	10736871	24807495	1	0
TCGA-34-5234	21	24807650	25332798	2	1
TCGA-34-5234	21	25333034	48096957	1	1
TCGA-34-5234	22	16052528	51234455	1	1
TCGA-34-5234	X	168477	155233846	1	1
