sample	chr	startpos	endpos	nMajor	nMinor
TCGA-GN-A265	1	61735	121482979	1	1
TCGA-GN-A265	1	144007049	249224388	2	0
TCGA-GN-A265	2	12784	49393664	1	0
TCGA-GN-A265	2	49394735	149012763	1	1
TCGA-GN-A265	2	149012777	166111318	2	1
TCGA-GN-A265	2	166113167	243089456	1	0
TCGA-GN-A265	3	60345	69588295	1	1
TCGA-GN-A265	3	69588918	69899367	12	1
TCGA-GN-A265	3	69899446	70655857	17	1
TCGA-GN-A265	3	70657737	71439972	12	1
TCGA-GN-A265	3	71440146	82990128	1	1
TCGA-GN-A265	3	82990268	85570278	2	1
TCGA-GN-A265	3	85570561	85958384	10	2
TCGA-GN-A265	3	85958776	86979791	3	1
TCGA-GN-A265	3	86980966	197896118	1	1
TCGA-GN-A265	4	12281	2007516	2	1
TCGA-GN-A265	4	2007811	43787059	1	1
TCGA-GN-A265	4	43787479	57072935	2	1
TCGA-GN-A265	4	57072964	191027923	1	1
TCGA-GN-A265	5	15532	14378318	2	0
TCGA-GN-A265	5	14378553	25872701	1	1
TCGA-GN-A265	5	25874530	166790172	2	1
TCGA-GN-A265	5	166794090	180790320	1	1
TCGA-GN-A265	6	149661	17848021	3	0
TCGA-GN-A265	6	17850037	51669599	1	1
TCGA-GN-A265	6	51670322	66577382	2	1
TCGA-GN-A265	6	66577523	73649450	1	1
TCGA-GN-A265	6	73650851	76783330	2	1
TCGA-GN-A265	6	76786554	171051005	1	1
TCGA-GN-A265	7	43259	8733736	1	1
TCGA-GN-A265	7	8737413	20552821	2	2
TCGA-GN-A265	7	20552968	32016555	2	1
TCGA-GN-A265	7	32017142	34540217	2	2
TCGA-GN-A265	7	34540448	159127004	2	1
TCGA-GN-A265	8	31254	39615561	1	0
TCGA-GN-A265	8	39618550	43679530	1	1
TCGA-GN-A265	8	43696756	65989977	2	2
TCGA-GN-A265	8	65991911	73407745	1	1
TCGA-GN-A265	8	73407824	78198334	2	1
TCGA-GN-A265	8	78199180	139592780	1	1
TCGA-GN-A265	8	139593495	142437352	2	1
TCGA-GN-A265	8	142452225	146298155	2	0
TCGA-GN-A265	9	46587	1115880	12	0
TCGA-GN-A265	9	1115998	21720943	1	1
TCGA-GN-A265	9	21721383	22072719	0	0
TCGA-GN-A265	9	22072730	47217176	1	1
TCGA-GN-A265	9	65616971	76283264	1	0
TCGA-GN-A265	9	76289271	92704968	1	1
TCGA-GN-A265	9	92705035	134157828	1	0
TCGA-GN-A265	9	134162558	141091394	1	1
TCGA-GN-A265	10	72759	42938121	1	1
TCGA-GN-A265	10	42938533	135506704	1	0
TCGA-GN-A265	11	198572	55751553	1	1
TCGA-GN-A265	11	55751592	134944770	1	0
TCGA-GN-A265	12	150442	133778189	1	1
TCGA-GN-A265	13	19026949	115108397	1	1
TCGA-GN-A265	14	19002124	22421677	2	1
TCGA-GN-A265	14	22422976	22959974	1	0
TCGA-GN-A265	14	22960770	51966593	2	1
TCGA-GN-A265	14	51967896	107285437	1	1
TCGA-GN-A265	15	20016328	60824456	1	1
TCGA-GN-A265	15	60824601	61944620	2	1
TCGA-GN-A265	15	61947694	66053763	2	0
TCGA-GN-A265	15	66054276	67014742	3	2
TCGA-GN-A265	15	67014887	67642618	2	0
TCGA-GN-A265	15	67643064	72322222	2	2
TCGA-GN-A265	15	72324114	73547829	1	0
TCGA-GN-A265	15	73547974	75464966	0	0
TCGA-GN-A265	15	75465468	76948491	1	1
TCGA-GN-A265	15	76961526	78692431	4	1
TCGA-GN-A265	15	78692448	85629927	2	1
TCGA-GN-A265	15	85635890	85957736	6	1
TCGA-GN-A265	15	85959986	86486542	3	1
TCGA-GN-A265	15	86489699	86886224	1	0
TCGA-GN-A265	15	86888514	87384300	7	1
TCGA-GN-A265	15	87384672	96678107	1	0
TCGA-GN-A265	15	96682117	99284091	2	2
TCGA-GN-A265	15	99284641	102469040	2	1
TCGA-GN-A265	16	60777	65928697	1	1
TCGA-GN-A265	16	65928770	90287535	1	0
TCGA-GN-A265	17	526	16450583	1	0
TCGA-GN-A265	17	16450762	47015493	1	1
TCGA-GN-A265	17	47018189	81049726	2	1
TCGA-GN-A265	18	48133	4718609	3	1
TCGA-GN-A265	18	4718844	10478875	2	1
TCGA-GN-A265	18	10479435	40881951	1	1
TCGA-GN-A265	18	40885899	42783113	1	0
TCGA-GN-A265	18	42784278	59234703	1	1
TCGA-GN-A265	18	59235205	68066389	1	0
TCGA-GN-A265	18	68066510	71793384	1	1
TCGA-GN-A265	18	71796378	78015057	1	0
TCGA-GN-A265	19	90910	1014377	2	1
TCGA-GN-A265	19	1021725	15519015	1	0
TCGA-GN-A265	19	15520539	59097854	1	1
TCGA-GN-A265	20	61305	457837	1	0
TCGA-GN-A265	20	460703	3230404	2	1
TCGA-GN-A265	20	3231134	10773860	2	0
TCGA-GN-A265	20	10776321	62956153	2	1
TCGA-GN-A265	21	10736871	48096957	1	0
TCGA-GN-A265	22	16052528	34325714	2	2
TCGA-GN-A265	22	34325851	36514222	4	1
TCGA-GN-A265	22	36515256	51234455	2	2
TCGA-GN-A265	X	168477	154859729	1	0
TCGA-GN-A265	X	154860087	155233846	0	0
