sample	chr	startpos	endpos	nMajor	nMinor
TCGA-FW-A3TU	1	61735	42780261	2	0
TCGA-FW-A3TU	1	42788400	249224388	2	2
TCGA-FW-A3TU	2	12784	117955302	2	2
TCGA-FW-A3TU	2	117955624	119439642	4	2
TCGA-FW-A3TU	2	119444229	230775398	2	2
TCGA-FW-A3TU	2	230779370	243089456	2	0
TCGA-FW-A3TU	3	60345	197896118	2	1
TCGA-FW-A3TU	4	12281	85479865	2	1
TCGA-FW-A3TU	4	85479990	85531918	2	0
TCGA-FW-A3TU	4	85534830	106201121	1	0
TCGA-FW-A3TU	4	106204893	188525783	2	1
TCGA-FW-A3TU	4	188525897	191027923	4	1
TCGA-FW-A3TU	5	15532	49432831	6	2
TCGA-FW-A3TU	5	49441958	180790320	3	2
TCGA-FW-A3TU	6	149661	100915793	3	2
TCGA-FW-A3TU	6	100916276	140877449	3	0
TCGA-FW-A3TU	6	140884543	141136963	0	0
TCGA-FW-A3TU	6	141138861	171051005	3	0
TCGA-FW-A3TU	7	43259	159127004	2	2
TCGA-FW-A3TU	8	31254	15571187	2	2
TCGA-FW-A3TU	8	15572938	39459484	2	0
TCGA-FW-A3TU	8	39460780	146298155	2	2
TCGA-FW-A3TU	9	46587	29203693	2	0
TCGA-FW-A3TU	9	29206179	47217176	2	2
TCGA-FW-A3TU	9	65616971	100471427	2	0
TCGA-FW-A3TU	9	100472829	101163445	2	2
TCGA-FW-A3TU	9	101165192	105787105	2	0
TCGA-FW-A3TU	9	105787272	111625556	2	2
TCGA-FW-A3TU	9	111625865	112066668	2	0
TCGA-FW-A3TU	9	112067339	113766070	2	2
TCGA-FW-A3TU	9	113773906	114285373	2	0
TCGA-FW-A3TU	9	114286425	141091394	2	2
TCGA-FW-A3TU	10	72759	24907072	2	2
TCGA-FW-A3TU	10	24907277	27579970	2	0
TCGA-FW-A3TU	10	27587531	74794504	2	2
TCGA-FW-A3TU	10	74800759	135506704	2	0
TCGA-FW-A3TU	11	198572	109849737	2	2
TCGA-FW-A3TU	11	109854283	119569148	2	0
TCGA-FW-A3TU	11	119569737	134944770	2	2
TCGA-FW-A3TU	12	150442	37857944	2	2
TCGA-FW-A3TU	12	37863724	48211506	2	0
TCGA-FW-A3TU	12	48211722	77169938	2	2
TCGA-FW-A3TU	12	77170357	133778189	2	0
TCGA-FW-A3TU	13	19026949	115108397	5	2
TCGA-FW-A3TU	14	19002124	67261990	2	2
TCGA-FW-A3TU	14	67270123	67400640	1	0
TCGA-FW-A3TU	14	67404024	107285437	2	2
TCGA-FW-A3TU	15	20016328	63625658	2	0
TCGA-FW-A3TU	15	63625997	102469040	4	0
TCGA-FW-A3TU	16	60777	70854381	2	0
TCGA-FW-A3TU	16	70855202	71202489	3	1
TCGA-FW-A3TU	16	71202797	90287535	2	0
TCGA-FW-A3TU	17	526	16952322	2	2
TCGA-FW-A3TU	17	16957048	17788396	2	0
TCGA-FW-A3TU	17	17789466	18033455	4	0
TCGA-FW-A3TU	17	18035311	18035311	3	0
TCGA-FW-A3TU	17	18035644	81049726	2	2
TCGA-FW-A3TU	18	48133	78015057	2	0
TCGA-FW-A3TU	19	90910	2218359	2	0
TCGA-FW-A3TU	19	2241327	59097854	2	2
TCGA-FW-A3TU	20	61305	25177805	2	2
TCGA-FW-A3TU	20	25177920	26297208	2	0
TCGA-FW-A3TU	20	26305491	62956153	2	2
TCGA-FW-A3TU	21	10736871	48096957	2	2
TCGA-FW-A3TU	22	16052528	50618689	2	2
TCGA-FW-A3TU	22	50630113	51234455	2	0
TCGA-FW-A3TU	X	168477	74005867	2	0
TCGA-FW-A3TU	X	74007207	85220000	1	0
TCGA-FW-A3TU	X	85220131	155233846	2	0
