sample	chr	startpos	endpos	nMajor	nMinor
TCGA-86-8074	1	61735	106496708	5	2
TCGA-86-8074	1	106499696	108476957	6	6
TCGA-86-8074	1	108479087	114058280	5	2
TCGA-86-8074	1	114058349	115941049	6	2
TCGA-86-8074	1	115941974	117423630	4	3
TCGA-86-8074	1	117426442	121482979	5	4
TCGA-86-8074	1	144007049	156697056	7	6
TCGA-86-8074	1	156697894	249224388	4	3
TCGA-86-8074	2	12784	243089456	2	2
TCGA-86-8074	3	60345	59750396	4	0
TCGA-86-8074	3	59750791	197896118	7	0
TCGA-86-8074	4	12281	5046339	2	1
TCGA-86-8074	4	5053962	30100651	3	2
TCGA-86-8074	4	30101823	32195424	3	3
TCGA-86-8074	4	32201220	37721151	2	2
TCGA-86-8074	4	37722832	49061209	12	3
TCGA-86-8074	4	49063479	52891997	4	0
TCGA-86-8074	4	52896651	53277675	13	3
TCGA-86-8074	4	53278549	54201620	3	0
TCGA-86-8074	4	54203701	54737829	11	3
TCGA-86-8074	4	54741286	54778529	4	0
TCGA-86-8074	4	54778789	55347852	3	0
TCGA-86-8074	4	55359062	55962358	11	4
TCGA-86-8074	4	55963282	102088150	3	0
TCGA-86-8074	4	102088643	107613907	5	0
TCGA-86-8074	4	107614768	121061084	6	0
TCGA-86-8074	4	121061863	126316028	5	0
TCGA-86-8074	4	126316322	135071831	3	0
TCGA-86-8074	4	135071853	139039519	5	0
TCGA-86-8074	4	139041940	148617116	7	0
TCGA-86-8074	4	148617169	154232337	3	0
TCGA-86-8074	4	154232522	154832645	7	0
TCGA-86-8074	4	154832776	160087741	5	0
TCGA-86-8074	4	160088137	162840822	2	0
TCGA-86-8074	4	162841102	166146292	5	0
TCGA-86-8074	4	166147712	168268236	3	0
TCGA-86-8074	4	168280357	177485374	2	0
TCGA-86-8074	4	177486073	180235752	6	0
TCGA-86-8074	4	180238066	180798269	4	0
TCGA-86-8074	4	180799005	189344250	7	0
TCGA-86-8074	4	189344437	191027923	5	0
TCGA-86-8074	5	15532	13642795	14	2
TCGA-86-8074	5	13642926	22248586	14	0
TCGA-86-8074	5	22251380	22438215	2	0
TCGA-86-8074	5	22438215	28836022	14	0
TCGA-86-8074	5	28837164	46382652	15	0
TCGA-86-8074	5	46383335	68370498	2	0
TCGA-86-8074	5	68377130	73703782	5	0
TCGA-86-8074	5	73709610	91635515	2	0
TCGA-86-8074	5	91689107	92575435	3	2
TCGA-86-8074	5	92576494	99773360	3	1
TCGA-86-8074	5	99776465	101154609	15	3
TCGA-86-8074	5	101155575	102919342	3	2
TCGA-86-8074	5	102926947	117368471	2	0
TCGA-86-8074	5	117368644	177410416	2	1
TCGA-86-8074	5	177413659	180790320	3	3
TCGA-86-8074	6	149661	57329886	6	0
TCGA-86-8074	6	57330320	58058678	3	0
TCGA-86-8074	6	58058729	61931989	6	0
TCGA-86-8074	6	61949118	92526369	3	0
TCGA-86-8074	6	92530585	111057129	2	0
TCGA-86-8074	6	111064418	171051005	3	3
TCGA-86-8074	7	43259	9026781	6	2
TCGA-86-8074	7	9027838	10599751	15	6
TCGA-86-8074	7	10601760	41505991	6	2
TCGA-86-8074	7	41506114	41569849	13	5
TCGA-86-8074	7	41573876	45193090	6	2
TCGA-86-8074	7	45196464	49615628	14	5
TCGA-86-8074	7	49619218	50095893	6	2
TCGA-86-8074	7	50096263	57612170	14	5
TCGA-86-8074	7	57612544	66676380	13	2
TCGA-86-8074	7	66678983	67351051	13	5
TCGA-86-8074	7	67357704	67786475	13	2
TCGA-86-8074	7	67795548	76712801	3	2
TCGA-86-8074	7	76720582	78124424	6	2
TCGA-86-8074	7	78132420	147329171	3	2
TCGA-86-8074	7	147333321	149605780	6	2
TCGA-86-8074	7	149605790	159127004	3	2
TCGA-86-8074	8	31254	43767226	1	0
TCGA-86-8074	8	43778914	56319797	3	3
TCGA-86-8074	8	56322636	57615903	4	0
TCGA-86-8074	8	57615962	57894468	3	3
TCGA-86-8074	8	57902388	58244491	4	0
TCGA-86-8074	8	58244825	58479965	4	3
TCGA-86-8074	8	58484270	102400321	4	0
TCGA-86-8074	8	102400539	146298155	4	3
TCGA-86-8074	9	46587	47217176	3	0
TCGA-86-8074	9	65616971	141091394	3	2
TCGA-86-8074	10	72759	135506704	4	0
TCGA-86-8074	11	198572	12436895	4	3
TCGA-86-8074	11	12437526	16831100	4	4
TCGA-86-8074	11	16833337	28987416	4	3
TCGA-86-8074	11	28987510	29668876	13	2
TCGA-86-8074	11	29668974	37023565	9	3
TCGA-86-8074	11	37023911	37673228	23	2
TCGA-86-8074	11	37675164	38591526	12	2
TCGA-86-8074	11	38592842	39620131	8	2
TCGA-86-8074	11	39631932	50658789	3	3
TCGA-86-8074	11	50662811	60840180	2	2
TCGA-86-8074	11	60841630	64092729	3	2
TCGA-86-8074	11	64094429	72216297	3	0
TCGA-86-8074	11	72218852	74186875	12	3
TCGA-86-8074	11	74188642	74305618	3	0
TCGA-86-8074	11	74307614	74507109	12	3
TCGA-86-8074	11	74508609	75371182	3	0
TCGA-86-8074	11	75375301	75557301	10	3
TCGA-86-8074	11	75557383	75565272	14	0
TCGA-86-8074	11	75573578	76246953	3	0
TCGA-86-8074	11	76251818	78454125	13	3
TCGA-86-8074	11	78455918	79332552	22	2
TCGA-86-8074	11	79332619	80109522	34	2
TCGA-86-8074	11	80113483	80242151	4	4
TCGA-86-8074	11	80245270	82273668	11	3
TCGA-86-8074	11	82277755	85896278	3	0
TCGA-86-8074	11	85896297	86697660	3	2
TCGA-86-8074	11	86699686	87740806	2	0
TCGA-86-8074	11	87745806	90593851	3	2
TCGA-86-8074	11	90593900	134944770	3	0
TCGA-86-8074	12	150442	31484881	3	0
TCGA-86-8074	12	31486932	41093269	3	2
TCGA-86-8074	12	41093398	44185652	10	3
TCGA-86-8074	12	44190821	68662611	2	2
TCGA-86-8074	12	68663314	70167164	4	3
TCGA-86-8074	12	70175611	133778189	2	2
TCGA-86-8074	13	19026949	115108397	5	0
TCGA-86-8074	14	19002124	107285437	5	1
TCGA-86-8074	15	20016328	32963205	3	0
TCGA-86-8074	15	32963756	33929576	3	1
TCGA-86-8074	15	33929755	81601866	3	0
TCGA-86-8074	15	81604131	87028588	3	2
TCGA-86-8074	15	87030388	88721309	2	0
TCGA-86-8074	15	88724647	89734087	3	2
TCGA-86-8074	15	89734530	92322665	3	0
TCGA-86-8074	15	92326264	94782072	3	2
TCGA-86-8074	15	94785697	102469040	2	0
TCGA-86-8074	16	60777	90287535	3	2
TCGA-86-8074	17	526	81049726	5	0
TCGA-86-8074	18	48133	33007229	3	3
TCGA-86-8074	18	33010942	34064611	12	2
TCGA-86-8074	18	34065572	78015057	2	1
TCGA-86-8074	19	90910	15894163	4	0
TCGA-86-8074	19	15894514	24596750	5	0
TCGA-86-8074	19	27747993	33271339	10	0
TCGA-86-8074	19	33277428	37755731	6	0
TCGA-86-8074	19	37794850	57696385	4	0
TCGA-86-8074	19	57712505	59097854	6	0
TCGA-86-8074	20	61305	24701657	4	0
TCGA-86-8074	20	24702606	62956153	4	1
TCGA-86-8074	21	10736871	19348805	3	2
TCGA-86-8074	21	19349351	19993123	2	0
TCGA-86-8074	21	19994157	20282174	3	2
TCGA-86-8074	21	20285601	34176755	2	0
TCGA-86-8074	21	34176865	48096957	5	0
TCGA-86-8074	22	16052528	51234455	4	0
TCGA-86-8074	X	168477	5792981	3	2
TCGA-86-8074	X	5793911	98529896	3	3
TCGA-86-8074	X	98530125	113242051	4	3
TCGA-86-8074	X	113242151	135483360	3	3
TCGA-86-8074	X	135483887	155233846	4	1
