sample	chr	startpos	endpos	nMajor	nMinor
TCGA-BH-A1EY	1	61735	4510420	1	0
TCGA-BH-A1EY	1	4510685	8850528	1	1
TCGA-BH-A1EY	1	8854941	9925976	2	1
TCGA-BH-A1EY	1	9926020	51238182	1	1
TCGA-BH-A1EY	1	51239101	53909020	2	1
TCGA-BH-A1EY	1	53911812	54977327	1	1
TCGA-BH-A1EY	1	54978948	57593373	1	0
TCGA-BH-A1EY	1	57595054	58644573	1	1
TCGA-BH-A1EY	1	58648989	118384261	1	0
TCGA-BH-A1EY	1	118384425	214549385	1	1
TCGA-BH-A1EY	1	214551276	249224388	2	1
TCGA-BH-A1EY	2	12784	29032733	1	0
TCGA-BH-A1EY	2	29032746	35955369	1	1
TCGA-BH-A1EY	2	35955657	36395628	2	1
TCGA-BH-A1EY	2	36395676	45533241	1	1
TCGA-BH-A1EY	2	45533630	46207618	1	0
TCGA-BH-A1EY	2	46207966	127073345	1	1
TCGA-BH-A1EY	2	127073854	127200477	1	0
TCGA-BH-A1EY	2	127205053	243089456	1	1
TCGA-BH-A1EY	3	60345	6950739	2	1
TCGA-BH-A1EY	3	6952375	36817050	1	1
TCGA-BH-A1EY	3	36817328	59772328	1	0
TCGA-BH-A1EY	3	59772342	60202075	2	0
TCGA-BH-A1EY	3	60202315	83117985	1	0
TCGA-BH-A1EY	3	83119203	197896118	1	1
TCGA-BH-A1EY	4	12281	64198883	1	1
TCGA-BH-A1EY	4	64211261	64789260	1	0
TCGA-BH-A1EY	4	64791788	92152996	1	1
TCGA-BH-A1EY	4	92159418	98163972	2	1
TCGA-BH-A1EY	4	98164787	103191787	1	0
TCGA-BH-A1EY	4	103200347	105024614	2	1
TCGA-BH-A1EY	4	105029491	191027923	1	0
TCGA-BH-A1EY	5	15532	3850437	3	1
TCGA-BH-A1EY	5	3850597	5175208	1	1
TCGA-BH-A1EY	5	5181439	5307913	3	1
TCGA-BH-A1EY	5	5308080	180790320	1	1
TCGA-BH-A1EY	6	149661	49412433	1	0
TCGA-BH-A1EY	6	49419864	51088522	1	1
TCGA-BH-A1EY	6	51095527	51104074	12	12
TCGA-BH-A1EY	6	51104554	51330471	29	1
TCGA-BH-A1EY	6	51332162	52976930	1	1
TCGA-BH-A1EY	6	52980609	53778246	4	1
TCGA-BH-A1EY	6	53782196	54787875	1	0
TCGA-BH-A1EY	6	54794240	171051005	1	1
TCGA-BH-A1EY	7	43259	67163705	1	1
TCGA-BH-A1EY	7	67164037	69413716	2	1
TCGA-BH-A1EY	7	69415279	159127004	1	1
TCGA-BH-A1EY	8	31254	34498386	1	0
TCGA-BH-A1EY	8	34503172	38295542	1	1
TCGA-BH-A1EY	8	38298647	43625120	1	0
TCGA-BH-A1EY	8	43625410	50756640	1	1
TCGA-BH-A1EY	8	50757060	51642006	2	1
TCGA-BH-A1EY	8	51642397	88565264	1	1
TCGA-BH-A1EY	8	88570379	126277384	2	1
TCGA-BH-A1EY	8	126277956	134302814	2	2
TCGA-BH-A1EY	8	134303407	136027423	2	1
TCGA-BH-A1EY	8	136030293	146298155	2	0
TCGA-BH-A1EY	9	46587	33180813	1	0
TCGA-BH-A1EY	9	33180961	34028285	3	1
TCGA-BH-A1EY	9	34028308	141091394	1	1
TCGA-BH-A1EY	10	72759	38514198	1	1
TCGA-BH-A1EY	10	38519769	56332966	1	0
TCGA-BH-A1EY	10	56335560	56819932	2	1
TCGA-BH-A1EY	10	56822878	63519724	1	0
TCGA-BH-A1EY	10	63520107	69210473	2	1
TCGA-BH-A1EY	10	69212497	75304115	1	1
TCGA-BH-A1EY	10	75305785	78282541	3	1
TCGA-BH-A1EY	10	78282773	80617297	2	1
TCGA-BH-A1EY	10	80618993	81835686	4	1
TCGA-BH-A1EY	10	81836082	86612779	1	0
TCGA-BH-A1EY	10	86615081	88096086	2	1
TCGA-BH-A1EY	10	88101367	90984990	1	0
TCGA-BH-A1EY	10	90985948	91386496	1	1
TCGA-BH-A1EY	10	91388791	91593209	1	0
TCGA-BH-A1EY	10	91593216	91746161	5	1
TCGA-BH-A1EY	10	91746989	91754671	9	0
TCGA-BH-A1EY	10	91755297	92427993	14	1
TCGA-BH-A1EY	10	92430547	93213252	2	1
TCGA-BH-A1EY	10	93219338	93616266	14	1
TCGA-BH-A1EY	10	93619306	94877164	1	1
TCGA-BH-A1EY	10	94877718	95006956	11	1
TCGA-BH-A1EY	10	95006977	95234482	2	1
TCGA-BH-A1EY	10	95234904	99359987	1	1
TCGA-BH-A1EY	10	99360533	99833704	6	1
TCGA-BH-A1EY	10	99834840	101048021	1	0
TCGA-BH-A1EY	10	101048492	101668986	2	1
TCGA-BH-A1EY	10	101671649	103511080	3	1
TCGA-BH-A1EY	10	103516233	108617347	1	1
TCGA-BH-A1EY	10	108619614	110392666	4	1
TCGA-BH-A1EY	10	110394197	110699730	11	1
TCGA-BH-A1EY	10	110701987	111613357	7	1
TCGA-BH-A1EY	10	111614293	111787511	14	2
TCGA-BH-A1EY	10	111790148	121416576	1	0
TCGA-BH-A1EY	10	121419309	121748006	3	1
TCGA-BH-A1EY	10	121748671	122763675	1	0
TCGA-BH-A1EY	10	122770663	123862916	26	1
TCGA-BH-A1EY	10	123864636	125076834	2	1
TCGA-BH-A1EY	10	125077160	135506704	1	1
TCGA-BH-A1EY	11	198572	2297615	1	0
TCGA-BH-A1EY	11	2298259	5098553	1	1
TCGA-BH-A1EY	11	5098714	5414735	1	0
TCGA-BH-A1EY	11	5423639	5647391	1	1
TCGA-BH-A1EY	11	5651335	28759809	1	0
TCGA-BH-A1EY	11	28759826	37768913	1	1
TCGA-BH-A1EY	11	37771010	38986782	2	1
TCGA-BH-A1EY	11	38987179	99664796	1	1
TCGA-BH-A1EY	11	99666771	132724374	1	0
TCGA-BH-A1EY	11	132724689	134944770	1	1
TCGA-BH-A1EY	12	150442	50199651	1	1
TCGA-BH-A1EY	12	50206723	55421600	1	0
TCGA-BH-A1EY	12	55424639	56557997	2	1
TCGA-BH-A1EY	12	56558244	117893931	1	1
TCGA-BH-A1EY	12	117894232	121554668	3	1
TCGA-BH-A1EY	12	121554798	127271247	1	0
TCGA-BH-A1EY	12	127272102	127598954	3	1
TCGA-BH-A1EY	12	127603808	133778189	1	0
TCGA-BH-A1EY	13	19026949	24030514	1	0
TCGA-BH-A1EY	13	24031093	24524626	1	1
TCGA-BH-A1EY	13	24526687	24891017	1	0
TCGA-BH-A1EY	13	24893694	25237070	1	1
TCGA-BH-A1EY	13	25237966	26458231	1	0
TCGA-BH-A1EY	13	26458479	27948138	5	1
TCGA-BH-A1EY	13	27948532	30373171	2	1
TCGA-BH-A1EY	13	30379613	30475869	4	1
TCGA-BH-A1EY	13	30475887	31042965	10	1
TCGA-BH-A1EY	13	31047249	31304558	5	1
TCGA-BH-A1EY	13	31304665	31420653	2	1
TCGA-BH-A1EY	13	31424919	115108397	1	0
TCGA-BH-A1EY	14	19002124	27712232	1	1
TCGA-BH-A1EY	14	27714462	28317455	1	0
TCGA-BH-A1EY	14	28317482	31334427	1	1
TCGA-BH-A1EY	14	31336809	37635652	1	0
TCGA-BH-A1EY	14	37643517	41973632	1	1
TCGA-BH-A1EY	14	41978973	43492451	1	0
TCGA-BH-A1EY	14	43492808	44986631	2	1
TCGA-BH-A1EY	14	44993470	107285437	1	0
TCGA-BH-A1EY	15	20016328	102469040	1	1
TCGA-BH-A1EY	16	60777	5706416	1	1
TCGA-BH-A1EY	16	5706977	5843087	1	0
TCGA-BH-A1EY	16	5843110	35283226	1	1
TCGA-BH-A1EY	16	46463782	90287535	1	0
TCGA-BH-A1EY	17	526	56850367	1	0
TCGA-BH-A1EY	17	56856136	57519692	0	0
TCGA-BH-A1EY	17	57520826	81049726	1	0
TCGA-BH-A1EY	18	48133	60736207	1	0
TCGA-BH-A1EY	18	60739233	61825180	2	0
TCGA-BH-A1EY	18	61825358	78015057	1	0
TCGA-BH-A1EY	19	90910	15209102	1	1
TCGA-BH-A1EY	19	15209603	20178457	1	0
TCGA-BH-A1EY	19	20178694	20892393	1	1
TCGA-BH-A1EY	19	20892999	22076340	2	1
TCGA-BH-A1EY	19	22081287	32413485	1	1
TCGA-BH-A1EY	19	32415230	48231648	1	0
TCGA-BH-A1EY	19	48232246	50447527	1	1
TCGA-BH-A1EY	19	50448648	51339207	2	1
TCGA-BH-A1EY	19	51345568	57523817	1	1
TCGA-BH-A1EY	19	57523957	58108217	1	0
TCGA-BH-A1EY	19	58112435	59097854	1	1
TCGA-BH-A1EY	20	61305	18902228	1	1
TCGA-BH-A1EY	20	18905518	19453215	2	1
TCGA-BH-A1EY	20	19453707	62956153	1	1
TCGA-BH-A1EY	21	10736871	22072316	1	1
TCGA-BH-A1EY	21	22073015	23772473	1	0
TCGA-BH-A1EY	21	23772807	29620369	1	1
TCGA-BH-A1EY	21	29620859	30344885	1	0
TCGA-BH-A1EY	21	30344942	32182012	2	1
TCGA-BH-A1EY	21	32190310	32289132	5	2
TCGA-BH-A1EY	21	32289793	33234605	1	1
TCGA-BH-A1EY	21	33236455	33333331	3	1
TCGA-BH-A1EY	21	33334632	34656157	1	1
TCGA-BH-A1EY	21	34656653	34853993	3	1
TCGA-BH-A1EY	21	34854012	38085622	1	0
TCGA-BH-A1EY	21	38085742	38911485	2	1
TCGA-BH-A1EY	21	38914292	41608736	1	0
TCGA-BH-A1EY	21	41610486	46487831	1	1
TCGA-BH-A1EY	21	46487902	48096957	2	1
TCGA-BH-A1EY	22	16052528	51234455	1	0
TCGA-BH-A1EY	X	168477	155233846	1	1
