sample	chr	startpos	endpos	nMajor	nMinor
TCGA-G9-6342-a	1	61735	63322883	2	2
TCGA-G9-6342-a	1	63325193	66080064	2	0
TCGA-G9-6342-a	1	66085433	91730294	2	2
TCGA-G9-6342-a	1	91730806	114072635	2	1
TCGA-G9-6342-a	1	114072686	249224388	2	2
TCGA-G9-6342-a	2	12784	243089456	2	2
TCGA-G9-6342-a	3	60345	197896118	2	2
TCGA-G9-6342-a	4	12281	20608749	2	2
TCGA-G9-6342-a	4	20608975	21270937	3	2
TCGA-G9-6342-a	4	21270969	49643763	2	2
TCGA-G9-6342-a	4	49649791	72337268	2	0
TCGA-G9-6342-a	4	72339194	191027923	2	2
TCGA-G9-6342-a	5	15532	180790320	2	2
TCGA-G9-6342-a	6	149661	46613332	2	2
TCGA-G9-6342-a	6	46615658	57110054	2	0
TCGA-G9-6342-a	6	57110411	171051005	2	2
TCGA-G9-6342-a	7	43259	159127004	2	2
TCGA-G9-6342-a	8	31254	48730548	2	0
TCGA-G9-6342-a	8	48741570	146298155	2	2
TCGA-G9-6342-a	9	46587	141091394	2	2
TCGA-G9-6342-a	10	72759	89309599	2	2
TCGA-G9-6342-a	10	89313007	89716447	2	0
TCGA-G9-6342-a	10	89716481	90014221	0	0
TCGA-G9-6342-a	10	90014680	105988353	2	0
TCGA-G9-6342-a	10	105993301	125333007	2	2
TCGA-G9-6342-a	10	125333206	135506704	2	0
TCGA-G9-6342-a	11	198572	128915482	2	2
TCGA-G9-6342-a	11	128915756	129700810	2	1
TCGA-G9-6342-a	11	129701755	134944770	2	2
TCGA-G9-6342-a	12	150442	120924638	2	2
TCGA-G9-6342-a	12	120926044	121140628	2	0
TCGA-G9-6342-a	12	121142992	133778189	2	2
TCGA-G9-6342-a	13	19026949	115108397	2	2
TCGA-G9-6342-a	14	19002124	107285437	2	2
TCGA-G9-6342-a	15	20016328	102469040	2	2
TCGA-G9-6342-a	16	60777	72542332	2	2
TCGA-G9-6342-a	16	72542866	90287535	2	0
TCGA-G9-6342-a	17	526	3763841	2	2
TCGA-G9-6342-a	17	3763933	14764465	2	1
TCGA-G9-6342-a	17	14764700	81049726	2	2
TCGA-G9-6342-a	18	48133	56030662	2	2
TCGA-G9-6342-a	18	56031042	78015057	2	0
TCGA-G9-6342-a	19	90910	49083493	2	2
TCGA-G9-6342-a	19	49084056	49959364	2	0
TCGA-G9-6342-a	19	49961137	59097854	2	2
TCGA-G9-6342-a	20	61305	62956153	2	2
TCGA-G9-6342-a	21	10736871	39806657	2	2
TCGA-G9-6342-a	21	39806885	42875404	2	0
TCGA-G9-6342-a	21	42876400	48096957	2	2
TCGA-G9-6342-a	22	16052528	51234455	2	2
TCGA-G9-6342-a	X	168477	2703391	2	2
TCGA-G9-6342-a	X	2703633	154929498	2	0
TCGA-G9-6342-a	X	154963439	155233846	3	2
