sample	chr	startpos	endpos	nMajor	nMinor
TCGA-CJ-4885	1	61735	249224388	1	1
TCGA-CJ-4885	2	12784	243089456	1	1
TCGA-CJ-4885	3	60345	56437326	1	0
TCGA-CJ-4885	3	56439053	57938822	1	1
TCGA-CJ-4885	3	57947726	58221932	1	0
TCGA-CJ-4885	3	58222298	61698575	1	1
TCGA-CJ-4885	3	61698761	62064517	1	0
TCGA-CJ-4885	3	62066119	197896118	1	1
TCGA-CJ-4885	4	12281	191027923	1	1
TCGA-CJ-4885	5	15532	180790320	2	1
TCGA-CJ-4885	6	149661	171051005	2	1
TCGA-CJ-4885	7	43259	159127004	2	1
TCGA-CJ-4885	8	31254	106790658	1	0
TCGA-CJ-4885	8	106795244	108587891	1	1
TCGA-CJ-4885	8	108603142	109539717	1	0
TCGA-CJ-4885	8	109539847	146298155	1	1
TCGA-CJ-4885	9	46587	141091394	1	1
TCGA-CJ-4885	10	72759	135506704	1	1
TCGA-CJ-4885	11	198572	134944770	2	1
TCGA-CJ-4885	12	150442	133778189	1	1
TCGA-CJ-4885	13	19026949	115108397	1	1
TCGA-CJ-4885	14	19002124	107285437	1	1
TCGA-CJ-4885	15	20016328	102469040	1	1
TCGA-CJ-4885	16	60777	90287535	2	1
TCGA-CJ-4885	17	526	81049726	1	1
TCGA-CJ-4885	18	48133	78015057	1	1
TCGA-CJ-4885	19	90910	59097854	1	1
TCGA-CJ-4885	20	61305	62956153	1	1
TCGA-CJ-4885	21	10736871	48096957	1	1
TCGA-CJ-4885	22	16052528	51234455	1	1
TCGA-CJ-4885	X	168477	155233846	1	0
