sample	chr	startpos	endpos	nMajor	nMinor
TCGA-39-5016	1	61735	121482979	2	0
TCGA-39-5016	1	144007049	228838051	4	0
TCGA-39-5016	1	228841271	246711644	5	0
TCGA-39-5016	1	246714676	249224388	4	0
TCGA-39-5016	2	12784	98495052	2	2
TCGA-39-5016	2	98496642	134285982	3	2
TCGA-39-5016	2	134288640	173006627	2	1
TCGA-39-5016	2	173008084	243089456	4	1
TCGA-39-5016	3	60345	89880144	2	0
TCGA-39-5016	3	89887431	95321347	3	1
TCGA-39-5016	3	95321369	98613773	3	2
TCGA-39-5016	3	98616430	110075763	3	0
TCGA-39-5016	3	110075815	134163713	3	1
TCGA-39-5016	3	134164155	163833545	4	1
TCGA-39-5016	3	163833658	171711053	10	1
TCGA-39-5016	3	171712133	177923212	10	2
TCGA-39-5016	3	177927974	182587221	6	2
TCGA-39-5016	3	182587251	186456917	6	4
TCGA-39-5016	3	186457133	197896118	7	0
TCGA-39-5016	4	12281	43631543	2	0
TCGA-39-5016	4	43634871	49579167	2	2
TCGA-39-5016	4	49584109	54851937	3	2
TCGA-39-5016	4	54855680	58506297	7	2
TCGA-39-5016	4	58508017	175458934	2	1
TCGA-39-5016	4	175459298	175778212	8	1
TCGA-39-5016	4	175779655	176549546	1	0
TCGA-39-5016	4	176549722	191027923	2	1
TCGA-39-5016	5	15532	14387813	3	2
TCGA-39-5016	5	14390531	49560293	2	2
TCGA-39-5016	5	49560859	176516385	2	0
TCGA-39-5016	5	176516453	180790320	3	0
TCGA-39-5016	6	149661	126659043	1	1
TCGA-39-5016	6	126661154	136971479	2	1
TCGA-39-5016	6	136975106	171051005	1	1
TCGA-39-5016	7	43259	61850293	2	2
TCGA-39-5016	7	61850588	75164510	5	2
TCGA-39-5016	7	75165018	75935056	2	1
TCGA-39-5016	7	75937049	76277144	7	0
TCGA-39-5016	7	76277402	86625642	7	2
TCGA-39-5016	7	86625854	89308474	9	2
TCGA-39-5016	7	89308529	107094792	5	2
TCGA-39-5016	7	107095227	159127004	2	1
TCGA-39-5016	8	31254	8093182	1	1
TCGA-39-5016	8	8094763	8685190	3	1
TCGA-39-5016	8	8685646	11011854	5	1
TCGA-39-5016	8	11014770	12358181	1	1
TCGA-39-5016	8	12361900	16306115	3	1
TCGA-39-5016	8	16306771	38008178	1	1
TCGA-39-5016	8	38015492	41745534	3	1
TCGA-39-5016	8	41746092	92827820	2	1
TCGA-39-5016	8	92837615	146298155	2	2
TCGA-39-5016	9	46587	47217176	2	0
TCGA-39-5016	9	65616971	99866058	2	2
TCGA-39-5016	9	99869964	102273578	2	0
TCGA-39-5016	9	102276896	103858565	1	0
TCGA-39-5016	9	103858652	141091394	2	1
TCGA-39-5016	10	72759	53251857	2	1
TCGA-39-5016	10	53252256	118087544	1	1
TCGA-39-5016	10	118092856	134685852	2	1
TCGA-39-5016	10	134686200	135506704	4	1
TCGA-39-5016	11	198572	134944770	2	1
TCGA-39-5016	12	150442	90424417	2	1
TCGA-39-5016	12	90430735	90761914	9	2
TCGA-39-5016	12	90761976	92471731	5	2
TCGA-39-5016	12	92477418	133778189	2	1
TCGA-39-5016	13	19026949	31171778	2	0
TCGA-39-5016	13	31172028	92094113	3	0
TCGA-39-5016	13	92094875	115108397	2	0
TCGA-39-5016	14	19002124	107285437	1	1
TCGA-39-5016	15	20016328	102291733	1	1
TCGA-39-5016	15	102305129	102469040	1	0
TCGA-39-5016	16	60777	12928995	3	1
TCGA-39-5016	16	12932528	35283226	2	1
TCGA-39-5016	16	46463782	90287535	2	0
TCGA-39-5016	17	526	21545222	2	0
TCGA-39-5016	17	21547737	53505932	2	2
TCGA-39-5016	17	53512907	81049726	3	2
TCGA-39-5016	18	48133	18985455	2	2
TCGA-39-5016	18	18987276	49652418	2	0
TCGA-39-5016	18	49659181	65324624	2	2
TCGA-39-5016	18	65324708	65324708	4	1
TCGA-39-5016	18	65326444	65383658	3	1
TCGA-39-5016	18	65387105	66729645	7	2
TCGA-39-5016	18	66730569	66850031	3	0
TCGA-39-5016	18	66853351	68567303	2	2
TCGA-39-5016	18	68568490	70285471	4	2
TCGA-39-5016	18	70289896	78015057	2	0
TCGA-39-5016	19	90910	4000154	2	1
TCGA-39-5016	19	4030651	23383723	2	2
TCGA-39-5016	19	23387840	29508124	2	1
TCGA-39-5016	19	29508489	46250225	2	2
TCGA-39-5016	19	46250386	59097854	2	0
TCGA-39-5016	20	61305	29648981	2	2
TCGA-39-5016	20	29648997	30908126	4	3
TCGA-39-5016	20	30911753	42558149	3	2
TCGA-39-5016	20	42558293	49731577	3	1
TCGA-39-5016	20	49732618	51090166	2	1
TCGA-39-5016	20	51092558	62956153	1	1
TCGA-39-5016	21	10736871	48096957	2	0
TCGA-39-5016	22	16052528	19048449	1	0
TCGA-39-5016	22	19051362	21407098	2	1
TCGA-39-5016	22	21408976	26139615	2	2
TCGA-39-5016	22	26143280	34532406	3	2
TCGA-39-5016	22	34537450	49635241	2	0
TCGA-39-5016	22	49636141	51234455	2	1
TCGA-39-5016	X	168477	333275	2	0
TCGA-39-5016	X	342775	990180	2	1
TCGA-39-5016	X	995819	2566750	2	2
TCGA-39-5016	X	2567203	2677589	3	2
TCGA-39-5016	X	2677860	2693175	3	1
TCGA-39-5016	X	2693624	10213418	2	0
TCGA-39-5016	X	10214524	10266857	3	0
TCGA-39-5016	X	10267530	10903577	2	0
TCGA-39-5016	X	10905605	11159661	3	0
TCGA-39-5016	X	11159867	11287047	2	0
TCGA-39-5016	X	11287994	11433975	3	0
TCGA-39-5016	X	11434093	12087555	2	0
TCGA-39-5016	X	12088113	12144571	3	0
TCGA-39-5016	X	12144767	12188149	2	0
TCGA-39-5016	X	12188433	12233148	3	0
TCGA-39-5016	X	12233810	13521467	2	0
TCGA-39-5016	X	13521584	13542926	3	0
TCGA-39-5016	X	13548123	14249062	2	0
TCGA-39-5016	X	14249270	14352051	3	0
TCGA-39-5016	X	14353565	14483751	2	0
TCGA-39-5016	X	14484110	14685659	3	0
TCGA-39-5016	X	14689824	15079216	2	0
TCGA-39-5016	X	15079745	15290053	3	0
TCGA-39-5016	X	15290548	16100303	2	0
TCGA-39-5016	X	16100916	16172365	3	0
TCGA-39-5016	X	16172862	16214591	2	0
TCGA-39-5016	X	16217056	16348183	3	0
TCGA-39-5016	X	16348986	30452057	2	0
TCGA-39-5016	X	30452659	30480837	3	0
TCGA-39-5016	X	30481279	30798516	2	0
TCGA-39-5016	X	30799492	30947485	3	0
TCGA-39-5016	X	30948624	31176846	2	0
TCGA-39-5016	X	31177438	31198041	3	0
TCGA-39-5016	X	31198204	31976319	2	0
TCGA-39-5016	X	31978495	32087092	3	0
TCGA-39-5016	X	32088547	33117591	2	0
TCGA-39-5016	X	33119024	33384865	1	0
TCGA-39-5016	X	33385369	33979160	2	0
TCGA-39-5016	X	33982916	34050013	3	0
TCGA-39-5016	X	34050133	34256411	2	0
TCGA-39-5016	X	34258814	34384433	3	0
TCGA-39-5016	X	34384531	34633880	2	0
TCGA-39-5016	X	34634276	34726289	3	0
TCGA-39-5016	X	34726958	34948700	2	0
TCGA-39-5016	X	34949258	35040599	3	0
TCGA-39-5016	X	35041006	35134143	2	0
TCGA-39-5016	X	35136713	35296915	3	0
TCGA-39-5016	X	35300659	36178124	2	0
TCGA-39-5016	X	36179981	36272142	3	0
TCGA-39-5016	X	36272562	36650321	2	0
TCGA-39-5016	X	36651365	36705002	3	0
TCGA-39-5016	X	36705526	36746329	2	0
TCGA-39-5016	X	36747116	36964899	3	0
TCGA-39-5016	X	36966375	37714857	2	0
TCGA-39-5016	X	37714959	37826644	3	0
TCGA-39-5016	X	37828883	37907985	2	0
TCGA-39-5016	X	37910066	37997833	3	0
TCGA-39-5016	X	37997931	38367944	2	0
TCGA-39-5016	X	38369429	38403873	3	0
TCGA-39-5016	X	38404097	38692463	2	0
TCGA-39-5016	X	38692505	38716376	3	0
TCGA-39-5016	X	38719288	38854896	2	0
TCGA-39-5016	X	38855073	38906921	3	0
TCGA-39-5016	X	38907277	42137496	2	0
TCGA-39-5016	X	42141083	42523128	3	0
TCGA-39-5016	X	42523979	44706430	2	0
TCGA-39-5016	X	44707590	44931491	1	0
TCGA-39-5016	X	44931697	49482594	2	0
TCGA-39-5016	X	49485768	49548773	3	0
TCGA-39-5016	X	49548989	49941840	2	0
TCGA-39-5016	X	49942141	50294993	3	0
TCGA-39-5016	X	50296241	54626991	2	0
TCGA-39-5016	X	54630134	54765787	3	0
TCGA-39-5016	X	54765913	58237265	2	0
TCGA-39-5016	X	58245293	62664391	3	0
TCGA-39-5016	X	62666718	65509052	2	0
TCGA-39-5016	X	65515989	65627420	3	0
TCGA-39-5016	X	65627766	66550791	2	0
TCGA-39-5016	X	66551863	66968233	3	0
TCGA-39-5016	X	66968601	68978067	2	0
TCGA-39-5016	X	68978106	69134046	3	0
TCGA-39-5016	X	69140697	74357642	2	0
TCGA-39-5016	X	74358137	74516832	3	0
TCGA-39-5016	X	74523871	74745109	2	0
TCGA-39-5016	X	74746729	74823846	1	0
TCGA-39-5016	X	74824449	75287494	2	0
TCGA-39-5016	X	75287667	75393089	3	0
TCGA-39-5016	X	75394070	75974468	2	0
TCGA-39-5016	X	75975074	76054526	3	0
TCGA-39-5016	X	76055216	93414038	2	0
TCGA-39-5016	X	93415702	93485789	3	0
TCGA-39-5016	X	93489506	93717871	2	0
TCGA-39-5016	X	93718033	93749214	1	0
TCGA-39-5016	X	93749541	97165620	2	0
TCGA-39-5016	X	97166545	97550893	3	0
TCGA-39-5016	X	97554100	98467849	2	0
TCGA-39-5016	X	98468700	98639864	3	0
TCGA-39-5016	X	98643737	103085408	2	0
TCGA-39-5016	X	103085474	103245956	3	0
TCGA-39-5016	X	103245960	106161469	2	0
TCGA-39-5016	X	106162043	106239029	3	0
TCGA-39-5016	X	106239318	107395765	2	0
TCGA-39-5016	X	107396958	107586843	3	0
TCGA-39-5016	X	107590613	119910798	2	0
TCGA-39-5016	X	119911492	119986852	3	0
TCGA-39-5016	X	119987766	120318911	2	0
TCGA-39-5016	X	120319919	120350754	3	0
TCGA-39-5016	X	120353377	120647684	2	0
TCGA-39-5016	X	120648171	120840195	3	0
TCGA-39-5016	X	120840284	121749335	2	0
TCGA-39-5016	X	121749507	121932157	3	0
TCGA-39-5016	X	121932249	122087758	2	0
TCGA-39-5016	X	122088443	122187318	3	0
TCGA-39-5016	X	122189468	122249834	2	0
TCGA-39-5016	X	122250280	122324911	3	0
TCGA-39-5016	X	122325037	122370282	2	0
TCGA-39-5016	X	122371706	122509987	3	0
TCGA-39-5016	X	122511283	122576606	2	0
TCGA-39-5016	X	122579104	122635599	3	0
TCGA-39-5016	X	122637230	123317944	2	0
TCGA-39-5016	X	123319765	123328454	3	0
TCGA-39-5016	X	123328660	124116795	2	0
TCGA-39-5016	X	124117414	124208746	3	0
TCGA-39-5016	X	124211628	127746258	2	0
TCGA-39-5016	X	127746498	128083536	3	0
TCGA-39-5016	X	128084590	128113231	1	0
TCGA-39-5016	X	128117486	128205375	2	0
TCGA-39-5016	X	128205949	128319676	3	0
TCGA-39-5016	X	128319784	129784713	2	0
TCGA-39-5016	X	129788680	130045261	3	0
TCGA-39-5016	X	130045824	130397317	2	0
TCGA-39-5016	X	130400397	130487196	3	0
TCGA-39-5016	X	130492895	130888468	2	0
TCGA-39-5016	X	130889906	130921636	1	0
TCGA-39-5016	X	130926506	131408418	2	0
TCGA-39-5016	X	131413877	131881749	3	0
TCGA-39-5016	X	131882309	131938431	2	0
TCGA-39-5016	X	131942593	131994651	3	0
TCGA-39-5016	X	131996689	155233846	2	0
