sample	chr	startpos	endpos	nMajor	nMinor
TCGA-BC-A3KF	1	61735	249224388	1	1
TCGA-BC-A3KF	2	12784	104041563	1	1
TCGA-BC-A3KF	2	104044242	179239865	1	0
TCGA-BC-A3KF	2	179242526	180201455	2	0
TCGA-BC-A3KF	2	180202305	243089456	1	0
TCGA-BC-A3KF	3	60345	197896118	1	1
TCGA-BC-A3KF	4	12281	54643649	1	1
TCGA-BC-A3KF	4	54643909	57122258	4	1
TCGA-BC-A3KF	4	57124749	58799873	2	1
TCGA-BC-A3KF	4	58799916	148714088	1	0
TCGA-BC-A3KF	4	148724801	149673615	0	0
TCGA-BC-A3KF	4	149673625	150406523	2	0
TCGA-BC-A3KF	4	150412918	191027923	1	0
TCGA-BC-A3KF	5	15532	180790320	1	1
TCGA-BC-A3KF	6	149661	19269684	1	1
TCGA-BC-A3KF	6	19270409	21673993	3	1
TCGA-BC-A3KF	6	21677060	68364708	2	1
TCGA-BC-A3KF	6	68364866	70033536	1	1
TCGA-BC-A3KF	6	70034254	171051005	1	0
TCGA-BC-A3KF	7	43259	100198869	1	1
TCGA-BC-A3KF	7	100214487	159127004	2	1
TCGA-BC-A3KF	8	31254	46847534	1	0
TCGA-BC-A3KF	8	46863535	52612653	4	1
TCGA-BC-A3KF	8	52616018	144939389	2	1
TCGA-BC-A3KF	8	144947062	146298155	1	1
TCGA-BC-A3KF	9	46587	19216089	1	1
TCGA-BC-A3KF	9	19218833	30883856	1	0
TCGA-BC-A3KF	9	30889485	32562668	1	1
TCGA-BC-A3KF	9	32564173	32890940	1	0
TCGA-BC-A3KF	9	32891041	141091394	1	1
TCGA-BC-A3KF	10	72759	135506704	1	1
TCGA-BC-A3KF	11	198572	83872549	1	1
TCGA-BC-A3KF	11	83872827	134944770	1	0
TCGA-BC-A3KF	12	150442	2778971	2	1
TCGA-BC-A3KF	12	2782810	10763615	1	1
TCGA-BC-A3KF	12	10768186	28006695	1	0
TCGA-BC-A3KF	12	28009899	54754218	1	1
TCGA-BC-A3KF	12	54754864	124893864	2	1
TCGA-BC-A3KF	12	124897448	133778189	1	1
TCGA-BC-A3KF	13	19026949	81159943	1	0
TCGA-BC-A3KF	13	81160910	89403051	3	0
TCGA-BC-A3KF	13	89404732	96176999	6	0
TCGA-BC-A3KF	13	96177637	96347177	4	0
TCGA-BC-A3KF	13	96348673	110928738	6	0
TCGA-BC-A3KF	13	110928789	115108397	5	0
TCGA-BC-A3KF	14	19002124	22421677	1	1
TCGA-BC-A3KF	14	22422976	22970050	2	1
TCGA-BC-A3KF	14	22970236	31513141	1	1
TCGA-BC-A3KF	14	31518784	45764896	2	1
TCGA-BC-A3KF	14	45767666	107285437	1	0
TCGA-BC-A3KF	15	20016328	52347693	1	1
TCGA-BC-A3KF	15	52351913	56127733	3	1
TCGA-BC-A3KF	15	56128117	56543422	2	1
TCGA-BC-A3KF	15	56543546	61269245	3	1
TCGA-BC-A3KF	15	61269303	100147015	2	1
TCGA-BC-A3KF	15	100153981	102469040	9	1
TCGA-BC-A3KF	16	60777	5273194	1	0
TCGA-BC-A3KF	16	5273716	89545605	1	1
TCGA-BC-A3KF	16	89548129	90287535	1	0
TCGA-BC-A3KF	17	526	16059208	1	0
TCGA-BC-A3KF	17	16062063	17165406	6	1
TCGA-BC-A3KF	17	17167401	19234904	3	1
TCGA-BC-A3KF	17	19238570	81049726	1	1
TCGA-BC-A3KF	18	48133	3103815	1	0
TCGA-BC-A3KF	18	3107443	43762637	1	1
TCGA-BC-A3KF	18	43765298	78015057	1	0
TCGA-BC-A3KF	19	90910	45074256	1	1
TCGA-BC-A3KF	19	45079808	47119910	1	0
TCGA-BC-A3KF	19	47120033	57712505	1	1
TCGA-BC-A3KF	19	57713295	59097854	1	0
TCGA-BC-A3KF	20	61305	33508124	1	1
TCGA-BC-A3KF	20	33508826	62956153	2	1
TCGA-BC-A3KF	21	10736871	48096957	1	1
TCGA-BC-A3KF	22	16052528	30295479	1	1
TCGA-BC-A3KF	22	30295951	30978073	1	0
TCGA-BC-A3KF	22	30980922	51234455	1	1
TCGA-BC-A3KF	X	168477	115675197	1	1
TCGA-BC-A3KF	X	115734254	155233846	1	0
