sample	chr	startpos	endpos	nMajor	nMinor
TCGA-55-6985	1	61735	121482979	2	2
TCGA-55-6985	1	144007049	249224388	3	2
TCGA-55-6985	2	12784	151838855	2	2
TCGA-55-6985	2	151839136	158386121	3	2
TCGA-55-6985	2	158386938	161002325	5	2
TCGA-55-6985	2	161002670	164724148	2	2
TCGA-55-6985	2	164725276	234421870	3	2
TCGA-55-6985	2	234425051	243089456	2	0
TCGA-55-6985	3	60345	70789564	2	0
TCGA-55-6985	3	70789931	89508500	2	2
TCGA-55-6985	3	89518332	122853805	3	2
TCGA-55-6985	3	122853965	125443608	2	0
TCGA-55-6985	3	125446664	127388836	2	2
TCGA-55-6985	3	127389622	128701982	2	0
TCGA-55-6985	3	128702198	130541642	2	2
TCGA-55-6985	3	130542289	133052473	4	3
TCGA-55-6985	3	133060525	136510266	2	2
TCGA-55-6985	3	136510596	143199557	4	3
TCGA-55-6985	3	143200129	143720559	3	2
TCGA-55-6985	3	143720869	168033143	2	0
TCGA-55-6985	3	168037592	171967050	3	2
TCGA-55-6985	3	171967327	173975432	2	0
TCGA-55-6985	3	173976286	197896118	3	2
TCGA-55-6985	4	12281	92390408	2	1
TCGA-55-6985	4	92392152	92722438	5	1
TCGA-55-6985	4	92723366	137590858	2	1
TCGA-55-6985	4	137590937	191027923	2	2
TCGA-55-6985	5	15532	30094515	4	1
TCGA-55-6985	5	30094628	49441958	6	1
TCGA-55-6985	5	49447306	161221041	1	1
TCGA-55-6985	5	161221088	180790320	2	1
TCGA-55-6985	6	149661	33055780	3	3
TCGA-55-6985	6	33055899	38272695	3	2
TCGA-55-6985	6	38272883	63864982	3	3
TCGA-55-6985	6	63865624	67907255	1	1
TCGA-55-6985	6	67907440	69490411	2	2
TCGA-55-6985	6	69492852	171051005	2	0
TCGA-55-6985	7	43259	64011720	4	3
TCGA-55-6985	7	64013543	159127004	3	3
TCGA-55-6985	8	31254	483822	1	0
TCGA-55-6985	8	483971	47826713	2	1
TCGA-55-6985	8	47830350	146298155	4	1
TCGA-55-6985	9	46587	8873732	2	0
TCGA-55-6985	9	8873866	11543047	0	0
TCGA-55-6985	9	11545477	19745800	2	0
TCGA-55-6985	9	19746160	31029867	0	0
TCGA-55-6985	9	31030836	31251590	2	0
TCGA-55-6985	9	31253291	47217176	2	2
TCGA-55-6985	9	65616971	141091394	3	0
TCGA-55-6985	10	72759	135506704	2	2
TCGA-55-6985	11	198572	14404825	3	2
TCGA-55-6985	11	14404983	134944770	3	1
TCGA-55-6985	12	150442	21409819	3	2
TCGA-55-6985	12	21410089	34835654	5	2
TCGA-55-6985	12	34835837	133778189	2	2
TCGA-55-6985	13	19026949	115108397	2	1
TCGA-55-6985	14	19002124	107285437	3	2
TCGA-55-6985	15	20016328	24010282	2	2
TCGA-55-6985	15	24011446	68371732	2	0
TCGA-55-6985	15	68375916	102469040	2	2
TCGA-55-6985	16	60777	35283226	2	2
TCGA-55-6985	16	46463782	90287535	3	2
TCGA-55-6985	17	526	21532869	2	0
TCGA-55-6985	17	21534869	81049726	3	2
TCGA-55-6985	18	48133	78015057	2	1
TCGA-55-6985	19	90910	28034370	2	2
TCGA-55-6985	19	28034730	42421125	3	2
TCGA-55-6985	19	42423462	44899918	2	0
TCGA-55-6985	19	44899959	46588773	3	2
TCGA-55-6985	19	46590374	49208052	3	0
TCGA-55-6985	19	49208673	59097854	3	2
TCGA-55-6985	20	61305	62956153	2	2
TCGA-55-6985	21	10736871	48096957	3	0
TCGA-55-6985	22	16052528	51234455	2	1
TCGA-55-6985	X	168477	20717652	2	2
TCGA-55-6985	X	20718134	84909122	1	0
TCGA-55-6985	X	84912816	135929292	3	0
TCGA-55-6985	X	135929750	155233846	5	0
