sample	chr	startpos	endpos	nMajor	nMinor
TCGA-22-1005	1	61735	249224388	1	1
TCGA-22-1005	2	12784	243089456	1	1
TCGA-22-1005	3	60345	197896118	1	1
TCGA-22-1005	4	12281	191027923	1	1
TCGA-22-1005	5	15532	180790320	1	1
TCGA-22-1005	6	149661	171051005	1	1
TCGA-22-1005	7	43259	159127004	1	1
TCGA-22-1005	8	31254	146298155	1	1
TCGA-22-1005	9	46587	141091394	1	1
TCGA-22-1005	10	72759	135506704	1	1
TCGA-22-1005	11	198572	134944770	1	1
TCGA-22-1005	12	150442	133778189	1	1
TCGA-22-1005	13	19026949	115108397	1	1
TCGA-22-1005	14	19002124	107285437	1	1
TCGA-22-1005	15	20016328	102469040	1	1
TCGA-22-1005	16	60777	24332451	1	1
TCGA-22-1005	16	24337893	26147454	3	1
TCGA-22-1005	16	26147911	90287535	1	1
TCGA-22-1005	17	526	81049726	1	1
TCGA-22-1005	18	48133	78015057	1	1
TCGA-22-1005	19	90910	34740148	1	1
TCGA-22-1005	19	34749087	38265366	2	1
TCGA-22-1005	19	38268711	39216593	3	1
TCGA-22-1005	19	39230903	40128737	2	1
TCGA-22-1005	19	40129201	59097854	1	1
TCGA-22-1005	20	61305	62956153	1	1
TCGA-22-1005	21	10736871	48096957	1	1
TCGA-22-1005	22	16052528	51234455	1	1
TCGA-22-1005	X	168477	2694240	1	1
TCGA-22-1005	X	2703391	154929498	1	0
TCGA-22-1005	X	154963439	155233846	1	1
