sample	chr	startpos	endpos	nMajor	nMinor
TCGA-A2-A0YJ	1	61735	36594173	2	1
TCGA-A2-A0YJ	1	36594570	42909342	2	2
TCGA-A2-A0YJ	1	42909543	48082912	3	2
TCGA-A2-A0YJ	1	48083260	49557578	4	2
TCGA-A2-A0YJ	1	49557750	61984663	3	2
TCGA-A2-A0YJ	1	61985958	64964791	4	2
TCGA-A2-A0YJ	1	64965239	73984366	3	2
TCGA-A2-A0YJ	1	73988566	119329206	2	1
TCGA-A2-A0YJ	1	119333813	121482979	8	2
TCGA-A2-A0YJ	1	144007049	158427033	4	4
TCGA-A2-A0YJ	1	158427111	192050052	5	2
TCGA-A2-A0YJ	1	192050364	217338812	4	2
TCGA-A2-A0YJ	1	217340451	239971919	5	2
TCGA-A2-A0YJ	1	239974170	249224388	4	2
TCGA-A2-A0YJ	2	12784	27192430	5	2
TCGA-A2-A0YJ	2	27196299	59162841	6	2
TCGA-A2-A0YJ	2	59163160	95576922	5	2
TCGA-A2-A0YJ	2	95577094	98461802	5	4
TCGA-A2-A0YJ	2	98461821	103016166	5	1
TCGA-A2-A0YJ	2	103018052	113070889	4	1
TCGA-A2-A0YJ	2	113074576	117230217	5	1
TCGA-A2-A0YJ	2	117231184	121670669	4	1
TCGA-A2-A0YJ	2	121670757	121688692	5	0
TCGA-A2-A0YJ	2	121692464	123839744	28	0
TCGA-A2-A0YJ	2	123840045	125660770	11	1
TCGA-A2-A0YJ	2	125666672	126578673	7	1
TCGA-A2-A0YJ	2	126580416	128124774	5	1
TCGA-A2-A0YJ	2	128125514	132301131	9	1
TCGA-A2-A0YJ	2	132301140	132847714	25	0
TCGA-A2-A0YJ	2	132859086	243089456	3	1
TCGA-A2-A0YJ	3	60345	197896118	3	1
TCGA-A2-A0YJ	4	12281	5417303	3	0
TCGA-A2-A0YJ	4	5417341	43086964	2	0
TCGA-A2-A0YJ	4	43088302	53721865	4	0
TCGA-A2-A0YJ	4	53725023	164582722	3	0
TCGA-A2-A0YJ	4	164585042	180401799	2	0
TCGA-A2-A0YJ	4	180402591	191027923	3	0
TCGA-A2-A0YJ	5	15532	676859	2	0
TCGA-A2-A0YJ	5	676886	16256380	2	2
TCGA-A2-A0YJ	5	16257125	19803499	2	0
TCGA-A2-A0YJ	5	19804801	22390352	3	2
TCGA-A2-A0YJ	5	22393107	29810724	2	1
TCGA-A2-A0YJ	5	29814302	34737944	2	0
TCGA-A2-A0YJ	5	34738003	39404267	2	1
TCGA-A2-A0YJ	5	39405646	60034475	2	0
TCGA-A2-A0YJ	5	60040060	60459040	1	0
TCGA-A2-A0YJ	5	60459716	180790320	2	0
TCGA-A2-A0YJ	6	149661	38506055	4	1
TCGA-A2-A0YJ	6	38508509	38999479	4	3
TCGA-A2-A0YJ	6	39000052	40745564	25	3
TCGA-A2-A0YJ	6	40748445	41915717	33	2
TCGA-A2-A0YJ	6	41923376	42932835	24	3
TCGA-A2-A0YJ	6	42933526	45370421	14	3
TCGA-A2-A0YJ	6	45371366	48482097	4	4
TCGA-A2-A0YJ	6	48492103	49470675	9	4
TCGA-A2-A0YJ	6	49475331	64664744	4	4
TCGA-A2-A0YJ	6	64669489	127946452	4	1
TCGA-A2-A0YJ	6	127946517	131063295	7	1
TCGA-A2-A0YJ	6	131067901	131546569	14	6
TCGA-A2-A0YJ	6	131547028	132744631	8	8
TCGA-A2-A0YJ	6	132747973	133271320	7	1
TCGA-A2-A0YJ	6	133274562	135335176	12	6
TCGA-A2-A0YJ	6	135335268	136331515	17	6
TCGA-A2-A0YJ	6	136332358	154975240	7	1
TCGA-A2-A0YJ	6	154978611	168234305	2	1
TCGA-A2-A0YJ	6	168238612	168620970	3	2
TCGA-A2-A0YJ	6	168621236	171051005	4	2
TCGA-A2-A0YJ	7	43259	2818895	6	2
TCGA-A2-A0YJ	7	2819824	11938073	7	2
TCGA-A2-A0YJ	7	11938607	53766521	6	2
TCGA-A2-A0YJ	7	53767538	62597030	8	2
TCGA-A2-A0YJ	7	62597620	70572236	6	2
TCGA-A2-A0YJ	7	70573907	159127004	3	2
TCGA-A2-A0YJ	8	31254	38695996	2	0
TCGA-A2-A0YJ	8	38701329	49064101	13	2
TCGA-A2-A0YJ	8	49066425	53282832	13	3
TCGA-A2-A0YJ	8	53283298	64617894	12	1
TCGA-A2-A0YJ	8	64618026	72070024	11	1
TCGA-A2-A0YJ	8	72071429	75263435	13	1
TCGA-A2-A0YJ	8	75271115	78906075	9	1
TCGA-A2-A0YJ	8	78907660	84519970	10	1
TCGA-A2-A0YJ	8	84520029	99942362	9	1
TCGA-A2-A0YJ	8	99945447	100081955	10	0
TCGA-A2-A0YJ	8	100088257	105387457	21	0
TCGA-A2-A0YJ	8	105388048	105422175	17	0
TCGA-A2-A0YJ	8	105422209	114264034	9	1
TCGA-A2-A0YJ	8	114266382	123728686	9	3
TCGA-A2-A0YJ	8	123728957	146298155	10	1
TCGA-A2-A0YJ	9	46587	47217176	2	2
TCGA-A2-A0YJ	9	65616971	72349561	4	2
TCGA-A2-A0YJ	9	72352603	75047813	6	2
TCGA-A2-A0YJ	9	75049105	76132071	10	2
TCGA-A2-A0YJ	9	76140486	141091394	2	2
TCGA-A2-A0YJ	10	72759	6155806	3	3
TCGA-A2-A0YJ	10	6156118	7494365	3	2
TCGA-A2-A0YJ	10	7494412	12140498	6	3
TCGA-A2-A0YJ	10	12142861	18637232	4	3
TCGA-A2-A0YJ	10	18640306	42853051	5	3
TCGA-A2-A0YJ	10	42853123	44222824	2	2
TCGA-A2-A0YJ	10	44223771	49726543	3	2
TCGA-A2-A0YJ	10	49726565	57576323	2	1
TCGA-A2-A0YJ	10	57582378	74126893	1	1
TCGA-A2-A0YJ	10	74132776	76500685	2	1
TCGA-A2-A0YJ	10	76500841	78343814	3	1
TCGA-A2-A0YJ	10	78344624	79619993	6	1
TCGA-A2-A0YJ	10	79621784	80989082	19	0
TCGA-A2-A0YJ	10	80990807	81443881	29	0
TCGA-A2-A0YJ	10	81443881	82019874	10	1
TCGA-A2-A0YJ	10	82029072	85713844	7	1
TCGA-A2-A0YJ	10	85714105	89166468	4	1
TCGA-A2-A0YJ	10	89167411	89577211	2	1
TCGA-A2-A0YJ	10	89577746	135506704	1	1
TCGA-A2-A0YJ	11	198572	29191330	2	1
TCGA-A2-A0YJ	11	29191892	33049709	2	2
TCGA-A2-A0YJ	11	33049814	35174136	2	1
TCGA-A2-A0YJ	11	35175045	44450652	2	2
TCGA-A2-A0YJ	11	44452378	49776438	2	1
TCGA-A2-A0YJ	11	49776506	51183694	5	1
TCGA-A2-A0YJ	11	51183906	134944770	3	2
TCGA-A2-A0YJ	12	150442	2613329	4	2
TCGA-A2-A0YJ	12	2613716	5734319	3	2
TCGA-A2-A0YJ	12	5737661	39162192	2	2
TCGA-A2-A0YJ	12	39164327	42491818	3	1
TCGA-A2-A0YJ	12	42496104	43747549	10	3
TCGA-A2-A0YJ	12	43747656	45205405	18	2
TCGA-A2-A0YJ	12	45206698	45216070	11	5
TCGA-A2-A0YJ	12	45222811	99169929	3	1
TCGA-A2-A0YJ	12	99170314	99498187	3	0
TCGA-A2-A0YJ	12	99508807	133778189	3	1
TCGA-A2-A0YJ	13	19026949	40938668	3	3
TCGA-A2-A0YJ	13	40939330	41460926	8	3
TCGA-A2-A0YJ	13	41467266	56648741	4	3
TCGA-A2-A0YJ	13	56654035	57417121	19	2
TCGA-A2-A0YJ	13	57421542	59239919	13	3
TCGA-A2-A0YJ	13	59244392	63510533	10	3
TCGA-A2-A0YJ	13	63511841	64034810	14	3
TCGA-A2-A0YJ	13	64035745	64724754	8	3
TCGA-A2-A0YJ	13	64725142	74283499	3	2
TCGA-A2-A0YJ	13	74284459	74706110	3	0
TCGA-A2-A0YJ	13	74711431	81656379	3	2
TCGA-A2-A0YJ	13	81657078	82367431	16	2
TCGA-A2-A0YJ	13	82373103	85080579	24	2
TCGA-A2-A0YJ	13	85081554	115108397	3	2
TCGA-A2-A0YJ	14	19002124	107285437	3	0
TCGA-A2-A0YJ	15	20016328	56071633	2	2
TCGA-A2-A0YJ	15	56072934	102469040	2	1
TCGA-A2-A0YJ	16	60777	15094708	4	1
TCGA-A2-A0YJ	16	15103676	16270174	4	0
TCGA-A2-A0YJ	16	16270850	29601009	4	1
TCGA-A2-A0YJ	16	29608215	35283226	4	0
TCGA-A2-A0YJ	16	46463782	53607861	3	0
TCGA-A2-A0YJ	16	53610051	90287535	4	0
TCGA-A2-A0YJ	17	526	25500506	5	0
TCGA-A2-A0YJ	17	25501164	26017245	7	0
TCGA-A2-A0YJ	17	26017404	30516000	3	0
TCGA-A2-A0YJ	17	30518340	33653470	5	0
TCGA-A2-A0YJ	17	33669129	35971028	8	0
TCGA-A2-A0YJ	17	35971883	36206951	16	0
TCGA-A2-A0YJ	17	36207702	38400674	27	0
TCGA-A2-A0YJ	17	38408331	66899290	3	0
TCGA-A2-A0YJ	17	66899710	81049726	4	0
TCGA-A2-A0YJ	18	48133	4911253	3	3
TCGA-A2-A0YJ	18	4920704	5901528	9	3
TCGA-A2-A0YJ	18	5901789	8736968	6	3
TCGA-A2-A0YJ	18	8737895	10595527	4	3
TCGA-A2-A0YJ	18	10596012	13987742	3	3
TCGA-A2-A0YJ	18	13987834	42475403	4	3
TCGA-A2-A0YJ	18	42475839	78015057	4	2
TCGA-A2-A0YJ	19	90910	4852137	2	2
TCGA-A2-A0YJ	19	4853303	9236668	3	2
TCGA-A2-A0YJ	19	9237542	13255279	5	2
TCGA-A2-A0YJ	19	13259357	14856638	2	2
TCGA-A2-A0YJ	19	14857891	28307415	3	2
TCGA-A2-A0YJ	19	28307632	29820574	2	1
TCGA-A2-A0YJ	19	29824307	30192505	2	2
TCGA-A2-A0YJ	19	30192738	31813123	2	1
TCGA-A2-A0YJ	19	31813402	31906289	1	0
TCGA-A2-A0YJ	19	31910838	34834881	6	1
TCGA-A2-A0YJ	19	34839143	35769367	8	1
TCGA-A2-A0YJ	19	35770491	37455903	7	2
TCGA-A2-A0YJ	19	37456405	37667510	4	2
TCGA-A2-A0YJ	19	37670469	39775545	2	2
TCGA-A2-A0YJ	19	39777248	41282288	6	2
TCGA-A2-A0YJ	19	41287605	41431978	12	2
TCGA-A2-A0YJ	19	41433543	50592124	2	0
TCGA-A2-A0YJ	19	50592237	51801616	2	1
TCGA-A2-A0YJ	19	51801624	59097854	2	0
TCGA-A2-A0YJ	20	61305	26167529	3	2
TCGA-A2-A0YJ	20	26167980	62956153	3	3
TCGA-A2-A0YJ	21	10736871	16186991	18	1
TCGA-A2-A0YJ	21	16198349	17570649	64	1
TCGA-A2-A0YJ	21	17571207	17591490	37	0
TCGA-A2-A0YJ	21	17591602	17884064	32	0
TCGA-A2-A0YJ	21	17886054	19613318	11	2
TCGA-A2-A0YJ	21	19627298	20458041	2	0
TCGA-A2-A0YJ	21	20468652	20607575	2	2
TCGA-A2-A0YJ	21	20608470	22660162	2	0
TCGA-A2-A0YJ	21	22660222	48096957	4	2
TCGA-A2-A0YJ	22	16052528	31068814	3	0
TCGA-A2-A0YJ	22	31070730	51234455	4	0
TCGA-A2-A0YJ	X	168477	54870152	2	0
TCGA-A2-A0YJ	X	54873255	63298622	3	0
TCGA-A2-A0YJ	X	63298667	155233846	2	0
