sample	chr	startpos	endpos	nMajor	nMinor
TCGA-A6-2670	1	61735	71639567	2	0
TCGA-A6-2670	1	71645883	72779080	3	2
TCGA-A6-2670	1	72779091	72788696	3	0
TCGA-A6-2670	1	72788725	75056781	2	0
TCGA-A6-2670	1	75059002	75148630	3	2
TCGA-A6-2670	1	75149512	75190782	4	2
TCGA-A6-2670	1	75193035	81847332	2	0
TCGA-A6-2670	1	81847651	82665965	2	2
TCGA-A6-2670	1	82666869	84963000	2	0
TCGA-A6-2670	1	84964393	87173982	2	1
TCGA-A6-2670	1	87175529	88166265	2	0
TCGA-A6-2670	1	88167229	88603794	2	1
TCGA-A6-2670	1	88603860	90305031	2	0
TCGA-A6-2670	1	90305217	96999259	2	1
TCGA-A6-2670	1	96999379	115459174	2	0
TCGA-A6-2670	1	115459256	115810938	2	1
TCGA-A6-2670	1	115811787	121482979	2	0
TCGA-A6-2670	1	144007049	249224388	2	1
TCGA-A6-2670	2	12784	243089456	2	2
TCGA-A6-2670	3	60345	59850013	2	1
TCGA-A6-2670	3	59851124	60098144	1	0
TCGA-A6-2670	3	60101598	197896118	2	1
TCGA-A6-2670	4	12281	49154769	2	0
TCGA-A6-2670	4	49161758	150145947	2	1
TCGA-A6-2670	4	150155167	160708537	2	0
TCGA-A6-2670	4	160708751	168486550	2	1
TCGA-A6-2670	4	168489442	190105157	2	0
TCGA-A6-2670	4	190110333	191027923	2	1
TCGA-A6-2670	5	15532	180790320	1	1
TCGA-A6-2670	6	149661	162601227	2	1
TCGA-A6-2670	6	162602797	162746359	1	1
TCGA-A6-2670	6	162746442	163039964	1	0
TCGA-A6-2670	6	163040041	171051005	2	1
TCGA-A6-2670	7	43259	61987257	4	1
TCGA-A6-2670	7	61987294	110731491	2	1
TCGA-A6-2670	7	110733163	159127004	3	1
TCGA-A6-2670	8	31254	42287077	2	2
TCGA-A6-2670	8	42292505	146298155	3	2
TCGA-A6-2670	9	46587	141091394	3	1
TCGA-A6-2670	10	72759	42473873	3	1
TCGA-A6-2670	10	42473993	135506704	1	1
TCGA-A6-2670	11	198572	134944770	2	1
TCGA-A6-2670	12	150442	49852840	2	2
TCGA-A6-2670	12	49855433	133778189	2	0
TCGA-A6-2670	13	19026949	115108397	3	2
TCGA-A6-2670	14	19002124	107285437	1	1
TCGA-A6-2670	15	20016328	102469040	1	1
TCGA-A6-2670	16	60777	90287535	2	1
TCGA-A6-2670	17	526	22168795	2	0
TCGA-A6-2670	17	22170994	68596632	2	1
TCGA-A6-2670	17	68604240	68871163	2	0
TCGA-A6-2670	17	68872374	81049726	2	1
TCGA-A6-2670	18	48133	78015057	2	0
TCGA-A6-2670	19	90910	10191185	2	1
TCGA-A6-2670	19	10194144	15071409	2	2
TCGA-A6-2670	19	15075266	16314492	2	1
TCGA-A6-2670	19	16320901	16469707	2	0
TCGA-A6-2670	19	16479285	18957218	2	2
TCGA-A6-2670	19	18959096	19493053	2	0
TCGA-A6-2670	19	19494058	19840807	3	1
TCGA-A6-2670	19	19848485	20816481	2	0
TCGA-A6-2670	19	20820721	59097854	2	2
TCGA-A6-2670	20	61305	15617206	2	1
TCGA-A6-2670	20	15617830	17038263	4	2
TCGA-A6-2670	20	17039959	17281147	2	2
TCGA-A6-2670	20	17281514	17482853	4	1
TCGA-A6-2670	20	17486576	19125336	2	1
TCGA-A6-2670	20	19125447	19925998	4	2
TCGA-A6-2670	20	19930149	20632364	6	1
TCGA-A6-2670	20	20633450	26266313	2	1
TCGA-A6-2670	20	26266566	42079803	5	2
TCGA-A6-2670	20	42080340	62956153	6	1
TCGA-A6-2670	21	10736871	48096957	2	1
TCGA-A6-2670	22	16052528	51234455	2	1
TCGA-A6-2670	X	168477	155233846	2	0
