sample	chr	startpos	endpos	nMajor	nMinor
TCGA-S9-A7R7	1	61735	249224388	1	1
TCGA-S9-A7R7	2	12784	243089456	1	1
TCGA-S9-A7R7	3	60345	197896118	1	1
TCGA-S9-A7R7	4	12281	191027923	1	1
TCGA-S9-A7R7	5	15532	42222736	1	0
TCGA-S9-A7R7	5	42223595	43526106	1	1
TCGA-S9-A7R7	5	43543688	51631267	1	0
TCGA-S9-A7R7	5	51641012	65926048	1	1
TCGA-S9-A7R7	5	65930303	76597519	1	0
TCGA-S9-A7R7	5	76599677	78601577	1	1
TCGA-S9-A7R7	5	78602141	79846926	1	0
TCGA-S9-A7R7	5	79847376	93472649	1	1
TCGA-S9-A7R7	5	93475389	104458508	1	0
TCGA-S9-A7R7	5	104458953	105138136	1	1
TCGA-S9-A7R7	5	105139013	126496219	1	0
TCGA-S9-A7R7	5	126497054	154408886	1	1
TCGA-S9-A7R7	5	154415598	176050511	1	0
TCGA-S9-A7R7	5	176050715	180790320	1	1
TCGA-S9-A7R7	6	149661	171051005	1	1
TCGA-S9-A7R7	7	43259	159127004	1	1
TCGA-S9-A7R7	8	31254	146298155	1	1
TCGA-S9-A7R7	9	46587	141091394	1	1
TCGA-S9-A7R7	10	72759	135506704	1	1
TCGA-S9-A7R7	11	198572	43723990	1	0
TCGA-S9-A7R7	11	43727577	44770933	1	1
TCGA-S9-A7R7	11	44772518	45550875	1	0
TCGA-S9-A7R7	11	45554616	134944770	1	1
TCGA-S9-A7R7	12	150442	11119020	2	1
TCGA-S9-A7R7	12	11119315	40547750	1	1
TCGA-S9-A7R7	12	40549405	133778189	1	0
TCGA-S9-A7R7	13	19026949	115108397	1	1
TCGA-S9-A7R7	14	19002124	107285437	1	1
TCGA-S9-A7R7	15	20016328	102469040	1	1
TCGA-S9-A7R7	16	60777	90287535	1	1
TCGA-S9-A7R7	17	526	81049726	1	1
TCGA-S9-A7R7	18	48133	78015057	1	1
TCGA-S9-A7R7	19	90910	59097854	1	1
TCGA-S9-A7R7	20	61305	62956153	1	1
TCGA-S9-A7R7	21	10736871	48096957	1	1
TCGA-S9-A7R7	22	16052528	35744558	1	1
TCGA-S9-A7R7	22	35745196	36270721	1	0
TCGA-S9-A7R7	22	36276566	40717451	1	1
TCGA-S9-A7R7	22	40718100	43833419	1	0
TCGA-S9-A7R7	22	43833698	44506968	1	1
TCGA-S9-A7R7	22	44507890	45217496	1	0
TCGA-S9-A7R7	22	45225297	46230899	1	1
TCGA-S9-A7R7	22	46235461	51234455	1	0
TCGA-S9-A7R7	X	168477	2694240	1	1
TCGA-S9-A7R7	X	2703391	154929498	1	0
TCGA-S9-A7R7	X	154963439	155233846	2	1
