sample	chr	startpos	endpos	nMajor	nMinor
TCGA-12-3653	1	61735	3539662	2	2
TCGA-12-3653	1	3540224	4311985	2	0
TCGA-12-3653	1	4316544	154621635	2	2
TCGA-12-3653	1	154622568	155137775	4	2
TCGA-12-3653	1	155140648	249224388	2	2
TCGA-12-3653	2	12784	243089456	2	2
TCGA-12-3653	3	60345	19371858	2	1
TCGA-12-3653	3	19373384	93519478	2	0
TCGA-12-3653	3	93520016	197896118	2	1
TCGA-12-3653	4	12281	191027923	2	1
TCGA-12-3653	5	15532	87713970	2	1
TCGA-12-3653	5	87718037	88111344	4	2
TCGA-12-3653	5	88111724	138984852	2	1
TCGA-12-3653	5	138985681	139323452	4	1
TCGA-12-3653	5	139323547	151498224	2	1
TCGA-12-3653	5	151500542	151791660	2	0
TCGA-12-3653	5	151792912	180790320	2	1
TCGA-12-3653	6	149661	87830279	2	2
TCGA-12-3653	6	87833315	87962725	2	1
TCGA-12-3653	6	87967594	94830574	2	0
TCGA-12-3653	6	94832603	95836632	2	2
TCGA-12-3653	6	95837367	171051005	2	0
TCGA-12-3653	7	43259	54832717	5	2
TCGA-12-3653	7	54832926	55268916	73	5
TCGA-12-3653	7	55269964	159127004	4	2
TCGA-12-3653	8	31254	146298155	2	2
TCGA-12-3653	9	46587	4686766	2	2
TCGA-12-3653	9	4690133	21767150	2	0
TCGA-12-3653	9	21767404	22210886	0	0
TCGA-12-3653	9	22211203	95078852	2	0
TCGA-12-3653	9	95079122	95551897	4	0
TCGA-12-3653	9	95553719	141091394	2	0
TCGA-12-3653	10	72759	24725082	2	0
TCGA-12-3653	10	24729218	25355649	4	0
TCGA-12-3653	10	25355826	135506704	2	0
TCGA-12-3653	11	198572	134944770	2	1
TCGA-12-3653	12	150442	133778189	2	2
TCGA-12-3653	13	19026949	57492029	2	0
TCGA-12-3653	13	57496195	115108397	2	2
TCGA-12-3653	14	19002124	21665553	2	2
TCGA-12-3653	14	21668831	21754692	2	1
TCGA-12-3653	14	21755734	30797785	2	0
TCGA-12-3653	14	30808691	33579256	2	2
TCGA-12-3653	14	33585159	34018385	2	0
TCGA-12-3653	14	34021522	36058866	2	2
TCGA-12-3653	14	36060311	45257347	2	0
TCGA-12-3653	14	45259209	45383758	1	1
TCGA-12-3653	14	45389666	63357829	2	2
TCGA-12-3653	14	63364595	76450982	2	0
TCGA-12-3653	14	76456428	107285437	2	2
TCGA-12-3653	15	20016328	67922575	2	2
TCGA-12-3653	15	67928450	68092766	2	1
TCGA-12-3653	15	68093732	102469040	2	2
TCGA-12-3653	16	60777	89797666	2	1
TCGA-12-3653	16	89798404	90287535	4	1
TCGA-12-3653	17	526	81049726	2	1
TCGA-12-3653	18	48133	78015057	2	2
TCGA-12-3653	19	90910	59097854	2	2
TCGA-12-3653	20	61305	31787212	2	2
TCGA-12-3653	20	31788335	32248281	4	2
TCGA-12-3653	20	32253336	43057820	2	2
TCGA-12-3653	20	43059437	43427968	4	2
TCGA-12-3653	20	43435413	62956153	2	2
TCGA-12-3653	21	10736871	48096957	2	1
TCGA-12-3653	22	16052528	51234455	2	1
TCGA-12-3653	X	168477	155233846	2	1
