sample	chr	startpos	endpos	nMajor	nMinor
TCGA-2Z-A9JP	1	61735	249224388	1	1
TCGA-2Z-A9JP	2	12784	243089456	1	1
TCGA-2Z-A9JP	3	60345	197896118	1	1
TCGA-2Z-A9JP	4	12281	10165361	1	1
TCGA-2Z-A9JP	4	10165606	10351571	2	1
TCGA-2Z-A9JP	4	10352379	191027923	1	1
TCGA-2Z-A9JP	5	15532	180790320	2	0
TCGA-2Z-A9JP	6	149661	171051005	1	1
TCGA-2Z-A9JP	7	43259	159127004	2	1
TCGA-2Z-A9JP	8	31254	146298155	2	1
TCGA-2Z-A9JP	9	46587	141091394	1	1
TCGA-2Z-A9JP	10	72759	135506704	1	1
TCGA-2Z-A9JP	11	198572	134944770	1	1
TCGA-2Z-A9JP	12	150442	133778189	1	1
TCGA-2Z-A9JP	13	19026949	53272888	1	1
TCGA-2Z-A9JP	13	53273480	56444324	2	0
TCGA-2Z-A9JP	13	56444529	115108397	1	1
TCGA-2Z-A9JP	14	19002124	107285437	1	1
TCGA-2Z-A9JP	15	20016328	102469040	1	1
TCGA-2Z-A9JP	16	60777	90287535	2	1
TCGA-2Z-A9JP	17	526	81049726	2	1
TCGA-2Z-A9JP	18	48133	78015057	1	0
TCGA-2Z-A9JP	19	90910	59097854	1	1
TCGA-2Z-A9JP	20	61305	62956153	1	1
TCGA-2Z-A9JP	21	10736871	48096957	1	1
TCGA-2Z-A9JP	22	16052528	51234455	1	1
TCGA-2Z-A9JP	X	168477	155233846	1	0
