sample	chr	startpos	endpos	nMajor	nMinor
TCGA-5U-AB0F	1	61735	249224388	1	1
TCGA-5U-AB0F	2	12784	243089456	1	1
TCGA-5U-AB0F	3	60345	197896118	1	1
TCGA-5U-AB0F	4	12281	191027923	1	1
TCGA-5U-AB0F	5	15532	180790320	1	1
TCGA-5U-AB0F	6	149661	171051005	1	1
TCGA-5U-AB0F	7	43259	38278883	1	1
TCGA-5U-AB0F	7	38280224	38358227	1	0
TCGA-5U-AB0F	7	38358412	159127004	1	1
TCGA-5U-AB0F	8	31254	146298155	1	1
TCGA-5U-AB0F	9	46587	141091394	1	1
TCGA-5U-AB0F	10	72759	135506704	1	1
TCGA-5U-AB0F	11	198572	134944770	1	1
TCGA-5U-AB0F	12	150442	133778189	1	1
TCGA-5U-AB0F	13	19026949	115108397	1	1
TCGA-5U-AB0F	14	19002124	107285437	1	1
TCGA-5U-AB0F	15	20016328	102469040	1	1
TCGA-5U-AB0F	16	60777	90287535	1	1
TCGA-5U-AB0F	17	526	81049726	1	1
TCGA-5U-AB0F	18	48133	78015057	1	1
TCGA-5U-AB0F	19	90910	59097854	1	1
TCGA-5U-AB0F	20	61305	62956153	1	1
TCGA-5U-AB0F	21	10736871	48096957	1	1
TCGA-5U-AB0F	22	16052528	51234455	1	1
TCGA-5U-AB0F	X	168477	155233846	1	1
