sample	chr	startpos	endpos	nMajor	nMinor
TCGA-WB-A814	1	61735	249224388	1	1
TCGA-WB-A814	2	12784	243089456	1	1
TCGA-WB-A814	3	60345	85475183	1	0
TCGA-WB-A814	3	85476918	93548499	2	1
TCGA-WB-A814	3	93551545	120738007	1	0
TCGA-WB-A814	3	120749606	122956591	2	1
TCGA-WB-A814	3	122957619	127381425	1	0
TCGA-WB-A814	3	127382510	141154115	1	1
TCGA-WB-A814	3	141154702	197896118	1	0
TCGA-WB-A814	4	12281	191027923	1	1
TCGA-WB-A814	5	15532	180790320	1	1
TCGA-WB-A814	6	149661	171051005	1	1
TCGA-WB-A814	7	43259	159127004	1	1
TCGA-WB-A814	8	31254	40188411	1	1
TCGA-WB-A814	8	40188522	41576211	2	1
TCGA-WB-A814	8	41576528	146298155	1	1
TCGA-WB-A814	9	46587	141091394	1	1
TCGA-WB-A814	10	72759	135506704	1	1
TCGA-WB-A814	11	198572	17497462	1	0
TCGA-WB-A814	11	17499885	29175408	1	1
TCGA-WB-A814	11	29179054	50235292	1	0
TCGA-WB-A814	11	50238994	57068922	1	1
TCGA-WB-A814	11	57075685	59053462	1	0
TCGA-WB-A814	11	59059125	61670299	1	1
TCGA-WB-A814	11	61681984	62561674	1	0
TCGA-WB-A814	11	62565547	74561248	1	1
TCGA-WB-A814	11	74562067	100978107	1	0
TCGA-WB-A814	11	100978188	103152413	1	1
TCGA-WB-A814	11	103153824	134944770	1	0
TCGA-WB-A814	12	150442	133778189	1	1
TCGA-WB-A814	13	19026949	115108397	1	1
TCGA-WB-A814	14	19002124	22342416	1	1
TCGA-WB-A814	14	22342442	22983223	2	1
TCGA-WB-A814	14	22988022	107285437	1	1
TCGA-WB-A814	15	20016328	102469040	1	1
TCGA-WB-A814	16	60777	90287535	1	1
TCGA-WB-A814	17	526	81049726	1	1
TCGA-WB-A814	18	48133	78015057	1	1
TCGA-WB-A814	19	90910	59097854	1	1
TCGA-WB-A814	20	61305	62956153	1	1
TCGA-WB-A814	21	10736871	48096957	1	1
TCGA-WB-A814	22	16052528	51234455	1	1
TCGA-WB-A814	X	168477	155233846	1	1
