sample	chr	startpos	endpos	nMajor	nMinor
TCGA-BC-A216	1	61735	20773346	2	1
TCGA-BC-A216	1	20776752	20860030	4	0
TCGA-BC-A216	1	20865320	40144818	2	0
TCGA-BC-A216	1	40145062	41269700	2	2
TCGA-BC-A216	1	41270163	44055705	2	0
TCGA-BC-A216	1	44058143	44493044	4	0
TCGA-BC-A216	1	44497961	47232373	2	2
TCGA-BC-A216	1	47233733	47640247	4	0
TCGA-BC-A216	1	47640975	54645554	2	2
TCGA-BC-A216	1	54647789	59328135	3	1
TCGA-BC-A216	1	59328916	59777228	4	1
TCGA-BC-A216	1	59779574	94428639	3	1
TCGA-BC-A216	1	94428719	94654225	3	2
TCGA-BC-A216	1	94655287	120308275	3	1
TCGA-BC-A216	1	120308975	121482979	2	1
TCGA-BC-A216	1	144007049	145483725	2	0
TCGA-BC-A216	1	145485447	161078672	2	1
TCGA-BC-A216	1	161082992	162245335	3	1
TCGA-BC-A216	1	162245622	167494608	2	1
TCGA-BC-A216	1	167495094	168250307	6	1
TCGA-BC-A216	1	168255697	178920916	2	1
TCGA-BC-A216	1	178921301	179923456	4	2
TCGA-BC-A216	1	179925104	186174823	3	2
TCGA-BC-A216	1	186175544	186823819	4	1
TCGA-BC-A216	1	186824113	198083440	3	2
TCGA-BC-A216	1	198083545	199093350	4	1
TCGA-BC-A216	1	199093876	203485142	3	2
TCGA-BC-A216	1	203485284	203983991	4	2
TCGA-BC-A216	1	203984064	246115973	3	2
TCGA-BC-A216	1	246115988	246613721	3	1
TCGA-BC-A216	1	246614484	247783890	3	2
TCGA-BC-A216	1	247785143	248329491	3	1
TCGA-BC-A216	1	248329733	249224388	3	2
TCGA-BC-A216	2	12784	20337144	1	1
TCGA-BC-A216	2	20338020	20768247	2	0
TCGA-BC-A216	2	20768683	21578241	2	1
TCGA-BC-A216	2	21578468	22894563	2	0
TCGA-BC-A216	2	22896073	23730481	1	1
TCGA-BC-A216	2	23732893	25342185	2	0
TCGA-BC-A216	2	25342469	46383434	1	1
TCGA-BC-A216	2	46383985	46591149	2	1
TCGA-BC-A216	2	46594641	46970686	4	1
TCGA-BC-A216	2	46970887	47720420	2	1
TCGA-BC-A216	2	47722027	55182747	1	1
TCGA-BC-A216	2	55182950	56353602	2	0
TCGA-BC-A216	2	56353719	62455945	1	1
TCGA-BC-A216	2	62462213	64104435	1	0
TCGA-BC-A216	2	64107891	64419656	1	1
TCGA-BC-A216	2	64419831	64652914	1	0
TCGA-BC-A216	2	64656946	69322594	1	1
TCGA-BC-A216	2	69323035	69772926	1	0
TCGA-BC-A216	2	69775104	85512062	1	1
TCGA-BC-A216	2	85512675	86025566	2	1
TCGA-BC-A216	2	86026551	98891945	1	1
TCGA-BC-A216	2	98895433	99886950	2	1
TCGA-BC-A216	2	99888457	120072147	1	1
TCGA-BC-A216	2	120073397	120946938	2	0
TCGA-BC-A216	2	120947206	127954725	1	1
TCGA-BC-A216	2	127955181	128490313	2	1
TCGA-BC-A216	2	128494656	135517537	1	1
TCGA-BC-A216	2	135517665	136855468	2	0
TCGA-BC-A216	2	136858772	151535966	1	1
TCGA-BC-A216	2	151536032	152197682	3	1
TCGA-BC-A216	2	152199664	175378094	1	1
TCGA-BC-A216	2	175378230	176542513	2	0
TCGA-BC-A216	2	176543105	204527636	1	1
TCGA-BC-A216	2	204528127	205489653	3	1
TCGA-BC-A216	2	205490760	235570394	1	1
TCGA-BC-A216	2	235570608	235973681	2	0
TCGA-BC-A216	2	235974114	236518096	2	1
TCGA-BC-A216	2	236518287	237255813	3	0
TCGA-BC-A216	2	237262520	243089456	1	0
TCGA-BC-A216	3	60345	185536	2	0
TCGA-BC-A216	3	185683	16443166	1	1
TCGA-BC-A216	3	16443261	16727170	3	1
TCGA-BC-A216	3	16727277	40326794	1	1
TCGA-BC-A216	3	40332130	41375667	2	0
TCGA-BC-A216	3	41375994	45798688	1	1
TCGA-BC-A216	3	45804069	48297853	2	1
TCGA-BC-A216	3	48300264	50960736	1	1
TCGA-BC-A216	3	50960766	54970982	2	1
TCGA-BC-A216	3	54971539	71683947	1	1
TCGA-BC-A216	3	71683981	72285797	4	1
TCGA-BC-A216	3	72286089	105647731	1	1
TCGA-BC-A216	3	105651549	106160136	1	0
TCGA-BC-A216	3	106160316	109935968	1	1
TCGA-BC-A216	3	109942107	110929144	2	0
TCGA-BC-A216	3	110930787	123218229	1	1
TCGA-BC-A216	3	123218454	123925431	2	1
TCGA-BC-A216	3	123927014	127610685	1	1
TCGA-BC-A216	3	127612826	128311738	2	0
TCGA-BC-A216	3	128311781	139976378	1	1
TCGA-BC-A216	3	139976617	140455315	2	0
TCGA-BC-A216	3	140456679	141921224	1	1
TCGA-BC-A216	3	141921477	142813274	2	0
TCGA-BC-A216	3	142813964	188498358	1	1
TCGA-BC-A216	3	188503729	188716393	1	0
TCGA-BC-A216	3	188717048	193411705	1	1
TCGA-BC-A216	3	193412672	193886148	3	1
TCGA-BC-A216	3	193886383	197314822	1	1
TCGA-BC-A216	3	197315098	197896118	2	0
TCGA-BC-A216	4	12281	24953340	1	1
TCGA-BC-A216	4	24955098	25147172	2	1
TCGA-BC-A216	4	25147430	25456772	2	0
TCGA-BC-A216	4	25457501	30113564	1	1
TCGA-BC-A216	4	30114273	30873164	2	0
TCGA-BC-A216	4	30875173	39655457	1	1
TCGA-BC-A216	4	39659943	40126556	1	0
TCGA-BC-A216	4	40126831	41324048	1	1
TCGA-BC-A216	4	41325039	41801321	2	0
TCGA-BC-A216	4	41801541	48222160	1	1
TCGA-BC-A216	4	48225077	53862768	2	0
TCGA-BC-A216	4	53863203	69717530	1	1
TCGA-BC-A216	4	69718302	69982843	3	1
TCGA-BC-A216	4	69985874	99748339	1	1
TCGA-BC-A216	4	99748968	100259703	2	1
TCGA-BC-A216	4	100260274	142871546	1	1
TCGA-BC-A216	4	142874553	143644777	2	0
TCGA-BC-A216	4	143646184	148126197	1	1
TCGA-BC-A216	4	148126282	148853683	2	0
TCGA-BC-A216	4	148854250	156747125	1	1
TCGA-BC-A216	4	156753174	156954939	1	0
TCGA-BC-A216	4	156956632	165062632	1	1
TCGA-BC-A216	4	165068734	165559346	2	0
TCGA-BC-A216	4	165559995	186729137	1	1
TCGA-BC-A216	4	186729302	187488373	2	1
TCGA-BC-A216	4	187489383	191027923	1	1
TCGA-BC-A216	5	15532	742400	1	1
TCGA-BC-A216	5	742657	1286141	2	1
TCGA-BC-A216	5	1286232	7853141	1	1
TCGA-BC-A216	5	7853809	8411132	2	0
TCGA-BC-A216	5	8411410	10608537	1	1
TCGA-BC-A216	5	10610771	10836581	2	0
TCGA-BC-A216	5	10838059	21434878	1	1
TCGA-BC-A216	5	21435363	22050900	2	0
TCGA-BC-A216	5	22051657	24066218	1	1
TCGA-BC-A216	5	24066599	24465053	2	0
TCGA-BC-A216	5	24465679	36106980	1	1
TCGA-BC-A216	5	36116588	37347450	3	1
TCGA-BC-A216	5	37347486	67101866	1	1
TCGA-BC-A216	5	67104921	75531403	1	0
TCGA-BC-A216	5	75531432	75642735	3	0
TCGA-BC-A216	5	75642749	109521133	2	1
TCGA-BC-A216	5	109521310	110558134	2	0
TCGA-BC-A216	5	110558492	112494549	2	1
TCGA-BC-A216	5	112494616	113244579	3	0
TCGA-BC-A216	5	113245140	138226299	2	1
TCGA-BC-A216	5	138226767	139148025	2	0
TCGA-BC-A216	5	139150192	146643801	2	1
TCGA-BC-A216	5	146644115	147053270	3	0
TCGA-BC-A216	5	147053495	178250122	2	1
TCGA-BC-A216	5	178254247	179645106	2	2
TCGA-BC-A216	5	179645295	179860270	3	1
TCGA-BC-A216	5	179861507	180790320	1	1
TCGA-BC-A216	6	149661	2789307	1	1
TCGA-BC-A216	6	2789371	3218278	2	1
TCGA-BC-A216	6	3220281	20369608	1	1
TCGA-BC-A216	6	20370750	21145219	2	0
TCGA-BC-A216	6	21148742	36997001	1	1
TCGA-BC-A216	6	37001592	37708709	2	1
TCGA-BC-A216	6	37709919	43405525	1	1
TCGA-BC-A216	6	43405665	44017963	5	1
TCGA-BC-A216	6	44020410	44526968	1	1
TCGA-BC-A216	6	44527102	45372218	2	0
TCGA-BC-A216	6	45374774	71350431	1	1
TCGA-BC-A216	6	71351812	72604801	2	0
TCGA-BC-A216	6	72604896	75513031	1	1
TCGA-BC-A216	6	75519811	76788864	2	0
TCGA-BC-A216	6	76789950	87064718	1	1
TCGA-BC-A216	6	87070142	88490098	2	0
TCGA-BC-A216	6	88491110	111394569	1	1
TCGA-BC-A216	6	111394602	112435357	2	0
TCGA-BC-A216	6	112435682	125156124	1	1
TCGA-BC-A216	6	125156449	125810186	2	0
TCGA-BC-A216	6	125810710	136539959	1	1
TCGA-BC-A216	6	136540068	137629936	2	0
TCGA-BC-A216	6	137631222	150644384	1	1
TCGA-BC-A216	6	150644476	150858932	2	1
TCGA-BC-A216	6	150858993	156449749	1	1
TCGA-BC-A216	6	156449758	156640378	2	0
TCGA-BC-A216	6	156640656	171051005	1	1
TCGA-BC-A216	7	43259	11614039	1	1
TCGA-BC-A216	7	11618523	12553229	2	0
TCGA-BC-A216	7	12566005	23290584	1	1
TCGA-BC-A216	7	23294516	23402104	3	2
TCGA-BC-A216	7	23402147	23464856	4	0
TCGA-BC-A216	7	23465249	25599641	1	1
TCGA-BC-A216	7	25600108	26308516	2	0
TCGA-BC-A216	7	26309710	29423773	1	1
TCGA-BC-A216	7	29423930	30738557	2	1
TCGA-BC-A216	7	30740576	35613029	1	1
TCGA-BC-A216	7	35613260	36117168	2	0
TCGA-BC-A216	7	36117253	44676286	1	1
TCGA-BC-A216	7	44676599	45552381	2	0
TCGA-BC-A216	7	45553146	47740894	1	1
TCGA-BC-A216	7	47741157	47946370	2	1
TCGA-BC-A216	7	47961144	55163737	1	1
TCGA-BC-A216	7	55163867	55356532	2	0
TCGA-BC-A216	7	55367522	68734385	1	1
TCGA-BC-A216	7	68736093	70000954	2	0
TCGA-BC-A216	7	70001442	76450465	1	1
TCGA-BC-A216	7	76453683	77488664	2	0
TCGA-BC-A216	7	77488789	87084334	1	1
TCGA-BC-A216	7	87103263	87254648	2	1
TCGA-BC-A216	7	87258774	89344339	1	1
TCGA-BC-A216	7	89345537	90193021	2	0
TCGA-BC-A216	7	90195747	90526693	1	0
TCGA-BC-A216	7	90527463	95867856	1	1
TCGA-BC-A216	7	95867972	96971566	2	0
TCGA-BC-A216	7	96971681	116133077	1	1
TCGA-BC-A216	7	116137485	116356826	3	1
TCGA-BC-A216	7	116356853	122618791	1	1
TCGA-BC-A216	7	122626579	142009774	1	0
TCGA-BC-A216	7	142010199	149127447	1	1
TCGA-BC-A216	7	149131167	149694383	2	0
TCGA-BC-A216	7	149695033	150496668	1	1
TCGA-BC-A216	7	150498419	150626187	3	1
TCGA-BC-A216	7	150637789	159127004	1	1
TCGA-BC-A216	8	31254	363762	2	0
TCGA-BC-A216	8	368012	3566567	1	0
TCGA-BC-A216	8	3566615	3920312	0	0
TCGA-BC-A216	8	3920395	8945297	1	0
TCGA-BC-A216	8	8945728	9270421	2	0
TCGA-BC-A216	8	9270857	40545586	1	0
TCGA-BC-A216	8	40546123	41081185	1	1
TCGA-BC-A216	8	41081638	49690240	2	0
TCGA-BC-A216	8	49691705	50483791	1	1
TCGA-BC-A216	8	50484673	52045547	2	0
TCGA-BC-A216	8	52047701	56060207	1	1
TCGA-BC-A216	8	56062662	56545576	2	0
TCGA-BC-A216	8	56550203	70811264	1	1
TCGA-BC-A216	8	70811794	72027672	2	1
TCGA-BC-A216	8	72027703	78062096	1	1
TCGA-BC-A216	8	78062204	79497212	2	0
TCGA-BC-A216	8	79497899	83780239	1	1
TCGA-BC-A216	8	83782349	85025807	2	0
TCGA-BC-A216	8	85031444	98334394	1	1
TCGA-BC-A216	8	98336076	98861356	2	0
TCGA-BC-A216	8	98863279	101482192	1	1
TCGA-BC-A216	8	101485007	102126720	1	0
TCGA-BC-A216	8	102127041	146298155	1	1
TCGA-BC-A216	9	46587	4956411	1	1
TCGA-BC-A216	9	4957902	5430341	2	0
TCGA-BC-A216	9	5430936	9581692	1	1
TCGA-BC-A216	9	9582128	9946117	1	0
TCGA-BC-A216	9	9946568	17600200	1	1
TCGA-BC-A216	9	17600216	18392513	2	0
TCGA-BC-A216	9	18392597	35158653	1	1
TCGA-BC-A216	9	35165177	36526932	4	1
TCGA-BC-A216	9	36528276	74651696	1	1
TCGA-BC-A216	9	74652448	75543839	2	0
TCGA-BC-A216	9	75544038	83076201	1	1
TCGA-BC-A216	9	83078299	83467198	2	0
TCGA-BC-A216	9	83469204	92029495	1	1
TCGA-BC-A216	9	92031759	92722593	3	1
TCGA-BC-A216	9	92723456	113945046	1	1
TCGA-BC-A216	9	113945067	115367078	2	0
TCGA-BC-A216	9	115367155	141091394	1	1
TCGA-BC-A216	10	72759	11849270	1	1
TCGA-BC-A216	10	11855599	12225310	2	0
TCGA-BC-A216	10	12233822	18574958	1	1
TCGA-BC-A216	10	18579737	19189913	2	0
TCGA-BC-A216	10	19189952	32955145	1	1
TCGA-BC-A216	10	32955243	34400878	4	1
TCGA-BC-A216	10	34401694	44195076	1	1
TCGA-BC-A216	10	44195467	44855663	2	0
TCGA-BC-A216	10	44855740	45208025	1	1
TCGA-BC-A216	10	45208225	45434812	2	0
TCGA-BC-A216	10	45435333	48529987	1	1
TCGA-BC-A216	10	48530324	49775261	2	0
TCGA-BC-A216	10	49775373	57750714	1	1
TCGA-BC-A216	10	57754564	58804011	2	0
TCGA-BC-A216	10	58807954	65737827	1	1
TCGA-BC-A216	10	65738183	68264184	2	0
TCGA-BC-A216	10	68264237	88530564	1	1
TCGA-BC-A216	10	88534968	89643014	1	0
TCGA-BC-A216	10	89643084	90036680	0	0
TCGA-BC-A216	10	90036732	90187924	1	0
TCGA-BC-A216	10	90193131	91033200	1	1
TCGA-BC-A216	10	91033432	91267317	3	1
TCGA-BC-A216	10	91271082	95135229	1	1
TCGA-BC-A216	10	95136246	96902153	1	0
TCGA-BC-A216	10	96903156	103154002	1	1
TCGA-BC-A216	10	103154846	104906211	1	0
TCGA-BC-A216	10	104909890	105586942	1	1
TCGA-BC-A216	10	105587378	105924912	3	1
TCGA-BC-A216	10	105926906	113563273	1	1
TCGA-BC-A216	10	113563925	115308750	1	0
TCGA-BC-A216	10	115309928	123910399	1	1
TCGA-BC-A216	10	123911046	124053221	2	1
TCGA-BC-A216	10	124053547	124275143	3	0
TCGA-BC-A216	10	124276244	135506704	1	1
TCGA-BC-A216	11	198572	19364272	1	1
TCGA-BC-A216	11	19366478	19511166	2	1
TCGA-BC-A216	11	19513551	32996710	1	1
TCGA-BC-A216	11	32996805	33726222	1	0
TCGA-BC-A216	11	33730261	33884864	2	0
TCGA-BC-A216	11	33885268	41057739	1	1
TCGA-BC-A216	11	41059281	41133555	1	0
TCGA-BC-A216	11	41133612	47990056	1	1
TCGA-BC-A216	11	47990410	51518519	2	0
TCGA-BC-A216	11	51524829	69585917	1	1
TCGA-BC-A216	11	69586070	69898247	2	1
TCGA-BC-A216	11	69901274	83594663	1	1
TCGA-BC-A216	11	83601075	83651769	1	0
TCGA-BC-A216	11	83653109	86742696	1	1
TCGA-BC-A216	11	86743742	87784421	1	0
TCGA-BC-A216	11	87787301	99648013	1	1
TCGA-BC-A216	11	99648601	100012939	1	0
TCGA-BC-A216	11	100013902	123897688	1	1
TCGA-BC-A216	11	123898697	124155409	1	0
TCGA-BC-A216	11	124157326	134944770	1	1
TCGA-BC-A216	12	150442	19065221	2	1
TCGA-BC-A216	12	19065271	19773460	2	0
TCGA-BC-A216	12	19774142	45229967	1	1
TCGA-BC-A216	12	45231024	45942368	2	0
TCGA-BC-A216	12	45942518	55343822	1	1
TCGA-BC-A216	12	55343928	56050706	2	0
TCGA-BC-A216	12	56050820	83755167	1	1
TCGA-BC-A216	12	83755902	84974187	2	0
TCGA-BC-A216	12	84974337	99227270	1	1
TCGA-BC-A216	12	99229140	100233541	1	0
TCGA-BC-A216	12	100235073	100549758	2	0
TCGA-BC-A216	12	100556111	101370152	2	1
TCGA-BC-A216	12	101370480	106067109	1	1
TCGA-BC-A216	12	106069004	106686444	2	1
TCGA-BC-A216	12	106686656	116249380	1	1
TCGA-BC-A216	12	116249478	116530240	2	0
TCGA-BC-A216	12	116535372	116841188	1	0
TCGA-BC-A216	12	116841219	121233367	1	1
TCGA-BC-A216	12	121235716	121330192	1	0
TCGA-BC-A216	12	121335806	133778189	1	1
TCGA-BC-A216	13	19026949	19631157	2	0
TCGA-BC-A216	13	19631468	24524176	1	1
TCGA-BC-A216	13	24524626	24797786	2	1
TCGA-BC-A216	13	24797913	72396898	1	1
TCGA-BC-A216	13	72397550	72774602	2	0
TCGA-BC-A216	13	72777076	76546271	1	1
TCGA-BC-A216	13	76546418	77503540	2	1
TCGA-BC-A216	13	77503765	99976235	1	1
TCGA-BC-A216	13	99977662	100303482	1	0
TCGA-BC-A216	13	100305779	103369640	1	1
TCGA-BC-A216	13	103370602	103833544	2	0
TCGA-BC-A216	13	103833647	114749299	1	1
TCGA-BC-A216	13	114752802	115108397	2	0
TCGA-BC-A216	14	19002124	20412800	2	0
TCGA-BC-A216	14	20413671	45277846	1	1
TCGA-BC-A216	14	45284948	45745077	2	0
TCGA-BC-A216	14	45753937	46219963	1	0
TCGA-BC-A216	14	46226992	52398597	1	1
TCGA-BC-A216	14	52403684	52669059	2	0
TCGA-BC-A216	14	52671668	60495433	1	1
TCGA-BC-A216	14	60497826	61828121	2	0
TCGA-BC-A216	14	61831860	64896605	1	1
TCGA-BC-A216	14	64896881	65480197	2	0
TCGA-BC-A216	14	65480208	66985327	1	1
TCGA-BC-A216	14	66985972	68253268	1	0
TCGA-BC-A216	14	68253298	70514949	1	1
TCGA-BC-A216	14	70515017	70560632	3	1
TCGA-BC-A216	14	70561100	72914805	1	1
TCGA-BC-A216	14	72915121	73093047	1	0
TCGA-BC-A216	14	73094124	92275946	1	1
TCGA-BC-A216	14	92279983	92530513	2	1
TCGA-BC-A216	14	92530551	95549491	1	1
TCGA-BC-A216	14	95551849	96016064	2	1
TCGA-BC-A216	14	96016135	105210831	1	1
TCGA-BC-A216	14	105213330	106116861	2	1
TCGA-BC-A216	14	106119639	107285437	1	1
TCGA-BC-A216	15	20016328	42919153	1	1
TCGA-BC-A216	15	42922656	45425130	2	0
TCGA-BC-A216	15	45425864	53372926	1	1
TCGA-BC-A216	15	53373233	53769587	2	1
TCGA-BC-A216	15	53769721	61411793	1	1
TCGA-BC-A216	15	61412142	62493710	2	1
TCGA-BC-A216	15	62495476	62856619	1	0
TCGA-BC-A216	15	62859521	68155300	1	1
TCGA-BC-A216	15	68155710	69073878	2	0
TCGA-BC-A216	15	69077032	76165931	1	1
TCGA-BC-A216	15	76167982	76978800	2	1
TCGA-BC-A216	15	76978918	79801775	1	0
TCGA-BC-A216	15	79803286	80071462	2	0
TCGA-BC-A216	15	80072340	86345971	1	0
TCGA-BC-A216	15	86346082	86402691	2	0
TCGA-BC-A216	15	86402827	102469040	1	0
TCGA-BC-A216	16	60777	4225820	1	1
TCGA-BC-A216	16	4226988	4593741	2	1
TCGA-BC-A216	16	4594671	11339702	1	1
TCGA-BC-A216	16	11344297	11406047	2	1
TCGA-BC-A216	16	11406519	26827815	1	1
TCGA-BC-A216	16	26828094	27624157	2	1
TCGA-BC-A216	16	27626312	28005240	1	1
TCGA-BC-A216	16	28005569	30510692	2	1
TCGA-BC-A216	16	30511775	33654540	1	1
TCGA-BC-A216	16	33665167	51370240	1	0
TCGA-BC-A216	16	51372014	51410329	3	0
TCGA-BC-A216	16	51416234	70855202	1	0
TCGA-BC-A216	16	70855479	71202489	2	0
TCGA-BC-A216	16	71202797	90287535	1	0
TCGA-BC-A216	17	526	1009371	2	1
TCGA-BC-A216	17	1009413	2771214	1	1
TCGA-BC-A216	17	2771512	3393086	2	0
TCGA-BC-A216	17	3393444	7196390	1	1
TCGA-BC-A216	17	7201681	8803585	1	0
TCGA-BC-A216	17	8804124	25302310	1	1
TCGA-BC-A216	17	25309463	26715261	2	1
TCGA-BC-A216	17	26719903	78702845	1	1
TCGA-BC-A216	17	78703899	79461396	2	1
TCGA-BC-A216	17	79461486	81049726	1	1
TCGA-BC-A216	18	48133	20830466	1	1
TCGA-BC-A216	18	20830499	21072300	1	0
TCGA-BC-A216	18	21072696	26988470	1	1
TCGA-BC-A216	18	26990995	27671137	1	0
TCGA-BC-A216	18	27675667	29440019	1	1
TCGA-BC-A216	18	29452399	29970176	2	1
TCGA-BC-A216	18	29972397	30086263	1	1
TCGA-BC-A216	18	30091304	30917803	1	0
TCGA-BC-A216	18	30921425	35595873	1	1
TCGA-BC-A216	18	35598938	36859202	1	0
TCGA-BC-A216	18	36860147	37288274	0	0
TCGA-BC-A216	18	37288976	48321014	1	0
TCGA-BC-A216	18	48321552	48666869	0	0
TCGA-BC-A216	18	48667368	78015057	1	0
TCGA-BC-A216	19	90910	4682252	1	1
TCGA-BC-A216	19	4688844	5081364	2	1
TCGA-BC-A216	19	5081481	10519725	1	1
TCGA-BC-A216	19	10520064	11518046	2	0
TCGA-BC-A216	19	11521938	23736635	1	1
TCGA-BC-A216	19	23736660	28451030	2	0
TCGA-BC-A216	19	28451265	32030817	1	1
TCGA-BC-A216	19	32031081	33334415	2	1
TCGA-BC-A216	19	33345838	35525912	1	1
TCGA-BC-A216	19	35527048	35818897	2	1
TCGA-BC-A216	19	35820251	59097854	1	1
TCGA-BC-A216	20	61305	385052	1	1
TCGA-BC-A216	20	391025	662622	2	1
TCGA-BC-A216	20	665551	43780908	1	1
TCGA-BC-A216	20	43783085	44499647	2	0
TCGA-BC-A216	20	44501192	62956153	1	1
TCGA-BC-A216	21	10736871	48096957	1	1
TCGA-BC-A216	22	16052528	22570417	1	1
TCGA-BC-A216	22	22571872	23297877	2	1
TCGA-BC-A216	22	23299622	29799898	1	1
TCGA-BC-A216	22	29804497	30057259	2	0
TCGA-BC-A216	22	30057440	30471907	2	1
TCGA-BC-A216	22	30472254	38284282	1	1
TCGA-BC-A216	22	38287292	39274814	2	0
TCGA-BC-A216	22	39275846	49927847	1	1
TCGA-BC-A216	22	49927888	51234455	1	0
TCGA-BC-A216	X	168477	10547589	1	1
TCGA-BC-A216	X	10549934	11522626	3	0
TCGA-BC-A216	X	11524112	13228109	3	1
TCGA-BC-A216	X	13228519	13671244	1	1
TCGA-BC-A216	X	13672101	14608397	2	0
TCGA-BC-A216	X	14611369	22484087	1	1
TCGA-BC-A216	X	22484595	22684140	2	0
TCGA-BC-A216	X	22684361	32507040	1	1
TCGA-BC-A216	X	32507156	32773024	2	0
TCGA-BC-A216	X	32773142	35731978	1	1
TCGA-BC-A216	X	35732243	37659056	2	0
TCGA-BC-A216	X	37659839	50629226	1	1
TCGA-BC-A216	X	50629447	52655979	2	0
TCGA-BC-A216	X	52659084	55240315	1	1
TCGA-BC-A216	X	55243824	67057650	2	0
TCGA-BC-A216	X	67058158	82416020	1	1
TCGA-BC-A216	X	82419311	85085060	2	0
TCGA-BC-A216	X	85085411	97845189	1	1
TCGA-BC-A216	X	97845602	99131514	2	0
TCGA-BC-A216	X	99131942	105504637	1	1
TCGA-BC-A216	X	105522232	108846455	2	0
TCGA-BC-A216	X	108847378	109942660	1	1
TCGA-BC-A216	X	109942806	111666148	2	1
TCGA-BC-A216	X	111666633	113586774	1	1
TCGA-BC-A216	X	113586898	114544879	2	0
TCGA-BC-A216	X	114545196	119620961	1	1
TCGA-BC-A216	X	119621147	120861720	1	0
TCGA-BC-A216	X	120864696	121222635	1	1
TCGA-BC-A216	X	121224138	121944903	2	0
TCGA-BC-A216	X	121947195	155233846	1	1
