sample	chr	startpos	endpos	nMajor	nMinor
TCGA-16-0849	1	61735	39791109	1	1
TCGA-16-0849	1	39794106	40539825	2	1
TCGA-16-0849	1	40544405	147307067	1	1
TCGA-16-0849	1	147308112	158348644	2	1
TCGA-16-0849	1	158350127	249224388	1	1
TCGA-16-0849	2	12784	243089456	1	1
TCGA-16-0849	3	60345	272619	1	0
TCGA-16-0849	3	273780	23710343	1	1
TCGA-16-0849	3	23719918	24020566	1	0
TCGA-16-0849	3	24023851	24515236	1	1
TCGA-16-0849	3	24516064	27345381	1	0
TCGA-16-0849	3	27353814	27798854	1	1
TCGA-16-0849	3	27806147	29354448	1	0
TCGA-16-0849	3	29356824	30353281	1	1
TCGA-16-0849	3	30354104	90287413	1	0
TCGA-16-0849	3	90287961	197896118	1	1
TCGA-16-0849	4	12281	49161758	1	0
TCGA-16-0849	4	49169946	191027923	1	1
TCGA-16-0849	5	15532	180790320	1	1
TCGA-16-0849	6	149661	171051005	1	1
TCGA-16-0849	7	43259	123349985	1	1
TCGA-16-0849	7	123353744	159127004	2	1
TCGA-16-0849	8	31254	2343530	1	1
TCGA-16-0849	8	2347503	5847291	2	1
TCGA-16-0849	8	5847514	146298155	1	1
TCGA-16-0849	9	46587	141091394	1	1
TCGA-16-0849	10	72759	135506704	1	1
TCGA-16-0849	11	198572	97302294	1	1
TCGA-16-0849	11	97302514	101745148	2	1
TCGA-16-0849	11	101749131	134944770	1	1
TCGA-16-0849	12	150442	133778189	1	1
TCGA-16-0849	13	19026949	86759841	1	1
TCGA-16-0849	13	86920369	87802483	2	1
TCGA-16-0849	13	87805175	90568363	1	1
TCGA-16-0849	13	90569041	104949369	2	1
TCGA-16-0849	13	104950912	104966645	3	0
TCGA-16-0849	13	104966770	107503308	4	1
TCGA-16-0849	13	107503625	108968058	3	1
TCGA-16-0849	13	108970236	114034228	2	1
TCGA-16-0849	13	114039146	114889995	1	1
TCGA-16-0849	13	114890232	115108397	1	0
TCGA-16-0849	14	19002124	107285437	1	1
TCGA-16-0849	15	20016328	102469040	1	1
TCGA-16-0849	16	60777	90287535	1	1
TCGA-16-0849	17	526	847514	4	0
TCGA-16-0849	17	847724	8201072	3	0
TCGA-16-0849	17	8207428	25270411	2	1
TCGA-16-0849	17	25270517	81049726	1	1
TCGA-16-0849	18	48133	78015057	1	1
TCGA-16-0849	19	90910	59097854	1	1
TCGA-16-0849	20	61305	50883068	1	1
TCGA-16-0849	20	50883217	51475915	2	1
TCGA-16-0849	20	51480358	62956153	1	1
TCGA-16-0849	21	10736871	48096957	1	1
TCGA-16-0849	22	16052528	51234455	1	1
TCGA-16-0849	X	168477	2694240	1	1
TCGA-16-0849	X	2703391	154929034	1	0
TCGA-16-0849	X	154929105	155233846	1	1
