sample	chr	startpos	endpos	nMajor	nMinor
TCGA-AA-3831	1	61735	249224388	1	1
TCGA-AA-3831	2	12784	243089456	1	1
TCGA-AA-3831	3	60345	60197545	1	1
TCGA-AA-3831	3	60198021	60248418	1	0
TCGA-AA-3831	3	60249070	60290014	0	0
TCGA-AA-3831	3	60292056	60538329	1	0
TCGA-AA-3831	3	60540090	197896118	1	1
TCGA-AA-3831	4	12281	52714469	1	1
TCGA-AA-3831	4	52714484	191027923	2	0
TCGA-AA-3831	5	15532	180790320	1	1
TCGA-AA-3831	6	149661	42942700	2	0
TCGA-AA-3831	6	42942779	171051005	1	1
TCGA-AA-3831	7	43259	159127004	1	1
TCGA-AA-3831	8	31254	101593170	1	1
TCGA-AA-3831	8	101602235	102223508	2	1
TCGA-AA-3831	8	102224434	146298155	1	1
TCGA-AA-3831	9	46587	114805504	1	1
TCGA-AA-3831	9	114807641	114998793	2	1
TCGA-AA-3831	9	115001207	141091394	1	1
TCGA-AA-3831	10	72759	135506704	1	1
TCGA-AA-3831	11	198572	62008943	1	1
TCGA-AA-3831	11	62008961	62336160	2	1
TCGA-AA-3831	11	62336490	73666213	1	1
TCGA-AA-3831	11	73676427	74083902	2	1
TCGA-AA-3831	11	74084219	134944770	1	1
TCGA-AA-3831	12	150442	133778189	1	1
TCGA-AA-3831	13	19026949	115108397	1	1
TCGA-AA-3831	14	19002124	49987171	1	1
TCGA-AA-3831	14	49999380	50610946	2	1
TCGA-AA-3831	14	50616878	107285437	1	1
TCGA-AA-3831	15	20016328	28969616	1	1
TCGA-AA-3831	15	28969665	102469040	2	0
TCGA-AA-3831	16	60777	78416213	1	1
TCGA-AA-3831	16	78416433	78735744	1	0
TCGA-AA-3831	16	78738371	90287535	1	1
TCGA-AA-3831	17	526	29530770	1	1
TCGA-AA-3831	17	29536133	81049726	2	0
TCGA-AA-3831	18	48133	78015057	1	1
TCGA-AA-3831	19	90910	59097854	1	1
TCGA-AA-3831	20	61305	62956153	1	1
TCGA-AA-3831	21	10736871	48096957	1	1
TCGA-AA-3831	22	16052528	51234455	1	1
TCGA-AA-3831	X	168477	2694240	1	1
TCGA-AA-3831	X	2703391	154913205	1	0
TCGA-AA-3831	X	154915975	155233846	1	1
