sample	chr	startpos	endpos	nMajor	nMinor
TCGA-DX-A6BH	1	61735	157452826	1	1
TCGA-DX-A6BH	1	157454832	157629863	5	2
TCGA-DX-A6BH	1	157630475	165160615	1	1
TCGA-DX-A6BH	1	165161657	165182050	6	2
TCGA-DX-A6BH	1	165182355	166152611	1	1
TCGA-DX-A6BH	1	166158766	166413914	23	1
TCGA-DX-A6BH	1	166416106	166584704	7	1
TCGA-DX-A6BH	1	166584901	166871442	15	0
TCGA-DX-A6BH	1	166876005	167057495	5	1
TCGA-DX-A6BH	1	167057601	167275402	18	1
TCGA-DX-A6BH	1	167281899	169489203	1	1
TCGA-DX-A6BH	1	169492100	169581130	24	1
TCGA-DX-A6BH	1	169581258	171097008	15	1
TCGA-DX-A6BH	1	171097561	171374129	25	0
TCGA-DX-A6BH	1	171375277	172262597	18	1
TCGA-DX-A6BH	1	172269642	175567918	1	1
TCGA-DX-A6BH	1	175570730	176239709	18	2
TCGA-DX-A6BH	1	176240412	249224388	1	1
TCGA-DX-A6BH	2	12784	243089456	1	1
TCGA-DX-A6BH	3	60345	197896118	1	1
TCGA-DX-A6BH	4	12281	191027923	1	1
TCGA-DX-A6BH	5	15532	180790320	1	1
TCGA-DX-A6BH	6	149661	41246473	1	1
TCGA-DX-A6BH	6	41248047	41313476	14	6
TCGA-DX-A6BH	6	41315236	41540809	2	0
TCGA-DX-A6BH	6	41541539	41604233	12	1
TCGA-DX-A6BH	6	41609220	41989018	25	1
TCGA-DX-A6BH	6	41989718	42203748	15	1
TCGA-DX-A6BH	6	42203748	42317567	2	1
TCGA-DX-A6BH	6	42335162	42574782	21	8
TCGA-DX-A6BH	6	42577697	47569917	1	1
TCGA-DX-A6BH	6	47571536	47627485	5	5
TCGA-DX-A6BH	6	47627655	47696265	19	4
TCGA-DX-A6BH	6	47696304	47771917	2	1
TCGA-DX-A6BH	6	47774407	48286776	18	4
TCGA-DX-A6BH	6	48287802	67988527	1	1
TCGA-DX-A6BH	6	67989307	68071867	20	8
TCGA-DX-A6BH	6	68072058	68787682	1	1
TCGA-DX-A6BH	6	68791025	69185660	13	6
TCGA-DX-A6BH	6	69187092	82516968	1	1
TCGA-DX-A6BH	6	82524543	82831335	29	1
TCGA-DX-A6BH	6	82840466	120081515	1	1
TCGA-DX-A6BH	6	120082034	120267677	13	4
TCGA-DX-A6BH	6	120268706	120384737	2	0
TCGA-DX-A6BH	6	120385211	120855466	19	1
TCGA-DX-A6BH	6	120858317	123668806	6	1
TCGA-DX-A6BH	6	123672234	124773048	19	1
TCGA-DX-A6BH	6	124775705	133693661	1	1
TCGA-DX-A6BH	6	133699696	134504204	7	1
TCGA-DX-A6BH	6	134509254	138070237	1	1
TCGA-DX-A6BH	6	138073689	139775415	20	1
TCGA-DX-A6BH	6	139779242	141831853	1	1
TCGA-DX-A6BH	6	141837707	142174221	6	2
TCGA-DX-A6BH	6	142177550	142854599	1	0
TCGA-DX-A6BH	6	142857145	144035758	17	1
TCGA-DX-A6BH	6	144036840	146368041	22	1
TCGA-DX-A6BH	6	146368175	147047919	30	1
TCGA-DX-A6BH	6	147047939	147055782	22	0
TCGA-DX-A6BH	6	147060842	147872310	13	1
TCGA-DX-A6BH	6	147872486	148465263	7	1
TCGA-DX-A6BH	6	148465367	148768988	1	1
TCGA-DX-A6BH	6	148769199	149485107	7	1
TCGA-DX-A6BH	6	149491863	149628277	1	1
TCGA-DX-A6BH	6	149629326	150821448	5	1
TCGA-DX-A6BH	6	150822680	151658305	14	1
TCGA-DX-A6BH	6	151659309	152660310	1	1
TCGA-DX-A6BH	6	152660421	152991609	5	2
TCGA-DX-A6BH	6	152992109	171051005	1	1
TCGA-DX-A6BH	7	43259	62080741	1	1
TCGA-DX-A6BH	7	62103378	107396759	1	0
TCGA-DX-A6BH	7	107409602	107967394	18	0
TCGA-DX-A6BH	7	107967839	108027063	5	0
TCGA-DX-A6BH	7	108035314	109174062	1	0
TCGA-DX-A6BH	7	109176371	109250932	16	0
TCGA-DX-A6BH	7	109255659	110062784	1	0
TCGA-DX-A6BH	7	110071514	110175099	12	0
TCGA-DX-A6BH	7	110175148	113320744	1	0
TCGA-DX-A6BH	7	113325184	113334569	35	0
TCGA-DX-A6BH	7	113336293	113884794	19	9
TCGA-DX-A6BH	7	113885301	114355097	21	0
TCGA-DX-A6BH	7	114355460	114720046	9	0
TCGA-DX-A6BH	7	114723756	115684292	22	0
TCGA-DX-A6BH	7	115691506	117370332	1	0
TCGA-DX-A6BH	7	117380622	117629747	6	0
TCGA-DX-A6BH	7	117638422	119173435	1	0
TCGA-DX-A6BH	7	119177845	119639263	20	0
TCGA-DX-A6BH	7	119654399	121126073	1	0
TCGA-DX-A6BH	7	121130218	121204943	20	0
TCGA-DX-A6BH	7	121210025	121287494	3	0
TCGA-DX-A6BH	7	121297409	121725961	1	0
TCGA-DX-A6BH	7	121730241	121779485	24	0
TCGA-DX-A6BH	7	121793753	122194384	1	0
TCGA-DX-A6BH	7	122205643	122904400	13	1
TCGA-DX-A6BH	7	122909981	123320435	20	1
TCGA-DX-A6BH	7	123320539	123434668	9	1
TCGA-DX-A6BH	7	123435922	123681501	1	0
TCGA-DX-A6BH	7	123682967	124058897	8	1
TCGA-DX-A6BH	7	124061862	124853911	1	0
TCGA-DX-A6BH	7	124861026	125083895	25	1
TCGA-DX-A6BH	7	125087319	126006965	1	0
TCGA-DX-A6BH	7	126006996	126813297	5	1
TCGA-DX-A6BH	7	126823258	128875048	1	0
TCGA-DX-A6BH	7	128875596	129136683	19	1
TCGA-DX-A6BH	7	129147468	129374657	5	1
TCGA-DX-A6BH	7	129377795	129543199	1	0
TCGA-DX-A6BH	7	129544266	129622074	6	1
TCGA-DX-A6BH	7	129624527	129834776	14	2
TCGA-DX-A6BH	7	129835807	135865890	1	0
TCGA-DX-A6BH	7	135867830	135956441	5	1
TCGA-DX-A6BH	7	135956921	135992856	6	1
TCGA-DX-A6BH	7	135993517	136026926	21	2
TCGA-DX-A6BH	7	136027364	159127004	1	0
TCGA-DX-A6BH	8	31254	146298155	1	1
TCGA-DX-A6BH	9	46587	141091394	1	1
TCGA-DX-A6BH	10	72759	135506704	1	1
TCGA-DX-A6BH	11	198572	134944770	1	1
TCGA-DX-A6BH	12	150442	57973990	1	1
TCGA-DX-A6BH	12	57975570	57987209	1	0
TCGA-DX-A6BH	12	57989043	58736436	14	4
TCGA-DX-A6BH	12	58737269	60231471	1	1
TCGA-DX-A6BH	12	60232119	60297702	12	12
TCGA-DX-A6BH	12	60302823	60388617	2	0
TCGA-DX-A6BH	12	60394121	60439156	34	0
TCGA-DX-A6BH	12	60449371	65162443	1	1
TCGA-DX-A6BH	12	65176784	65424497	16	4
TCGA-DX-A6BH	12	65428507	67105742	1	1
TCGA-DX-A6BH	12	67110679	67197424	20	7
TCGA-DX-A6BH	12	67198129	67212384	18	6
TCGA-DX-A6BH	12	67212694	67364541	9	3
TCGA-DX-A6BH	12	67365344	67369010	2	0
TCGA-DX-A6BH	12	67369365	68002027	1	1
TCGA-DX-A6BH	12	68002302	68786782	28	1
TCGA-DX-A6BH	12	68788321	69157549	1	1
TCGA-DX-A6BH	12	69157700	69271311	16	1
TCGA-DX-A6BH	12	69271477	70014967	32	1
TCGA-DX-A6BH	12	70015760	70048829	15	1
TCGA-DX-A6BH	12	70052448	70347960	1	1
TCGA-DX-A6BH	12	70348014	70555492	20	1
TCGA-DX-A6BH	12	70555659	70607667	10	0
TCGA-DX-A6BH	12	70610002	70719459	2	0
TCGA-DX-A6BH	12	70721751	70752162	25	1
TCGA-DX-A6BH	12	70752844	70898908	28	1
TCGA-DX-A6BH	12	70902549	72501437	1	1
TCGA-DX-A6BH	12	72503767	72943328	14	3
TCGA-DX-A6BH	12	72943698	74974693	1	1
TCGA-DX-A6BH	12	74975211	74989236	2	0
TCGA-DX-A6BH	12	74995475	75146985	20	7
TCGA-DX-A6BH	12	75147801	75702730	26	1
TCGA-DX-A6BH	12	75705541	75966556	2	0
TCGA-DX-A6BH	12	75968283	76140050	22	1
TCGA-DX-A6BH	12	76143489	131104082	1	1
TCGA-DX-A6BH	12	131104157	133778189	2	0
TCGA-DX-A6BH	13	19026949	115108397	1	1
TCGA-DX-A6BH	14	19002124	22586604	1	1
TCGA-DX-A6BH	14	22590877	22953607	2	1
TCGA-DX-A6BH	14	22955716	107285437	1	1
TCGA-DX-A6BH	15	20016328	102469040	1	1
TCGA-DX-A6BH	16	60777	13326067	1	1
TCGA-DX-A6BH	16	13326516	13806718	17	1
TCGA-DX-A6BH	16	13806913	13890494	2	0
TCGA-DX-A6BH	16	13894030	14251095	6	1
TCGA-DX-A6BH	16	14256550	90287535	1	1
TCGA-DX-A6BH	17	526	81049726	1	1
TCGA-DX-A6BH	18	48133	78015057	1	1
TCGA-DX-A6BH	19	90910	59097854	1	1
TCGA-DX-A6BH	20	61305	62956153	1	1
TCGA-DX-A6BH	21	10736871	48096957	1	1
TCGA-DX-A6BH	22	16052528	51234455	1	1
TCGA-DX-A6BH	X	168477	2694240	1	1
TCGA-DX-A6BH	X	2703391	154928902	1	0
TCGA-DX-A6BH	X	154929034	155233846	1	1
