sample	chr	startpos	endpos	nMajor	nMinor
TCGA-D3-A51K	1	61735	121482979	1	1
TCGA-D3-A51K	1	144007049	145452916	2	1
TCGA-D3-A51K	1	145454318	249224388	3	1
TCGA-D3-A51K	2	12784	5904390	1	1
TCGA-D3-A51K	2	5908151	6146154	1	0
TCGA-D3-A51K	2	6147105	136658468	1	1
TCGA-D3-A51K	2	136658815	136907436	1	0
TCGA-D3-A51K	2	136910273	141557341	1	1
TCGA-D3-A51K	2	141558025	141890491	1	0
TCGA-D3-A51K	2	141892885	206334079	1	1
TCGA-D3-A51K	2	206336455	243089456	1	0
TCGA-D3-A51K	3	60345	174616697	1	1
TCGA-D3-A51K	3	174619365	174909952	1	0
TCGA-D3-A51K	3	174911619	197896118	1	1
TCGA-D3-A51K	4	12281	55477576	1	1
TCGA-D3-A51K	4	55477883	55774680	20	1
TCGA-D3-A51K	4	55775876	95870266	1	1
TCGA-D3-A51K	4	95876278	96341046	1	0
TCGA-D3-A51K	4	96342750	191027923	1	1
TCGA-D3-A51K	5	15532	1548867	6	1
TCGA-D3-A51K	5	1549135	1590212	4	1
TCGA-D3-A51K	5	1597179	2847757	1	0
TCGA-D3-A51K	5	2851583	3004584	8	1
TCGA-D3-A51K	5	3004742	6140778	1	0
TCGA-D3-A51K	5	6141136	6179128	5	1
TCGA-D3-A51K	5	6179627	8007031	1	0
TCGA-D3-A51K	5	8010610	8780313	10	1
TCGA-D3-A51K	5	8789437	12068877	1	0
TCGA-D3-A51K	5	12080257	12765628	4	1
TCGA-D3-A51K	5	12766490	13378325	7	1
TCGA-D3-A51K	5	13378794	13766115	4	1
TCGA-D3-A51K	5	13767631	14339174	1	0
TCGA-D3-A51K	5	14339527	15687590	2	1
TCGA-D3-A51K	5	15688512	16096867	5	1
TCGA-D3-A51K	5	16097163	17920818	2	1
TCGA-D3-A51K	5	17921244	18184349	4	1
TCGA-D3-A51K	5	18192581	25245141	1	0
TCGA-D3-A51K	5	25247220	25861328	8	1
TCGA-D3-A51K	5	25861626	27601731	2	1
TCGA-D3-A51K	5	27603003	28650319	5	1
TCGA-D3-A51K	5	28651100	29372615	2	1
TCGA-D3-A51K	5	29372995	33994784	5	1
TCGA-D3-A51K	5	33994864	34282967	2	1
TCGA-D3-A51K	5	34289324	34837745	4	1
TCGA-D3-A51K	5	34844324	35377821	2	1
TCGA-D3-A51K	5	35378034	35491185	5	1
TCGA-D3-A51K	5	35503887	39502179	2	1
TCGA-D3-A51K	5	39502211	41016162	4	1
TCGA-D3-A51K	5	41016415	167457607	2	1
TCGA-D3-A51K	5	167461840	167611655	2	0
TCGA-D3-A51K	5	167612389	171834482	2	1
TCGA-D3-A51K	5	171834662	173875607	2	0
TCGA-D3-A51K	5	173879798	180790320	2	1
TCGA-D3-A51K	6	149661	57299309	2	2
TCGA-D3-A51K	6	57308995	58082951	2	0
TCGA-D3-A51K	6	58140300	61931989	2	2
TCGA-D3-A51K	6	61949118	71289223	2	0
TCGA-D3-A51K	6	71295777	71690630	2	1
TCGA-D3-A51K	6	71690795	81277987	2	0
TCGA-D3-A51K	6	81284189	86061779	2	1
TCGA-D3-A51K	6	86062044	144668710	2	0
TCGA-D3-A51K	6	144671504	146912807	2	2
TCGA-D3-A51K	6	146917501	150169945	2	0
TCGA-D3-A51K	6	150170444	150527634	2	2
TCGA-D3-A51K	6	150527967	150869099	3	0
TCGA-D3-A51K	6	150869211	152240423	2	0
TCGA-D3-A51K	6	152241150	152348758	3	1
TCGA-D3-A51K	6	152348901	153172603	2	0
TCGA-D3-A51K	6	153173999	154765295	2	1
TCGA-D3-A51K	6	154765608	157915687	2	0
TCGA-D3-A51K	6	157915855	158502590	2	2
TCGA-D3-A51K	6	158504813	161280449	2	0
TCGA-D3-A51K	6	161285949	162415428	1	0
TCGA-D3-A51K	6	162417915	162772362	2	0
TCGA-D3-A51K	6	162777705	163315654	2	1
TCGA-D3-A51K	6	163318183	163563008	2	0
TCGA-D3-A51K	6	163565308	164370329	2	1
TCGA-D3-A51K	6	164371454	164565768	2	0
TCGA-D3-A51K	6	164566359	164644255	3	1
TCGA-D3-A51K	6	164645511	171051005	2	0
TCGA-D3-A51K	7	43259	144152054	1	1
TCGA-D3-A51K	7	144153879	144190795	1	0
TCGA-D3-A51K	7	144191492	159127004	1	1
TCGA-D3-A51K	8	31254	35178796	1	1
TCGA-D3-A51K	8	35179429	36091916	1	0
TCGA-D3-A51K	8	36091981	36363157	2	0
TCGA-D3-A51K	8	36363609	40923482	1	0
TCGA-D3-A51K	8	40927142	41776719	2	1
TCGA-D3-A51K	8	41780357	140516482	5	1
TCGA-D3-A51K	8	140518336	146298155	4	1
TCGA-D3-A51K	9	46587	141091394	1	1
TCGA-D3-A51K	10	72759	111678164	1	0
TCGA-D3-A51K	10	111681411	113680531	10	0
TCGA-D3-A51K	10	113682684	135506704	1	0
TCGA-D3-A51K	11	198572	79858863	1	1
TCGA-D3-A51K	11	79863593	85245772	1	0
TCGA-D3-A51K	11	85247122	134944770	1	1
TCGA-D3-A51K	12	150442	14214767	1	0
TCGA-D3-A51K	12	14218591	133778189	1	1
TCGA-D3-A51K	13	19026949	25117302	1	0
TCGA-D3-A51K	13	25117837	33444921	1	1
TCGA-D3-A51K	13	33446753	49048712	1	0
TCGA-D3-A51K	13	49048740	49393296	0	0
TCGA-D3-A51K	13	49393383	62074912	1	0
TCGA-D3-A51K	13	62075312	83188778	1	1
TCGA-D3-A51K	13	83190008	83285840	1	0
TCGA-D3-A51K	13	83287282	90461481	1	1
TCGA-D3-A51K	13	90462470	90569041	1	0
TCGA-D3-A51K	13	90569089	115108397	1	1
TCGA-D3-A51K	14	19002124	107285437	1	1
TCGA-D3-A51K	15	20016328	25270469	1	1
TCGA-D3-A51K	15	25273478	25552486	1	0
TCGA-D3-A51K	15	25560466	27469732	2	1
TCGA-D3-A51K	15	27471182	27600679	1	0
TCGA-D3-A51K	15	27602392	34752001	2	1
TCGA-D3-A51K	15	34756899	38471642	1	0
TCGA-D3-A51K	15	38475176	38550115	0	0
TCGA-D3-A51K	15	38551156	60365375	1	0
TCGA-D3-A51K	15	60368206	73746361	1	1
TCGA-D3-A51K	15	73748488	77143330	1	0
TCGA-D3-A51K	15	77143513	78964362	1	1
TCGA-D3-A51K	15	78966818	102469040	2	1
TCGA-D3-A51K	16	60777	7207910	1	1
TCGA-D3-A51K	16	7208395	7515283	1	0
TCGA-D3-A51K	16	7515902	90287535	1	1
TCGA-D3-A51K	17	526	81049726	1	1
TCGA-D3-A51K	18	48133	78015057	2	1
TCGA-D3-A51K	19	90910	59097854	1	1
TCGA-D3-A51K	20	61305	62956153	2	1
TCGA-D3-A51K	21	10736871	48096957	1	1
TCGA-D3-A51K	22	16052528	51234455	1	1
TCGA-D3-A51K	X	168477	2703391	2	1
TCGA-D3-A51K	X	2703633	47723812	1	0
TCGA-D3-A51K	X	47724338	47818824	2	0
TCGA-D3-A51K	X	47821284	154860087	1	0
TCGA-D3-A51K	X	154861987	155233846	2	0
