sample	chr	startpos	endpos	nMajor	nMinor
TCGA-3B-A9HX	1	61735	107010646	2	1
TCGA-3B-A9HX	1	107012607	112912722	3	1
TCGA-3B-A9HX	1	112916255	118429836	2	1
TCGA-3B-A9HX	1	118431394	121482979	3	2
TCGA-3B-A9HX	1	144007049	169398953	2	2
TCGA-3B-A9HX	1	169403292	169544043	4	4
TCGA-3B-A9HX	1	169548892	169945664	4	2
TCGA-3B-A9HX	1	169945957	177154449	2	2
TCGA-3B-A9HX	1	177156527	177898799	4	3
TCGA-3B-A9HX	1	177899562	186761597	2	2
TCGA-3B-A9HX	1	186762025	187460149	3	1
TCGA-3B-A9HX	1	187460928	222962336	2	2
TCGA-3B-A9HX	1	222962677	249224388	2	1
TCGA-3B-A9HX	2	12784	5731659	1	1
TCGA-3B-A9HX	2	5734639	14161780	2	1
TCGA-3B-A9HX	2	14162065	14271246	1	0
TCGA-3B-A9HX	2	14274078	15064139	3	1
TCGA-3B-A9HX	2	15064346	16639910	2	1
TCGA-3B-A9HX	2	16641989	22714555	2	2
TCGA-3B-A9HX	2	22717090	22747745	6	6
TCGA-3B-A9HX	2	22753187	45004069	2	1
TCGA-3B-A9HX	2	45004406	53341484	2	2
TCGA-3B-A9HX	2	53342160	53664318	4	1
TCGA-3B-A9HX	2	53669104	55983929	2	1
TCGA-3B-A9HX	2	55985616	60221885	3	1
TCGA-3B-A9HX	2	60225873	62546658	2	1
TCGA-3B-A9HX	2	62551472	65000394	3	0
TCGA-3B-A9HX	2	65001081	67482604	2	2
TCGA-3B-A9HX	2	67484732	83036305	2	1
TCGA-3B-A9HX	2	83041653	85129346	3	0
TCGA-3B-A9HX	2	85135480	85731934	2	1
TCGA-3B-A9HX	2	85733909	109871246	2	0
TCGA-3B-A9HX	2	109871702	110039433	2	1
TCGA-3B-A9HX	2	110042294	127388403	2	0
TCGA-3B-A9HX	2	127392974	130753373	1	0
TCGA-3B-A9HX	2	130759462	144700706	2	0
TCGA-3B-A9HX	2	144707458	144938116	6	1
TCGA-3B-A9HX	2	144939576	145205411	4	1
TCGA-3B-A9HX	2	145205693	146583931	3	3
TCGA-3B-A9HX	2	146584312	169213078	2	1
TCGA-3B-A9HX	2	169220101	170070172	3	0
TCGA-3B-A9HX	2	170071166	195600669	2	1
TCGA-3B-A9HX	2	195601101	196263939	4	0
TCGA-3B-A9HX	2	196267608	216305553	2	1
TCGA-3B-A9HX	2	216305760	243089456	2	0
TCGA-3B-A9HX	3	60345	1164339	4	1
TCGA-3B-A9HX	3	1168171	5501375	3	1
TCGA-3B-A9HX	3	5508857	5803362	5	2
TCGA-3B-A9HX	3	5803401	24038866	3	1
TCGA-3B-A9HX	3	24045725	31511289	4	1
TCGA-3B-A9HX	3	31511691	34229553	3	1
TCGA-3B-A9HX	3	34231075	66697961	4	1
TCGA-3B-A9HX	3	66699668	89579617	3	3
TCGA-3B-A9HX	3	89580806	89635631	5	0
TCGA-3B-A9HX	3	89635870	93523357	6	1
TCGA-3B-A9HX	3	93526657	131605947	3	0
TCGA-3B-A9HX	3	131606610	131926517	5	0
TCGA-3B-A9HX	3	131927255	152741837	3	0
TCGA-3B-A9HX	3	152742941	152938458	1	0
TCGA-3B-A9HX	3	152940102	187111524	3	0
TCGA-3B-A9HX	3	187111557	189672384	4	0
TCGA-3B-A9HX	3	189672468	197896118	3	0
TCGA-3B-A9HX	4	12281	10149155	2	2
TCGA-3B-A9HX	4	10149669	10313106	3	3
TCGA-3B-A9HX	4	10313460	10359874	5	5
TCGA-3B-A9HX	4	10361815	42715637	3	2
TCGA-3B-A9HX	4	42718315	42982421	4	3
TCGA-3B-A9HX	4	42986843	78191051	2	2
TCGA-3B-A9HX	4	78191250	78228894	7	6
TCGA-3B-A9HX	4	78232810	78306485	4	4
TCGA-3B-A9HX	4	78309221	85072533	3	2
TCGA-3B-A9HX	4	85072631	85168211	3	3
TCGA-3B-A9HX	4	85168273	85323855	5	4
TCGA-3B-A9HX	4	85323942	142732145	2	2
TCGA-3B-A9HX	4	142732205	145305475	3	3
TCGA-3B-A9HX	4	145307179	182929702	2	2
TCGA-3B-A9HX	4	182931973	191027923	2	1
TCGA-3B-A9HX	5	15532	1910846	2	1
TCGA-3B-A9HX	5	1912185	8219359	1	1
TCGA-3B-A9HX	5	8219941	50766108	2	1
TCGA-3B-A9HX	5	50766132	52039574	3	1
TCGA-3B-A9HX	5	52039850	56593256	2	1
TCGA-3B-A9HX	5	56595075	57840739	3	2
TCGA-3B-A9HX	5	57841423	62419952	2	1
TCGA-3B-A9HX	5	62420716	63932234	3	1
TCGA-3B-A9HX	5	63932398	65471184	2	1
TCGA-3B-A9HX	5	65472403	68095252	3	2
TCGA-3B-A9HX	5	68095468	75244122	2	1
TCGA-3B-A9HX	5	75244307	75305427	6	3
TCGA-3B-A9HX	5	75307538	116010878	2	1
TCGA-3B-A9HX	5	116011598	116214240	1	1
TCGA-3B-A9HX	5	116216661	125696991	3	1
TCGA-3B-A9HX	5	125697427	142437071	2	1
TCGA-3B-A9HX	5	142437930	154706762	3	1
TCGA-3B-A9HX	5	154716929	155114750	4	2
TCGA-3B-A9HX	5	155114977	165242431	2	1
TCGA-3B-A9HX	5	165242817	167593538	3	1
TCGA-3B-A9HX	5	167593968	180790320	2	1
TCGA-3B-A9HX	6	149661	17329508	2	0
TCGA-3B-A9HX	6	17333338	18345427	1	0
TCGA-3B-A9HX	6	18347266	39958430	2	0
TCGA-3B-A9HX	6	39960313	40125459	6	1
TCGA-3B-A9HX	6	40132914	40212579	3	0
TCGA-3B-A9HX	6	40212720	82171610	2	0
TCGA-3B-A9HX	6	82177054	82750075	4	0
TCGA-3B-A9HX	6	82753008	119943401	2	0
TCGA-3B-A9HX	6	119951785	120095461	4	1
TCGA-3B-A9HX	6	120095538	161371105	2	0
TCGA-3B-A9HX	6	161371621	171051005	1	0
TCGA-3B-A9HX	7	43259	8490074	2	2
TCGA-3B-A9HX	7	8492307	8670994	6	4
TCGA-3B-A9HX	7	8673164	49530911	2	2
TCGA-3B-A9HX	7	49531705	73568191	2	1
TCGA-3B-A9HX	7	73568271	82123522	2	2
TCGA-3B-A9HX	7	82124878	82197482	1	0
TCGA-3B-A9HX	7	82202253	87940823	2	2
TCGA-3B-A9HX	7	87944842	88696429	6	0
TCGA-3B-A9HX	7	88697380	136492777	2	2
TCGA-3B-A9HX	7	136494145	137072931	3	3
TCGA-3B-A9HX	7	137075847	159127004	2	2
TCGA-3B-A9HX	8	31254	36744715	2	1
TCGA-3B-A9HX	8	36748224	36924119	4	3
TCGA-3B-A9HX	8	36924537	37118078	3	2
TCGA-3B-A9HX	8	37118688	43194434	2	1
TCGA-3B-A9HX	8	43194921	47720630	3	3
TCGA-3B-A9HX	8	47720909	47801979	7	6
TCGA-3B-A9HX	8	47807322	60197974	2	2
TCGA-3B-A9HX	8	60199961	61110234	4	1
TCGA-3B-A9HX	8	61112594	78271372	2	2
TCGA-3B-A9HX	8	78274751	80404081	3	3
TCGA-3B-A9HX	8	80404702	116032550	2	2
TCGA-3B-A9HX	8	116032662	120426737	3	3
TCGA-3B-A9HX	8	120427270	121168329	2	1
TCGA-3B-A9HX	8	121170532	122621168	3	2
TCGA-3B-A9HX	8	122621344	122738424	2	1
TCGA-3B-A9HX	8	122740638	127894592	2	2
TCGA-3B-A9HX	8	127895924	128095156	4	1
TCGA-3B-A9HX	8	128100076	133028858	3	3
TCGA-3B-A9HX	8	133029287	138734484	3	2
TCGA-3B-A9HX	8	138737154	140110417	2	2
TCGA-3B-A9HX	8	140112718	140149617	11	5
TCGA-3B-A9HX	8	140149784	140490444	3	2
TCGA-3B-A9HX	8	140490709	140610030	4	3
TCGA-3B-A9HX	8	140610488	146298155	2	2
TCGA-3B-A9HX	9	46587	2890319	5	2
TCGA-3B-A9HX	9	2890451	3639098	7	0
TCGA-3B-A9HX	9	3639253	12300534	5	2
TCGA-3B-A9HX	9	12300716	12793233	8	0
TCGA-3B-A9HX	9	12794742	16838238	5	2
TCGA-3B-A9HX	9	16840208	16940390	3	1
TCGA-3B-A9HX	9	16941471	16969286	2	1
TCGA-3B-A9HX	9	16969505	17127373	3	1
TCGA-3B-A9HX	9	17130360	28508873	5	2
TCGA-3B-A9HX	9	28509275	72460171	2	2
TCGA-3B-A9HX	9	72460608	73478353	6	2
TCGA-3B-A9HX	9	73480718	74246559	7	1
TCGA-3B-A9HX	9	74246801	78040727	4	2
TCGA-3B-A9HX	9	78042927	78479975	6	3
TCGA-3B-A9HX	9	78480471	83024316	2	2
TCGA-3B-A9HX	9	83027618	83134367	2	0
TCGA-3B-A9HX	9	83149552	86025262	3	2
TCGA-3B-A9HX	9	86032496	106337050	2	2
TCGA-3B-A9HX	9	106343763	106658030	3	1
TCGA-3B-A9HX	9	106659985	106721507	8	1
TCGA-3B-A9HX	9	106721632	106850851	4	1
TCGA-3B-A9HX	9	106851858	108614914	2	2
TCGA-3B-A9HX	9	108615201	112750411	3	2
TCGA-3B-A9HX	9	112751482	114705137	2	1
TCGA-3B-A9HX	9	114705188	120069435	3	2
TCGA-3B-A9HX	9	120072627	120885271	4	1
TCGA-3B-A9HX	9	120889153	141091394	2	2
TCGA-3B-A9HX	10	72759	4656979	1	1
TCGA-3B-A9HX	10	4658582	8246142	2	1
TCGA-3B-A9HX	10	8246475	9969312	3	1
TCGA-3B-A9HX	10	9975145	16390674	2	1
TCGA-3B-A9HX	10	16392126	20448131	1	1
TCGA-3B-A9HX	10	20448157	21454618	3	1
TCGA-3B-A9HX	10	21456119	36632326	2	1
TCGA-3B-A9HX	10	36632539	37140884	1	0
TCGA-3B-A9HX	10	37145496	51910598	2	1
TCGA-3B-A9HX	10	51911841	55193401	3	1
TCGA-3B-A9HX	10	55196871	57760309	2	1
TCGA-3B-A9HX	10	57769098	58326551	3	0
TCGA-3B-A9HX	10	58328519	64783630	2	1
TCGA-3B-A9HX	10	64789407	65496349	1	1
TCGA-3B-A9HX	10	65497266	65998239	3	1
TCGA-3B-A9HX	10	65998256	106073779	2	1
TCGA-3B-A9HX	10	106074745	107719762	4	0
TCGA-3B-A9HX	10	107722094	108345081	2	1
TCGA-3B-A9HX	10	108345534	108789069	1	0
TCGA-3B-A9HX	10	108789958	128565021	2	1
TCGA-3B-A9HX	10	128565096	133597908	1	1
TCGA-3B-A9HX	10	133598112	135506704	2	1
TCGA-3B-A9HX	11	198572	20933519	2	0
TCGA-3B-A9HX	11	20933965	21638463	3	0
TCGA-3B-A9HX	11	21641576	28438943	2	0
TCGA-3B-A9HX	11	28445616	30907755	3	0
TCGA-3B-A9HX	11	30910322	34442260	2	0
TCGA-3B-A9HX	11	34442452	37656897	3	0
TCGA-3B-A9HX	11	37665650	50398214	2	0
TCGA-3B-A9HX	11	50398907	51238712	7	2
TCGA-3B-A9HX	11	51267021	56857595	2	2
TCGA-3B-A9HX	11	56863180	59115711	2	1
TCGA-3B-A9HX	11	59122982	60602839	2	0
TCGA-3B-A9HX	11	60603209	62485341	2	1
TCGA-3B-A9HX	11	62487082	63236183	3	0
TCGA-3B-A9HX	11	63239049	71334383	2	0
TCGA-3B-A9HX	11	71337374	75533919	2	2
TCGA-3B-A9HX	11	75535504	98134495	2	0
TCGA-3B-A9HX	11	98134784	99873357	1	0
TCGA-3B-A9HX	11	99875701	134944770	2	0
TCGA-3B-A9HX	12	150442	5209048	2	1
TCGA-3B-A9HX	12	5210761	5245027	6	3
TCGA-3B-A9HX	12	5248599	13357972	2	1
TCGA-3B-A9HX	12	13362348	14012657	4	2
TCGA-3B-A9HX	12	14013218	28230916	2	1
TCGA-3B-A9HX	12	28234023	29131319	3	1
TCGA-3B-A9HX	12	29132347	34559309	2	1
TCGA-3B-A9HX	12	34576710	39434104	3	0
TCGA-3B-A9HX	12	39439630	46543499	2	1
TCGA-3B-A9HX	12	46543654	47217940	3	1
TCGA-3B-A9HX	12	47218144	49299290	2	1
TCGA-3B-A9HX	12	49302705	50884925	1	0
TCGA-3B-A9HX	12	50887418	63260871	2	1
TCGA-3B-A9HX	12	63263506	63890127	3	0
TCGA-3B-A9HX	12	63891030	97438143	2	1
TCGA-3B-A9HX	12	97444511	98658600	3	2
TCGA-3B-A9HX	12	98659715	114537940	2	1
TCGA-3B-A9HX	12	114538155	114628140	5	3
TCGA-3B-A9HX	12	114631402	127286549	2	1
TCGA-3B-A9HX	12	127286712	131149574	1	1
TCGA-3B-A9HX	12	131149750	133778189	2	1
TCGA-3B-A9HX	13	19026949	21465664	1	0
TCGA-3B-A9HX	13	21468545	29608905	1	1
TCGA-3B-A9HX	13	29609774	31564041	4	1
TCGA-3B-A9HX	13	31566543	34023316	1	0
TCGA-3B-A9HX	13	34024361	34440768	5	1
TCGA-3B-A9HX	13	34441471	35035782	3	1
TCGA-3B-A9HX	13	35042506	37658653	4	1
TCGA-3B-A9HX	13	37661783	39149765	4	0
TCGA-3B-A9HX	13	39149880	39533011	0	0
TCGA-3B-A9HX	13	39533590	39867932	4	0
TCGA-3B-A9HX	13	39868092	39992466	0	0
TCGA-3B-A9HX	13	39997190	43554940	4	0
TCGA-3B-A9HX	13	43558672	48652590	1	0
TCGA-3B-A9HX	13	48656553	51244283	0	0
TCGA-3B-A9HX	13	51245376	91155689	1	0
TCGA-3B-A9HX	13	91159988	91742582	3	0
TCGA-3B-A9HX	13	91742641	95197273	1	0
TCGA-3B-A9HX	13	95198881	96050927	3	0
TCGA-3B-A9HX	13	96057045	97283861	1	0
TCGA-3B-A9HX	13	97286558	109933229	2	0
TCGA-3B-A9HX	13	109936971	113431294	1	0
TCGA-3B-A9HX	13	113431325	114881112	2	0
TCGA-3B-A9HX	13	114881888	115108397	1	0
TCGA-3B-A9HX	14	19002124	30020516	2	0
TCGA-3B-A9HX	14	30022916	30224080	1	0
TCGA-3B-A9HX	14	30224913	30663698	2	0
TCGA-3B-A9HX	14	30666397	33862517	1	0
TCGA-3B-A9HX	14	33862569	96589360	2	0
TCGA-3B-A9HX	14	96590183	96645037	0	0
TCGA-3B-A9HX	14	96645356	96657092	1	0
TCGA-3B-A9HX	14	96659650	97799332	4	0
TCGA-3B-A9HX	14	97805227	98580922	7	0
TCGA-3B-A9HX	14	98581072	102309693	4	0
TCGA-3B-A9HX	14	102309783	102477361	2	0
TCGA-3B-A9HX	14	102477816	103770636	4	0
TCGA-3B-A9HX	14	103770889	107285437	2	0
TCGA-3B-A9HX	15	20016328	32976055	2	1
TCGA-3B-A9HX	15	32977541	53305089	2	2
TCGA-3B-A9HX	15	53305235	53682368	4	2
TCGA-3B-A9HX	15	53682438	55329447	2	2
TCGA-3B-A9HX	15	55330344	57739422	2	1
TCGA-3B-A9HX	15	57739519	58628764	3	2
TCGA-3B-A9HX	15	58629424	66915565	2	2
TCGA-3B-A9HX	15	66916322	77084984	2	0
TCGA-3B-A9HX	15	77085253	87123435	2	2
TCGA-3B-A9HX	15	87125552	88066045	4	3
TCGA-3B-A9HX	15	88066218	102469040	2	2
TCGA-3B-A9HX	16	60777	22977138	2	2
TCGA-3B-A9HX	16	22977367	23007025	6	4
TCGA-3B-A9HX	16	23008511	52219989	2	2
TCGA-3B-A9HX	16	52220105	52253113	7	6
TCGA-3B-A9HX	16	52253180	61928839	2	2
TCGA-3B-A9HX	16	61931674	64014002	2	1
TCGA-3B-A9HX	16	64014138	66224263	3	3
TCGA-3B-A9HX	16	66224580	90287535	2	2
TCGA-3B-A9HX	17	526	8329965	2	0
TCGA-3B-A9HX	17	8330044	28771422	2	2
TCGA-3B-A9HX	17	28774685	34199641	2	0
TCGA-3B-A9HX	17	34200891	37092288	2	2
TCGA-3B-A9HX	17	37093529	45627280	2	0
TCGA-3B-A9HX	17	45627503	49435579	2	2
TCGA-3B-A9HX	17	49435657	50154148	3	2
TCGA-3B-A9HX	17	50154902	64281486	2	1
TCGA-3B-A9HX	17	64281637	81049726	2	2
TCGA-3B-A9HX	18	48133	2475505	2	0
TCGA-3B-A9HX	18	2475747	8821301	1	0
TCGA-3B-A9HX	18	8821556	74725166	2	0
TCGA-3B-A9HX	18	74727503	78015057	1	0
TCGA-3B-A9HX	19	90910	6126978	2	0
TCGA-3B-A9HX	19	6127420	6190970	6	3
TCGA-3B-A9HX	19	6191372	8914829	2	0
TCGA-3B-A9HX	19	8920167	9286595	4	1
TCGA-3B-A9HX	19	9291190	9797364	1	0
TCGA-3B-A9HX	19	9802808	10178495	7	2
TCGA-3B-A9HX	19	10179657	10988086	2	0
TCGA-3B-A9HX	19	10993131	11428535	7	2
TCGA-3B-A9HX	19	11438022	12299190	2	0
TCGA-3B-A9HX	19	12307720	12745288	7	2
TCGA-3B-A9HX	19	12762783	13228320	2	0
TCGA-3B-A9HX	19	13242025	13574705	7	2
TCGA-3B-A9HX	19	13576174	16743209	2	0
TCGA-3B-A9HX	19	16743940	16827591	9	0
TCGA-3B-A9HX	19	16830424	22010801	2	0
TCGA-3B-A9HX	19	22019596	22215222	8	2
TCGA-3B-A9HX	19	22215441	22624054	1	0
TCGA-3B-A9HX	19	22632145	22705727	6	1
TCGA-3B-A9HX	19	22709636	22772701	5	1
TCGA-3B-A9HX	19	22772716	22895709	4	1
TCGA-3B-A9HX	19	22896667	22920935	7	2
TCGA-3B-A9HX	19	22923238	23704530	2	0
TCGA-3B-A9HX	19	23704928	23723647	8	2
TCGA-3B-A9HX	19	23723793	23732025	17	0
TCGA-3B-A9HX	19	23732199	23821996	5	1
TCGA-3B-A9HX	19	23822993	23935685	0	0
TCGA-3B-A9HX	19	23936743	24134691	2	0
TCGA-3B-A9HX	19	24140553	24176996	10	3
TCGA-3B-A9HX	19	24177250	24370088	2	0
TCGA-3B-A9HX	19	24371467	28514769	5	1
TCGA-3B-A9HX	19	28515557	30072456	2	0
TCGA-3B-A9HX	19	30081688	30322301	6	2
TCGA-3B-A9HX	19	30325256	31051531	2	0
TCGA-3B-A9HX	19	31052575	31089208	6	2
TCGA-3B-A9HX	19	31092424	36689804	2	0
TCGA-3B-A9HX	19	36690874	36758897	5	0
TCGA-3B-A9HX	19	36805705	37089656	1	0
TCGA-3B-A9HX	19	37091682	37716580	4	1
TCGA-3B-A9HX	19	37717357	38542022	1	0
TCGA-3B-A9HX	19	38542894	38582383	2	0
TCGA-3B-A9HX	19	38584664	38975427	6	2
TCGA-3B-A9HX	19	38976941	41334752	2	0
TCGA-3B-A9HX	19	41338835	41953362	5	2
TCGA-3B-A9HX	19	41953430	41984005	10	3
TCGA-3B-A9HX	19	41984128	44790356	2	0
TCGA-3B-A9HX	19	44792351	45010116	5	2
TCGA-3B-A9HX	19	45014058	46725829	2	0
TCGA-3B-A9HX	19	46725842	46797830	7	2
TCGA-3B-A9HX	19	46806630	49778014	2	0
TCGA-3B-A9HX	19	49783101	49914711	7	2
TCGA-3B-A9HX	19	49915911	51947284	2	0
TCGA-3B-A9HX	19	51954080	52209904	6	2
TCGA-3B-A9HX	19	52210380	52259851	1	0
TCGA-3B-A9HX	19	52259876	52409936	4	2
TCGA-3B-A9HX	19	52413237	52638911	1	0
TCGA-3B-A9HX	19	52647312	53099835	2	1
TCGA-3B-A9HX	19	53100377	53185531	1	0
TCGA-3B-A9HX	19	53186105	53717620	3	1
TCGA-3B-A9HX	19	53719250	54670181	1	0
TCGA-3B-A9HX	19	54670273	54901318	6	1
TCGA-3B-A9HX	19	54901773	56283067	2	0
TCGA-3B-A9HX	19	56286293	56641048	6	2
TCGA-3B-A9HX	19	56641735	57315996	1	0
TCGA-3B-A9HX	19	57316544	57955244	3	1
TCGA-3B-A9HX	19	57959417	58074417	1	0
TCGA-3B-A9HX	19	58079806	58129644	7	2
TCGA-3B-A9HX	19	58130226	58675005	1	0
TCGA-3B-A9HX	19	58675417	59097854	4	0
TCGA-3B-A9HX	20	61305	37742646	2	0
TCGA-3B-A9HX	20	37745317	41289332	3	0
TCGA-3B-A9HX	20	41289854	62956153	2	0
TCGA-3B-A9HX	21	10736871	18613784	3	2
TCGA-3B-A9HX	21	18622877	30168376	2	1
TCGA-3B-A9HX	21	30171850	30201119	3	3
TCGA-3B-A9HX	21	30203355	48096957	2	2
TCGA-3B-A9HX	22	16052528	17117129	3	1
TCGA-3B-A9HX	22	17128386	18602028	2	2
TCGA-3B-A9HX	22	18602047	20823373	4	2
TCGA-3B-A9HX	22	20825189	29781800	2	2
TCGA-3B-A9HX	22	29782433	51234455	2	0
TCGA-3B-A9HX	X	168477	27342247	3	0
TCGA-3B-A9HX	X	27342771	30272489	2	0
TCGA-3B-A9HX	X	30272842	30308744	7	1
TCGA-3B-A9HX	X	30311439	33143413	3	0
TCGA-3B-A9HX	X	33144863	33213547	1	0
TCGA-3B-A9HX	X	33213612	38901696	3	0
TCGA-3B-A9HX	X	38902006	39008290	5	0
TCGA-3B-A9HX	X	39008537	50115682	3	0
TCGA-3B-A9HX	X	50116626	50231953	7	1
TCGA-3B-A9HX	X	50235002	67036378	3	0
TCGA-3B-A9HX	X	67044722	95735406	2	0
TCGA-3B-A9HX	X	95738501	97043803	1	0
TCGA-3B-A9HX	X	97045845	110366760	2	0
TCGA-3B-A9HX	X	110368165	110433678	4	1
TCGA-3B-A9HX	X	110434216	110504356	0	0
TCGA-3B-A9HX	X	110512005	115016339	2	0
TCGA-3B-A9HX	X	115017220	117033792	3	0
TCGA-3B-A9HX	X	117037255	122076363	2	0
TCGA-3B-A9HX	X	122080320	122702269	4	1
TCGA-3B-A9HX	X	122704235	147995009	2	0
TCGA-3B-A9HX	X	147996168	148142696	0	0
TCGA-3B-A9HX	X	148143944	155233846	2	0
