sample	chr	startpos	endpos	nMajor	nMinor
TCGA-BH-A1FU	1	61735	121482979	2	1
TCGA-BH-A1FU	1	144007049	249224388	2	2
TCGA-BH-A1FU	2	12784	243089456	2	1
TCGA-BH-A1FU	3	60345	197896118	1	1
TCGA-BH-A1FU	4	12281	43983180	1	0
TCGA-BH-A1FU	4	43988123	191027923	2	1
TCGA-BH-A1FU	5	15532	24178892	1	1
TCGA-BH-A1FU	5	24181134	45427159	8	1
TCGA-BH-A1FU	5	45431151	49481184	4	1
TCGA-BH-A1FU	5	49496975	77720612	1	0
TCGA-BH-A1FU	5	77722594	168246880	1	1
TCGA-BH-A1FU	5	168247085	177897992	2	1
TCGA-BH-A1FU	5	177899308	177910253	7	0
TCGA-BH-A1FU	5	177910387	180790320	8	1
TCGA-BH-A1FU	6	149661	63070043	2	2
TCGA-BH-A1FU	6	63071136	171051005	1	1
TCGA-BH-A1FU	7	43259	3272397	2	0
TCGA-BH-A1FU	7	3272526	64140232	2	1
TCGA-BH-A1FU	7	64143113	159127004	2	0
TCGA-BH-A1FU	8	31254	43767226	1	0
TCGA-BH-A1FU	8	43778914	50916552	6	1
TCGA-BH-A1FU	8	50918974	104461806	4	1
TCGA-BH-A1FU	8	104465165	108847883	8	1
TCGA-BH-A1FU	8	108854682	117424144	6	1
TCGA-BH-A1FU	8	117424756	126915549	6	2
TCGA-BH-A1FU	8	126916486	128908460	11	2
TCGA-BH-A1FU	8	128908782	146298155	2	1
TCGA-BH-A1FU	9	46587	35244239	1	1
TCGA-BH-A1FU	9	35244632	47217176	1	0
TCGA-BH-A1FU	9	65616971	141091394	1	1
TCGA-BH-A1FU	10	72759	135506704	3	0
TCGA-BH-A1FU	11	198572	134944770	3	0
TCGA-BH-A1FU	12	150442	99523905	1	1
TCGA-BH-A1FU	12	99527615	133778189	1	0
TCGA-BH-A1FU	13	19026949	115108397	1	1
TCGA-BH-A1FU	14	19002124	107285437	2	1
TCGA-BH-A1FU	15	20016328	102469040	2	1
TCGA-BH-A1FU	16	60777	90287535	2	1
TCGA-BH-A1FU	17	526	6170442	3	0
TCGA-BH-A1FU	17	6170815	12900909	2	0
TCGA-BH-A1FU	17	12901227	18848056	3	0
TCGA-BH-A1FU	17	18848498	30014196	1	1
TCGA-BH-A1FU	17	30014713	37628899	3	0
TCGA-BH-A1FU	17	37630414	38217571	38	0
TCGA-BH-A1FU	17	38220552	38472550	3	0
TCGA-BH-A1FU	17	38472578	50490192	1	0
TCGA-BH-A1FU	17	50491064	81049726	1	1
TCGA-BH-A1FU	18	48133	18602274	2	2
TCGA-BH-A1FU	18	18602953	78015057	1	1
TCGA-BH-A1FU	19	90910	59097854	1	1
TCGA-BH-A1FU	20	61305	62956153	2	1
TCGA-BH-A1FU	21	10736871	43767414	2	2
TCGA-BH-A1FU	21	43768197	48096957	2	1
TCGA-BH-A1FU	22	16052528	51234455	2	1
TCGA-BH-A1FU	X	168477	120893444	2	0
TCGA-BH-A1FU	X	120893694	155233846	1	0
