sample	chr	startpos	endpos	nMajor	nMinor
TCGA-24-1845	1	61735	16796721	3	0
TCGA-24-1845	1	16796742	28453791	2	0
TCGA-24-1845	1	28454614	35561438	2	1
TCGA-24-1845	1	35562159	36741640	3	2
TCGA-24-1845	1	36745349	39531714	2	1
TCGA-24-1845	1	39534703	121482979	3	3
TCGA-24-1845	1	144007049	157553017	3	2
TCGA-24-1845	1	157554051	166575371	4	2
TCGA-24-1845	1	166579080	249224388	3	2
TCGA-24-1845	2	12784	13361108	5	0
TCGA-24-1845	2	13362067	15836200	4	0
TCGA-24-1845	2	15842835	15922339	4	1
TCGA-24-1845	2	15923441	18534433	4	0
TCGA-24-1845	2	18536924	41939709	5	0
TCGA-24-1845	2	41939872	62453418	4	0
TCGA-24-1845	2	62453573	80598006	2	0
TCGA-24-1845	2	80600221	130920449	2	1
TCGA-24-1845	2	130923032	137010775	3	1
TCGA-24-1845	2	137011800	155182008	5	1
TCGA-24-1845	2	155184535	157539407	5	2
TCGA-24-1845	2	157542389	193824830	5	1
TCGA-24-1845	2	193827772	208976616	3	1
TCGA-24-1845	2	208978469	236250473	2	1
TCGA-24-1845	2	236250584	243089456	1	0
TCGA-24-1845	3	60345	53600137	1	1
TCGA-24-1845	3	53600216	53809686	1	0
TCGA-24-1845	3	53812903	61583424	1	1
TCGA-24-1845	3	61583547	61748765	2	0
TCGA-24-1845	3	61749709	67452029	2	1
TCGA-24-1845	3	67452043	70245680	3	1
TCGA-24-1845	3	70245870	109957246	2	1
TCGA-24-1845	3	109959497	117604594	3	1
TCGA-24-1845	3	117605215	135714755	2	1
TCGA-24-1845	3	135718955	162123366	5	1
TCGA-24-1845	3	162137600	179210099	6	1
TCGA-24-1845	3	179212797	196052727	2	1
TCGA-24-1845	3	196054004	197896118	3	1
TCGA-24-1845	4	12281	3010609	3	1
TCGA-24-1845	4	3012735	16238186	2	1
TCGA-24-1845	4	16238907	19487109	1	1
TCGA-24-1845	4	19490166	19585423	1	0
TCGA-24-1845	4	19585621	40114938	1	1
TCGA-24-1845	4	40115239	82065544	2	1
TCGA-24-1845	4	82065566	83855069	2	0
TCGA-24-1845	4	83859439	95520278	2	1
TCGA-24-1845	4	95521487	162757374	2	0
TCGA-24-1845	4	162766453	189374642	1	0
TCGA-24-1845	4	189374814	189850294	2	0
TCGA-24-1845	4	189851017	190021887	1	0
TCGA-24-1845	4	190021957	191027923	0	0
TCGA-24-1845	5	15532	14478601	3	1
TCGA-24-1845	5	14479938	33341756	2	1
TCGA-24-1845	5	33342239	52725551	2	2
TCGA-24-1845	5	52726044	66710563	2	1
TCGA-24-1845	5	66711747	87806318	2	0
TCGA-24-1845	5	87806937	107864675	3	0
TCGA-24-1845	5	107864703	180790320	4	0
TCGA-24-1845	6	149661	17396828	4	3
TCGA-24-1845	6	17397116	26608033	4	4
TCGA-24-1845	6	26608664	51619582	4	2
TCGA-24-1845	6	51619808	52510497	7	2
TCGA-24-1845	6	52510665	53583221	5	2
TCGA-24-1845	6	53589503	84875101	2	2
TCGA-24-1845	6	84878699	157262014	2	0
TCGA-24-1845	6	157262028	171051005	1	0
TCGA-24-1845	7	43259	29252163	3	1
TCGA-24-1845	7	29253823	36983186	3	2
TCGA-24-1845	7	36986413	98782350	2	2
TCGA-24-1845	7	98782750	103296609	3	2
TCGA-24-1845	7	103303355	107499761	4	2
TCGA-24-1845	7	107499947	107566769	9	2
TCGA-24-1845	7	107573254	115586434	4	2
TCGA-24-1845	7	115587222	122058470	3	2
TCGA-24-1845	7	122058493	133726092	4	3
TCGA-24-1845	7	133726952	133921035	3	1
TCGA-24-1845	7	133929474	145752909	3	3
TCGA-24-1845	7	145752985	158182029	3	2
TCGA-24-1845	7	158182680	159127004	3	1
TCGA-24-1845	8	31254	28332768	1	1
TCGA-24-1845	8	28333294	37721744	2	1
TCGA-24-1845	8	37725421	41713614	3	1
TCGA-24-1845	8	41716163	43762681	3	2
TCGA-24-1845	8	43767226	86835379	2	1
TCGA-24-1845	8	86840960	108807244	1	1
TCGA-24-1845	8	108808588	125954124	3	1
TCGA-24-1845	8	125954274	146298155	4	1
TCGA-24-1845	9	46587	9698805	3	0
TCGA-24-1845	9	9707016	16427694	3	1
TCGA-24-1845	9	16430599	17585699	3	2
TCGA-24-1845	9	17587254	35790553	3	1
TCGA-24-1845	9	35798697	47217176	2	1
TCGA-24-1845	9	65616971	141091394	2	0
TCGA-24-1845	10	72759	48312447	2	1
TCGA-24-1845	10	48314310	70460779	2	2
TCGA-24-1845	10	70461280	72791444	2	1
TCGA-24-1845	10	72791711	93067144	2	0
TCGA-24-1845	10	93068744	95289146	1	0
TCGA-24-1845	10	95290934	114028480	2	0
TCGA-24-1845	10	114028538	135506704	3	0
TCGA-24-1845	11	198572	14214934	2	0
TCGA-24-1845	11	14217048	31173089	2	1
TCGA-24-1845	11	31173243	49502550	1	1
TCGA-24-1845	11	49503124	67137946	2	1
TCGA-24-1845	11	67149024	71728656	2	2
TCGA-24-1845	11	71730306	78897462	3	2
TCGA-24-1845	11	78899379	82529939	4	2
TCGA-24-1845	11	82530004	88610951	4	1
TCGA-24-1845	11	88610964	96618492	6	1
TCGA-24-1845	11	96619036	112404739	6	0
TCGA-24-1845	11	112405413	113955678	10	0
TCGA-24-1845	11	113957197	125129516	5	0
TCGA-24-1845	11	125131215	134944770	6	0
TCGA-24-1845	12	150442	6071112	3	1
TCGA-24-1845	12	6073520	7719031	5	1
TCGA-24-1845	12	7721402	26172065	3	1
TCGA-24-1845	12	26175533	27648356	3	3
TCGA-24-1845	12	27648411	65761795	3	1
TCGA-24-1845	12	65761885	69447061	6	1
TCGA-24-1845	12	69452057	86213664	3	1
TCGA-24-1845	12	86214058	105646208	3	0
TCGA-24-1845	12	105648213	131838399	5	0
TCGA-24-1845	12	131838842	133778189	6	0
TCGA-24-1845	13	19026949	42389208	1	1
TCGA-24-1845	13	42391152	47031713	1	0
TCGA-24-1845	13	47034809	78971828	2	0
TCGA-24-1845	13	78971895	104035405	2	1
TCGA-24-1845	13	104036311	115108397	2	0
TCGA-24-1845	14	19002124	26396076	2	0
TCGA-24-1845	14	26396098	59236137	3	0
TCGA-24-1845	14	59236388	73367895	2	0
TCGA-24-1845	14	73369590	107285437	3	0
TCGA-24-1845	15	20016328	56843099	1	0
TCGA-24-1845	15	56843335	87487256	2	0
TCGA-24-1845	15	87491866	102469040	2	1
TCGA-24-1845	16	60777	596442	1	0
TCGA-24-1845	16	608264	5032298	2	1
TCGA-24-1845	16	5032910	35283226	2	2
TCGA-24-1845	16	46463782	73798539	2	1
TCGA-24-1845	16	73803955	85266860	2	0
TCGA-24-1845	16	85270410	90287535	2	1
TCGA-24-1845	17	526	37672025	2	0
TCGA-24-1845	17	37672328	44145601	3	0
TCGA-24-1845	17	44145689	45550299	2	0
TCGA-24-1845	17	45552902	50955469	3	0
TCGA-24-1845	17	50958760	67403111	4	0
TCGA-24-1845	17	67403192	72940291	5	0
TCGA-24-1845	17	72940481	79059230	6	0
TCGA-24-1845	17	79060180	81049726	4	0
TCGA-24-1845	18	48133	33777267	3	1
TCGA-24-1845	18	33777387	58171167	2	1
TCGA-24-1845	18	58171526	78015057	3	2
TCGA-24-1845	19	90910	9153607	2	0
TCGA-24-1845	19	9157013	13158678	2	2
TCGA-24-1845	19	13158783	16414726	4	2
TCGA-24-1845	19	16423232	42429941	3	2
TCGA-24-1845	19	42434473	54251628	3	1
TCGA-24-1845	19	54252037	59097854	3	0
TCGA-24-1845	20	61305	46137216	2	2
TCGA-24-1845	20	46137643	62956153	3	2
TCGA-24-1845	21	10736871	35599917	2	1
TCGA-24-1845	21	35601311	48096957	1	1
TCGA-24-1845	22	16052528	17783945	5	1
TCGA-24-1845	22	17787836	18884850	2	1
TCGA-24-1845	22	18884865	19684688	3	1
TCGA-24-1845	22	19689067	21949238	3	3
TCGA-24-1845	22	21951574	23002699	5	4
TCGA-24-1845	22	23004387	24442459	3	2
TCGA-24-1845	22	24442771	26772006	3	1
TCGA-24-1845	22	26773254	28633530	2	1
TCGA-24-1845	22	28642578	30553850	5	1
TCGA-24-1845	22	30556101	36086736	1	1
TCGA-24-1845	22	36087686	37077364	2	1
TCGA-24-1845	22	37080738	37558459	1	1
TCGA-24-1845	22	37562467	39449328	4	1
TCGA-24-1845	22	39449503	39659654	2	1
TCGA-24-1845	22	39659727	46970495	1	1
TCGA-24-1845	22	46974038	47755325	2	1
TCGA-24-1845	22	47757314	50055404	1	1
TCGA-24-1845	22	50059540	51234455	2	1
TCGA-24-1845	X	168477	96810030	2	1
TCGA-24-1845	X	96811308	96972070	1	0
TCGA-24-1845	X	96972447	118966877	2	1
TCGA-24-1845	X	118967011	135687009	2	2
TCGA-24-1845	X	135687560	155233846	4	2
