sample	chr	startpos	endpos	nMajor	nMinor
TCGA-BP-5200	1	61735	249224388	2	1
TCGA-BP-5200	2	12784	114809298	2	2
TCGA-BP-5200	2	114810033	127421701	3	2
TCGA-BP-5200	2	127424389	243089456	2	2
TCGA-BP-5200	3	60345	197896118	2	0
TCGA-BP-5200	4	12281	191027923	2	1
TCGA-BP-5200	5	15532	167373493	5	1
TCGA-BP-5200	5	167373709	180790320	4	1
TCGA-BP-5200	6	149661	171051005	2	1
TCGA-BP-5200	7	43259	159127004	2	2
TCGA-BP-5200	8	31254	146298155	2	0
TCGA-BP-5200	9	46587	141091394	2	1
TCGA-BP-5200	10	72759	135506704	2	1
TCGA-BP-5200	11	198572	134944770	2	2
TCGA-BP-5200	12	150442	125917701	2	2
TCGA-BP-5200	12	125921365	130558358	3	2
TCGA-BP-5200	12	130558372	133778189	2	2
TCGA-BP-5200	13	19026949	115108397	2	2
TCGA-BP-5200	14	19002124	107285437	2	1
TCGA-BP-5200	15	20016328	102469040	2	0
TCGA-BP-5200	16	60777	5726569	2	2
TCGA-BP-5200	16	5727605	8064285	3	2
TCGA-BP-5200	16	8070394	90287535	2	2
TCGA-BP-5200	17	526	50089438	2	2
TCGA-BP-5200	17	50089710	54837605	3	2
TCGA-BP-5200	17	54839759	66966138	2	2
TCGA-BP-5200	17	66966487	70017548	3	2
TCGA-BP-5200	17	70017908	81049726	2	2
TCGA-BP-5200	18	48133	78015057	1	1
TCGA-BP-5200	19	90910	59097854	2	2
TCGA-BP-5200	20	61305	62956153	2	2
TCGA-BP-5200	21	10736871	48096957	2	1
TCGA-BP-5200	22	16052528	51234455	2	2
TCGA-BP-5200	X	168477	154775707	2	0
TCGA-BP-5200	X	154775711	155233846	1	0
