sample	chr	startpos	endpos	nMajor	nMinor
TCGA-AA-3971	1	61735	197671218	2	0
TCGA-AA-3971	1	197673748	198079359	1	0
TCGA-AA-3971	1	198079544	230321974	2	0
TCGA-AA-3971	1	230322122	230627879	1	0
TCGA-AA-3971	1	230628426	236802016	2	0
TCGA-AA-3971	1	236802093	237015100	1	0
TCGA-AA-3971	1	237015628	249224388	2	0
TCGA-AA-3971	2	12784	36186152	2	1
TCGA-AA-3971	2	36187344	36432308	2	0
TCGA-AA-3971	2	36432454	141904550	2	1
TCGA-AA-3971	2	141905118	142281024	2	0
TCGA-AA-3971	2	142281319	243089456	2	1
TCGA-AA-3971	3	60345	59920127	2	1
TCGA-AA-3971	3	59920709	60132555	2	0
TCGA-AA-3971	3	60134996	197896118	2	1
TCGA-AA-3971	4	12281	1236840	2	0
TCGA-AA-3971	4	1237014	155231904	1	1
TCGA-AA-3971	4	155232833	155409030	1	0
TCGA-AA-3971	4	155409731	184952005	1	1
TCGA-AA-3971	4	184952531	185531630	1	0
TCGA-AA-3971	4	185532342	187089542	1	1
TCGA-AA-3971	4	187090490	187442712	1	0
TCGA-AA-3971	4	187444705	191027923	1	1
TCGA-AA-3971	5	15532	84832322	2	0
TCGA-AA-3971	5	84833754	94362415	1	0
TCGA-AA-3971	5	94363837	176204014	2	0
TCGA-AA-3971	5	176209511	180790320	3	0
TCGA-AA-3971	6	149661	42450392	2	0
TCGA-AA-3971	6	42452909	162366266	1	1
TCGA-AA-3971	6	162367823	162778346	1	0
TCGA-AA-3971	6	162778708	162813977	0	0
TCGA-AA-3971	6	162820486	162971548	1	0
TCGA-AA-3971	6	162979147	171051005	1	1
TCGA-AA-3971	7	43259	159127004	2	1
TCGA-AA-3971	8	31254	34405438	1	0
TCGA-AA-3971	8	34405897	41026014	1	1
TCGA-AA-3971	8	41026076	146298155	2	1
TCGA-AA-3971	9	46587	141091394	1	1
TCGA-AA-3971	10	72759	107988448	1	1
TCGA-AA-3971	10	107992816	108312823	1	0
TCGA-AA-3971	10	108313239	135506704	1	1
TCGA-AA-3971	11	198572	134944770	2	0
TCGA-AA-3971	12	150442	133778189	1	1
TCGA-AA-3971	13	19026949	115108397	2	1
TCGA-AA-3971	14	19002124	22359663	1	0
TCGA-AA-3971	14	22367550	22613461	2	0
TCGA-AA-3971	14	22613690	22974293	3	1
TCGA-AA-3971	14	22975700	107285437	1	0
TCGA-AA-3971	15	20016328	102469040	1	1
TCGA-AA-3971	16	60777	6215042	2	1
TCGA-AA-3971	16	6215488	6382728	1	0
TCGA-AA-3971	16	6385171	6673067	0	0
TCGA-AA-3971	16	6673352	7047790	1	0
TCGA-AA-3971	16	7047889	7160619	1	1
TCGA-AA-3971	16	7161328	90287535	2	1
TCGA-AA-3971	17	526	22208551	1	0
TCGA-AA-3971	17	22209903	81049726	1	1
TCGA-AA-3971	18	48133	78015057	1	0
TCGA-AA-3971	19	90910	59097854	2	0
TCGA-AA-3971	20	61305	14784595	2	2
TCGA-AA-3971	20	14785081	14986155	0	0
TCGA-AA-3971	20	14988507	15137117	2	0
TCGA-AA-3971	20	15137154	29651749	3	2
TCGA-AA-3971	20	29835049	30568563	18	5
TCGA-AA-3971	20	30569865	62956153	3	2
TCGA-AA-3971	21	10736871	48096957	1	1
TCGA-AA-3971	22	16052528	51234455	1	1
TCGA-AA-3971	X	168477	2694240	2	1
TCGA-AA-3971	X	2703391	154913205	2	0
TCGA-AA-3971	X	154915975	155233846	3	0
