sample	chr	startpos	endpos	nMajor	nMinor
TCGA-EM-A3SU-a	1	61735	173385261	1	1
TCGA-EM-A3SU-a	1	173385473	175213024	2	0
TCGA-EM-A3SU-a	1	175215868	249224388	1	1
TCGA-EM-A3SU-a	2	12784	243089456	1	1
TCGA-EM-A3SU-a	3	60345	28797122	1	1
TCGA-EM-A3SU-a	3	28798243	31016635	2	0
TCGA-EM-A3SU-a	3	31019238	197896118	1	1
TCGA-EM-A3SU-a	4	12281	191027923	1	1
TCGA-EM-A3SU-a	5	15532	180790320	1	1
TCGA-EM-A3SU-a	6	149661	171051005	1	1
TCGA-EM-A3SU-a	7	43259	159127004	1	1
TCGA-EM-A3SU-a	8	31254	112614605	1	1
TCGA-EM-A3SU-a	8	112614910	114715483	2	0
TCGA-EM-A3SU-a	8	114716295	146298155	1	1
TCGA-EM-A3SU-a	9	46587	141091394	1	1
TCGA-EM-A3SU-a	10	72759	135506704	1	1
TCGA-EM-A3SU-a	11	198572	37111687	1	1
TCGA-EM-A3SU-a	11	37111867	40329182	2	0
TCGA-EM-A3SU-a	11	40329199	134944770	1	1
TCGA-EM-A3SU-a	12	150442	133778189	1	1
TCGA-EM-A3SU-a	13	19026949	115108397	1	1
TCGA-EM-A3SU-a	14	19002124	107285437	1	1
TCGA-EM-A3SU-a	15	20016328	76506293	1	1
TCGA-EM-A3SU-a	15	76510073	77818518	2	0
TCGA-EM-A3SU-a	15	77818992	102469040	1	1
TCGA-EM-A3SU-a	16	60777	90287535	1	1
TCGA-EM-A3SU-a	17	526	81049726	1	1
TCGA-EM-A3SU-a	18	48133	78015057	1	1
TCGA-EM-A3SU-a	19	90910	59097854	1	1
TCGA-EM-A3SU-a	20	61305	62956153	1	1
TCGA-EM-A3SU-a	21	10736871	48096957	1	1
TCGA-EM-A3SU-a	22	16052528	51234455	1	1
TCGA-EM-A3SU-a	X	168477	155233846	1	1
