sample	chr	startpos	endpos	nMajor	nMinor
TCGA-EE-A20I	1	61735	28223523	1	1
TCGA-EE-A20I	1	28224312	72840676	2	1
TCGA-EE-A20I	1	72840677	72917017	1	0
TCGA-EE-A20I	1	72924848	220570845	2	1
TCGA-EE-A20I	1	220574280	235934054	1	0
TCGA-EE-A20I	1	235935101	249224388	2	1
TCGA-EE-A20I	2	12784	90274766	1	0
TCGA-EE-A20I	2	90301264	128599343	1	1
TCGA-EE-A20I	2	128600609	158223586	1	0
TCGA-EE-A20I	2	158233142	202690799	1	1
TCGA-EE-A20I	2	202690867	206400491	1	0
TCGA-EE-A20I	2	206400522	206661702	2	0
TCGA-EE-A20I	2	206667368	216911334	1	0
TCGA-EE-A20I	2	216920603	229992221	1	1
TCGA-EE-A20I	2	229996300	231065252	1	0
TCGA-EE-A20I	2	231076289	232581851	1	1
TCGA-EE-A20I	2	232584240	243089456	1	0
TCGA-EE-A20I	3	60345	107136246	1	1
TCGA-EE-A20I	3	107142223	142778342	1	0
TCGA-EE-A20I	3	142778355	197896118	1	1
TCGA-EE-A20I	4	12281	88347368	1	1
TCGA-EE-A20I	4	88351664	88639211	2	1
TCGA-EE-A20I	4	88639530	109896299	1	1
TCGA-EE-A20I	4	109901396	110311701	1	0
TCGA-EE-A20I	4	110315220	111858433	1	1
TCGA-EE-A20I	4	111862435	112515139	1	0
TCGA-EE-A20I	4	112516432	191027923	1	1
TCGA-EE-A20I	5	15532	449643	6	1
TCGA-EE-A20I	5	452630	1313667	2	1
TCGA-EE-A20I	5	1314316	1704825	2	0
TCGA-EE-A20I	5	1704932	2089072	4	2
TCGA-EE-A20I	5	2089369	2603309	2	0
TCGA-EE-A20I	5	2603500	2702353	2	2
TCGA-EE-A20I	5	2702769	2770895	6	2
TCGA-EE-A20I	5	2774101	3279900	2	0
TCGA-EE-A20I	5	3282488	3835686	1	0
TCGA-EE-A20I	5	3840108	3844541	3	1
TCGA-EE-A20I	5	3844636	4394696	4	1
TCGA-EE-A20I	5	4395289	5196746	2	1
TCGA-EE-A20I	5	5196910	7003189	1	1
TCGA-EE-A20I	5	7003920	11329992	1	0
TCGA-EE-A20I	5	11330636	11364190	7	0
TCGA-EE-A20I	5	11373749	16992133	1	0
TCGA-EE-A20I	5	16994559	17075460	2	0
TCGA-EE-A20I	5	17080665	17221016	5	0
TCGA-EE-A20I	5	17228202	17956056	2	0
TCGA-EE-A20I	5	17956990	19126149	1	0
TCGA-EE-A20I	5	19130509	19383621	5	1
TCGA-EE-A20I	5	19383697	20003145	1	0
TCGA-EE-A20I	5	20008388	20372254	5	1
TCGA-EE-A20I	5	20375452	20717790	2	1
TCGA-EE-A20I	5	20719666	22354644	1	0
TCGA-EE-A20I	5	22356887	22811547	5	0
TCGA-EE-A20I	5	22814084	22981012	2	0
TCGA-EE-A20I	5	22981126	25783407	1	0
TCGA-EE-A20I	5	25784657	26369970	3	0
TCGA-EE-A20I	5	26378280	26659108	1	0
TCGA-EE-A20I	5	26659118	26663988	2	0
TCGA-EE-A20I	5	26664764	27620374	1	0
TCGA-EE-A20I	5	27623035	28016964	3	0
TCGA-EE-A20I	5	28018093	28029979	2	0
TCGA-EE-A20I	5	28030808	28643744	1	0
TCGA-EE-A20I	5	28645968	29268346	2	0
TCGA-EE-A20I	5	29271309	31452999	4	0
TCGA-EE-A20I	5	31453159	32501998	1	0
TCGA-EE-A20I	5	32502485	33033260	3	0
TCGA-EE-A20I	5	33036771	33678161	1	0
TCGA-EE-A20I	5	33678250	36103293	2	0
TCGA-EE-A20I	5	36106158	36444079	7	2
TCGA-EE-A20I	5	36445660	41018136	2	1
TCGA-EE-A20I	5	41021669	43433554	2	0
TCGA-EE-A20I	5	43433735	43732184	1	0
TCGA-EE-A20I	5	43732239	44323580	2	0
TCGA-EE-A20I	5	44326122	44653551	3	1
TCGA-EE-A20I	5	44656844	45731592	1	1
TCGA-EE-A20I	5	45735083	49432831	4	2
TCGA-EE-A20I	5	49441958	140753311	1	1
TCGA-EE-A20I	5	140756168	180790320	1	0
TCGA-EE-A20I	6	149661	67123827	1	1
TCGA-EE-A20I	6	67125819	67248410	1	0
TCGA-EE-A20I	6	67248965	67968697	1	1
TCGA-EE-A20I	6	67968844	68676444	1	0
TCGA-EE-A20I	6	68683456	68809153	1	1
TCGA-EE-A20I	6	68809341	69633619	1	0
TCGA-EE-A20I	6	69641096	71065120	1	1
TCGA-EE-A20I	6	71065819	171051005	1	0
TCGA-EE-A20I	7	43259	83937547	1	1
TCGA-EE-A20I	7	83939664	84212354	3	1
TCGA-EE-A20I	7	84212822	90233967	1	1
TCGA-EE-A20I	7	90240585	90532933	3	1
TCGA-EE-A20I	7	90538919	93141335	1	1
TCGA-EE-A20I	7	93142329	93239734	3	1
TCGA-EE-A20I	7	93241250	93532409	2	1
TCGA-EE-A20I	7	93533463	102864180	1	1
TCGA-EE-A20I	7	102865308	104207080	2	1
TCGA-EE-A20I	7	104207978	108480705	1	1
TCGA-EE-A20I	7	108482472	108656440	3	1
TCGA-EE-A20I	7	108656547	111424192	1	1
TCGA-EE-A20I	7	111426041	111835830	2	1
TCGA-EE-A20I	7	111839373	113866537	1	1
TCGA-EE-A20I	7	113871993	114217188	3	1
TCGA-EE-A20I	7	114220829	118809896	1	1
TCGA-EE-A20I	7	118814352	121803697	2	1
TCGA-EE-A20I	7	121805434	123018851	1	1
TCGA-EE-A20I	7	123018958	123595069	3	1
TCGA-EE-A20I	7	123595527	125656722	1	1
TCGA-EE-A20I	7	125663653	126995582	2	1
TCGA-EE-A20I	7	126998282	127905557	1	1
TCGA-EE-A20I	7	127905907	128511731	1	0
TCGA-EE-A20I	7	128515846	129612086	1	1
TCGA-EE-A20I	7	129612414	131021522	3	1
TCGA-EE-A20I	7	131021956	131817079	5	1
TCGA-EE-A20I	7	131823033	132342144	1	1
TCGA-EE-A20I	7	132342455	132747418	1	0
TCGA-EE-A20I	7	132750383	133427585	2	1
TCGA-EE-A20I	7	133430901	159127004	1	1
TCGA-EE-A20I	8	31254	46847534	1	1
TCGA-EE-A20I	8	46863535	88901161	1	0
TCGA-EE-A20I	8	88901422	146298155	1	1
TCGA-EE-A20I	9	46587	130551711	1	0
TCGA-EE-A20I	9	130553575	141091394	2	0
TCGA-EE-A20I	10	72759	6129771	1	0
TCGA-EE-A20I	10	6130005	6524164	1	1
TCGA-EE-A20I	10	6525564	8090001	1	0
TCGA-EE-A20I	10	8101427	8707932	2	0
TCGA-EE-A20I	10	8709181	11833896	1	0
TCGA-EE-A20I	10	11834351	12330597	2	0
TCGA-EE-A20I	10	12330713	12862336	1	0
TCGA-EE-A20I	10	12864310	13762810	3	0
TCGA-EE-A20I	10	13764711	14818686	4	0
TCGA-EE-A20I	10	14818820	15470567	7	0
TCGA-EE-A20I	10	15474550	16238457	2	0
TCGA-EE-A20I	10	16238779	16287813	8	0
TCGA-EE-A20I	10	16290812	16373339	2	0
TCGA-EE-A20I	10	16380437	16732041	5	0
TCGA-EE-A20I	10	16732350	16779653	3	0
TCGA-EE-A20I	10	16779881	17610277	1	0
TCGA-EE-A20I	10	17611390	18276682	2	0
TCGA-EE-A20I	10	18277400	20121553	1	0
TCGA-EE-A20I	10	20126295	20211425	4	0
TCGA-EE-A20I	10	20212996	20516978	1	0
TCGA-EE-A20I	10	20522052	21067683	6	0
TCGA-EE-A20I	10	21072872	23379444	1	0
TCGA-EE-A20I	10	23393226	23466633	3	0
TCGA-EE-A20I	10	23467039	23526967	1	0
TCGA-EE-A20I	10	23528721	23907200	4	0
TCGA-EE-A20I	10	23909950	24188043	10	0
TCGA-EE-A20I	10	24190955	24275306	3	0
TCGA-EE-A20I	10	24277716	24429735	4	0
TCGA-EE-A20I	10	24431350	24463609	6	0
TCGA-EE-A20I	10	24469175	24562990	1	0
TCGA-EE-A20I	10	24563776	24632343	7	0
TCGA-EE-A20I	10	24634956	24792171	1	0
TCGA-EE-A20I	10	24795982	24847673	2	0
TCGA-EE-A20I	10	24848574	25238619	5	0
TCGA-EE-A20I	10	25243935	25786147	7	0
TCGA-EE-A20I	10	25786177	26507906	5	0
TCGA-EE-A20I	10	26511904	27576251	1	0
TCGA-EE-A20I	10	27577132	27650321	4	0
TCGA-EE-A20I	10	27650524	28123071	2	0
TCGA-EE-A20I	10	28123364	28544070	3	0
TCGA-EE-A20I	10	28547143	29034860	1	0
TCGA-EE-A20I	10	29034873	29538729	2	0
TCGA-EE-A20I	10	29542000	29866429	4	0
TCGA-EE-A20I	10	29867107	30264550	2	0
TCGA-EE-A20I	10	30264822	30676859	1	0
TCGA-EE-A20I	10	30681142	30748498	5	0
TCGA-EE-A20I	10	30750033	31294482	1	0
TCGA-EE-A20I	10	31297484	33920617	3	0
TCGA-EE-A20I	10	33923942	36170524	2	0
TCGA-EE-A20I	10	36174060	38247460	1	0
TCGA-EE-A20I	10	38251869	38346156	3	0
TCGA-EE-A20I	10	38346482	135506704	1	0
TCGA-EE-A20I	11	198572	48998035	1	0
TCGA-EE-A20I	11	49000305	49004025	3	1
TCGA-EE-A20I	11	49006938	103438305	1	1
TCGA-EE-A20I	11	103439135	122122469	1	0
TCGA-EE-A20I	11	122122647	134944770	1	1
TCGA-EE-A20I	12	150442	15157635	1	1
TCGA-EE-A20I	12	15158120	15841218	1	0
TCGA-EE-A20I	12	15842161	44497329	1	1
TCGA-EE-A20I	12	44509714	62644274	1	0
TCGA-EE-A20I	12	62645060	62756634	2	1
TCGA-EE-A20I	12	62757863	63338172	1	0
TCGA-EE-A20I	12	63338414	121504665	1	1
TCGA-EE-A20I	12	121505305	121629678	1	0
TCGA-EE-A20I	12	121630420	133778189	1	1
TCGA-EE-A20I	13	19026949	49307596	1	0
TCGA-EE-A20I	13	49310541	50405088	1	1
TCGA-EE-A20I	13	50406286	51386454	1	0
TCGA-EE-A20I	13	51388960	52719214	1	1
TCGA-EE-A20I	13	52719394	115108397	1	0
TCGA-EE-A20I	14	19002124	59530457	1	1
TCGA-EE-A20I	14	59532597	59843406	2	1
TCGA-EE-A20I	14	59847879	107285437	1	1
TCGA-EE-A20I	15	20016328	33194892	1	1
TCGA-EE-A20I	15	33195003	33221791	1	0
TCGA-EE-A20I	15	33229342	102469040	1	1
TCGA-EE-A20I	16	60777	6564334	1	0
TCGA-EE-A20I	16	6564395	6660169	0	0
TCGA-EE-A20I	16	6663261	31671908	1	0
TCGA-EE-A20I	16	31678145	34011283	1	1
TCGA-EE-A20I	16	34012168	62214679	1	0
TCGA-EE-A20I	16	62214694	62373151	0	0
TCGA-EE-A20I	16	62375263	63024163	1	0
TCGA-EE-A20I	16	63024214	63302176	2	0
TCGA-EE-A20I	16	63302239	70819541	1	0
TCGA-EE-A20I	16	70823505	71202489	2	0
TCGA-EE-A20I	16	71202797	90287535	1	0
TCGA-EE-A20I	17	526	81049726	1	1
TCGA-EE-A20I	18	48133	78015057	1	1
TCGA-EE-A20I	19	90910	59097854	1	1
TCGA-EE-A20I	20	61305	62956153	1	1
TCGA-EE-A20I	21	10736871	15336621	1	1
TCGA-EE-A20I	21	15337085	48096957	1	0
TCGA-EE-A20I	22	16052528	51234455	1	1
TCGA-EE-A20I	X	168477	2694240	1	1
TCGA-EE-A20I	X	2703391	96543861	1	0
TCGA-EE-A20I	X	96543884	97134063	2	0
TCGA-EE-A20I	X	97145409	155233846	1	0
