sample	chr	startpos	endpos	nMajor	nMinor
TCGA-KN-8418	1	61735	249224388	2	0
TCGA-KN-8418	2	12784	243089456	2	0
TCGA-KN-8418	3	60345	197896118	2	2
TCGA-KN-8418	4	12281	191027923	2	2
TCGA-KN-8418	5	15532	180790320	2	2
TCGA-KN-8418	6	149661	134466998	2	0
TCGA-KN-8418	6	134467724	134523080	4	0
TCGA-KN-8418	6	134526205	171051005	2	0
TCGA-KN-8418	7	43259	159127004	2	2
TCGA-KN-8418	8	31254	146298155	2	2
TCGA-KN-8418	9	46587	141091394	2	2
TCGA-KN-8418	10	72759	47076687	2	0
TCGA-KN-8418	10	47077739	47665417	1	0
TCGA-KN-8418	10	47666180	135506704	2	0
TCGA-KN-8418	11	198572	134944770	2	2
TCGA-KN-8418	12	150442	133778189	2	2
TCGA-KN-8418	13	19026949	115108397	2	0
TCGA-KN-8418	14	19002124	73960671	2	2
TCGA-KN-8418	14	73960713	76379798	2	1
TCGA-KN-8418	14	76383219	77787899	2	2
TCGA-KN-8418	14	77788597	82119508	2	1
TCGA-KN-8418	14	82121327	107285437	2	2
TCGA-KN-8418	15	20016328	102469040	2	2
TCGA-KN-8418	16	60777	70854381	2	2
TCGA-KN-8418	16	70855202	71135060	2	1
TCGA-KN-8418	16	71135472	89613412	2	2
TCGA-KN-8418	16	89617518	90287535	3	1
TCGA-KN-8418	17	526	81049726	2	0
TCGA-KN-8418	18	48133	78015057	2	2
TCGA-KN-8418	19	90910	59097854	2	2
TCGA-KN-8418	20	61305	62956153	2	2
TCGA-KN-8418	21	10736871	15336621	2	1
TCGA-KN-8418	21	15337085	17782103	2	2
TCGA-KN-8418	21	17791075	25989419	2	1
TCGA-KN-8418	21	25989517	48096957	2	2
TCGA-KN-8418	22	16052528	51234455	2	2
TCGA-KN-8418	X	168477	155233846	2	0
