sample	chr	startpos	endpos	nMajor	nMinor
TCGA-E2-A107	1	61735	121482979	1	0
TCGA-E2-A107	1	144007049	249224388	4	1
TCGA-E2-A107	2	12784	243089456	2	0
TCGA-E2-A107	3	60345	197896118	1	1
TCGA-E2-A107	4	12281	191027923	1	1
TCGA-E2-A107	5	15532	180790320	1	1
TCGA-E2-A107	6	149661	171051005	1	0
TCGA-E2-A107	7	43259	159127004	1	1
TCGA-E2-A107	8	31254	146298155	2	0
TCGA-E2-A107	9	46587	141091394	1	1
TCGA-E2-A107	10	72759	135506704	1	1
TCGA-E2-A107	11	198572	67269125	1	1
TCGA-E2-A107	11	67273835	67736493	1	0
TCGA-E2-A107	11	67747160	69004300	1	1
TCGA-E2-A107	11	69008577	69255676	2	1
TCGA-E2-A107	11	69256899	70248734	4	1
TCGA-E2-A107	11	70248900	70807361	1	1
TCGA-E2-A107	11	70807773	71709586	1	0
TCGA-E2-A107	11	71719403	73369581	1	1
TCGA-E2-A107	11	73372685	85284102	1	0
TCGA-E2-A107	11	85286231	85896278	1	1
TCGA-E2-A107	11	85896297	134944770	1	0
TCGA-E2-A107	12	150442	115077777	2	1
TCGA-E2-A107	12	115080733	117193323	1	0
TCGA-E2-A107	12	117194200	133778189	2	1
TCGA-E2-A107	13	19026949	115108397	1	0
TCGA-E2-A107	14	19002124	22390185	1	1
TCGA-E2-A107	14	22390227	22978577	2	1
TCGA-E2-A107	14	22978760	97057998	1	1
TCGA-E2-A107	14	97058461	107285437	2	0
TCGA-E2-A107	15	20016328	102469040	1	1
TCGA-E2-A107	16	60777	35283226	3	1
TCGA-E2-A107	16	46463782	70842097	1	0
TCGA-E2-A107	16	70854381	71226096	2	0
TCGA-E2-A107	16	71230079	90287535	1	0
TCGA-E2-A107	17	526	81049726	1	1
TCGA-E2-A107	18	48133	78015057	1	0
TCGA-E2-A107	19	90910	59097854	1	1
TCGA-E2-A107	20	61305	31783335	1	1
TCGA-E2-A107	20	31787204	32608225	1	0
TCGA-E2-A107	20	32613041	37005352	1	1
TCGA-E2-A107	20	37010785	47135600	1	0
TCGA-E2-A107	20	47135894	62956153	1	1
TCGA-E2-A107	21	10736871	48096957	1	0
TCGA-E2-A107	22	16052528	22778159	1	1
TCGA-E2-A107	22	22780596	23482718	2	1
TCGA-E2-A107	22	23486462	27400967	1	0
TCGA-E2-A107	22	27401442	27896605	1	1
TCGA-E2-A107	22	27899754	28996803	1	0
TCGA-E2-A107	22	28999197	29140235	1	1
TCGA-E2-A107	22	29140726	29835987	2	1
TCGA-E2-A107	22	29836926	39594740	1	0
TCGA-E2-A107	22	39601273	40533189	1	1
TCGA-E2-A107	22	40538717	51234455	1	0
TCGA-E2-A107	X	168477	155233846	2	1
