sample	chr	startpos	endpos	nMajor	nMinor
TCGA-CQ-5327	1	61735	33394491	2	0
TCGA-CQ-5327	1	33395063	249224388	1	1
TCGA-CQ-5327	2	12784	187204126	1	1
TCGA-CQ-5327	2	187205741	187419078	1	0
TCGA-CQ-5327	2	187424517	243089456	1	1
TCGA-CQ-5327	3	60345	197896118	1	1
TCGA-CQ-5327	4	12281	191027923	1	1
TCGA-CQ-5327	5	15532	150876405	2	0
TCGA-CQ-5327	5	150878555	150975571	4	0
TCGA-CQ-5327	5	150976040	180790320	2	0
TCGA-CQ-5327	6	149661	171051005	1	1
TCGA-CQ-5327	7	43259	159127004	1	1
TCGA-CQ-5327	8	31254	146298155	1	1
TCGA-CQ-5327	9	46587	9053770	2	0
TCGA-CQ-5327	9	9054075	9919795	1	0
TCGA-CQ-5327	9	9924724	21874959	2	0
TCGA-CQ-5327	9	21881963	22128709	0	0
TCGA-CQ-5327	9	22130344	47217176	2	0
TCGA-CQ-5327	9	65616971	141091394	1	1
TCGA-CQ-5327	10	72759	135506704	1	1
TCGA-CQ-5327	11	198572	134944770	1	1
TCGA-CQ-5327	12	150442	133778189	1	1
TCGA-CQ-5327	13	19026949	25718706	1	1
TCGA-CQ-5327	13	25722463	115108397	2	0
TCGA-CQ-5327	14	19002124	107285437	1	1
TCGA-CQ-5327	15	20016328	102469040	1	1
TCGA-CQ-5327	16	60777	83379908	1	1
TCGA-CQ-5327	16	83382305	83754931	1	0
TCGA-CQ-5327	16	83755420	90287535	1	1
TCGA-CQ-5327	17	526	81049726	1	1
TCGA-CQ-5327	18	48133	78015057	1	1
TCGA-CQ-5327	19	90910	59097854	1	1
TCGA-CQ-5327	20	61305	62956153	1	1
TCGA-CQ-5327	21	10736871	48096957	1	1
TCGA-CQ-5327	22	16052528	51234455	1	1
TCGA-CQ-5327	X	168477	18452104	1	1
TCGA-CQ-5327	X	18453257	54774457	1	0
TCGA-CQ-5327	X	54777665	155233846	1	1
