sample	chr	startpos	endpos	nMajor	nMinor
TCGA-04-1342	1	61735	35217966	1	1
TCGA-04-1342	1	35218077	52403043	3	1
TCGA-04-1342	1	52403520	91599362	3	0
TCGA-04-1342	1	91599693	106486189	2	0
TCGA-04-1342	1	106496419	116726413	1	0
TCGA-04-1342	1	116726883	119300747	2	0
TCGA-04-1342	1	119300817	121482979	6	2
TCGA-04-1342	1	144007049	160104663	2	2
TCGA-04-1342	1	160109327	161813765	3	2
TCGA-04-1342	1	161813997	211619703	2	2
TCGA-04-1342	1	211621170	211814964	2	1
TCGA-04-1342	1	211815287	242946182	2	2
TCGA-04-1342	1	242946641	249224388	3	2
TCGA-04-1342	2	12784	67041899	2	1
TCGA-04-1342	2	67043176	67302866	4	1
TCGA-04-1342	2	67303404	68496172	2	1
TCGA-04-1342	2	68498883	90267086	1	1
TCGA-04-1342	2	90267103	119288860	2	1
TCGA-04-1342	2	119289022	120072147	3	1
TCGA-04-1342	2	120073397	120132605	2	1
TCGA-04-1342	2	120134126	137946990	1	1
TCGA-04-1342	2	137947355	139378933	2	1
TCGA-04-1342	2	139380965	191344132	3	1
TCGA-04-1342	2	191345244	192205769	3	2
TCGA-04-1342	2	192205846	192648249	2	1
TCGA-04-1342	2	192650174	235588230	1	1
TCGA-04-1342	2	235588389	235627559	1	0
TCGA-04-1342	2	235633668	241104520	1	1
TCGA-04-1342	2	241107465	243089456	2	1
TCGA-04-1342	3	60345	120589727	1	1
TCGA-04-1342	3	120592338	154599600	2	1
TCGA-04-1342	3	154621684	155028344	2	0
TCGA-04-1342	3	155030309	197896118	2	1
TCGA-04-1342	4	12281	2632890	1	1
TCGA-04-1342	4	2633964	2950899	1	0
TCGA-04-1342	4	2955145	102849458	1	1
TCGA-04-1342	4	102851687	103376965	2	1
TCGA-04-1342	4	103377576	191027923	1	1
TCGA-04-1342	5	15532	13610706	3	1
TCGA-04-1342	5	13611604	46382652	2	1
TCGA-04-1342	5	46383335	79814047	1	0
TCGA-04-1342	5	79821353	157071241	1	1
TCGA-04-1342	5	157074898	157158372	1	0
TCGA-04-1342	5	157158439	180790320	1	1
TCGA-04-1342	6	149661	7047170	2	1
TCGA-04-1342	6	7047411	8370053	2	2
TCGA-04-1342	6	8374793	101701598	2	1
TCGA-04-1342	6	101707957	103857714	2	2
TCGA-04-1342	6	103859210	122878836	2	1
TCGA-04-1342	6	122878997	123258260	1	0
TCGA-04-1342	6	123259744	124926468	1	1
TCGA-04-1342	6	124932960	125413373	2	0
TCGA-04-1342	6	125416818	143260104	2	1
TCGA-04-1342	6	143263289	143665549	3	1
TCGA-04-1342	6	143665658	171051005	2	1
TCGA-04-1342	7	43259	62049430	1	1
TCGA-04-1342	7	62049440	159127004	2	1
TCGA-04-1342	8	31254	68301148	2	1
TCGA-04-1342	8	68302527	68691345	2	2
TCGA-04-1342	8	68694456	146298155	2	1
TCGA-04-1342	9	46587	81588247	1	1
TCGA-04-1342	9	81600278	81927344	2	1
TCGA-04-1342	9	81930474	138328939	1	1
TCGA-04-1342	9	138330021	139307343	2	1
TCGA-04-1342	9	139307732	141091394	1	1
TCGA-04-1342	10	72759	39074638	1	1
TCGA-04-1342	10	39074821	64914193	1	0
TCGA-04-1342	10	64915127	77143180	1	1
TCGA-04-1342	10	77143467	77893750	2	1
TCGA-04-1342	10	77895119	78677792	3	1
TCGA-04-1342	10	78680996	81074970	2	1
TCGA-04-1342	10	81075559	82925101	1	0
TCGA-04-1342	10	82927650	89019812	1	1
TCGA-04-1342	10	89029243	97539140	1	0
TCGA-04-1342	10	97539176	104127171	1	1
TCGA-04-1342	10	104132450	111772056	1	0
TCGA-04-1342	10	111783890	122254745	1	1
TCGA-04-1342	10	122256017	123880054	2	1
TCGA-04-1342	10	123880823	131474474	3	1
TCGA-04-1342	10	131477368	135506704	1	1
TCGA-04-1342	11	198572	5962392	1	1
TCGA-04-1342	11	5968921	6094473	1	0
TCGA-04-1342	11	6097868	23513481	1	1
TCGA-04-1342	11	23513736	24075827	2	1
TCGA-04-1342	11	24080224	134944770	1	1
TCGA-04-1342	12	150442	24291755	1	1
TCGA-04-1342	12	24294756	24361844	5	1
TCGA-04-1342	12	24363948	25739420	9	1
TCGA-04-1342	12	25742857	30534765	4	1
TCGA-04-1342	12	30536151	33829340	2	1
TCGA-04-1342	12	33831374	34854498	3	1
TCGA-04-1342	12	37857751	111045059	2	1
TCGA-04-1342	12	111046620	111971233	3	1
TCGA-04-1342	12	111972154	133778189	2	1
TCGA-04-1342	13	19026949	24035936	1	0
TCGA-04-1342	13	24036502	115108397	2	0
TCGA-04-1342	14	19002124	107285437	2	0
TCGA-04-1342	15	20016328	75241978	2	0
TCGA-04-1342	15	75244936	77870121	1	0
TCGA-04-1342	15	77875117	102469040	2	0
TCGA-04-1342	16	60777	34012168	2	0
TCGA-04-1342	16	34197351	70855479	1	0
TCGA-04-1342	16	70855633	71202489	2	0
TCGA-04-1342	16	71202797	90287535	1	0
TCGA-04-1342	17	526	48275292	2	0
TCGA-04-1342	17	48275828	71747594	3	0
TCGA-04-1342	17	71747610	73590830	4	0
TCGA-04-1342	17	73593427	81049726	3	0
TCGA-04-1342	18	48133	78015057	1	1
TCGA-04-1342	19	90910	7239267	1	0
TCGA-04-1342	19	7240481	20475185	2	1
TCGA-04-1342	19	20475650	24596750	1	1
TCGA-04-1342	19	27747993	29332856	3	1
TCGA-04-1342	19	29337352	29751114	4	1
TCGA-04-1342	19	29751607	30831809	7	0
TCGA-04-1342	19	30831951	31990230	9	0
TCGA-04-1342	19	31993987	35890205	2	1
TCGA-04-1342	19	35890434	36741104	3	1
TCGA-04-1342	19	36741723	40502919	2	1
TCGA-04-1342	19	40510831	59097854	2	0
TCGA-04-1342	20	61305	62956153	2	1
TCGA-04-1342	21	10736871	29977260	2	1
TCGA-04-1342	21	29978255	48096957	3	1
TCGA-04-1342	22	16052528	51234455	1	0
TCGA-04-1342	X	168477	155233846	1	0
