sample	chr	startpos	endpos	nMajor	nMinor
TCGA-E7-A7DU	1	61735	237966355	2	2
TCGA-E7-A7DU	1	237967002	241006953	3	2
TCGA-E7-A7DU	1	241007367	249224388	2	2
TCGA-E7-A7DU	2	12784	243089456	2	1
TCGA-E7-A7DU	3	60345	197896118	2	2
TCGA-E7-A7DU	4	12281	19175838	3	2
TCGA-E7-A7DU	4	19176299	57792814	3	3
TCGA-E7-A7DU	4	57793437	57851970	9	2
TCGA-E7-A7DU	4	57853147	58870603	10	2
TCGA-E7-A7DU	4	58872457	191027923	2	1
TCGA-E7-A7DU	5	15532	180790320	2	1
TCGA-E7-A7DU	6	149661	17261226	2	2
TCGA-E7-A7DU	6	17263269	21040261	3	2
TCGA-E7-A7DU	6	21040421	22099484	4	2
TCGA-E7-A7DU	6	22100075	171051005	2	2
TCGA-E7-A7DU	7	43259	159127004	4	1
TCGA-E7-A7DU	8	31254	38835648	1	1
TCGA-E7-A7DU	8	38835666	39415543	8	1
TCGA-E7-A7DU	8	39422051	146298155	3	1
TCGA-E7-A7DU	9	46587	20907206	2	0
TCGA-E7-A7DU	9	20908513	22385189	0	0
TCGA-E7-A7DU	9	22388329	141091394	2	0
TCGA-E7-A7DU	10	72759	110946568	2	2
TCGA-E7-A7DU	10	110952477	111079564	1	0
TCGA-E7-A7DU	10	111080068	112798033	2	2
TCGA-E7-A7DU	10	112801760	112862423	1	0
TCGA-E7-A7DU	10	112862435	112931737	2	0
TCGA-E7-A7DU	10	112932776	135506704	2	2
TCGA-E7-A7DU	11	198572	42831202	1	1
TCGA-E7-A7DU	11	42831242	83972703	2	1
TCGA-E7-A7DU	11	83979042	134944770	1	1
TCGA-E7-A7DU	12	150442	17421465	2	1
TCGA-E7-A7DU	12	17422220	133778189	2	2
TCGA-E7-A7DU	13	19026949	115108397	3	2
TCGA-E7-A7DU	14	19002124	107285437	2	1
TCGA-E7-A7DU	15	20016328	102469040	2	2
TCGA-E7-A7DU	16	60777	90287535	2	2
TCGA-E7-A7DU	17	526	21527665	2	0
TCGA-E7-A7DU	17	21529902	29889952	2	2
TCGA-E7-A7DU	17	29894732	30045519	7	2
TCGA-E7-A7DU	17	30048755	31220822	2	2
TCGA-E7-A7DU	17	31222364	32035292	4	2
TCGA-E7-A7DU	17	32036176	32461849	6	2
TCGA-E7-A7DU	17	32464670	36889559	2	1
TCGA-E7-A7DU	17	36893854	81049726	2	2
TCGA-E7-A7DU	18	48133	78015057	2	2
TCGA-E7-A7DU	19	90910	23509489	2	2
TCGA-E7-A7DU	19	23509508	24582577	2	1
TCGA-E7-A7DU	19	24583312	59097854	3	2
TCGA-E7-A7DU	20	61305	62956153	2	2
TCGA-E7-A7DU	21	10736871	48096957	2	2
TCGA-E7-A7DU	22	16052528	51234455	2	2
TCGA-E7-A7DU	X	168477	2694240	2	2
TCGA-E7-A7DU	X	2703391	154929498	2	0
TCGA-E7-A7DU	X	154963439	155233846	3	1
