sample	chr	startpos	endpos	nMajor	nMinor
TCGA-AA-3667	1	61735	7922309	2	2
TCGA-AA-3667	1	7923009	8931149	1	1
TCGA-AA-3667	1	8931363	23226074	2	2
TCGA-AA-3667	1	23229177	30769307	2	0
TCGA-AA-3667	1	30773097	249224388	2	2
TCGA-AA-3667	2	12784	243089456	2	2
TCGA-AA-3667	3	60345	60063239	4	2
TCGA-AA-3667	3	60066610	60103408	4	0
TCGA-AA-3667	3	60110509	197896118	4	2
TCGA-AA-3667	4	12281	191027923	2	2
TCGA-AA-3667	5	15532	180790320	2	2
TCGA-AA-3667	6	149661	171051005	2	2
TCGA-AA-3667	7	43259	38357308	4	2
TCGA-AA-3667	7	38357323	38366512	8	4
TCGA-AA-3667	7	38370792	142275836	4	2
TCGA-AA-3667	7	142326486	142501804	7	4
TCGA-AA-3667	7	142501841	159127004	4	2
TCGA-AA-3667	8	31254	28227346	1	1
TCGA-AA-3667	8	28230036	146298155	5	1
TCGA-AA-3667	9	46587	141091394	4	0
TCGA-AA-3667	10	72759	5447218	6	2
TCGA-AA-3667	10	5454177	135096019	2	2
TCGA-AA-3667	10	135098672	135506704	2	1
TCGA-AA-3667	11	198572	134944770	2	2
TCGA-AA-3667	12	150442	133778189	2	2
TCGA-AA-3667	13	19026949	115108397	7	2
TCGA-AA-3667	14	19002124	21026793	2	0
TCGA-AA-3667	14	21029765	21130092	0	0
TCGA-AA-3667	14	21131451	22410651	2	0
TCGA-AA-3667	14	22413785	22997524	4	0
TCGA-AA-3667	14	22997833	107285437	2	0
TCGA-AA-3667	15	20016328	102469040	2	2
TCGA-AA-3667	16	60777	90287535	2	2
TCGA-AA-3667	17	526	22202897	2	0
TCGA-AA-3667	17	22206974	52323992	2	2
TCGA-AA-3667	17	52324599	52420062	2	1
TCGA-AA-3667	17	52431098	81049726	2	2
TCGA-AA-3667	18	48133	78015057	2	0
TCGA-AA-3667	19	90910	59097854	2	2
TCGA-AA-3667	20	61305	14407727	4	2
TCGA-AA-3667	20	14408090	19674256	4	4
TCGA-AA-3667	20	19676432	20993775	8	4
TCGA-AA-3667	20	20993838	21541737	4	4
TCGA-AA-3667	20	21549362	62956153	7	4
TCGA-AA-3667	21	10736871	48096957	4	0
TCGA-AA-3667	22	16052528	51234455	2	2
TCGA-AA-3667	X	168477	155233846	2	2
