sample	chr	startpos	endpos	nMajor	nMinor
TCGA-SU-A7E7	1	61735	249224388	1	1
TCGA-SU-A7E7	2	12784	33784161	1	1
TCGA-SU-A7E7	2	33786512	36075909	2	1
TCGA-SU-A7E7	2	36077455	56883447	1	1
TCGA-SU-A7E7	2	56883544	62620666	1	0
TCGA-SU-A7E7	2	62623581	124341384	1	1
TCGA-SU-A7E7	2	124341512	127028478	2	1
TCGA-SU-A7E7	2	127028997	216200907	1	1
TCGA-SU-A7E7	2	216201188	218595462	1	0
TCGA-SU-A7E7	2	218596116	243089456	1	1
TCGA-SU-A7E7	3	60345	142842406	1	1
TCGA-SU-A7E7	3	142842896	147278592	2	1
TCGA-SU-A7E7	3	147278922	187164868	1	1
TCGA-SU-A7E7	3	187164888	192811405	2	1
TCGA-SU-A7E7	3	192812221	197896118	1	1
TCGA-SU-A7E7	4	12281	9372303	1	1
TCGA-SU-A7E7	4	9378279	14927828	2	1
TCGA-SU-A7E7	4	14928149	22584842	1	1
TCGA-SU-A7E7	4	22585237	37556797	2	1
TCGA-SU-A7E7	4	37556958	43671443	1	1
TCGA-SU-A7E7	4	43671727	46898405	2	1
TCGA-SU-A7E7	4	46898433	122075116	1	1
TCGA-SU-A7E7	4	122077198	126190761	1	0
TCGA-SU-A7E7	4	126193820	138010057	1	1
TCGA-SU-A7E7	4	138010331	140120864	1	0
TCGA-SU-A7E7	4	140121564	187420405	1	1
TCGA-SU-A7E7	4	187420432	191027923	2	1
TCGA-SU-A7E7	5	15532	2015103	1	1
TCGA-SU-A7E7	5	2015148	4375862	2	1
TCGA-SU-A7E7	5	4375959	17453250	1	1
TCGA-SU-A7E7	5	17453251	30944477	2	1
TCGA-SU-A7E7	5	30944805	62178324	1	1
TCGA-SU-A7E7	5	62179411	63943183	2	1
TCGA-SU-A7E7	5	63947182	96425293	1	1
TCGA-SU-A7E7	5	96427698	101097374	2	1
TCGA-SU-A7E7	5	101103021	180790320	1	1
TCGA-SU-A7E7	6	149661	129046592	1	1
TCGA-SU-A7E7	6	129046732	132279804	2	1
TCGA-SU-A7E7	6	132279840	171051005	1	1
TCGA-SU-A7E7	7	43259	21433612	1	0
TCGA-SU-A7E7	7	21436664	26156995	1	1
TCGA-SU-A7E7	7	26159018	32187182	1	0
TCGA-SU-A7E7	7	32189295	39763249	1	1
TCGA-SU-A7E7	7	39763494	53754497	1	0
TCGA-SU-A7E7	7	53755970	78403070	1	1
TCGA-SU-A7E7	7	78405978	83410425	1	0
TCGA-SU-A7E7	7	83410491	109720858	1	1
TCGA-SU-A7E7	7	109720986	118337125	1	0
TCGA-SU-A7E7	7	118338267	126283480	1	1
TCGA-SU-A7E7	7	126283761	130600845	1	0
TCGA-SU-A7E7	7	130601205	142030769	1	1
TCGA-SU-A7E7	7	142032764	145351604	2	1
TCGA-SU-A7E7	7	145352011	151701964	1	1
TCGA-SU-A7E7	7	151702159	158554579	1	0
TCGA-SU-A7E7	7	158554615	159127004	1	1
TCGA-SU-A7E7	8	31254	32064497	1	0
TCGA-SU-A7E7	8	32066718	62869128	1	1
TCGA-SU-A7E7	8	62869237	70761794	2	1
TCGA-SU-A7E7	8	70761854	146298155	1	1
TCGA-SU-A7E7	9	46587	1185525	2	1
TCGA-SU-A7E7	9	1188303	141091394	1	1
TCGA-SU-A7E7	10	72759	36411853	1	1
TCGA-SU-A7E7	10	36412580	42965636	2	1
TCGA-SU-A7E7	10	42968310	89428994	1	1
TCGA-SU-A7E7	10	89429039	90298199	1	0
TCGA-SU-A7E7	10	90304351	135506704	1	1
TCGA-SU-A7E7	11	198572	48744425	1	1
TCGA-SU-A7E7	11	48745065	51126742	2	1
TCGA-SU-A7E7	11	51127104	57689913	1	0
TCGA-SU-A7E7	11	57690054	87212326	1	1
TCGA-SU-A7E7	11	87217423	89883107	2	1
TCGA-SU-A7E7	11	89884258	92936162	1	1
TCGA-SU-A7E7	11	92936558	134944770	1	0
TCGA-SU-A7E7	12	150442	126203425	1	1
TCGA-SU-A7E7	12	126203467	130050521	2	1
TCGA-SU-A7E7	12	130050897	133778189	1	1
TCGA-SU-A7E7	13	19026949	20631057	1	1
TCGA-SU-A7E7	13	20633141	22135232	1	0
TCGA-SU-A7E7	13	22142883	115108397	1	1
TCGA-SU-A7E7	14	19002124	107285437	1	1
TCGA-SU-A7E7	15	20016328	27280678	2	1
TCGA-SU-A7E7	15	27280844	31999645	1	1
TCGA-SU-A7E7	15	32011489	32976055	2	0
TCGA-SU-A7E7	15	32977541	95003251	1	1
TCGA-SU-A7E7	15	95005580	98360499	2	1
TCGA-SU-A7E7	15	98361122	102469040	1	1
TCGA-SU-A7E7	16	60777	71991349	1	1
TCGA-SU-A7E7	16	71993537	90287535	1	0
TCGA-SU-A7E7	17	526	81049726	1	1
TCGA-SU-A7E7	18	48133	78015057	1	1
TCGA-SU-A7E7	19	90910	21741536	1	1
TCGA-SU-A7E7	19	21741716	29516498	2	1
TCGA-SU-A7E7	19	29518567	59097854	1	1
TCGA-SU-A7E7	20	61305	15066615	1	1
TCGA-SU-A7E7	20	15068981	15660995	1	0
TCGA-SU-A7E7	20	15661194	62956153	1	1
TCGA-SU-A7E7	21	10736871	15336419	3	0
TCGA-SU-A7E7	21	15336621	48096957	1	1
TCGA-SU-A7E7	22	16052528	51234455	1	1
TCGA-SU-A7E7	X	168477	2703955	1	0
TCGA-SU-A7E7	X	2706944	2874806	0	0
TCGA-SU-A7E7	X	2876502	154929498	1	0
TCGA-SU-A7E7	X	154963439	155233846	1	1
