sample	chr	startpos	endpos	nMajor	nMinor
TCGA-OR-A5LN	1	61735	121482979	2	1
TCGA-OR-A5LN	1	144007049	249224388	2	2
TCGA-OR-A5LN	2	12784	243089456	2	1
TCGA-OR-A5LN	3	60345	197896118	2	2
TCGA-OR-A5LN	4	12281	177465198	3	3
TCGA-OR-A5LN	4	177465316	182060169	3	2
TCGA-OR-A5LN	4	182062324	182274315	1	1
TCGA-OR-A5LN	4	182276030	182363028	0	0
TCGA-OR-A5LN	4	182363381	182515102	1	0
TCGA-OR-A5LN	4	182515278	183644103	3	1
TCGA-OR-A5LN	4	183644853	191027923	3	2
TCGA-OR-A5LN	5	15532	4820418	3	2
TCGA-OR-A5LN	5	4827985	180790320	3	3
TCGA-OR-A5LN	6	149661	171051005	3	3
TCGA-OR-A5LN	7	43259	159127004	3	3
TCGA-OR-A5LN	8	31254	5525075	3	2
TCGA-OR-A5LN	8	5525663	146298155	3	3
TCGA-OR-A5LN	9	46587	141091394	2	2
TCGA-OR-A5LN	10	72759	135506704	2	2
TCGA-OR-A5LN	11	198572	134944770	3	0
TCGA-OR-A5LN	12	150442	133778189	3	3
TCGA-OR-A5LN	13	19026949	115108397	3	0
TCGA-OR-A5LN	14	19002124	22518412	2	1
TCGA-OR-A5LN	14	22518491	22959974	2	2
TCGA-OR-A5LN	14	22960770	78922933	2	1
TCGA-OR-A5LN	14	78924209	88415200	1	1
TCGA-OR-A5LN	14	88415500	107285437	2	1
TCGA-OR-A5LN	15	20016328	102469040	2	2
TCGA-OR-A5LN	16	60777	6074528	3	1
TCGA-OR-A5LN	16	6075279	90287535	2	2
TCGA-OR-A5LN	17	526	81049726	2	2
TCGA-OR-A5LN	18	48133	47607260	2	1
TCGA-OR-A5LN	18	47608265	78015057	1	1
TCGA-OR-A5LN	19	90910	24507167	4	1
TCGA-OR-A5LN	19	24507172	59097854	2	2
TCGA-OR-A5LN	20	61305	62956153	3	3
TCGA-OR-A5LN	21	10736871	48096957	2	0
TCGA-OR-A5LN	22	16052528	51234455	3	0
TCGA-OR-A5LN	X	168477	137071184	3	3
TCGA-OR-A5LN	X	137071222	155233846	3	2
