sample	chr	startpos	endpos	nMajor	nMinor
TCGA-D3-A8GJ	1	61735	114447034	2	2
TCGA-D3-A8GJ	1	114447914	119514920	2	0
TCGA-D3-A8GJ	1	119515981	121482979	2	2
TCGA-D3-A8GJ	1	144007049	243489484	3	3
TCGA-D3-A8GJ	1	243497499	243743823	2	0
TCGA-D3-A8GJ	1	243746662	249224388	3	3
TCGA-D3-A8GJ	2	12784	243089456	2	2
TCGA-D3-A8GJ	3	60345	115441608	2	2
TCGA-D3-A8GJ	3	115444503	115865123	2	0
TCGA-D3-A8GJ	3	115866018	197896118	2	2
TCGA-D3-A8GJ	4	12281	184236124	2	2
TCGA-D3-A8GJ	4	184242381	186733580	2	0
TCGA-D3-A8GJ	4	186734480	191027923	2	2
TCGA-D3-A8GJ	5	15532	130140680	4	0
TCGA-D3-A8GJ	5	130141163	167019011	2	0
TCGA-D3-A8GJ	5	167024001	180790320	4	0
TCGA-D3-A8GJ	6	149661	64133662	3	3
TCGA-D3-A8GJ	6	64135165	171051005	4	0
TCGA-D3-A8GJ	7	43259	159127004	2	2
TCGA-D3-A8GJ	8	31254	46847534	2	2
TCGA-D3-A8GJ	8	46863535	61960235	6	2
TCGA-D3-A8GJ	8	61965491	111173892	6	5
TCGA-D3-A8GJ	8	111174133	120978939	6	2
TCGA-D3-A8GJ	8	120982299	146298155	5	5
TCGA-D3-A8GJ	9	46587	103125053	2	2
TCGA-D3-A8GJ	9	103132012	109959652	4	2
TCGA-D3-A8GJ	9	109960553	141091394	2	2
TCGA-D3-A8GJ	10	72759	42473993	2	0
TCGA-D3-A8GJ	10	42477859	96190217	4	0
TCGA-D3-A8GJ	10	96201447	135506704	2	0
TCGA-D3-A8GJ	11	198572	42426442	4	0
TCGA-D3-A8GJ	11	42427753	48892862	2	0
TCGA-D3-A8GJ	11	48893190	49471582	4	3
TCGA-D3-A8GJ	11	49472153	81533789	2	2
TCGA-D3-A8GJ	11	81534503	134944770	2	0
TCGA-D3-A8GJ	12	150442	133778189	2	2
TCGA-D3-A8GJ	13	19026949	115108397	4	0
TCGA-D3-A8GJ	14	19002124	107285437	2	2
TCGA-D3-A8GJ	15	20016328	102469040	2	2
TCGA-D3-A8GJ	16	60777	772842	2	0
TCGA-D3-A8GJ	16	785279	35283226	3	3
TCGA-D3-A8GJ	16	46463782	86522488	2	2
TCGA-D3-A8GJ	16	86522873	90287535	2	0
TCGA-D3-A8GJ	17	526	81049726	4	0
TCGA-D3-A8GJ	18	48133	78015057	2	2
TCGA-D3-A8GJ	19	90910	59097854	2	2
TCGA-D3-A8GJ	20	61305	62956153	2	2
TCGA-D3-A8GJ	21	10736871	48096957	2	2
TCGA-D3-A8GJ	22	16052528	36565029	2	2
TCGA-D3-A8GJ	22	36566303	37262769	2	0
TCGA-D3-A8GJ	22	37265079	51234455	4	2
TCGA-D3-A8GJ	X	168477	2703391	3	1
TCGA-D3-A8GJ	X	2703633	154929308	2	0
TCGA-D3-A8GJ	X	154929498	155233846	2	1
