sample	chr	startpos	endpos	nMajor	nMinor
TCGA-RQ-A6JB	1	61735	9613668	2	0
TCGA-RQ-A6JB	1	9613871	183489551	1	1
TCGA-RQ-A6JB	1	183490109	206329939	2	0
TCGA-RQ-A6JB	1	206539651	207984425	0	0
TCGA-RQ-A6JB	1	207986180	249224388	2	0
TCGA-RQ-A6JB	2	12784	60968591	2	0
TCGA-RQ-A6JB	2	60968665	62220444	5	0
TCGA-RQ-A6JB	2	62226350	243089456	1	1
TCGA-RQ-A6JB	3	60345	31055169	1	1
TCGA-RQ-A6JB	3	31055870	38652719	1	0
TCGA-RQ-A6JB	3	38652884	46995340	1	1
TCGA-RQ-A6JB	3	47001143	49685743	1	0
TCGA-RQ-A6JB	3	49686509	197896118	1	1
TCGA-RQ-A6JB	4	12281	60040672	1	1
TCGA-RQ-A6JB	4	60040767	60931020	1	0
TCGA-RQ-A6JB	4	60933432	191027923	1	1
TCGA-RQ-A6JB	5	15532	157533434	1	1
TCGA-RQ-A6JB	5	157538994	158819675	1	0
TCGA-RQ-A6JB	5	158820822	180790320	1	1
TCGA-RQ-A6JB	6	149661	52122251	2	0
TCGA-RQ-A6JB	6	52122850	107826391	1	1
TCGA-RQ-A6JB	6	107826465	136968283	2	0
TCGA-RQ-A6JB	6	136968541	138825687	0	0
TCGA-RQ-A6JB	6	138829108	171051005	2	0
TCGA-RQ-A6JB	7	43259	10035303	1	1
TCGA-RQ-A6JB	7	10035793	18994631	1	0
TCGA-RQ-A6JB	7	18995270	159127004	1	1
TCGA-RQ-A6JB	8	31254	146298155	1	1
TCGA-RQ-A6JB	9	46587	19678595	1	1
TCGA-RQ-A6JB	9	19682676	23515657	1	0
TCGA-RQ-A6JB	9	23516235	74149757	1	1
TCGA-RQ-A6JB	9	74150558	86355841	1	0
TCGA-RQ-A6JB	9	86356340	141091394	1	1
TCGA-RQ-A6JB	10	72759	89533078	1	1
TCGA-RQ-A6JB	10	89540888	91251901	1	0
TCGA-RQ-A6JB	10	91252311	135506704	1	1
TCGA-RQ-A6JB	11	198572	134944770	1	1
TCGA-RQ-A6JB	12	150442	133778189	1	1
TCGA-RQ-A6JB	13	19026949	115108397	1	1
TCGA-RQ-A6JB	14	19002124	107285437	1	1
TCGA-RQ-A6JB	15	20016328	44336572	1	1
TCGA-RQ-A6JB	15	44336743	45016431	1	0
TCGA-RQ-A6JB	15	45016605	102469040	1	1
TCGA-RQ-A6JB	16	60777	423529	1	1
TCGA-RQ-A6JB	16	430011	1914457	1	0
TCGA-RQ-A6JB	16	1914875	84745645	1	1
TCGA-RQ-A6JB	16	84746515	90287535	2	0
TCGA-RQ-A6JB	17	526	63003748	1	1
TCGA-RQ-A6JB	17	63007301	65527441	1	0
TCGA-RQ-A6JB	17	65528801	81049726	1	1
TCGA-RQ-A6JB	18	48133	78015057	1	1
TCGA-RQ-A6JB	19	90910	12995422	1	1
TCGA-RQ-A6JB	19	12999378	15187455	1	0
TCGA-RQ-A6JB	19	15187722	19571963	1	1
TCGA-RQ-A6JB	19	19574793	24503985	1	0
TCGA-RQ-A6JB	19	24504061	59097854	1	1
TCGA-RQ-A6JB	20	61305	62956153	1	1
TCGA-RQ-A6JB	21	10736871	48096957	1	1
TCGA-RQ-A6JB	22	16052528	51234455	1	1
TCGA-RQ-A6JB	X	168477	155233846	1	1
