sample	chr	startpos	endpos	nMajor	nMinor
TCGA-A5-A0GD	1	61735	249224388	1	1
TCGA-A5-A0GD	2	12784	81665397	1	1
TCGA-A5-A0GD	2	81665432	81688326	0	0
TCGA-A5-A0GD	2	81689088	195852426	1	1
TCGA-A5-A0GD	2	195857383	195884251	0	0
TCGA-A5-A0GD	2	195885106	243089456	1	1
TCGA-A5-A0GD	3	60345	77563806	1	1
TCGA-A5-A0GD	3	77564310	77586301	0	0
TCGA-A5-A0GD	3	77591080	197896118	1	1
TCGA-A5-A0GD	4	12281	63090553	1	1
TCGA-A5-A0GD	4	63093118	63100726	0	0
TCGA-A5-A0GD	4	63100750	191027923	1	1
TCGA-A5-A0GD	5	15532	45980109	1	1
TCGA-A5-A0GD	5	45982066	46334879	0	0
TCGA-A5-A0GD	5	46364858	100722713	1	1
TCGA-A5-A0GD	5	100723163	100758839	0	0
TCGA-A5-A0GD	5	100759403	154853929	1	1
TCGA-A5-A0GD	5	154854329	154889524	0	0
TCGA-A5-A0GD	5	154889665	180790320	1	1
TCGA-A5-A0GD	6	149661	171051005	1	1
TCGA-A5-A0GD	7	43259	8584243	1	1
TCGA-A5-A0GD	7	8584590	8601969	0	0
TCGA-A5-A0GD	7	8612115	159127004	1	1
TCGA-A5-A0GD	8	31254	43416739	1	1
TCGA-A5-A0GD	8	43420817	43744681	0	0
TCGA-A5-A0GD	8	43745220	146298155	1	1
TCGA-A5-A0GD	9	46587	141091394	1	1
TCGA-A5-A0GD	10	72759	135506704	1	1
TCGA-A5-A0GD	11	198572	50343842	1	1
TCGA-A5-A0GD	11	50344025	51268169	0	0
TCGA-A5-A0GD	11	51274241	134944770	1	1
TCGA-A5-A0GD	12	150442	28645126	1	1
TCGA-A5-A0GD	12	28646344	28677042	0	0
TCGA-A5-A0GD	12	28680898	133778189	1	1
TCGA-A5-A0GD	13	19026949	94506286	1	1
TCGA-A5-A0GD	13	94506420	94542046	0	0
TCGA-A5-A0GD	13	94542806	115108397	1	1
TCGA-A5-A0GD	14	19002124	107285437	1	1
TCGA-A5-A0GD	15	20016328	102469040	1	1
TCGA-A5-A0GD	16	60777	90287535	1	1
TCGA-A5-A0GD	17	526	81049726	1	1
TCGA-A5-A0GD	18	48133	78015057	1	1
TCGA-A5-A0GD	19	90910	22099670	1	1
TCGA-A5-A0GD	19	22103358	22108201	1	0
TCGA-A5-A0GD	19	22109563	28069337	1	1
TCGA-A5-A0GD	19	28070199	28080815	1	0
TCGA-A5-A0GD	19	28081040	59097854	1	1
TCGA-A5-A0GD	20	61305	62956153	1	1
TCGA-A5-A0GD	21	10736871	22660162	1	1
TCGA-A5-A0GD	21	22660222	22673431	1	0
TCGA-A5-A0GD	21	22675755	48096957	1	1
TCGA-A5-A0GD	22	16052528	51234455	1	1
TCGA-A5-A0GD	X	168477	58086344	1	1
TCGA-A5-A0GD	X	58094437	58288508	1	0
TCGA-A5-A0GD	X	58298128	155233846	1	1
