sample	chr	startpos	endpos	nMajor	nMinor
TCGA-02-0046	1	61735	249224388	1	1
TCGA-02-0046	2	12784	243089456	1	1
TCGA-02-0046	3	60345	197896118	1	1
TCGA-02-0046	4	12281	191027923	1	1
TCGA-02-0046	5	15532	180790320	1	1
TCGA-02-0046	6	149661	171051005	1	1
TCGA-02-0046	7	43259	4615004	2	1
TCGA-02-0046	7	4618345	5302259	20	0
TCGA-02-0046	7	5307704	54175453	2	1
TCGA-02-0046	7	54176406	55915666	23	0
TCGA-02-0046	7	55921458	68244215	2	1
TCGA-02-0046	7	68246434	72213287	3	1
TCGA-02-0046	7	72215275	90262085	2	1
TCGA-02-0046	7	90273602	90683982	22	1
TCGA-02-0046	7	90693817	121572718	2	1
TCGA-02-0046	7	121573646	121592914	22	4
TCGA-02-0046	7	121599940	159127004	2	1
TCGA-02-0046	8	31254	146298155	1	1
TCGA-02-0046	9	46587	141091394	1	1
TCGA-02-0046	10	72759	135506704	1	0
TCGA-02-0046	11	198572	134944770	1	1
TCGA-02-0046	12	150442	41624456	1	1
TCGA-02-0046	12	41624820	42843183	1	0
TCGA-02-0046	12	42844896	43024839	13	0
TCGA-02-0046	12	43030500	43585475	1	1
TCGA-02-0046	12	43590237	43966110	10	3
TCGA-02-0046	12	43968497	45082108	1	1
TCGA-02-0046	12	45089861	49166266	1	0
TCGA-02-0046	12	49167260	57612523	1	1
TCGA-02-0046	12	57613220	58046979	1	0
TCGA-02-0046	12	58056763	58630339	18	0
TCGA-02-0046	12	58631658	60989194	1	1
TCGA-02-0046	12	60993657	61479149	1	0
TCGA-02-0046	12	61480868	62351833	1	1
TCGA-02-0046	12	62352455	63139188	1	0
TCGA-02-0046	12	63141600	68636702	1	1
TCGA-02-0046	12	68640583	68845536	1	0
TCGA-02-0046	12	68847556	80614869	1	1
TCGA-02-0046	12	80616576	80913241	1	0
TCGA-02-0046	12	80913553	133778189	1	1
TCGA-02-0046	13	19026949	115108397	1	1
TCGA-02-0046	14	19002124	107285437	1	1
TCGA-02-0046	15	20016328	102469040	1	1
TCGA-02-0046	16	60777	90287535	1	1
TCGA-02-0046	17	526	81049726	1	1
TCGA-02-0046	18	48133	78015057	1	1
TCGA-02-0046	19	90910	59097854	1	1
TCGA-02-0046	20	61305	62956153	1	1
TCGA-02-0046	21	10736871	48096957	1	1
TCGA-02-0046	22	16052528	51234455	1	1
TCGA-02-0046	X	168477	155233846	1	0
