sample	chr	startpos	endpos	nMajor	nMinor
TCGA-XF-AAN8	1	61735	249224388	1	1
TCGA-XF-AAN8	2	12784	9607226	1	1
TCGA-XF-AAN8	2	9617574	10291806	2	1
TCGA-XF-AAN8	2	10291874	243089456	1	1
TCGA-XF-AAN8	3	60345	217268	2	0
TCGA-XF-AAN8	3	217541	197896118	1	1
TCGA-XF-AAN8	4	12281	191027923	1	1
TCGA-XF-AAN8	5	15532	180790320	1	1
TCGA-XF-AAN8	6	149661	135468630	1	1
TCGA-XF-AAN8	6	135470480	136247928	2	1
TCGA-XF-AAN8	6	136249118	171051005	1	1
TCGA-XF-AAN8	7	43259	159127004	1	1
TCGA-XF-AAN8	8	31254	115002442	1	1
TCGA-XF-AAN8	8	115007177	116370576	2	1
TCGA-XF-AAN8	8	116373235	146298155	1	1
TCGA-XF-AAN8	9	46587	38682100	1	1
TCGA-XF-AAN8	9	38682581	47217176	2	0
TCGA-XF-AAN8	9	65616971	71241848	2	1
TCGA-XF-AAN8	9	71242188	141091394	1	1
TCGA-XF-AAN8	10	72759	135506704	1	1
TCGA-XF-AAN8	11	198572	68807112	1	1
TCGA-XF-AAN8	11	68815523	69412192	4	1
TCGA-XF-AAN8	11	69412881	69418688	2	1
TCGA-XF-AAN8	11	69419040	69476266	3	2
TCGA-XF-AAN8	11	69476279	134944770	1	1
TCGA-XF-AAN8	12	150442	133778189	1	1
TCGA-XF-AAN8	13	19026949	115108397	1	1
TCGA-XF-AAN8	14	19002124	107285437	1	1
TCGA-XF-AAN8	15	20016328	22769349	2	0
TCGA-XF-AAN8	15	22770435	102469040	1	1
TCGA-XF-AAN8	16	60777	90287535	1	1
TCGA-XF-AAN8	17	526	81049726	1	1
TCGA-XF-AAN8	18	48133	78015057	1	1
TCGA-XF-AAN8	19	90910	59097854	1	1
TCGA-XF-AAN8	20	61305	62956153	1	1
TCGA-XF-AAN8	21	10736871	48096957	1	1
TCGA-XF-AAN8	22	16052528	51234455	1	1
TCGA-XF-AAN8	X	168477	71785233	1	1
TCGA-XF-AAN8	X	71792971	78582063	2	0
TCGA-XF-AAN8	X	78582355	155233846	1	1
