sample	chr	startpos	endpos	nMajor	nMinor
TCGA-12-0688	1	61735	2482921	1	1
TCGA-12-0688	1	2501338	10991860	1	0
TCGA-12-0688	1	10995479	249224388	1	1
TCGA-12-0688	2	12784	243089456	1	1
TCGA-12-0688	3	60345	197896118	1	1
TCGA-12-0688	4	12281	191027923	1	1
TCGA-12-0688	5	15532	128264840	1	1
TCGA-12-0688	5	128264973	130816068	1	0
TCGA-12-0688	5	130816524	130971781	2	1
TCGA-12-0688	5	130974236	131561542	1	0
TCGA-12-0688	5	131562015	180790320	1	1
TCGA-12-0688	6	149661	171051005	1	1
TCGA-12-0688	7	43259	44132709	2	1
TCGA-12-0688	7	44132740	54796363	1	1
TCGA-12-0688	7	54796500	55141523	34	0
TCGA-12-0688	7	55141540	55221167	14	0
TCGA-12-0688	7	55221655	55302440	30	0
TCGA-12-0688	7	55302832	56828656	2	1
TCGA-12-0688	7	56829050	61066296	1	1
TCGA-12-0688	7	61072037	142536870	2	1
TCGA-12-0688	7	142536976	144231327	1	1
TCGA-12-0688	7	144232075	150170117	2	1
TCGA-12-0688	7	150171319	150738624	2	0
TCGA-12-0688	7	150738657	155059655	2	1
TCGA-12-0688	7	155060706	155655527	1	1
TCGA-12-0688	7	155657093	157247387	2	1
TCGA-12-0688	7	157250749	157676458	1	1
TCGA-12-0688	7	157676562	159127004	2	1
TCGA-12-0688	8	31254	146298155	1	1
TCGA-12-0688	9	46587	10597139	1	1
TCGA-12-0688	9	10603029	14161670	1	0
TCGA-12-0688	9	14162452	15545773	1	1
TCGA-12-0688	9	15546932	21572634	1	0
TCGA-12-0688	9	21579122	22944599	0	0
TCGA-12-0688	9	22946943	30326714	1	0
TCGA-12-0688	9	30328952	118888769	1	1
TCGA-12-0688	9	118893912	119938300	1	0
TCGA-12-0688	9	119939389	141091394	1	1
TCGA-12-0688	10	72759	135506704	1	0
TCGA-12-0688	11	198572	134944770	1	1
TCGA-12-0688	12	150442	133778189	1	1
TCGA-12-0688	13	19026949	115108397	1	1
TCGA-12-0688	14	19002124	107285437	1	1
TCGA-12-0688	15	20016328	84250656	1	1
TCGA-12-0688	15	84254262	84539858	1	0
TCGA-12-0688	15	84540045	102469040	1	1
TCGA-12-0688	16	60777	90287535	1	1
TCGA-12-0688	17	526	81049726	1	1
TCGA-12-0688	18	48133	78015057	1	1
TCGA-12-0688	19	90910	59097854	2	1
TCGA-12-0688	20	61305	62956153	2	1
TCGA-12-0688	21	10736871	48096957	1	1
TCGA-12-0688	22	16052528	51234455	1	1
TCGA-12-0688	X	168477	2703391	1	1
TCGA-12-0688	X	2703633	155233846	1	0
