sample	chr	startpos	endpos	nMajor	nMinor
TCGA-ZG-A9LY	1	61735	121482979	2	2
TCGA-ZG-A9LY	1	144007049	161711252	4	2
TCGA-ZG-A9LY	1	161713221	205893815	2	2
TCGA-ZG-A9LY	1	205893869	227647845	4	2
TCGA-ZG-A9LY	1	227651586	249224388	2	2
TCGA-ZG-A9LY	2	12784	147499084	2	2
TCGA-ZG-A9LY	2	147499586	149168375	2	0
TCGA-ZG-A9LY	2	149170115	174534384	2	2
TCGA-ZG-A9LY	2	174534457	174910651	2	0
TCGA-ZG-A9LY	2	174919189	193416615	2	2
TCGA-ZG-A9LY	2	193419112	194361358	2	0
TCGA-ZG-A9LY	2	194369795	243089456	2	2
TCGA-ZG-A9LY	3	60345	197896118	2	2
TCGA-ZG-A9LY	4	12281	25268064	2	0
TCGA-ZG-A9LY	4	25268398	26179635	3	3
TCGA-ZG-A9LY	4	26179776	38759255	2	0
TCGA-ZG-A9LY	4	38762230	40837929	3	3
TCGA-ZG-A9LY	4	40838617	42323742	2	0
TCGA-ZG-A9LY	4	42326215	46074345	4	2
TCGA-ZG-A9LY	4	46074679	49590333	2	0
TCGA-ZG-A9LY	4	49590602	150205447	3	3
TCGA-ZG-A9LY	4	150205514	191027923	2	2
TCGA-ZG-A9LY	5	15532	116832285	2	2
TCGA-ZG-A9LY	5	116832965	117843892	2	0
TCGA-ZG-A9LY	5	117843960	165375029	2	2
TCGA-ZG-A9LY	5	165376220	166481275	2	0
TCGA-ZG-A9LY	5	166482096	180790320	2	2
TCGA-ZG-A9LY	6	149661	171051005	2	2
TCGA-ZG-A9LY	7	43259	13976870	4	2
TCGA-ZG-A9LY	7	13976916	68713923	2	2
TCGA-ZG-A9LY	7	68714319	70171159	3	0
TCGA-ZG-A9LY	7	70171348	110474808	2	2
TCGA-ZG-A9LY	7	110475007	111455204	2	0
TCGA-ZG-A9LY	7	111456207	132529313	2	2
TCGA-ZG-A9LY	7	132529950	132621333	2	0
TCGA-ZG-A9LY	7	132621717	159127004	2	2
TCGA-ZG-A9LY	8	31254	41811277	2	0
TCGA-ZG-A9LY	8	41811521	52345432	2	2
TCGA-ZG-A9LY	8	52347531	61363431	3	3
TCGA-ZG-A9LY	8	61368054	64417752	2	2
TCGA-ZG-A9LY	8	64421625	74142892	3	3
TCGA-ZG-A9LY	8	74143490	74659855	4	0
TCGA-ZG-A9LY	8	74660761	146298155	3	3
TCGA-ZG-A9LY	9	46587	9016071	2	2
TCGA-ZG-A9LY	9	9020101	9711331	2	0
TCGA-ZG-A9LY	9	9711875	9747265	0	0
TCGA-ZG-A9LY	9	9750994	141091394	2	2
TCGA-ZG-A9LY	10	72759	54337310	2	2
TCGA-ZG-A9LY	10	54337754	55528530	2	0
TCGA-ZG-A9LY	10	55531037	88971833	2	2
TCGA-ZG-A9LY	10	88975520	89698337	2	0
TCGA-ZG-A9LY	10	89698353	113514495	2	2
TCGA-ZG-A9LY	10	113515047	117475036	2	0
TCGA-ZG-A9LY	10	117475381	135506704	2	2
TCGA-ZG-A9LY	11	198572	25393044	2	2
TCGA-ZG-A9LY	11	25393776	26253419	2	0
TCGA-ZG-A9LY	11	26255600	93551729	2	2
TCGA-ZG-A9LY	11	93551796	95653318	2	0
TCGA-ZG-A9LY	11	95654067	105659321	2	2
TCGA-ZG-A9LY	11	105659489	108877416	2	0
TCGA-ZG-A9LY	11	108878135	125531507	2	2
TCGA-ZG-A9LY	11	125536469	127435601	2	0
TCGA-ZG-A9LY	11	127436734	134944770	2	2
TCGA-ZG-A9LY	12	150442	26760137	2	2
TCGA-ZG-A9LY	12	26765993	34854498	2	0
TCGA-ZG-A9LY	12	37857751	41025447	4	2
TCGA-ZG-A9LY	12	41025993	41790402	4	0
TCGA-ZG-A9LY	12	41793920	133778189	4	2
TCGA-ZG-A9LY	13	19026949	35697243	2	2
TCGA-ZG-A9LY	13	35698611	50013622	2	0
TCGA-ZG-A9LY	13	50019376	115108397	2	2
TCGA-ZG-A9LY	14	19002124	22462396	2	2
TCGA-ZG-A9LY	14	22466734	22983223	3	3
TCGA-ZG-A9LY	14	22988022	107285437	2	2
TCGA-ZG-A9LY	15	20016328	102469040	2	2
TCGA-ZG-A9LY	16	60777	77683264	2	2
TCGA-ZG-A9LY	16	77683296	90287535	2	0
TCGA-ZG-A9LY	17	526	51469781	2	2
TCGA-ZG-A9LY	17	51471447	81049726	4	2
TCGA-ZG-A9LY	18	48133	35356575	2	2
TCGA-ZG-A9LY	18	35358895	40013715	2	0
TCGA-ZG-A9LY	18	40014493	59624353	2	2
TCGA-ZG-A9LY	18	59624975	59739295	2	0
TCGA-ZG-A9LY	18	59743470	78015057	2	2
TCGA-ZG-A9LY	19	90910	47169520	2	2
TCGA-ZG-A9LY	19	47170644	51385253	4	2
TCGA-ZG-A9LY	19	51385402	59097854	2	2
TCGA-ZG-A9LY	20	61305	14798517	2	2
TCGA-ZG-A9LY	20	14801117	15223036	1	0
TCGA-ZG-A9LY	20	15223632	62956153	2	2
TCGA-ZG-A9LY	21	10736871	48096957	2	2
TCGA-ZG-A9LY	22	16052528	31001822	2	0
TCGA-ZG-A9LY	22	31005514	41844595	2	2
TCGA-ZG-A9LY	22	41844786	51234455	2	0
TCGA-ZG-A9LY	X	168477	2703391	3	2
TCGA-ZG-A9LY	X	2703633	79682282	2	0
TCGA-ZG-A9LY	X	79683205	83729382	0	0
TCGA-ZG-A9LY	X	83733482	136951225	2	0
TCGA-ZG-A9LY	X	136951523	137492681	0	0
TCGA-ZG-A9LY	X	137498371	137895909	2	0
TCGA-ZG-A9LY	X	137897859	140074865	0	0
TCGA-ZG-A9LY	X	140075856	142421601	2	0
TCGA-ZG-A9LY	X	142423475	144531703	0	0
TCGA-ZG-A9LY	X	144535131	154964055	2	0
TCGA-ZG-A9LY	X	154964089	155233846	3	1
