sample	chr	startpos	endpos	nMajor	nMinor
TCGA-12-1093	1	61735	3714033	1	1
TCGA-12-1093	1	3714482	30863379	1	0
TCGA-12-1093	1	30863825	249224388	1	1
TCGA-12-1093	2	12784	141656541	1	1
TCGA-12-1093	2	141656931	142213886	1	0
TCGA-12-1093	2	142214809	243089456	1	1
TCGA-12-1093	3	60345	197896118	1	1
TCGA-12-1093	4	12281	191027923	1	1
TCGA-12-1093	5	15532	180790320	1	1
TCGA-12-1093	6	149661	102010984	1	1
TCGA-12-1093	6	102011012	102532075	0	0
TCGA-12-1093	6	102542199	171051005	1	0
TCGA-12-1093	7	43259	159127004	2	1
TCGA-12-1093	8	31254	5070154	1	0
TCGA-12-1093	8	5070943	146298155	1	1
TCGA-12-1093	9	46587	28237562	1	0
TCGA-12-1093	9	28238059	28543418	0	0
TCGA-12-1093	9	28543775	141091394	1	0
TCGA-12-1093	10	72759	75864372	1	0
TCGA-12-1093	10	75868114	79892033	1	1
TCGA-12-1093	10	79893214	81738119	1	0
TCGA-12-1093	10	81742987	89142178	1	1
TCGA-12-1093	10	89144732	135506704	1	0
TCGA-12-1093	11	198572	79587214	1	1
TCGA-12-1093	11	79588238	79851296	1	0
TCGA-12-1093	11	79854703	80897617	0	0
TCGA-12-1093	11	80898202	81228213	1	0
TCGA-12-1093	11	81228499	131060464	1	1
TCGA-12-1093	11	131062075	131488568	1	0
TCGA-12-1093	11	131489000	134944770	1	1
TCGA-12-1093	12	150442	133778189	1	1
TCGA-12-1093	13	19026949	115108397	1	0
TCGA-12-1093	14	19002124	45383758	1	0
TCGA-12-1093	14	45389666	107285437	1	1
TCGA-12-1093	15	20016328	102469040	1	1
TCGA-12-1093	16	60777	90287535	1	1
TCGA-12-1093	17	526	81049726	1	1
TCGA-12-1093	18	48133	78015057	1	1
TCGA-12-1093	19	90910	59097854	2	0
TCGA-12-1093	20	61305	14986155	1	1
TCGA-12-1093	20	14988507	15838477	1	0
TCGA-12-1093	20	15840146	62956153	1	1
TCGA-12-1093	21	10736871	48096957	1	1
TCGA-12-1093	22	16052528	51234455	1	1
TCGA-12-1093	X	168477	11651466	1	1
TCGA-12-1093	X	11651945	12838046	1	0
TCGA-12-1093	X	12838934	155233846	1	1
