sample	chr	startpos	endpos	nMajor	nMinor
TCGA-CV-7090	1	61735	249224388	2	1
TCGA-CV-7090	2	12784	95334806	3	1
TCGA-CV-7090	2	95341388	95615157	13	3
TCGA-CV-7090	2	95615633	124153480	1	1
TCGA-CV-7090	2	124154449	243089456	2	1
TCGA-CV-7090	3	60345	59946930	1	1
TCGA-CV-7090	3	59948570	60303504	1	0
TCGA-CV-7090	3	60306891	98661270	2	1
TCGA-CV-7090	3	98663796	192754872	3	2
TCGA-CV-7090	3	192756610	197896118	2	2
TCGA-CV-7090	4	12281	19282042	3	1
TCGA-CV-7090	4	19282357	23947221	2	1
TCGA-CV-7090	4	23949635	24552258	6	1
TCGA-CV-7090	4	24552525	26487548	22	0
TCGA-CV-7090	4	26491768	26520777	34	2
TCGA-CV-7090	4	26522395	35059649	2	2
TCGA-CV-7090	4	35062194	35521140	4	1
TCGA-CV-7090	4	35521244	36705576	10	1
TCGA-CV-7090	4	36706452	37776381	8	1
TCGA-CV-7090	4	37779320	62386631	4	1
TCGA-CV-7090	4	62387140	191027923	3	1
TCGA-CV-7090	5	15532	49441958	3	1
TCGA-CV-7090	5	49447306	180790320	1	1
TCGA-CV-7090	6	149661	101354015	2	1
TCGA-CV-7090	6	101355775	101654206	1	0
TCGA-CV-7090	6	101654393	171051005	2	1
TCGA-CV-7090	7	43259	38290714	4	1
TCGA-CV-7090	7	38294101	38356782	8	3
TCGA-CV-7090	7	38356808	159127004	4	1
TCGA-CV-7090	8	31254	33820295	1	0
TCGA-CV-7090	8	33828560	37735037	5	1
TCGA-CV-7090	8	37738616	39624682	7	1
TCGA-CV-7090	8	39628657	43413955	4	1
TCGA-CV-7090	8	43414155	137677896	8	1
TCGA-CV-7090	8	137681619	137791827	2	0
TCGA-CV-7090	8	137792371	146298155	7	1
TCGA-CV-7090	9	46587	8843363	2	0
TCGA-CV-7090	9	8843382	9505249	1	0
TCGA-CV-7090	9	9505609	12826084	2	0
TCGA-CV-7090	9	12829110	13069776	5	0
TCGA-CV-7090	9	13076923	14310933	54	0
TCGA-CV-7090	9	14319509	25988972	3	0
TCGA-CV-7090	9	25989308	30816505	2	0
TCGA-CV-7090	9	30816795	34082144	2	2
TCGA-CV-7090	9	34084353	47217176	2	1
TCGA-CV-7090	9	65616971	137266823	2	2
TCGA-CV-7090	9	137287629	141091394	1	1
TCGA-CV-7090	10	72759	135506704	1	1
TCGA-CV-7090	11	198572	63028162	2	1
TCGA-CV-7090	11	63033268	84475059	4	1
TCGA-CV-7090	11	84475476	134655978	1	1
TCGA-CV-7090	11	134656450	134944770	2	0
TCGA-CV-7090	12	150442	133778189	1	1
TCGA-CV-7090	13	19026949	115108397	2	2
TCGA-CV-7090	14	19002124	22386786	3	3
TCGA-CV-7090	14	22387411	22795572	8	2
TCGA-CV-7090	14	22797561	22975700	6	5
TCGA-CV-7090	14	22975728	107285437	3	3
TCGA-CV-7090	15	20016328	22783574	5	0
TCGA-CV-7090	15	22784067	102469040	2	2
TCGA-CV-7090	16	60777	90287535	2	1
TCGA-CV-7090	17	526	81049726	2	1
TCGA-CV-7090	18	48133	18648227	2	1
TCGA-CV-7090	18	18652125	19598429	7	1
TCGA-CV-7090	18	19599742	22228568	3	1
TCGA-CV-7090	18	22229494	77914399	1	1
TCGA-CV-7090	18	77914804	78015057	1	0
TCGA-CV-7090	19	90910	59097854	2	1
TCGA-CV-7090	20	61305	14057484	4	1
TCGA-CV-7090	20	14058428	15223745	4	0
TCGA-CV-7090	20	15228295	62956153	4	1
TCGA-CV-7090	21	10736871	48096957	1	1
TCGA-CV-7090	22	16052528	51234455	3	3
TCGA-CV-7090	X	168477	2658299	3	2
TCGA-CV-7090	X	2658316	2694240	4	1
TCGA-CV-7090	X	2703391	32616532	2	0
TCGA-CV-7090	X	32622379	33650049	1	0
TCGA-CV-7090	X	33650069	155233846	2	0
