sample	chr	startpos	endpos	nMajor	nMinor
TCGA-BR-6457-a	1	61735	249224388	1	1
TCGA-BR-6457-a	2	12784	243089456	1	1
TCGA-BR-6457-a	3	60345	60620613	1	1
TCGA-BR-6457-a	3	60621084	80226703	2	1
TCGA-BR-6457-a	3	80232180	197896118	1	1
TCGA-BR-6457-a	4	12281	191027923	1	1
TCGA-BR-6457-a	5	15532	180790320	1	1
TCGA-BR-6457-a	6	149661	40823096	1	1
TCGA-BR-6457-a	6	40823187	44105305	2	1
TCGA-BR-6457-a	6	44107798	171051005	1	1
TCGA-BR-6457-a	7	43259	159127004	1	1
TCGA-BR-6457-a	8	31254	8282613	1	1
TCGA-BR-6457-a	8	8283476	12733899	4	1
TCGA-BR-6457-a	8	12734200	14653876	3	1
TCGA-BR-6457-a	8	14653974	16574201	2	1
TCGA-BR-6457-a	8	16577575	69289035	1	1
TCGA-BR-6457-a	8	69289780	146298155	2	1
TCGA-BR-6457-a	9	46587	141091394	1	1
TCGA-BR-6457-a	10	72759	116194210	1	1
TCGA-BR-6457-a	10	116194780	116644165	2	1
TCGA-BR-6457-a	10	116644282	120267041	1	1
TCGA-BR-6457-a	10	120267079	135506704	2	1
TCGA-BR-6457-a	11	198572	66911320	1	1
TCGA-BR-6457-a	11	66916397	89410463	2	1
TCGA-BR-6457-a	11	89414797	134944770	1	1
TCGA-BR-6457-a	12	150442	133778189	1	1
TCGA-BR-6457-a	13	19026949	115108397	1	1
TCGA-BR-6457-a	14	19002124	107285437	1	1
TCGA-BR-6457-a	15	20016328	102469040	1	1
TCGA-BR-6457-a	16	60777	31621043	1	1
TCGA-BR-6457-a	16	31621839	35283226	2	1
TCGA-BR-6457-a	16	46463782	90287535	1	1
TCGA-BR-6457-a	17	526	81049726	1	1
TCGA-BR-6457-a	18	48133	78015057	1	1
TCGA-BR-6457-a	19	90910	59097854	1	1
TCGA-BR-6457-a	20	61305	62956153	2	1
TCGA-BR-6457-a	21	10736871	48096957	1	1
TCGA-BR-6457-a	22	16052528	51234455	1	1
TCGA-BR-6457-a	X	168477	2694240	1	1
TCGA-BR-6457-a	X	2703391	155233846	1	0
