sample	chr	startpos	endpos	nMajor	nMinor
TCGA-D5-6932	1	61735	27764941	2	1
TCGA-D5-6932	1	27765675	32697934	2	0
TCGA-D5-6932	1	32699227	249224388	2	1
TCGA-D5-6932	2	12784	27391942	3	2
TCGA-D5-6932	2	27394996	43419912	2	2
TCGA-D5-6932	2	43421749	43857539	2	0
TCGA-D5-6932	2	43858066	61143204	2	2
TCGA-D5-6932	2	61147245	61341845	1	0
TCGA-D5-6932	2	61342968	115858847	2	2
TCGA-D5-6932	2	115869370	116205064	2	0
TCGA-D5-6932	2	116205602	159899954	2	2
TCGA-D5-6932	2	159901370	160118248	5	2
TCGA-D5-6932	2	160120618	243089456	2	2
TCGA-D5-6932	3	60345	19608539	2	0
TCGA-D5-6932	3	19610349	58608633	2	1
TCGA-D5-6932	3	58609492	58703996	4	1
TCGA-D5-6932	3	58707173	174811142	2	1
TCGA-D5-6932	3	174811690	175066262	2	0
TCGA-D5-6932	3	175066693	197896118	2	1
TCGA-D5-6932	4	12281	43953455	2	0
TCGA-D5-6932	4	43960929	80551026	2	2
TCGA-D5-6932	4	80551976	80942959	2	0
TCGA-D5-6932	4	80951787	90952424	2	2
TCGA-D5-6932	4	90952735	91817134	2	0
TCGA-D5-6932	4	91822311	133491906	2	2
TCGA-D5-6932	4	133500990	133572972	2	0
TCGA-D5-6932	4	133574513	191027923	2	2
TCGA-D5-6932	5	15532	29716652	2	2
TCGA-D5-6932	5	29719002	30031011	2	0
TCGA-D5-6932	5	30033401	72198291	2	2
TCGA-D5-6932	5	72199568	73933978	4	2
TCGA-D5-6932	5	73935406	97987449	2	2
TCGA-D5-6932	5	97989049	122842884	2	0
TCGA-D5-6932	5	122844944	162334691	2	2
TCGA-D5-6932	5	162339573	162753587	2	0
TCGA-D5-6932	5	162755888	169576281	2	2
TCGA-D5-6932	5	169576596	169640260	2	0
TCGA-D5-6932	5	169644578	180790320	2	2
TCGA-D5-6932	6	149661	95837367	3	1
TCGA-D5-6932	6	95838149	97099162	1	0
TCGA-D5-6932	6	97099220	102216372	3	1
TCGA-D5-6932	6	102222198	102882702	1	0
TCGA-D5-6932	6	102885630	162382239	3	1
TCGA-D5-6932	6	162382403	162551113	1	1
TCGA-D5-6932	6	162552209	162603318	0	0
TCGA-D5-6932	6	162605266	162640759	1	0
TCGA-D5-6932	6	162643023	171051005	3	1
TCGA-D5-6932	7	43259	40402123	2	1
TCGA-D5-6932	7	40409226	41035404	1	0
TCGA-D5-6932	7	41037581	159127004	2	1
TCGA-D5-6932	8	31254	21341574	3	0
TCGA-D5-6932	8	21341744	36222873	2	0
TCGA-D5-6932	8	36226643	97315645	2	2
TCGA-D5-6932	8	97316821	97448872	5	2
TCGA-D5-6932	8	97452515	128390660	2	2
TCGA-D5-6932	8	128395982	128588662	5	2
TCGA-D5-6932	8	128588822	146298155	2	2
TCGA-D5-6932	9	46587	8254051	2	2
TCGA-D5-6932	9	8254635	8320837	5	2
TCGA-D5-6932	9	8327764	119800808	2	2
TCGA-D5-6932	9	119801391	119854835	1	0
TCGA-D5-6932	9	119856629	141091394	2	2
TCGA-D5-6932	10	72759	3322307	2	2
TCGA-D5-6932	10	3322365	3514962	4	2
TCGA-D5-6932	10	3520577	52734495	2	2
TCGA-D5-6932	10	52734996	53681066	2	0
TCGA-D5-6932	10	53686204	53799331	0	0
TCGA-D5-6932	10	53802603	54138496	2	0
TCGA-D5-6932	10	54139408	87494546	2	2
TCGA-D5-6932	10	87496787	87723254	2	0
TCGA-D5-6932	10	87723498	87728798	3	0
TCGA-D5-6932	10	87729135	135506704	2	2
TCGA-D5-6932	11	198572	64331918	2	2
TCGA-D5-6932	11	64334114	66204295	2	0
TCGA-D5-6932	11	66206712	134944770	2	2
TCGA-D5-6932	12	150442	133778189	2	1
TCGA-D5-6932	13	19026949	70824125	9	2
TCGA-D5-6932	13	70825686	82039787	10	2
TCGA-D5-6932	13	82042897	115108397	9	2
TCGA-D5-6932	14	19002124	107285437	2	0
TCGA-D5-6932	15	20016328	45094019	2	0
TCGA-D5-6932	15	45096539	45107595	0	0
TCGA-D5-6932	15	45111379	102469040	2	0
TCGA-D5-6932	16	60777	62955907	2	2
TCGA-D5-6932	16	62957675	63476701	2	0
TCGA-D5-6932	16	63479248	90287535	2	2
TCGA-D5-6932	17	526	22166511	2	0
TCGA-D5-6932	17	22167592	70856793	2	1
TCGA-D5-6932	17	70856844	71170548	2	0
TCGA-D5-6932	17	71173858	81049726	2	2
TCGA-D5-6932	18	48133	37011208	2	0
TCGA-D5-6932	18	37011745	37144837	0	0
TCGA-D5-6932	18	37151874	48374459	2	0
TCGA-D5-6932	18	48382668	48712540	0	0
TCGA-D5-6932	18	48715430	78015057	2	0
TCGA-D5-6932	19	90910	59097854	2	2
TCGA-D5-6932	20	61305	29533697	2	1
TCGA-D5-6932	20	29537342	36795092	7	1
TCGA-D5-6932	20	36800763	62956153	7	0
TCGA-D5-6932	21	10736871	20704643	2	0
TCGA-D5-6932	21	20704663	48096957	2	2
TCGA-D5-6932	22	16052528	51234455	2	0
TCGA-D5-6932	X	168477	1226875	2	0
TCGA-D5-6932	X	1455800	2703391	3	2
TCGA-D5-6932	X	2703633	154785778	2	0
TCGA-D5-6932	X	154787556	155233846	2	1
