sample	chr	startpos	endpos	nMajor	nMinor
TCGA-HZ-7289	1	61735	31385187	2	1
TCGA-HZ-7289	1	31385321	37471617	5	2
TCGA-HZ-7289	1	37477380	41103893	9	2
TCGA-HZ-7289	1	41106583	43297808	15	2
TCGA-HZ-7289	1	43299092	44557363	9	2
TCGA-HZ-7289	1	44566221	44585616	3	0
TCGA-HZ-7289	1	44585816	114244337	2	1
TCGA-HZ-7289	1	114272087	117485796	4	2
TCGA-HZ-7289	1	117489311	249224388	2	2
TCGA-HZ-7289	2	12784	150266214	2	1
TCGA-HZ-7289	2	150271975	243089456	3	1
TCGA-HZ-7289	3	60345	197896118	2	2
TCGA-HZ-7289	4	12281	191027923	2	2
TCGA-HZ-7289	5	15532	49573125	3	2
TCGA-HZ-7289	5	49573142	180790320	2	1
TCGA-HZ-7289	6	149661	64686546	2	1
TCGA-HZ-7289	6	64690000	123107697	2	0
TCGA-HZ-7289	6	123109106	171051005	2	1
TCGA-HZ-7289	7	43259	159127004	4	2
TCGA-HZ-7289	8	31254	43767226	2	0
TCGA-HZ-7289	8	43778914	48833911	4	2
TCGA-HZ-7289	8	48833967	49536901	3	1
TCGA-HZ-7289	8	49536932	49668017	5	1
TCGA-HZ-7289	8	49669601	50687337	2	0
TCGA-HZ-7289	8	50688923	146298155	4	2
TCGA-HZ-7289	9	46587	29066162	2	1
TCGA-HZ-7289	9	29066277	141091394	2	2
TCGA-HZ-7289	10	72759	135506704	2	1
TCGA-HZ-7289	11	198572	2820402	4	2
TCGA-HZ-7289	11	2820494	50508724	2	2
TCGA-HZ-7289	11	50519187	55030270	4	2
TCGA-HZ-7289	11	55030379	134944770	2	0
TCGA-HZ-7289	12	150442	1607910	27	1
TCGA-HZ-7289	12	1609142	2613716	28	0
TCGA-HZ-7289	12	2615134	3625270	13	0
TCGA-HZ-7289	12	3637450	4086930	32	0
TCGA-HZ-7289	12	4096815	7853479	16	0
TCGA-HZ-7289	12	7853512	22538890	2	0
TCGA-HZ-7289	12	22547089	23697500	40	1
TCGA-HZ-7289	12	23698352	26247749	20	1
TCGA-HZ-7289	12	26251030	32875450	7	2
TCGA-HZ-7289	12	32878881	33726964	11	2
TCGA-HZ-7289	12	33729308	56837091	2	2
TCGA-HZ-7289	12	56837638	68234823	3	2
TCGA-HZ-7289	12	68235299	73724506	9	2
TCGA-HZ-7289	12	73726516	133778189	2	1
TCGA-HZ-7289	13	19026949	115108397	2	1
TCGA-HZ-7289	14	19002124	62083498	2	2
TCGA-HZ-7289	14	62084168	78452126	2	1
TCGA-HZ-7289	14	78453172	107285437	2	2
TCGA-HZ-7289	15	20016328	45546559	2	0
TCGA-HZ-7289	15	45546660	102469040	2	2
TCGA-HZ-7289	16	60777	35283226	3	2
TCGA-HZ-7289	16	46463782	90287535	2	1
TCGA-HZ-7289	17	526	45187198	2	1
TCGA-HZ-7289	17	45187429	48883834	3	2
TCGA-HZ-7289	17	48887806	81049726	2	1
TCGA-HZ-7289	18	48133	18603864	6	1
TCGA-HZ-7289	18	18604716	53780445	2	1
TCGA-HZ-7289	18	53782064	69218729	2	2
TCGA-HZ-7289	18	69219695	69489482	2	0
TCGA-HZ-7289	18	69489748	78015057	2	2
TCGA-HZ-7289	19	90910	59097854	2	2
TCGA-HZ-7289	20	61305	20666853	2	1
TCGA-HZ-7289	20	20675116	62956153	3	2
TCGA-HZ-7289	21	10736871	48096957	2	2
TCGA-HZ-7289	22	16052528	51234455	2	2
TCGA-HZ-7289	X	168477	2703391	2	2
TCGA-HZ-7289	X	2703633	154929498	2	0
TCGA-HZ-7289	X	154963439	155233846	2	1
