sample	chr	startpos	endpos	nMajor	nMinor
TCGA-IE-A6BZ	1	61735	52403043	2	1
TCGA-IE-A6BZ	1	52403520	117299420	2	0
TCGA-IE-A6BZ	1	117300087	200263123	2	1
TCGA-IE-A6BZ	1	200263195	201166124	1	1
TCGA-IE-A6BZ	1	201166383	204095547	2	1
TCGA-IE-A6BZ	1	204101421	249224388	1	0
TCGA-IE-A6BZ	2	12784	43252691	2	0
TCGA-IE-A6BZ	2	43252849	43587451	1	0
TCGA-IE-A6BZ	2	43587504	243089456	2	0
TCGA-IE-A6BZ	3	60345	896861	1	0
TCGA-IE-A6BZ	3	898689	2430058	1	1
TCGA-IE-A6BZ	3	2430912	17207907	2	1
TCGA-IE-A6BZ	3	17208267	18698698	1	1
TCGA-IE-A6BZ	3	18698812	39156581	2	1
TCGA-IE-A6BZ	3	39157441	41493591	1	1
TCGA-IE-A6BZ	3	41494431	45203447	2	1
TCGA-IE-A6BZ	3	45203896	48736525	1	1
TCGA-IE-A6BZ	3	48744813	50886983	1	0
TCGA-IE-A6BZ	3	50888909	58305056	1	1
TCGA-IE-A6BZ	3	58305199	64812649	1	0
TCGA-IE-A6BZ	3	64813168	68015134	1	1
TCGA-IE-A6BZ	3	68015551	86855081	1	0
TCGA-IE-A6BZ	3	86864163	87949316	2	0
TCGA-IE-A6BZ	3	87949586	89405104	1	0
TCGA-IE-A6BZ	3	89405117	90502862	3	1
TCGA-IE-A6BZ	3	93519478	197896118	1	1
TCGA-IE-A6BZ	4	12281	49061141	2	2
TCGA-IE-A6BZ	4	49061209	58094489	2	1
TCGA-IE-A6BZ	4	58096886	68842841	2	0
TCGA-IE-A6BZ	4	68850310	94594398	2	1
TCGA-IE-A6BZ	4	94603985	115516587	2	0
TCGA-IE-A6BZ	4	115516891	138735473	3	0
TCGA-IE-A6BZ	4	138742423	139575130	4	0
TCGA-IE-A6BZ	4	139575249	142968081	3	0
TCGA-IE-A6BZ	4	142969773	172552517	4	0
TCGA-IE-A6BZ	4	172552959	191027923	3	0
TCGA-IE-A6BZ	5	15532	49637888	2	2
TCGA-IE-A6BZ	5	49642668	130656490	2	1
TCGA-IE-A6BZ	5	130658973	130659758	3	0
TCGA-IE-A6BZ	5	130659965	130795567	1	0
TCGA-IE-A6BZ	5	130798926	180790320	1	1
TCGA-IE-A6BZ	6	149661	10300081	2	2
TCGA-IE-A6BZ	6	10300291	11321192	3	2
TCGA-IE-A6BZ	6	11322589	12798335	2	2
TCGA-IE-A6BZ	6	12798477	13622155	3	2
TCGA-IE-A6BZ	6	13625413	20179942	2	2
TCGA-IE-A6BZ	6	20180235	30565101	4	2
TCGA-IE-A6BZ	6	30571471	32288238	3	2
TCGA-IE-A6BZ	6	32288462	32945530	4	2
TCGA-IE-A6BZ	6	32946133	39338435	3	2
TCGA-IE-A6BZ	6	39339891	41090170	4	2
TCGA-IE-A6BZ	6	41090249	45808032	3	2
TCGA-IE-A6BZ	6	45808357	47304645	4	2
TCGA-IE-A6BZ	6	47306601	51895613	2	2
TCGA-IE-A6BZ	6	51895712	55204086	3	2
TCGA-IE-A6BZ	6	55204494	171051005	2	2
TCGA-IE-A6BZ	7	43259	75920435	2	2
TCGA-IE-A6BZ	7	75920844	76161297	2	0
TCGA-IE-A6BZ	7	76161308	111791300	2	2
TCGA-IE-A6BZ	7	111792422	138879215	3	2
TCGA-IE-A6BZ	7	138879831	155960147	3	3
TCGA-IE-A6BZ	7	155964606	156787238	3	1
TCGA-IE-A6BZ	7	156790726	157467232	3	3
TCGA-IE-A6BZ	7	157469223	159127004	5	3
TCGA-IE-A6BZ	8	31254	791887	2	0
TCGA-IE-A6BZ	8	792606	2146289	1	0
TCGA-IE-A6BZ	8	2149448	31890076	1	1
TCGA-IE-A6BZ	8	31893105	36872094	1	0
TCGA-IE-A6BZ	8	36872113	38029708	1	1
TCGA-IE-A6BZ	8	38031345	39630119	2	1
TCGA-IE-A6BZ	8	39632419	41233365	1	1
TCGA-IE-A6BZ	8	41233933	42633536	1	0
TCGA-IE-A6BZ	8	42633718	61723895	1	1
TCGA-IE-A6BZ	8	61724230	62900193	3	1
TCGA-IE-A6BZ	8	62913287	70134440	1	1
TCGA-IE-A6BZ	8	70138087	70800923	3	1
TCGA-IE-A6BZ	8	70805025	77949871	1	1
TCGA-IE-A6BZ	8	77951069	78126639	5	1
TCGA-IE-A6BZ	8	78126838	78605781	3	1
TCGA-IE-A6BZ	8	78612521	101181328	1	1
TCGA-IE-A6BZ	8	101190671	101764749	3	1
TCGA-IE-A6BZ	8	101765161	120212919	1	1
TCGA-IE-A6BZ	8	120212990	120839861	3	1
TCGA-IE-A6BZ	8	120841035	120931611	6	1
TCGA-IE-A6BZ	8	120932321	121697330	3	1
TCGA-IE-A6BZ	8	121706405	135879201	1	1
TCGA-IE-A6BZ	8	135880782	136580911	3	1
TCGA-IE-A6BZ	8	136585251	139263970	1	1
TCGA-IE-A6BZ	8	139264056	139560407	3	1
TCGA-IE-A6BZ	8	139561394	139626176	2	2
TCGA-IE-A6BZ	8	139626503	146298155	1	1
TCGA-IE-A6BZ	9	46587	47217176	2	2
TCGA-IE-A6BZ	9	65616971	141091394	2	1
TCGA-IE-A6BZ	10	72759	17233770	1	1
TCGA-IE-A6BZ	10	17236650	42826428	2	1
TCGA-IE-A6BZ	10	42826712	56498028	3	1
TCGA-IE-A6BZ	10	56499814	135506704	1	1
TCGA-IE-A6BZ	11	198572	18961597	1	1
TCGA-IE-A6BZ	11	18961613	62466076	2	1
TCGA-IE-A6BZ	11	62468450	134944770	2	0
TCGA-IE-A6BZ	12	150442	285054	2	0
TCGA-IE-A6BZ	12	287936	848740	2	1
TCGA-IE-A6BZ	12	850288	971628	3	0
TCGA-IE-A6BZ	12	974450	18431738	1	0
TCGA-IE-A6BZ	12	18431915	19072397	2	1
TCGA-IE-A6BZ	12	19077410	20757568	1	0
TCGA-IE-A6BZ	12	20761394	22725229	2	1
TCGA-IE-A6BZ	12	22727377	22741959	1	0
TCGA-IE-A6BZ	12	22743962	22750705	0	0
TCGA-IE-A6BZ	12	22751275	26844737	1	0
TCGA-IE-A6BZ	12	26846532	27258888	2	1
TCGA-IE-A6BZ	12	27259789	34388047	1	1
TCGA-IE-A6BZ	12	34388677	34513148	2	1
TCGA-IE-A6BZ	12	34518834	39748160	2	2
TCGA-IE-A6BZ	12	39750530	50507815	2	1
TCGA-IE-A6BZ	12	50510777	133778189	2	0
TCGA-IE-A6BZ	13	19026949	110182265	1	0
TCGA-IE-A6BZ	13	110183431	115108397	2	1
TCGA-IE-A6BZ	14	19002124	46492129	2	2
TCGA-IE-A6BZ	14	46493314	107285437	2	1
TCGA-IE-A6BZ	15	20016328	29730152	2	0
TCGA-IE-A6BZ	15	29731876	36413346	2	1
TCGA-IE-A6BZ	15	36413811	39088598	2	2
TCGA-IE-A6BZ	15	39089253	49540216	2	1
TCGA-IE-A6BZ	15	49542284	69906560	2	2
TCGA-IE-A6BZ	15	69907739	70431681	2	1
TCGA-IE-A6BZ	15	70431773	72162091	2	2
TCGA-IE-A6BZ	15	72162928	75711450	2	1
TCGA-IE-A6BZ	15	75712481	80479561	2	2
TCGA-IE-A6BZ	15	80479884	102469040	2	1
TCGA-IE-A6BZ	16	60777	78559840	2	0
TCGA-IE-A6BZ	16	78559880	79126550	1	0
TCGA-IE-A6BZ	16	79126670	90287535	2	0
TCGA-IE-A6BZ	17	526	2384134	3	0
TCGA-IE-A6BZ	17	2388333	6961217	3	3
TCGA-IE-A6BZ	17	6962272	7506257	3	0
TCGA-IE-A6BZ	17	7512621	7757313	0	0
TCGA-IE-A6BZ	17	7762637	8071946	1	0
TCGA-IE-A6BZ	17	8078726	21733410	3	1
TCGA-IE-A6BZ	17	21736353	22227741	2	1
TCGA-IE-A6BZ	17	22227836	38085483	1	1
TCGA-IE-A6BZ	17	38085722	40154027	1	0
TCGA-IE-A6BZ	17	40154752	80936505	3	1
TCGA-IE-A6BZ	17	80937175	81049726	1	1
TCGA-IE-A6BZ	18	48133	18610067	4	1
TCGA-IE-A6BZ	18	18611243	25866294	2	2
TCGA-IE-A6BZ	18	25866964	26245036	2	1
TCGA-IE-A6BZ	18	26245677	53177740	2	2
TCGA-IE-A6BZ	18	53177774	60202408	2	1
TCGA-IE-A6BZ	18	60203227	61069891	3	2
TCGA-IE-A6BZ	18	61069958	68929112	2	1
TCGA-IE-A6BZ	18	68929159	70466044	3	2
TCGA-IE-A6BZ	18	70470671	70757114	2	1
TCGA-IE-A6BZ	18	70757127	71817580	3	2
TCGA-IE-A6BZ	18	71826099	76081985	2	1
TCGA-IE-A6BZ	18	76085733	76597552	3	2
TCGA-IE-A6BZ	18	76598449	78015057	2	1
TCGA-IE-A6BZ	19	90910	6100473	1	1
TCGA-IE-A6BZ	19	6102083	7834877	2	1
TCGA-IE-A6BZ	19	7838462	14735500	3	2
TCGA-IE-A6BZ	19	14741534	15471951	4	2
TCGA-IE-A6BZ	19	15475607	16945650	3	2
TCGA-IE-A6BZ	19	16946426	28153218	2	2
TCGA-IE-A6BZ	19	28153513	45165256	3	2
TCGA-IE-A6BZ	19	45169119	59097854	3	1
TCGA-IE-A6BZ	20	61305	29436802	1	1
TCGA-IE-A6BZ	20	29437204	40701247	2	1
TCGA-IE-A6BZ	20	40702071	59849697	3	1
TCGA-IE-A6BZ	20	59853938	61040951	1	0
TCGA-IE-A6BZ	20	61044227	61580882	2	1
TCGA-IE-A6BZ	20	61595636	62956153	1	0
TCGA-IE-A6BZ	21	10736871	48096957	2	1
TCGA-IE-A6BZ	22	16052528	51234455	1	1
TCGA-IE-A6BZ	X	168477	480587	2	0
TCGA-IE-A6BZ	X	480645	814694	2	1
TCGA-IE-A6BZ	X	814723	4671352	2	2
TCGA-IE-A6BZ	X	4673672	4939415	2	0
TCGA-IE-A6BZ	X	4940818	25073145	2	2
TCGA-IE-A6BZ	X	25074307	27103640	3	3
TCGA-IE-A6BZ	X	27105910	29478436	4	2
TCGA-IE-A6BZ	X	29479995	38771636	5	2
TCGA-IE-A6BZ	X	38773859	42296559	2	2
TCGA-IE-A6BZ	X	42299335	51686403	2	1
TCGA-IE-A6BZ	X	51689995	55568187	6	2
TCGA-IE-A6BZ	X	55568311	55988902	4	1
TCGA-IE-A6BZ	X	55992246	81229707	2	1
TCGA-IE-A6BZ	X	81230455	140953078	1	1
TCGA-IE-A6BZ	X	140953758	151666226	2	1
TCGA-IE-A6BZ	X	151666397	155233846	2	0
