sample	chr	startpos	endpos	nMajor	nMinor
TCGA-D3-A8GQ	1	61735	4206288	2	0
TCGA-D3-A8GQ	1	4207171	5902314	3	0
TCGA-D3-A8GQ	1	5902427	12653199	2	0
TCGA-D3-A8GQ	1	12661647	15789297	3	0
TCGA-D3-A8GQ	1	15789733	17849932	2	0
TCGA-D3-A8GQ	1	17855824	19109091	3	0
TCGA-D3-A8GQ	1	19110094	29693260	2	0
TCGA-D3-A8GQ	1	29694741	30876261	3	0
TCGA-D3-A8GQ	1	30877102	34007351	2	0
TCGA-D3-A8GQ	1	34007886	35171005	3	0
TCGA-D3-A8GQ	1	35174528	120163531	2	0
TCGA-D3-A8GQ	1	120163675	121482979	2	1
TCGA-D3-A8GQ	1	144007049	209236818	3	1
TCGA-D3-A8GQ	1	209237451	249224388	2	1
TCGA-D3-A8GQ	2	12784	33180485	2	1
TCGA-D3-A8GQ	2	33180644	36075909	2	2
TCGA-D3-A8GQ	2	36077455	243089456	2	1
TCGA-D3-A8GQ	3	60345	10457963	2	1
TCGA-D3-A8GQ	3	10458148	11092104	2	2
TCGA-D3-A8GQ	3	11092828	134605152	2	1
TCGA-D3-A8GQ	3	134606878	135454488	2	2
TCGA-D3-A8GQ	3	135454682	197896118	2	1
TCGA-D3-A8GQ	4	12281	10204818	1	1
TCGA-D3-A8GQ	4	10204835	12121746	2	1
TCGA-D3-A8GQ	4	12124104	22789349	1	1
TCGA-D3-A8GQ	4	22791844	25063809	2	1
TCGA-D3-A8GQ	4	25065201	191027923	1	1
TCGA-D3-A8GQ	5	15532	180790320	1	1
TCGA-D3-A8GQ	6	149661	40540436	2	1
TCGA-D3-A8GQ	6	40540482	40763466	3	2
TCGA-D3-A8GQ	6	40765978	53526246	2	1
TCGA-D3-A8GQ	6	53526938	128671620	1	1
TCGA-D3-A8GQ	6	128672221	132535354	2	1
TCGA-D3-A8GQ	6	132535838	171051005	1	1
TCGA-D3-A8GQ	7	43259	110236196	2	1
TCGA-D3-A8GQ	7	110236261	110981267	2	0
TCGA-D3-A8GQ	7	110982360	159127004	2	1
TCGA-D3-A8GQ	8	31254	2528424	1	1
TCGA-D3-A8GQ	8	2528514	5673717	2	1
TCGA-D3-A8GQ	8	5673796	146298155	1	1
TCGA-D3-A8GQ	9	46587	396380	1	1
TCGA-D3-A8GQ	9	398077	1602693	2	1
TCGA-D3-A8GQ	9	1602777	77896832	1	1
TCGA-D3-A8GQ	9	77898483	78915127	2	1
TCGA-D3-A8GQ	9	78915454	141091394	1	1
TCGA-D3-A8GQ	10	72759	135506704	1	1
TCGA-D3-A8GQ	11	198572	19277249	1	1
TCGA-D3-A8GQ	11	19277770	20062812	2	1
TCGA-D3-A8GQ	11	20063643	99329169	1	1
TCGA-D3-A8GQ	11	99329944	102384166	2	1
TCGA-D3-A8GQ	11	102384322	106543041	1	1
TCGA-D3-A8GQ	11	106543227	134944770	1	0
TCGA-D3-A8GQ	12	150442	119048478	1	1
TCGA-D3-A8GQ	12	119048584	119995706	2	1
TCGA-D3-A8GQ	12	119995773	133778189	1	1
TCGA-D3-A8GQ	13	19026949	115108397	1	1
TCGA-D3-A8GQ	14	19002124	107285437	1	1
TCGA-D3-A8GQ	15	20016328	95317615	2	1
TCGA-D3-A8GQ	15	95318586	98968978	3	1
TCGA-D3-A8GQ	15	98969046	102469040	2	1
TCGA-D3-A8GQ	16	60777	25506181	1	1
TCGA-D3-A8GQ	16	25506520	27058959	2	1
TCGA-D3-A8GQ	16	27060075	77071545	1	1
TCGA-D3-A8GQ	16	77072321	80485837	2	1
TCGA-D3-A8GQ	16	80486041	82419473	1	1
TCGA-D3-A8GQ	16	82419517	83654956	2	1
TCGA-D3-A8GQ	16	83656646	90287535	1	1
TCGA-D3-A8GQ	17	526	5515740	1	1
TCGA-D3-A8GQ	17	5516101	6296720	2	1
TCGA-D3-A8GQ	17	6297334	31394550	1	1
TCGA-D3-A8GQ	17	31395292	32332686	2	1
TCGA-D3-A8GQ	17	32332830	46521781	1	1
TCGA-D3-A8GQ	17	46522539	64625457	2	1
TCGA-D3-A8GQ	17	64626533	64979917	3	1
TCGA-D3-A8GQ	17	64982090	81049726	2	1
TCGA-D3-A8GQ	18	48133	78015057	1	1
TCGA-D3-A8GQ	19	90910	51542791	1	1
TCGA-D3-A8GQ	19	51545251	59097854	1	0
TCGA-D3-A8GQ	20	61305	29552211	1	1
TCGA-D3-A8GQ	20	29560603	55332499	2	1
TCGA-D3-A8GQ	20	55332873	55751679	3	1
TCGA-D3-A8GQ	20	55752204	59052853	2	1
TCGA-D3-A8GQ	20	59053784	60309691	3	1
TCGA-D3-A8GQ	20	60315104	62956153	2	1
TCGA-D3-A8GQ	21	10736871	48096957	1	1
TCGA-D3-A8GQ	22	16052528	25225879	2	1
TCGA-D3-A8GQ	22	25226157	26671039	3	1
TCGA-D3-A8GQ	22	26675659	27253791	2	1
TCGA-D3-A8GQ	22	27253905	28154384	3	1
TCGA-D3-A8GQ	22	28154618	32671073	2	1
TCGA-D3-A8GQ	22	32671092	35595690	3	1
TCGA-D3-A8GQ	22	35595720	51234455	2	1
TCGA-D3-A8GQ	X	168477	2673922	1	1
TCGA-D3-A8GQ	X	2674276	154929308	1	0
TCGA-D3-A8GQ	X	154929498	155233846	1	1
