sample	chr	startpos	endpos	nMajor	nMinor
TCGA-3Q-A9WF	1	61735	249224388	1	1
TCGA-3Q-A9WF	2	12784	243089456	1	1
TCGA-3Q-A9WF	3	60345	197896118	1	1
TCGA-3Q-A9WF	4	12281	191027923	1	1
TCGA-3Q-A9WF	5	15532	180790320	1	1
TCGA-3Q-A9WF	6	149661	171051005	1	1
TCGA-3Q-A9WF	7	43259	38294101	1	1
TCGA-3Q-A9WF	7	38294996	38378145	0	0
TCGA-3Q-A9WF	7	38378556	159127004	1	1
TCGA-3Q-A9WF	8	31254	146298155	1	1
TCGA-3Q-A9WF	9	46587	141091394	1	1
TCGA-3Q-A9WF	10	72759	135506704	1	1
TCGA-3Q-A9WF	11	198572	134944770	1	1
TCGA-3Q-A9WF	12	150442	133778189	1	1
TCGA-3Q-A9WF	13	19026949	115108397	1	1
TCGA-3Q-A9WF	14	19002124	22855145	1	1
TCGA-3Q-A9WF	14	22855683	22947282	1	0
TCGA-3Q-A9WF	14	22947903	107285437	1	1
TCGA-3Q-A9WF	15	20016328	102469040	1	1
TCGA-3Q-A9WF	16	60777	90287535	1	1
TCGA-3Q-A9WF	17	526	81049726	1	1
TCGA-3Q-A9WF	18	48133	78015057	1	1
TCGA-3Q-A9WF	19	90910	59097854	1	1
TCGA-3Q-A9WF	20	61305	62956153	1	1
TCGA-3Q-A9WF	21	10736871	48096957	1	1
TCGA-3Q-A9WF	22	16052528	51234455	1	1
TCGA-3Q-A9WF	X	168477	2694240	1	1
TCGA-3Q-A9WF	X	2703391	154929498	1	0
TCGA-3Q-A9WF	X	154963439	155233846	1	1
