sample	chr	startpos	endpos	nMajor	nMinor
TCGA-DX-AB2W	1	61735	8901984	2	0
TCGA-DX-AB2W	1	8902336	27057364	2	2
TCGA-DX-AB2W	1	27067679	29442980	2	1
TCGA-DX-AB2W	1	29452494	35816744	2	0
TCGA-DX-AB2W	1	35821889	147377379	2	2
TCGA-DX-AB2W	1	147377737	150666797	3	0
TCGA-DX-AB2W	1	150666990	164548750	2	2
TCGA-DX-AB2W	1	164552163	249224388	2	0
TCGA-DX-AB2W	2	12784	6253267	1	0
TCGA-DX-AB2W	2	6265855	82936251	2	0
TCGA-DX-AB2W	2	82939404	104543909	2	1
TCGA-DX-AB2W	2	104553741	107666837	3	2
TCGA-DX-AB2W	2	107669931	108815173	3	3
TCGA-DX-AB2W	2	108816101	124999020	2	2
TCGA-DX-AB2W	2	124999284	125019532	2	1
TCGA-DX-AB2W	2	125020027	127756813	3	2
TCGA-DX-AB2W	2	127757898	132548521	2	2
TCGA-DX-AB2W	2	132560272	137456238	4	2
TCGA-DX-AB2W	2	137456700	140269666	3	2
TCGA-DX-AB2W	2	140270417	141764878	3	1
TCGA-DX-AB2W	2	141771132	159954892	2	0
TCGA-DX-AB2W	2	159955575	162997878	2	1
TCGA-DX-AB2W	2	162997960	165306801	3	2
TCGA-DX-AB2W	2	165310702	168760448	2	1
TCGA-DX-AB2W	2	168761363	169848631	3	2
TCGA-DX-AB2W	2	169855911	243089456	2	0
TCGA-DX-AB2W	3	60345	761640	2	0
TCGA-DX-AB2W	3	761707	2513550	3	0
TCGA-DX-AB2W	3	2515750	32713364	4	0
TCGA-DX-AB2W	3	32729405	44480877	4	2
TCGA-DX-AB2W	3	44481349	90502862	4	0
TCGA-DX-AB2W	3	93519478	94518301	2	0
TCGA-DX-AB2W	3	94520405	97452419	3	0
TCGA-DX-AB2W	3	97453438	98559339	1	0
TCGA-DX-AB2W	3	98562769	98868237	2	0
TCGA-DX-AB2W	3	98877662	100218264	7	0
TCGA-DX-AB2W	3	100220049	102533754	4	0
TCGA-DX-AB2W	3	102547268	103806998	2	0
TCGA-DX-AB2W	3	103813695	104214299	3	0
TCGA-DX-AB2W	3	104214903	115582362	1	0
TCGA-DX-AB2W	3	115586061	117407466	0	0
TCGA-DX-AB2W	3	117410498	117561317	1	0
TCGA-DX-AB2W	3	117563716	119681681	0	0
TCGA-DX-AB2W	3	119692360	120632799	1	0
TCGA-DX-AB2W	3	120634945	121726991	1	1
TCGA-DX-AB2W	3	121730049	123665902	1	0
TCGA-DX-AB2W	3	123666100	126321612	1	1
TCGA-DX-AB2W	3	126326116	127070925	1	0
TCGA-DX-AB2W	3	127071358	127373586	2	0
TCGA-DX-AB2W	3	127380119	139590925	2	1
TCGA-DX-AB2W	3	139593701	146941870	2	0
TCGA-DX-AB2W	3	146942542	150208805	2	1
TCGA-DX-AB2W	3	150212080	151129207	2	0
TCGA-DX-AB2W	3	151131222	152620947	2	1
TCGA-DX-AB2W	3	152621281	154732203	2	0
TCGA-DX-AB2W	3	154733231	159850094	3	0
TCGA-DX-AB2W	3	159850606	164720150	4	1
TCGA-DX-AB2W	3	164720354	175807490	3	0
TCGA-DX-AB2W	3	175808346	182410264	2	0
TCGA-DX-AB2W	3	182410373	194986224	2	1
TCGA-DX-AB2W	3	194988873	197896118	2	0
TCGA-DX-AB2W	4	12281	34295863	2	0
TCGA-DX-AB2W	4	34296781	34847547	4	1
TCGA-DX-AB2W	4	34847676	54257131	3	2
TCGA-DX-AB2W	4	54258095	56583590	5	2
TCGA-DX-AB2W	4	56584126	57527601	3	2
TCGA-DX-AB2W	4	57528443	58685275	2	1
TCGA-DX-AB2W	4	58685706	62495539	2	0
TCGA-DX-AB2W	4	62495735	63848951	2	1
TCGA-DX-AB2W	4	63852016	142887355	2	0
TCGA-DX-AB2W	4	142888184	148488545	2	1
TCGA-DX-AB2W	4	148492213	151443992	2	2
TCGA-DX-AB2W	4	151444561	168305049	2	1
TCGA-DX-AB2W	4	168307078	191027923	1	0
TCGA-DX-AB2W	5	15532	32488088	2	1
TCGA-DX-AB2W	5	32488324	35891639	3	1
TCGA-DX-AB2W	5	35893707	36217389	14	1
TCGA-DX-AB2W	5	36221444	36888712	7	1
TCGA-DX-AB2W	5	36893410	41654658	2	1
TCGA-DX-AB2W	5	41655644	42427980	1	1
TCGA-DX-AB2W	5	42428470	45609576	5	1
TCGA-DX-AB2W	5	45611988	46389273	3	3
TCGA-DX-AB2W	5	49432831	86997712	2	0
TCGA-DX-AB2W	5	86998077	151776755	1	0
TCGA-DX-AB2W	5	151785312	180790320	1	1
TCGA-DX-AB2W	6	149661	57312892	2	0
TCGA-DX-AB2W	6	57323779	58144760	2	1
TCGA-DX-AB2W	6	58145153	58759028	2	0
TCGA-DX-AB2W	6	58774716	69862783	2	1
TCGA-DX-AB2W	6	69863454	171051005	1	1
TCGA-DX-AB2W	7	43259	23063622	3	1
TCGA-DX-AB2W	7	23073660	37625475	2	1
TCGA-DX-AB2W	7	37626839	54443994	1	0
TCGA-DX-AB2W	7	54449984	54488242	3	1
TCGA-DX-AB2W	7	54493204	55307926	4	1
TCGA-DX-AB2W	7	55309247	139377834	2	1
TCGA-DX-AB2W	7	139378566	159127004	1	1
TCGA-DX-AB2W	8	31254	13482077	1	0
TCGA-DX-AB2W	8	13482618	24783875	1	1
TCGA-DX-AB2W	8	24783980	25988935	1	0
TCGA-DX-AB2W	8	25989899	30183549	1	1
TCGA-DX-AB2W	8	30183753	36294080	2	1
TCGA-DX-AB2W	8	36294101	40760249	3	2
TCGA-DX-AB2W	8	40761786	41328522	2	1
TCGA-DX-AB2W	8	41328693	51911925	3	2
TCGA-DX-AB2W	8	51914246	58431115	2	1
TCGA-DX-AB2W	8	58431357	63156151	2	2
TCGA-DX-AB2W	8	63156246	67375519	2	1
TCGA-DX-AB2W	8	67375638	76521635	1	1
TCGA-DX-AB2W	8	76524363	84737945	3	1
TCGA-DX-AB2W	8	84738607	87128258	2	1
TCGA-DX-AB2W	8	87129492	97864038	2	2
TCGA-DX-AB2W	8	97865490	118286046	2	1
TCGA-DX-AB2W	8	118292446	146298155	2	0
TCGA-DX-AB2W	9	46587	8001166	2	0
TCGA-DX-AB2W	9	8009205	11501589	3	1
TCGA-DX-AB2W	9	11502035	15283532	2	0
TCGA-DX-AB2W	9	15284100	15620625	1	0
TCGA-DX-AB2W	9	15622568	15671676	4	0
TCGA-DX-AB2W	9	15685438	33034051	1	0
TCGA-DX-AB2W	9	33034452	33705570	1	1
TCGA-DX-AB2W	9	33705620	34967222	2	1
TCGA-DX-AB2W	9	34967260	47217176	1	1
TCGA-DX-AB2W	9	65616971	71497556	2	1
TCGA-DX-AB2W	9	71500699	71670394	2	0
TCGA-DX-AB2W	9	71671174	75490698	2	1
TCGA-DX-AB2W	9	75491714	122306551	2	2
TCGA-DX-AB2W	9	122306563	141091394	2	0
TCGA-DX-AB2W	10	72759	1138620	2	1
TCGA-DX-AB2W	10	1139183	23022347	3	1
TCGA-DX-AB2W	10	23022966	42614436	2	1
TCGA-DX-AB2W	10	42621181	45577821	1	0
TCGA-DX-AB2W	10	45578388	59667741	2	0
TCGA-DX-AB2W	10	59667759	62916756	1	0
TCGA-DX-AB2W	10	62917396	63376969	2	0
TCGA-DX-AB2W	10	63377913	84545441	1	0
TCGA-DX-AB2W	10	84545735	92823350	2	0
TCGA-DX-AB2W	10	92825942	116418449	3	0
TCGA-DX-AB2W	10	116419321	117991819	4	0
TCGA-DX-AB2W	10	117991880	135506704	2	0
TCGA-DX-AB2W	11	198572	17597266	2	1
TCGA-DX-AB2W	11	17597381	33584061	2	0
TCGA-DX-AB2W	11	33585978	34512751	2	1
TCGA-DX-AB2W	11	34513932	59852263	3	2
TCGA-DX-AB2W	11	59852596	83787395	2	2
TCGA-DX-AB2W	11	83788474	94357036	2	1
TCGA-DX-AB2W	11	94368749	98114016	3	1
TCGA-DX-AB2W	11	98116197	101177111	6	1
TCGA-DX-AB2W	11	101177331	101946467	6	2
TCGA-DX-AB2W	11	101950241	104519419	3	3
TCGA-DX-AB2W	11	104524445	107485564	3	0
TCGA-DX-AB2W	11	107485733	127300439	2	0
TCGA-DX-AB2W	11	127301105	128572410	0	0
TCGA-DX-AB2W	11	128573516	130088828	2	0
TCGA-DX-AB2W	11	130089380	131399706	0	0
TCGA-DX-AB2W	11	131401487	131938238	2	0
TCGA-DX-AB2W	11	131946681	132894427	0	0
TCGA-DX-AB2W	11	132896471	132981833	2	0
TCGA-DX-AB2W	11	132982603	133225805	0	0
TCGA-DX-AB2W	11	133227132	134944770	1	0
TCGA-DX-AB2W	12	150442	8792581	2	1
TCGA-DX-AB2W	12	8800566	9610125	2	2
TCGA-DX-AB2W	12	9612900	12238196	4	2
TCGA-DX-AB2W	12	12238214	13607571	5	2
TCGA-DX-AB2W	12	13607818	14677643	6	2
TCGA-DX-AB2W	12	14680214	15438900	2	2
TCGA-DX-AB2W	12	15445766	17546466	3	2
TCGA-DX-AB2W	12	17546948	18410554	8	2
TCGA-DX-AB2W	12	18410554	21369524	6	2
TCGA-DX-AB2W	12	21369883	22789303	3	2
TCGA-DX-AB2W	12	22789749	23875640	6	3
TCGA-DX-AB2W	12	23877768	25122730	5	3
TCGA-DX-AB2W	12	25122814	25994214	4	3
TCGA-DX-AB2W	12	25994227	26723925	7	3
TCGA-DX-AB2W	12	26726674	29333771	4	3
TCGA-DX-AB2W	12	29333788	32357437	5	2
TCGA-DX-AB2W	12	32357524	38292076	6	2
TCGA-DX-AB2W	12	38292079	38752593	4	2
TCGA-DX-AB2W	12	38755075	41649187	2	2
TCGA-DX-AB2W	12	41652931	42330516	3	2
TCGA-DX-AB2W	12	42330949	48862013	2	2
TCGA-DX-AB2W	12	48863128	133778189	2	1
TCGA-DX-AB2W	13	19026949	115108397	2	0
TCGA-DX-AB2W	14	19002124	107285437	2	0
TCGA-DX-AB2W	15	20016328	31935682	2	0
TCGA-DX-AB2W	15	31940554	32175517	3	2
TCGA-DX-AB2W	15	32175864	34810088	2	0
TCGA-DX-AB2W	15	34813119	34940954	2	1
TCGA-DX-AB2W	15	34941043	45105374	2	0
TCGA-DX-AB2W	15	45105876	45834248	2	2
TCGA-DX-AB2W	15	45836871	46305065	2	0
TCGA-DX-AB2W	15	46306822	46971268	3	2
TCGA-DX-AB2W	15	46972213	49257803	2	0
TCGA-DX-AB2W	15	49259286	50902861	3	2
TCGA-DX-AB2W	15	50905780	51210612	2	0
TCGA-DX-AB2W	15	51212257	52046359	3	2
TCGA-DX-AB2W	15	52047490	52531877	2	0
TCGA-DX-AB2W	15	52535718	52759373	2	2
TCGA-DX-AB2W	15	52764578	53393024	4	2
TCGA-DX-AB2W	15	53395113	54423113	3	2
TCGA-DX-AB2W	15	54423279	55228744	2	0
TCGA-DX-AB2W	15	55229883	61608398	4	2
TCGA-DX-AB2W	15	61609099	63757598	3	2
TCGA-DX-AB2W	15	63757834	65221231	4	2
TCGA-DX-AB2W	15	65222219	72067776	3	2
TCGA-DX-AB2W	15	72072557	74147978	2	0
TCGA-DX-AB2W	15	74149587	75469011	1	0
TCGA-DX-AB2W	15	75474936	80607734	2	0
TCGA-DX-AB2W	15	80610424	83442041	1	0
TCGA-DX-AB2W	15	83442067	88654525	2	0
TCGA-DX-AB2W	15	88655520	91196238	1	0
TCGA-DX-AB2W	15	91198415	95282607	3	1
TCGA-DX-AB2W	15	95283367	96047393	4	1
TCGA-DX-AB2W	15	96048819	101572351	3	1
TCGA-DX-AB2W	15	101573010	101911548	5	1
TCGA-DX-AB2W	15	101915778	102469040	3	1
TCGA-DX-AB2W	16	60777	35283226	2	0
TCGA-DX-AB2W	16	46463782	55035224	1	0
TCGA-DX-AB2W	16	55035544	77926107	2	0
TCGA-DX-AB2W	16	77926130	78354073	4	0
TCGA-DX-AB2W	16	78361149	81802714	2	0
TCGA-DX-AB2W	16	81806503	89385973	1	0
TCGA-DX-AB2W	16	89391999	89541243	0	0
TCGA-DX-AB2W	16	89542858	90287535	1	0
TCGA-DX-AB2W	17	526	25297153	3	0
TCGA-DX-AB2W	17	25297695	37532916	1	0
TCGA-DX-AB2W	17	37540203	71029802	2	1
TCGA-DX-AB2W	17	71033766	81049726	1	1
TCGA-DX-AB2W	18	48133	4176766	3	0
TCGA-DX-AB2W	18	4176891	4960873	6	0
TCGA-DX-AB2W	18	4964930	6181956	9	0
TCGA-DX-AB2W	18	6185173	14949716	3	0
TCGA-DX-AB2W	18	14951312	15359294	4	1
TCGA-DX-AB2W	18	15361214	37813414	2	0
TCGA-DX-AB2W	18	37817250	38078503	4	0
TCGA-DX-AB2W	18	38078821	60440238	2	0
TCGA-DX-AB2W	18	60441104	78015057	1	0
TCGA-DX-AB2W	19	90910	538487	1	0
TCGA-DX-AB2W	19	547973	3214114	1	1
TCGA-DX-AB2W	19	3227102	3593688	5	1
TCGA-DX-AB2W	19	3594590	5700475	3	1
TCGA-DX-AB2W	19	5704796	8072931	4	1
TCGA-DX-AB2W	19	8073464	12745111	1	1
TCGA-DX-AB2W	19	12745288	16791443	2	1
TCGA-DX-AB2W	19	16793555	23437816	1	1
TCGA-DX-AB2W	19	23438838	24503785	2	1
TCGA-DX-AB2W	19	24503985	59097854	2	0
TCGA-DX-AB2W	20	61305	658378	3	0
TCGA-DX-AB2W	20	659428	6316328	4	1
TCGA-DX-AB2W	20	6316437	9423931	6	1
TCGA-DX-AB2W	20	9425700	9908095	5	2
TCGA-DX-AB2W	20	9908694	11788253	3	2
TCGA-DX-AB2W	20	11788344	40708234	2	1
TCGA-DX-AB2W	20	40709990	45569647	2	2
TCGA-DX-AB2W	20	45569659	53470583	4	2
TCGA-DX-AB2W	20	53473434	54190729	2	1
TCGA-DX-AB2W	20	54195658	56243146	3	2
TCGA-DX-AB2W	20	56244993	57445213	2	1
TCGA-DX-AB2W	20	57447237	58072897	4	2
TCGA-DX-AB2W	20	58073713	60131514	2	1
TCGA-DX-AB2W	20	60132899	62956153	2	2
TCGA-DX-AB2W	21	10736871	15859450	2	1
TCGA-DX-AB2W	21	15860153	16295335	1	1
TCGA-DX-AB2W	21	16295354	21963786	2	1
TCGA-DX-AB2W	21	21973680	23196249	7	1
TCGA-DX-AB2W	21	23196292	23579163	3	1
TCGA-DX-AB2W	21	23579255	25692611	2	1
TCGA-DX-AB2W	21	25696199	26017426	7	1
TCGA-DX-AB2W	21	26019129	26571275	10	1
TCGA-DX-AB2W	21	26573404	27660566	3	1
TCGA-DX-AB2W	21	27660882	28366486	5	1
TCGA-DX-AB2W	21	28367074	28937165	8	1
TCGA-DX-AB2W	21	28938429	31088908	6	1
TCGA-DX-AB2W	21	31091301	32216231	4	1
TCGA-DX-AB2W	21	32216253	33462681	9	1
TCGA-DX-AB2W	21	33463846	34376200	5	1
TCGA-DX-AB2W	21	34378523	34595769	3	1
TCGA-DX-AB2W	21	34598385	34701377	7	1
TCGA-DX-AB2W	21	34704320	40173345	2	1
TCGA-DX-AB2W	21	40173528	43270134	3	1
TCGA-DX-AB2W	21	43273404	48096957	2	1
TCGA-DX-AB2W	22	16052528	48840927	2	1
TCGA-DX-AB2W	22	48841057	49042116	1	1
TCGA-DX-AB2W	22	49045412	51234455	1	0
TCGA-DX-AB2W	X	168477	8778096	1	1
TCGA-DX-AB2W	X	8780693	9544617	1	0
TCGA-DX-AB2W	X	9545484	10190298	2	2
TCGA-DX-AB2W	X	10198057	13890863	1	1
TCGA-DX-AB2W	X	13893649	15374856	4	1
TCGA-DX-AB2W	X	15376802	17159197	1	1
TCGA-DX-AB2W	X	17163060	21702175	1	0
TCGA-DX-AB2W	X	21706577	30045738	1	1
TCGA-DX-AB2W	X	30049120	42981637	1	0
TCGA-DX-AB2W	X	42982455	43895930	2	1
TCGA-DX-AB2W	X	43895980	47177526	1	1
TCGA-DX-AB2W	X	47179936	50879693	1	0
TCGA-DX-AB2W	X	50880235	76232928	1	1
TCGA-DX-AB2W	X	76240054	80624266	1	0
TCGA-DX-AB2W	X	80627177	80754838	2	2
TCGA-DX-AB2W	X	80755254	83484999	1	1
TCGA-DX-AB2W	X	83486754	83904969	3	1
TCGA-DX-AB2W	X	83910419	87941059	2	0
TCGA-DX-AB2W	X	87947917	89472055	2	1
TCGA-DX-AB2W	X	89483439	95950859	1	1
TCGA-DX-AB2W	X	95950906	96162549	3	1
TCGA-DX-AB2W	X	96162702	101276334	1	1
TCGA-DX-AB2W	X	101276895	101611068	3	1
TCGA-DX-AB2W	X	101615566	102101934	1	1
TCGA-DX-AB2W	X	102103321	102456887	1	0
TCGA-DX-AB2W	X	102462007	103167811	1	1
TCGA-DX-AB2W	X	103168391	155233846	1	0
