sample	chr	startpos	endpos	nMajor	nMinor
TCGA-B5-A11Z	1	61735	121482979	1	1
TCGA-B5-A11Z	1	144007049	249224388	3	1
TCGA-B5-A11Z	2	12784	133635429	1	1
TCGA-B5-A11Z	2	133635545	133714113	1	0
TCGA-B5-A11Z	2	133717079	243089456	1	1
TCGA-B5-A11Z	3	60345	197896118	1	1
TCGA-B5-A11Z	4	12281	191027923	1	1
TCGA-B5-A11Z	5	15532	180790320	1	1
TCGA-B5-A11Z	6	149661	171051005	1	1
TCGA-B5-A11Z	7	43259	159127004	1	1
TCGA-B5-A11Z	8	31254	146298155	1	1
TCGA-B5-A11Z	9	46587	141091394	1	1
TCGA-B5-A11Z	10	72759	75461415	1	1
TCGA-B5-A11Z	10	75465771	135506704	2	0
TCGA-B5-A11Z	11	198572	134944770	1	1
TCGA-B5-A11Z	12	150442	133778189	1	1
TCGA-B5-A11Z	13	19026949	115108397	1	1
TCGA-B5-A11Z	14	19002124	22427926	1	1
TCGA-B5-A11Z	14	22428364	22988571	2	1
TCGA-B5-A11Z	14	22993720	107285437	1	1
TCGA-B5-A11Z	15	20016328	102469040	1	1
TCGA-B5-A11Z	16	60777	70823505	1	1
TCGA-B5-A11Z	16	70823633	71202489	2	1
TCGA-B5-A11Z	16	71202797	90287535	1	1
TCGA-B5-A11Z	17	526	81049726	1	1
TCGA-B5-A11Z	18	48133	78015057	1	1
TCGA-B5-A11Z	19	90910	59097854	1	1
TCGA-B5-A11Z	20	61305	62956153	1	1
TCGA-B5-A11Z	21	10736871	48096957	1	1
TCGA-B5-A11Z	22	16052528	51234455	1	1
TCGA-B5-A11Z	X	168477	155233846	1	1
