sample	chr	startpos	endpos	nMajor	nMinor
TCGA-ZB-A962	1	61735	216666864	1	1
TCGA-ZB-A962	1	216667125	220925241	1	0
TCGA-ZB-A962	1	220925838	225716241	1	1
TCGA-ZB-A962	1	225723149	231839358	1	0
TCGA-ZB-A962	1	231839546	231963337	1	1
TCGA-ZB-A962	1	231966847	232019954	1	0
TCGA-ZB-A962	1	232021248	235608622	1	1
TCGA-ZB-A962	1	235610154	238001069	1	0
TCGA-ZB-A962	1	238001895	238480079	1	1
TCGA-ZB-A962	1	238481921	240727227	1	0
TCGA-ZB-A962	1	240740623	246263847	1	1
TCGA-ZB-A962	1	246264698	249224388	1	0
TCGA-ZB-A962	2	12784	243089456	1	1
TCGA-ZB-A962	3	60345	197896118	1	1
TCGA-ZB-A962	4	12281	154561623	1	1
TCGA-ZB-A962	4	154569483	157455071	1	0
TCGA-ZB-A962	4	157466894	159547612	1	1
TCGA-ZB-A962	4	159549386	161815554	1	0
TCGA-ZB-A962	4	161817353	173191825	1	1
TCGA-ZB-A962	4	173192032	182119918	1	0
TCGA-ZB-A962	4	182120004	183556999	1	1
TCGA-ZB-A962	4	183564125	190044851	1	0
TCGA-ZB-A962	4	190046251	190473388	1	1
TCGA-ZB-A962	4	190473857	190860768	1	0
TCGA-ZB-A962	4	190862182	191027923	1	1
TCGA-ZB-A962	5	15532	180790320	1	1
TCGA-ZB-A962	6	149661	124525025	1	1
TCGA-ZB-A962	6	124526649	126876606	1	0
TCGA-ZB-A962	6	126877523	127225974	1	1
TCGA-ZB-A962	6	127226399	127937251	1	0
TCGA-ZB-A962	6	127939995	162736336	1	1
TCGA-ZB-A962	6	162736500	163057144	2	1
TCGA-ZB-A962	6	163057269	171051005	1	1
TCGA-ZB-A962	7	43259	159127004	1	1
TCGA-ZB-A962	8	31254	146298155	1	1
TCGA-ZB-A962	9	46587	8254051	1	1
TCGA-ZB-A962	9	8254635	8791981	1	0
TCGA-ZB-A962	9	8793359	9666083	1	1
TCGA-ZB-A962	9	9666565	10166807	1	0
TCGA-ZB-A962	9	10169860	11486716	1	1
TCGA-ZB-A962	9	11490943	12667652	1	0
TCGA-ZB-A962	9	12671059	17819381	1	1
TCGA-ZB-A962	9	17819394	19903871	1	0
TCGA-ZB-A962	9	19909669	21036539	1	1
TCGA-ZB-A962	9	21041372	22293166	1	0
TCGA-ZB-A962	9	22293346	26415710	1	1
TCGA-ZB-A962	9	26419770	27102821	1	0
TCGA-ZB-A962	9	27103414	141091394	1	1
TCGA-ZB-A962	10	72759	135506704	1	1
TCGA-ZB-A962	11	198572	102680345	1	1
TCGA-ZB-A962	11	102680949	103160572	1	0
TCGA-ZB-A962	11	103161377	121526621	1	1
TCGA-ZB-A962	11	121527674	121984236	1	0
TCGA-ZB-A962	11	121986323	134944770	1	1
TCGA-ZB-A962	12	150442	133778189	1	1
TCGA-ZB-A962	13	19026949	115108397	1	1
TCGA-ZB-A962	14	19002124	107285437	1	1
TCGA-ZB-A962	15	20016328	102469040	1	1
TCGA-ZB-A962	16	60777	72332094	1	1
TCGA-ZB-A962	16	72332238	72906787	1	0
TCGA-ZB-A962	16	72906975	90287535	1	1
TCGA-ZB-A962	17	526	19130231	1	0
TCGA-ZB-A962	17	19149286	81049726	2	1
TCGA-ZB-A962	18	48133	78015057	1	1
TCGA-ZB-A962	19	90910	59097854	1	1
TCGA-ZB-A962	20	61305	62956153	1	1
TCGA-ZB-A962	21	10736871	48096957	1	1
TCGA-ZB-A962	22	16052528	51234455	1	1
TCGA-ZB-A962	X	168477	2656850	1	1
TCGA-ZB-A962	X	2658299	155233846	1	0
