sample	chr	startpos	endpos	nMajor	nMinor
TCGA-CJ-4893	1	61735	249224388	2	2
TCGA-CJ-4893	2	12784	243089456	3	3
TCGA-CJ-4893	3	60345	90252447	2	0
TCGA-CJ-4893	3	90253559	197896118	2	2
TCGA-CJ-4893	4	12281	191027923	2	2
TCGA-CJ-4893	5	15532	126137110	2	2
TCGA-CJ-4893	5	126137235	180790320	4	2
TCGA-CJ-4893	6	149661	67995572	2	2
TCGA-CJ-4893	6	67996590	171051005	2	0
TCGA-CJ-4893	7	43259	159127004	2	2
TCGA-CJ-4893	8	31254	146298155	2	2
TCGA-CJ-4893	9	46587	141091394	2	2
TCGA-CJ-4893	10	72759	135506704	1	1
TCGA-CJ-4893	11	198572	134944770	2	2
TCGA-CJ-4893	12	150442	27525409	2	2
TCGA-CJ-4893	12	27529219	27799154	6	2
TCGA-CJ-4893	12	27800446	133778189	2	2
TCGA-CJ-4893	13	19026949	115108397	2	2
TCGA-CJ-4893	14	19002124	107285437	1	1
TCGA-CJ-4893	15	20016328	102469040	2	2
TCGA-CJ-4893	16	60777	90287535	2	2
TCGA-CJ-4893	17	526	81049726	2	2
TCGA-CJ-4893	18	48133	78015057	2	2
TCGA-CJ-4893	19	90910	59097854	2	2
TCGA-CJ-4893	20	61305	62956153	2	2
TCGA-CJ-4893	21	10736871	48096957	2	2
TCGA-CJ-4893	22	16052528	51234455	2	2
TCGA-CJ-4893	X	168477	155233846	2	2
