sample	chr	startpos	endpos	nMajor	nMinor
TCGA-DX-A8BN	1	61735	51058055	2	2
TCGA-DX-A8BN	1	51066950	51603572	2	0
TCGA-DX-A8BN	1	51604023	249224388	2	2
TCGA-DX-A8BN	2	12784	62595878	2	2
TCGA-DX-A8BN	2	62596746	63495365	3	1
TCGA-DX-A8BN	2	63496499	65710328	2	2
TCGA-DX-A8BN	2	65710688	67872215	2	0
TCGA-DX-A8BN	2	67872744	68712094	2	2
TCGA-DX-A8BN	2	68712695	78858867	3	2
TCGA-DX-A8BN	2	78859874	99524625	2	2
TCGA-DX-A8BN	2	99529351	101499173	2	1
TCGA-DX-A8BN	2	101502040	103956142	1	0
TCGA-DX-A8BN	2	103966422	134987564	2	1
TCGA-DX-A8BN	2	134987682	135124456	1	0
TCGA-DX-A8BN	2	135127910	140430215	2	1
TCGA-DX-A8BN	2	140434678	140482258	1	0
TCGA-DX-A8BN	2	140485823	160933547	2	1
TCGA-DX-A8BN	2	160945727	161028992	1	0
TCGA-DX-A8BN	2	161029592	240549668	2	1
TCGA-DX-A8BN	2	240554730	243089456	1	0
TCGA-DX-A8BN	3	60345	50239504	3	2
TCGA-DX-A8BN	3	50239717	53254185	3	0
TCGA-DX-A8BN	3	53254991	54222070	3	2
TCGA-DX-A8BN	3	54222193	54832731	3	0
TCGA-DX-A8BN	3	54833568	55925029	3	2
TCGA-DX-A8BN	3	55925391	55929384	4	0
TCGA-DX-A8BN	3	55929485	56114861	5	0
TCGA-DX-A8BN	3	56119665	56207809	4	0
TCGA-DX-A8BN	3	56214939	80554496	3	0
TCGA-DX-A8BN	3	80559714	88871273	3	3
TCGA-DX-A8BN	3	88871368	197896118	2	2
TCGA-DX-A8BN	4	12281	52689115	2	2
TCGA-DX-A8BN	4	52689422	53064934	1	1
TCGA-DX-A8BN	4	53066274	191027923	2	0
TCGA-DX-A8BN	5	15532	21206623	7	3
TCGA-DX-A8BN	5	21209128	31095447	7	2
TCGA-DX-A8BN	5	31095521	34259509	7	4
TCGA-DX-A8BN	5	34264347	40878976	13	4
TCGA-DX-A8BN	5	40883991	46389273	7	4
TCGA-DX-A8BN	5	49432831	160477871	2	2
TCGA-DX-A8BN	5	160485302	180790320	2	0
TCGA-DX-A8BN	6	149661	1071862	6	4
TCGA-DX-A8BN	6	1072718	3442604	6	2
TCGA-DX-A8BN	6	3446263	4161164	2	0
TCGA-DX-A8BN	6	4162344	9934171	6	2
TCGA-DX-A8BN	6	9940064	18833252	2	0
TCGA-DX-A8BN	6	18835804	37516612	6	2
TCGA-DX-A8BN	6	37518181	40439059	2	0
TCGA-DX-A8BN	6	40441643	46203044	6	2
TCGA-DX-A8BN	6	46203629	46294277	16	3
TCGA-DX-A8BN	6	46304002	52714573	7	2
TCGA-DX-A8BN	6	52715510	54172959	2	2
TCGA-DX-A8BN	6	54179040	54232238	8	3
TCGA-DX-A8BN	6	54233729	54664588	3	2
TCGA-DX-A8BN	6	54665258	56337038	7	2
TCGA-DX-A8BN	6	56341981	171051005	2	2
TCGA-DX-A8BN	7	43259	159127004	2	2
TCGA-DX-A8BN	8	31254	8093182	2	1
TCGA-DX-A8BN	8	8094763	9647226	6	1
TCGA-DX-A8BN	8	9647603	11422583	4	1
TCGA-DX-A8BN	8	11426790	12443055	2	1
TCGA-DX-A8BN	8	12473543	14608702	7	1
TCGA-DX-A8BN	8	14615952	41822645	4	1
TCGA-DX-A8BN	8	41824763	43824048	4	2
TCGA-DX-A8BN	8	46847534	48647102	2	2
TCGA-DX-A8BN	8	48648690	146298155	2	1
TCGA-DX-A8BN	9	46587	9842542	2	0
TCGA-DX-A8BN	9	9842706	13539278	2	1
TCGA-DX-A8BN	9	13539470	20945207	2	0
TCGA-DX-A8BN	9	20945341	23872550	2	1
TCGA-DX-A8BN	9	23874047	47217176	2	0
TCGA-DX-A8BN	9	65616971	141091394	2	2
TCGA-DX-A8BN	10	72759	135506704	2	2
TCGA-DX-A8BN	11	198572	56737408	2	2
TCGA-DX-A8BN	11	56738678	118315649	2	1
TCGA-DX-A8BN	11	118317938	134944770	2	0
TCGA-DX-A8BN	12	150442	2536087	4	2
TCGA-DX-A8BN	12	2536295	4098105	2	2
TCGA-DX-A8BN	12	4098325	6834262	2	1
TCGA-DX-A8BN	12	6836542	34474073	2	0
TCGA-DX-A8BN	12	34474382	133324882	2	1
TCGA-DX-A8BN	12	133327808	133778189	2	0
TCGA-DX-A8BN	13	19026949	29301227	4	2
TCGA-DX-A8BN	13	29303229	35347847	6	2
TCGA-DX-A8BN	13	35349906	44050184	9	2
TCGA-DX-A8BN	13	44056877	48675122	6	2
TCGA-DX-A8BN	13	48679839	64848106	2	0
TCGA-DX-A8BN	13	64849082	67824418	2	2
TCGA-DX-A8BN	13	67826636	67987485	2	0
TCGA-DX-A8BN	13	67989506	93809811	2	2
TCGA-DX-A8BN	13	93813199	115108397	4	2
TCGA-DX-A8BN	14	19002124	21448992	2	2
TCGA-DX-A8BN	14	21449335	107285437	2	0
TCGA-DX-A8BN	15	20016328	26525600	3	2
TCGA-DX-A8BN	15	26535988	45924747	4	2
TCGA-DX-A8BN	15	45931153	46133147	2	2
TCGA-DX-A8BN	15	46133277	50749465	4	2
TCGA-DX-A8BN	15	50759428	51634722	2	2
TCGA-DX-A8BN	15	51634898	52007522	4	2
TCGA-DX-A8BN	15	52008565	69969501	2	2
TCGA-DX-A8BN	15	69975470	101623598	2	0
TCGA-DX-A8BN	15	101625651	102274373	2	2
TCGA-DX-A8BN	15	102274456	102469040	2	0
TCGA-DX-A8BN	16	60777	2430176	2	0
TCGA-DX-A8BN	16	2434431	7829795	2	2
TCGA-DX-A8BN	16	7831214	8741788	4	2
TCGA-DX-A8BN	16	8747827	27405693	2	2
TCGA-DX-A8BN	16	27405916	33773065	6	2
TCGA-DX-A8BN	16	33773972	64414268	2	2
TCGA-DX-A8BN	16	64415482	64431811	9	3
TCGA-DX-A8BN	16	64432222	64493526	2	0
TCGA-DX-A8BN	16	64496657	64516082	5	2
TCGA-DX-A8BN	16	64516739	90287535	2	0
TCGA-DX-A8BN	17	526	7757313	4	0
TCGA-DX-A8BN	17	7762637	25270411	10	2
TCGA-DX-A8BN	17	25270517	81049726	3	2
TCGA-DX-A8BN	18	48133	78015057	2	2
TCGA-DX-A8BN	19	90910	23659535	2	2
TCGA-DX-A8BN	19	23661596	28411971	4	2
TCGA-DX-A8BN	19	28412383	29780521	6	2
TCGA-DX-A8BN	19	29780738	33319636	10	2
TCGA-DX-A8BN	19	33331913	33395206	2	0
TCGA-DX-A8BN	19	33398950	33612188	11	2
TCGA-DX-A8BN	19	33614700	33661814	2	0
TCGA-DX-A8BN	19	33662630	35282151	4	2
TCGA-DX-A8BN	19	35288707	43039250	10	2
TCGA-DX-A8BN	19	43042822	46036137	2	2
TCGA-DX-A8BN	19	46037164	59097854	2	0
TCGA-DX-A8BN	20	61305	26297208	2	0
TCGA-DX-A8BN	20	26305491	62956153	2	2
TCGA-DX-A8BN	21	10736871	48096957	2	2
TCGA-DX-A8BN	22	16052528	34024204	2	2
TCGA-DX-A8BN	22	34026303	46304898	2	0
TCGA-DX-A8BN	22	46329992	46534579	0	0
TCGA-DX-A8BN	22	46535826	51234455	2	0
TCGA-DX-A8BN	X	168477	68913367	2	2
TCGA-DX-A8BN	X	68916395	70377823	2	0
TCGA-DX-A8BN	X	70378529	71867152	2	1
TCGA-DX-A8BN	X	71867508	77629424	2	0
TCGA-DX-A8BN	X	77631316	86664946	5	2
TCGA-DX-A8BN	X	86665139	86683762	2	1
TCGA-DX-A8BN	X	86685893	155233846	2	0
