sample	chr	startpos	endpos	nMajor	nMinor
TCGA-G9-7525	1	61735	64899279	2	2
TCGA-G9-7525	1	64899715	65119271	1	0
TCGA-G9-7525	1	65125113	207956988	2	2
TCGA-G9-7525	1	207959001	208130905	2	0
TCGA-G9-7525	1	208140164	249224388	2	2
TCGA-G9-7525	2	12784	25846410	2	2
TCGA-G9-7525	2	25847392	26150589	2	0
TCGA-G9-7525	2	26151206	33419969	2	2
TCGA-G9-7525	2	33428234	35892526	2	0
TCGA-G9-7525	2	35892705	38783074	2	2
TCGA-G9-7525	2	38789508	43227341	2	0
TCGA-G9-7525	2	43229909	44565266	2	2
TCGA-G9-7525	2	44565293	46756431	2	0
TCGA-G9-7525	2	46757572	106404209	2	2
TCGA-G9-7525	2	106405953	106651289	2	0
TCGA-G9-7525	2	106652514	107497243	2	1
TCGA-G9-7525	2	107498841	107659572	2	0
TCGA-G9-7525	2	107661811	120455312	2	2
TCGA-G9-7525	2	120455941	121449337	2	0
TCGA-G9-7525	2	121452664	121847706	2	2
TCGA-G9-7525	2	121850163	127477146	2	0
TCGA-G9-7525	2	127477902	134198515	2	2
TCGA-G9-7525	2	134201023	134744727	2	0
TCGA-G9-7525	2	134745702	135036766	2	2
TCGA-G9-7525	2	135036873	139603975	2	0
TCGA-G9-7525	2	139610017	146970255	2	2
TCGA-G9-7525	2	146971971	147170857	2	0
TCGA-G9-7525	2	147171209	192151451	2	2
TCGA-G9-7525	2	192152868	192347902	1	0
TCGA-G9-7525	2	192348634	208809569	2	2
TCGA-G9-7525	2	208811882	211540328	2	0
TCGA-G9-7525	2	211541165	243089456	2	2
TCGA-G9-7525	3	60345	10134766	2	2
TCGA-G9-7525	3	10134972	12245898	2	0
TCGA-G9-7525	3	12250866	138180947	2	2
TCGA-G9-7525	3	138181295	139015910	2	0
TCGA-G9-7525	3	139016466	184875154	2	2
TCGA-G9-7525	3	184875264	186571196	2	1
TCGA-G9-7525	3	186571486	189612929	2	2
TCGA-G9-7525	3	189614458	191719084	2	1
TCGA-G9-7525	3	191719098	192157810	2	2
TCGA-G9-7525	3	192160070	197896118	2	1
TCGA-G9-7525	4	12281	22292940	2	2
TCGA-G9-7525	4	22293218	26450573	2	1
TCGA-G9-7525	4	26451326	155750369	2	2
TCGA-G9-7525	4	155751517	156162680	2	0
TCGA-G9-7525	4	156165710	156649457	2	2
TCGA-G9-7525	4	156663490	157786772	2	0
TCGA-G9-7525	4	157786921	191027923	2	2
TCGA-G9-7525	5	15532	180790320	2	2
TCGA-G9-7525	6	149661	9880467	2	2
TCGA-G9-7525	6	9888302	10270257	2	0
TCGA-G9-7525	6	10272211	99214884	2	2
TCGA-G9-7525	6	99215738	99312551	3	1
TCGA-G9-7525	6	99319052	100011656	1	0
TCGA-G9-7525	6	100018840	101145659	2	0
TCGA-G9-7525	6	101147095	105135517	2	2
TCGA-G9-7525	6	105136936	107165895	2	0
TCGA-G9-7525	6	107166555	114989420	2	2
TCGA-G9-7525	6	114993173	119287609	2	0
TCGA-G9-7525	6	119287877	138652950	2	2
TCGA-G9-7525	6	138671159	139747864	2	0
TCGA-G9-7525	6	139751176	147654916	2	2
TCGA-G9-7525	6	147657324	150683908	2	0
TCGA-G9-7525	6	150685459	151196670	2	2
TCGA-G9-7525	6	151196754	152536374	2	0
TCGA-G9-7525	6	152537565	154821186	2	2
TCGA-G9-7525	6	154826359	156119866	2	0
TCGA-G9-7525	6	156126233	163569272	2	2
TCGA-G9-7525	6	163571293	165349728	2	0
TCGA-G9-7525	6	165354442	171051005	2	2
TCGA-G9-7525	7	43259	159127004	2	2
TCGA-G9-7525	8	31254	73329137	2	2
TCGA-G9-7525	8	73330009	73530371	1	0
TCGA-G9-7525	8	73532433	73640607	3	2
TCGA-G9-7525	8	73641498	73978819	2	0
TCGA-G9-7525	8	73979141	146298155	2	2
TCGA-G9-7525	9	46587	1505969	2	1
TCGA-G9-7525	9	1506101	6997639	2	2
TCGA-G9-7525	9	6997867	7124152	2	0
TCGA-G9-7525	9	7124370	7196173	2	1
TCGA-G9-7525	9	7199917	7410738	2	0
TCGA-G9-7525	9	7412040	7689040	3	2
TCGA-G9-7525	9	7689075	7919502	2	0
TCGA-G9-7525	9	7923328	21733204	2	2
TCGA-G9-7525	9	21733500	26193015	3	2
TCGA-G9-7525	9	26194166	141091394	2	2
TCGA-G9-7525	10	72759	2507410	2	2
TCGA-G9-7525	10	2508073	6799403	2	1
TCGA-G9-7525	10	6801931	7810539	2	2
TCGA-G9-7525	10	7811407	8581226	2	1
TCGA-G9-7525	10	8581783	11405084	2	2
TCGA-G9-7525	10	11411785	11848189	2	0
TCGA-G9-7525	10	11848792	13564854	2	2
TCGA-G9-7525	10	13565228	15407466	2	1
TCGA-G9-7525	10	15408504	70606244	2	2
TCGA-G9-7525	10	70606300	74305465	2	1
TCGA-G9-7525	10	74306164	88859356	2	2
TCGA-G9-7525	10	88865289	89454316	2	1
TCGA-G9-7525	10	89456738	90728521	1	1
TCGA-G9-7525	10	90729147	98135631	2	2
TCGA-G9-7525	10	98136250	100224578	2	1
TCGA-G9-7525	10	100225289	115193799	2	2
TCGA-G9-7525	10	115194014	118185663	2	1
TCGA-G9-7525	10	118186220	135506704	2	2
TCGA-G9-7525	11	198572	134944770	2	2
TCGA-G9-7525	12	150442	7022085	2	2
TCGA-G9-7525	12	7023022	14164480	2	0
TCGA-G9-7525	12	14164721	19587582	2	2
TCGA-G9-7525	12	19587616	22659836	2	0
TCGA-G9-7525	12	22662357	38938700	2	2
TCGA-G9-7525	12	38938823	39241240	1	1
TCGA-G9-7525	12	39243193	115006766	2	2
TCGA-G9-7525	12	115006810	116396113	2	0
TCGA-G9-7525	12	116396665	118784490	2	2
TCGA-G9-7525	12	118788003	119906243	2	0
TCGA-G9-7525	12	119909281	133778189	2	2
TCGA-G9-7525	13	19026949	36386836	2	2
TCGA-G9-7525	13	36389058	37684508	2	1
TCGA-G9-7525	13	37688073	93243648	2	2
TCGA-G9-7525	13	93243817	95085417	2	1
TCGA-G9-7525	13	95087087	99346525	2	2
TCGA-G9-7525	13	99347385	100184918	2	1
TCGA-G9-7525	13	100186252	115108397	2	2
TCGA-G9-7525	14	19002124	20694968	2	2
TCGA-G9-7525	14	20695087	22377905	2	0
TCGA-G9-7525	14	22378542	23490566	2	2
TCGA-G9-7525	14	23491329	24018084	2	0
TCGA-G9-7525	14	24018338	67911858	2	2
TCGA-G9-7525	14	67912792	68197350	2	0
TCGA-G9-7525	14	68198507	69753323	2	2
TCGA-G9-7525	14	69755454	69954376	2	0
TCGA-G9-7525	14	69958960	107285437	2	2
TCGA-G9-7525	15	20016328	29558586	5	2
TCGA-G9-7525	15	29558789	43725644	4	2
TCGA-G9-7525	15	43729046	59107110	4	0
TCGA-G9-7525	15	59107497	93911650	4	2
TCGA-G9-7525	15	93912913	102469040	5	2
TCGA-G9-7525	16	60777	90287535	2	2
TCGA-G9-7525	17	526	81049726	2	2
TCGA-G9-7525	18	48133	78015057	2	2
TCGA-G9-7525	19	90910	59097854	2	2
TCGA-G9-7525	20	61305	62956153	2	2
TCGA-G9-7525	21	10736871	22446884	2	2
TCGA-G9-7525	21	22447017	23972256	2	0
TCGA-G9-7525	21	23972323	25883302	2	2
TCGA-G9-7525	21	25884428	26769928	2	0
TCGA-G9-7525	21	26771220	27178307	2	2
TCGA-G9-7525	21	27178550	27575734	2	0
TCGA-G9-7525	21	27575917	28042513	2	2
TCGA-G9-7525	21	28045697	28136284	2	0
TCGA-G9-7525	21	28138968	33097024	2	2
TCGA-G9-7525	21	33100918	33704036	2	0
TCGA-G9-7525	21	33706605	39871509	2	2
TCGA-G9-7525	21	39872696	42867429	2	0
TCGA-G9-7525	21	42867717	48096957	2	2
TCGA-G9-7525	22	16052528	51234455	2	2
TCGA-G9-7525	X	168477	2703391	2	2
TCGA-G9-7525	X	2703633	155233846	2	0
