sample	chr	startpos	endpos	nMajor	nMinor
TCGA-BR-8484	1	61735	18977337	7	1
TCGA-BR-8484	1	18980399	28735412	2	1
TCGA-BR-8484	1	28807906	99637329	2	2
TCGA-BR-8484	1	99637572	105068898	2	1
TCGA-BR-8484	1	105070656	114067833	2	2
TCGA-BR-8484	1	114067938	249224388	3	3
TCGA-BR-8484	2	12784	77235523	2	2
TCGA-BR-8484	2	77240314	96031804	3	1
TCGA-BR-8484	2	96031944	187348984	3	0
TCGA-BR-8484	2	187352289	187479341	0	0
TCGA-BR-8484	2	187483505	243089456	4	0
TCGA-BR-8484	3	60345	89581829	3	0
TCGA-BR-8484	3	89591570	116952326	3	2
TCGA-BR-8484	3	116953054	137818022	4	3
TCGA-BR-8484	3	137818853	197896118	6	3
TCGA-BR-8484	4	12281	2699369	2	2
TCGA-BR-8484	4	2699655	3109428	3	0
TCGA-BR-8484	4	3109442	9653990	3	2
TCGA-BR-8484	4	9659394	47202072	3	3
TCGA-BR-8484	4	47202839	56979924	3	2
TCGA-BR-8484	4	56980231	191027923	3	0
TCGA-BR-8484	5	15532	65108352	2	2
TCGA-BR-8484	5	65109841	96383752	1	1
TCGA-BR-8484	5	96386579	180790320	2	2
TCGA-BR-8484	6	149661	162546218	3	2
TCGA-BR-8484	6	162546462	162962360	0	0
TCGA-BR-8484	6	162964682	163175802	1	0
TCGA-BR-8484	6	163177923	169203275	3	2
TCGA-BR-8484	6	169208375	171051005	4	2
TCGA-BR-8484	7	43259	90356007	2	2
TCGA-BR-8484	7	90359118	91843294	62	1
TCGA-BR-8484	7	91850889	92723689	91	0
TCGA-BR-8484	7	92734065	93288558	55	1
TCGA-BR-8484	7	93298975	97263621	2	2
TCGA-BR-8484	7	97264565	98829666	70	0
TCGA-BR-8484	7	98829678	159127004	2	2
TCGA-BR-8484	8	31254	5994657	3	3
TCGA-BR-8484	8	5995059	25031835	3	2
TCGA-BR-8484	8	25034500	62437468	3	1
TCGA-BR-8484	8	62441024	146298155	3	2
TCGA-BR-8484	9	46587	8893834	3	0
TCGA-BR-8484	9	8894013	9349567	1	0
TCGA-BR-8484	9	9349745	26052884	3	0
TCGA-BR-8484	9	26053744	26457170	1	1
TCGA-BR-8484	9	26457404	141091394	3	0
TCGA-BR-8484	10	72759	82698867	2	2
TCGA-BR-8484	10	82699491	116657783	3	0
TCGA-BR-8484	10	116658479	119783113	4	0
TCGA-BR-8484	10	119787352	135506704	3	0
TCGA-BR-8484	11	198572	134944770	2	2
TCGA-BR-8484	12	150442	21319313	3	1
TCGA-BR-8484	12	21319526	133778189	3	2
TCGA-BR-8484	13	19026949	115108397	2	2
TCGA-BR-8484	14	19002124	107285437	3	0
TCGA-BR-8484	15	20016328	100511906	2	2
TCGA-BR-8484	15	100512079	102469040	2	1
TCGA-BR-8484	16	60777	26861808	3	2
TCGA-BR-8484	16	26864847	27011574	3	0
TCGA-BR-8484	16	27011672	28708199	6	3
TCGA-BR-8484	16	28747534	35283226	3	1
TCGA-BR-8484	16	46463782	90287535	3	0
TCGA-BR-8484	17	526	21532869	3	0
TCGA-BR-8484	17	21534869	81049726	2	2
TCGA-BR-8484	18	48133	4240797	3	0
TCGA-BR-8484	18	4240886	5594739	3	3
TCGA-BR-8484	18	5594917	8363129	3	0
TCGA-BR-8484	18	8363474	9825699	6	3
TCGA-BR-8484	18	9828104	10544900	3	3
TCGA-BR-8484	18	10547300	11501980	3	0
TCGA-BR-8484	18	11502296	78015057	3	2
TCGA-BR-8484	19	90910	59097854	2	2
TCGA-BR-8484	20	61305	744308	6	3
TCGA-BR-8484	20	744415	14768903	3	3
TCGA-BR-8484	20	14771472	15450745	3	0
TCGA-BR-8484	20	15451179	19078842	3	1
TCGA-BR-8484	20	19079137	23160798	7	1
TCGA-BR-8484	20	23162302	62956153	6	1
TCGA-BR-8484	21	10736871	21556476	2	1
TCGA-BR-8484	21	21556564	48096957	1	1
TCGA-BR-8484	22	16052528	51234455	3	0
TCGA-BR-8484	X	168477	2545593	3	0
TCGA-BR-8484	X	2545903	2703391	4	0
TCGA-BR-8484	X	2703633	6598175	3	0
TCGA-BR-8484	X	6598340	6983546	1	0
TCGA-BR-8484	X	6984092	155233846	3	0
