sample	chr	startpos	endpos	nMajor	nMinor
TCGA-A7-A26H	1	61735	109245639	3	1
TCGA-A7-A26H	1	109250148	115687813	3	2
TCGA-A7-A26H	1	115696756	121482979	4	3
TCGA-A7-A26H	1	144007049	157452826	4	4
TCGA-A7-A26H	1	157454832	249224388	5	5
TCGA-A7-A26H	2	12784	243089456	2	2
TCGA-A7-A26H	3	60345	14061611	2	2
TCGA-A7-A26H	3	14062072	14598680	2	0
TCGA-A7-A26H	3	14598843	15132038	2	2
TCGA-A7-A26H	3	15132904	16108351	2	0
TCGA-A7-A26H	3	16110666	42531096	2	2
TCGA-A7-A26H	3	42538514	93626192	2	0
TCGA-A7-A26H	3	93633921	197896118	3	3
TCGA-A7-A26H	4	12281	191027923	2	2
TCGA-A7-A26H	5	15532	180790320	2	2
TCGA-A7-A26H	6	149661	11572356	2	2
TCGA-A7-A26H	6	11572817	12851560	2	0
TCGA-A7-A26H	6	12851625	171051005	2	2
TCGA-A7-A26H	7	43259	85682920	4	2
TCGA-A7-A26H	7	85686918	89577509	9	2
TCGA-A7-A26H	7	89577630	92901559	4	2
TCGA-A7-A26H	7	92904112	112188634	2	0
TCGA-A7-A26H	7	112203769	159127004	2	2
TCGA-A7-A26H	8	31254	8138297	3	0
TCGA-A7-A26H	8	8140390	11630859	4	3
TCGA-A7-A26H	8	11633282	11997095	3	0
TCGA-A7-A26H	8	12000309	72887625	4	3
TCGA-A7-A26H	8	72888965	74231431	5	4
TCGA-A7-A26H	8	74232355	146298155	4	3
TCGA-A7-A26H	9	46587	141091394	2	2
TCGA-A7-A26H	10	72759	135506704	2	2
TCGA-A7-A26H	11	198572	134944770	2	2
TCGA-A7-A26H	12	150442	133778189	2	2
TCGA-A7-A26H	13	19026949	115108397	2	2
TCGA-A7-A26H	14	19002124	107285437	2	2
TCGA-A7-A26H	15	20016328	81020681	2	2
TCGA-A7-A26H	15	81021255	102469040	3	2
TCGA-A7-A26H	16	60777	35283226	4	4
TCGA-A7-A26H	16	46463782	90287535	4	0
TCGA-A7-A26H	17	526	25557550	2	0
TCGA-A7-A26H	17	25557996	30045519	3	3
TCGA-A7-A26H	17	30048755	35675511	4	3
TCGA-A7-A26H	17	35679149	36479384	3	2
TCGA-A7-A26H	17	36480609	41399657	4	4
TCGA-A7-A26H	17	41415522	47126720	3	0
TCGA-A7-A26H	17	47128247	47875864	7	3
TCGA-A7-A26H	17	47878849	48735774	4	4
TCGA-A7-A26H	17	48736403	50969647	7	3
TCGA-A7-A26H	17	50978684	51517278	3	0
TCGA-A7-A26H	17	51520280	52474228	10	3
TCGA-A7-A26H	17	52475456	54682316	5	5
TCGA-A7-A26H	17	54683338	55290843	4	3
TCGA-A7-A26H	17	55291500	56298148	9	4
TCGA-A7-A26H	17	56298646	56857877	4	2
TCGA-A7-A26H	17	56860887	60224520	6	6
TCGA-A7-A26H	17	60225420	63239064	3	3
TCGA-A7-A26H	17	63240192	66221360	4	0
TCGA-A7-A26H	17	66223314	81049726	3	0
TCGA-A7-A26H	18	48133	78015057	2	2
TCGA-A7-A26H	19	90910	59097854	2	2
TCGA-A7-A26H	20	61305	62956153	2	2
TCGA-A7-A26H	21	10736871	48096957	3	2
TCGA-A7-A26H	22	16052528	51234455	2	2
TCGA-A7-A26H	X	168477	155233846	2	2
