sample	chr	startpos	endpos	nMajor	nMinor
TCGA-13-0805	1	61735	24224253	1	0
TCGA-13-0805	1	24227511	249224388	1	1
TCGA-13-0805	2	12784	243089456	1	1
TCGA-13-0805	3	60345	10752578	1	1
TCGA-13-0805	3	10756859	11124768	1	0
TCGA-13-0805	3	11124927	54836426	1	1
TCGA-13-0805	3	54844691	55100688	1	0
TCGA-13-0805	3	55107129	175152547	1	1
TCGA-13-0805	3	175157332	176697069	2	1
TCGA-13-0805	3	176697126	184267941	1	1
TCGA-13-0805	3	184268194	197896118	1	0
TCGA-13-0805	4	12281	60753064	1	0
TCGA-13-0805	4	60756570	96130145	2	0
TCGA-13-0805	4	96131798	98761615	3	0
TCGA-13-0805	4	98762815	102543143	2	0
TCGA-13-0805	4	102546911	191027923	1	0
TCGA-13-0805	5	15532	39386344	1	0
TCGA-13-0805	5	39389024	49432831	1	1
TCGA-13-0805	5	49441958	104117697	1	0
TCGA-13-0805	5	104119852	126324903	2	0
TCGA-13-0805	5	126329658	180790320	2	1
TCGA-13-0805	6	149661	62369706	1	1
TCGA-13-0805	6	62389425	78278205	1	0
TCGA-13-0805	6	78284123	96457632	1	1
TCGA-13-0805	6	96459186	129125885	1	0
TCGA-13-0805	6	129130271	171051005	1	1
TCGA-13-0805	7	43259	61987173	2	0
TCGA-13-0805	7	61987244	159127004	2	1
TCGA-13-0805	8	31254	40921633	1	0
TCGA-13-0805	8	40923349	43139606	2	1
TCGA-13-0805	8	43144404	73205417	1	1
TCGA-13-0805	8	73211496	73833767	1	0
TCGA-13-0805	8	73836154	87016963	1	1
TCGA-13-0805	8	87017693	132450173	2	1
TCGA-13-0805	8	132453456	146298155	1	1
TCGA-13-0805	9	46587	141091394	1	0
TCGA-13-0805	10	72759	87018793	1	1
TCGA-13-0805	10	87022887	87177046	1	0
TCGA-13-0805	10	87179311	135506704	1	1
TCGA-13-0805	11	198572	134944770	1	1
TCGA-13-0805	12	150442	73991711	1	1
TCGA-13-0805	12	73995682	133778189	1	0
TCGA-13-0805	13	19026949	115108397	1	0
TCGA-13-0805	14	19002124	107285437	1	1
TCGA-13-0805	15	20016328	49859616	1	0
TCGA-13-0805	15	49862264	102469040	1	1
TCGA-13-0805	16	60777	4305203	1	0
TCGA-13-0805	16	4312466	35283226	1	1
TCGA-13-0805	16	46463782	90287535	1	0
TCGA-13-0805	17	526	29670190	1	0
TCGA-13-0805	17	29671327	29824011	0	0
TCGA-13-0805	17	29829622	57580369	1	0
TCGA-13-0805	17	57582228	81049726	2	0
TCGA-13-0805	18	48133	46539519	1	1
TCGA-13-0805	18	46539956	78015057	1	0
TCGA-13-0805	19	90910	10184879	1	0
TCGA-13-0805	19	10185007	27960006	2	1
TCGA-13-0805	19	27965515	35002455	1	1
TCGA-13-0805	19	35002775	36689804	2	1
TCGA-13-0805	19	36690874	55462253	1	0
TCGA-13-0805	19	55466952	59097854	1	1
TCGA-13-0805	20	61305	51149532	1	1
TCGA-13-0805	20	51152563	62956153	2	1
TCGA-13-0805	21	10736871	48096957	1	1
TCGA-13-0805	22	16052528	51234455	1	0
TCGA-13-0805	X	168477	6283930	1	0
TCGA-13-0805	X	6285674	6939038	2	0
TCGA-13-0805	X	6947767	155233846	1	0
