sample	chr	startpos	endpos	nMajor	nMinor
TCGA-04-1347	1	61735	6468628	2	2
TCGA-04-1347	1	6475686	6661663	2	1
TCGA-04-1347	1	6665599	25076296	2	2
TCGA-04-1347	1	25083115	91143849	3	2
TCGA-04-1347	1	91144016	95069671	3	3
TCGA-04-1347	1	95070041	103717617	4	3
TCGA-04-1347	1	103721078	107711811	5	3
TCGA-04-1347	1	107714478	121482979	4	3
TCGA-04-1347	1	144007049	163422151	5	3
TCGA-04-1347	1	163422204	165077103	5	4
TCGA-04-1347	1	165077548	199555572	4	3
TCGA-04-1347	1	199555572	214662840	3	3
TCGA-04-1347	1	214662864	219924558	4	4
TCGA-04-1347	1	219924793	237692107	3	3
TCGA-04-1347	1	237702203	239125405	4	4
TCGA-04-1347	1	239125650	244233352	5	4
TCGA-04-1347	1	244233597	249224388	4	3
TCGA-04-1347	2	12784	26744517	5	3
TCGA-04-1347	2	26744856	36416481	4	3
TCGA-04-1347	2	36416792	36506403	3	1
TCGA-04-1347	2	36506690	48929207	3	3
TCGA-04-1347	2	48929607	53183877	4	3
TCGA-04-1347	2	53184823	105153455	3	3
TCGA-04-1347	2	105154379	108847885	3	2
TCGA-04-1347	2	108848137	115555554	2	2
TCGA-04-1347	2	115556127	118091567	3	2
TCGA-04-1347	2	118092115	160146864	2	2
TCGA-04-1347	2	160147145	162972370	2	1
TCGA-04-1347	2	162972385	187816563	3	1
TCGA-04-1347	2	187819439	230209563	3	2
TCGA-04-1347	2	230209923	237744945	3	3
TCGA-04-1347	2	237750176	243089456	3	2
TCGA-04-1347	3	60345	26958669	1	1
TCGA-04-1347	3	26963258	72459813	2	1
TCGA-04-1347	3	72464058	79509294	1	1
TCGA-04-1347	3	79511490	80316867	2	1
TCGA-04-1347	3	80317911	88365939	1	1
TCGA-04-1347	3	88367758	89864697	2	1
TCGA-04-1347	3	89865368	150307263	4	3
TCGA-04-1347	3	150307263	162797622	4	4
TCGA-04-1347	3	162800536	169805774	6	6
TCGA-04-1347	3	169807423	173060156	5	5
TCGA-04-1347	3	173061362	180699321	6	5
TCGA-04-1347	3	180700684	186976141	6	3
TCGA-04-1347	3	186976256	197896118	7	3
TCGA-04-1347	4	12281	18733362	4	0
TCGA-04-1347	4	18733514	24225438	5	0
TCGA-04-1347	4	24225918	27327703	4	0
TCGA-04-1347	4	27331116	35931671	5	0
TCGA-04-1347	4	35931689	52770545	4	0
TCGA-04-1347	4	52773963	72835876	3	0
TCGA-04-1347	4	72835953	100760606	5	0
TCGA-04-1347	4	100760661	147865004	2	0
TCGA-04-1347	4	147865105	147991697	1	0
TCGA-04-1347	4	147993672	191027923	2	0
TCGA-04-1347	5	15532	17180603	2	2
TCGA-04-1347	5	17180702	31702283	3	2
TCGA-04-1347	5	31702683	32114370	2	1
TCGA-04-1347	5	32115411	45980109	2	2
TCGA-04-1347	5	45982066	50353706	3	1
TCGA-04-1347	5	50355315	126455401	3	0
TCGA-04-1347	5	126457615	130574241	4	2
TCGA-04-1347	5	130574402	162043850	3	1
TCGA-04-1347	5	162043995	163310614	2	1
TCGA-04-1347	5	163310614	167159049	3	2
TCGA-04-1347	5	167159343	180790320	2	1
TCGA-04-1347	6	149661	16750856	3	3
TCGA-04-1347	6	16750901	49017299	4	3
TCGA-04-1347	6	49017502	54720411	3	2
TCGA-04-1347	6	54720443	56075203	5	2
TCGA-04-1347	6	56075487	57326318	11	2
TCGA-04-1347	6	57327774	62369706	7	2
TCGA-04-1347	6	62389425	84547238	3	2
TCGA-04-1347	6	84561494	86504983	9	2
TCGA-04-1347	6	86506878	87735225	3	2
TCGA-04-1347	6	87738870	91311063	4	2
TCGA-04-1347	6	91311324	92842863	5	3
TCGA-04-1347	6	92849277	94134223	3	2
TCGA-04-1347	6	94134320	95834652	8	3
TCGA-04-1347	6	95836160	97633707	5	3
TCGA-04-1347	6	97634095	106008572	9	3
TCGA-04-1347	6	106010035	110947776	11	2
TCGA-04-1347	6	110953316	115895456	7	2
TCGA-04-1347	6	115895909	123749243	2	1
TCGA-04-1347	6	123749928	129717358	1	1
TCGA-04-1347	6	129718493	171051005	2	1
TCGA-04-1347	7	43259	61839495	2	1
TCGA-04-1347	7	61839702	98289176	4	3
TCGA-04-1347	7	98289194	101551959	3	3
TCGA-04-1347	7	101558899	124637517	4	2
TCGA-04-1347	7	124639501	132371626	3	2
TCGA-04-1347	7	132372533	144137137	5	2
TCGA-04-1347	7	144137584	148036152	6	2
TCGA-04-1347	7	148036191	159127004	4	2
TCGA-04-1347	8	31254	2626395	5	1
TCGA-04-1347	8	2626395	5930859	7	1
TCGA-04-1347	8	5931095	18674701	6	1
TCGA-04-1347	8	18674714	31180172	5	1
TCGA-04-1347	8	31181461	36981647	6	1
TCGA-04-1347	8	36981730	49413390	4	1
TCGA-04-1347	8	49418983	53770420	2	1
TCGA-04-1347	8	53772315	55887631	3	1
TCGA-04-1347	8	55888686	56348623	6	1
TCGA-04-1347	8	56349307	59005247	4	1
TCGA-04-1347	8	59015006	60220457	3	1
TCGA-04-1347	8	60223208	60336290	6	2
TCGA-04-1347	8	60337732	61528903	4	1
TCGA-04-1347	8	61531430	64443237	6	1
TCGA-04-1347	8	64446416	66628981	3	1
TCGA-04-1347	8	66634526	69102173	5	1
TCGA-04-1347	8	69102348	70217943	9	1
TCGA-04-1347	8	70218637	71312863	5	1
TCGA-04-1347	8	71313980	122782756	1	1
TCGA-04-1347	8	122782960	136224372	2	1
TCGA-04-1347	8	136224857	141966711	3	1
TCGA-04-1347	8	141967272	146298155	3	0
TCGA-04-1347	9	46587	7885626	3	0
TCGA-04-1347	9	7887951	14694302	4	0
TCGA-04-1347	9	14694372	15221189	2	0
TCGA-04-1347	9	15224375	141091394	3	0
TCGA-04-1347	10	72759	8232008	4	1
TCGA-04-1347	10	8232422	10963539	5	2
TCGA-04-1347	10	10964867	34208111	4	1
TCGA-04-1347	10	34210194	42907201	5	1
TCGA-04-1347	10	42907551	45728620	4	1
TCGA-04-1347	10	45729591	77132178	3	0
TCGA-04-1347	10	77134502	90565119	4	0
TCGA-04-1347	10	90565864	91956928	3	0
TCGA-04-1347	10	91957717	127979671	4	0
TCGA-04-1347	10	127980603	135506704	5	0
TCGA-04-1347	11	198572	24119246	2	0
TCGA-04-1347	11	24119262	66732821	2	1
TCGA-04-1347	11	66737555	134944770	2	2
TCGA-04-1347	12	150442	23920585	4	2
TCGA-04-1347	12	23921234	55582450	3	2
TCGA-04-1347	12	55583138	58776537	3	3
TCGA-04-1347	12	58776697	126127444	3	2
TCGA-04-1347	12	126127702	128175848	4	3
TCGA-04-1347	12	128182338	133778189	3	3
TCGA-04-1347	13	19026949	50332027	2	0
TCGA-04-1347	13	50333387	53401705	3	0
TCGA-04-1347	13	53404682	86741398	2	0
TCGA-04-1347	13	86745985	115108397	2	1
TCGA-04-1347	14	19002124	25522269	4	2
TCGA-04-1347	14	25523649	26703424	8	3
TCGA-04-1347	14	26703867	26727062	4	1
TCGA-04-1347	14	26727873	35946661	2	2
TCGA-04-1347	14	35947614	37258704	3	2
TCGA-04-1347	14	37261411	78697869	2	1
TCGA-04-1347	14	78704071	88003232	3	2
TCGA-04-1347	14	88006688	98136635	2	2
TCGA-04-1347	14	98136648	107285437	3	2
TCGA-04-1347	15	20016328	24339416	2	1
TCGA-04-1347	15	24339754	34147172	1	1
TCGA-04-1347	15	34147309	41745492	2	1
TCGA-04-1347	15	41751678	58619167	3	1
TCGA-04-1347	15	58619349	72725039	2	1
TCGA-04-1347	15	72725289	81349773	2	2
TCGA-04-1347	15	81350404	86892638	3	2
TCGA-04-1347	15	86892893	88665170	3	3
TCGA-04-1347	15	88666646	95779456	3	2
TCGA-04-1347	15	95780608	98681490	4	3
TCGA-04-1347	15	98682895	102469040	3	2
TCGA-04-1347	16	60777	5682868	4	1
TCGA-04-1347	16	5686848	8594986	5	1
TCGA-04-1347	16	8595074	18770846	4	1
TCGA-04-1347	16	18779448	35283226	3	1
TCGA-04-1347	16	46463782	49067733	3	0
TCGA-04-1347	16	49067860	70842097	2	0
TCGA-04-1347	16	70854381	71202489	3	1
TCGA-04-1347	16	71202797	81622662	2	0
TCGA-04-1347	16	81626255	90287535	2	1
TCGA-04-1347	17	526	43659975	4	0
TCGA-04-1347	17	43664693	49689493	5	0
TCGA-04-1347	17	49689592	52964283	7	0
TCGA-04-1347	17	52964587	63448326	6	0
TCGA-04-1347	17	63448423	64173794	3	0
TCGA-04-1347	17	64181692	66769309	6	0
TCGA-04-1347	17	66773151	69973933	7	0
TCGA-04-1347	17	69976934	81049726	6	0
TCGA-04-1347	18	48133	10143650	4	2
TCGA-04-1347	18	10145810	23795046	3	2
TCGA-04-1347	18	23795473	24237974	2	1
TCGA-04-1347	18	24238256	24729376	2	2
TCGA-04-1347	18	24733853	28247857	3	1
TCGA-04-1347	18	28249008	78015057	1	1
TCGA-04-1347	19	90910	20220466	2	1
TCGA-04-1347	19	20222962	28150676	3	2
TCGA-04-1347	19	28153218	28474961	5	2
TCGA-04-1347	19	28475079	29392946	4	2
TCGA-04-1347	19	29393791	29580267	3	1
TCGA-04-1347	19	29580373	51083595	3	2
TCGA-04-1347	19	51084705	59097854	2	1
TCGA-04-1347	20	61305	16715405	4	2
TCGA-04-1347	20	16716075	17261540	9	2
TCGA-04-1347	20	17261594	53323469	6	2
TCGA-04-1347	20	53323980	54451666	7	3
TCGA-04-1347	20	54453943	62956153	6	3
TCGA-04-1347	21	10736871	48096957	3	1
TCGA-04-1347	22	16052528	42386032	2	1
TCGA-04-1347	22	42387150	51234455	1	0
TCGA-04-1347	X	168477	44340692	1	0
TCGA-04-1347	X	44343696	49916807	3	0
TCGA-04-1347	X	49917961	76086358	2	0
TCGA-04-1347	X	76086877	79252954	1	0
TCGA-04-1347	X	79253672	111055162	2	0
TCGA-04-1347	X	111056798	155233846	1	0
