sample	chr	startpos	endpos	nMajor	nMinor
TCGA-A3-3372-b	1	61735	249224388	3	1
TCGA-A3-3372-b	2	12784	33268989	2	2
TCGA-A3-3372-b	2	33273211	36849512	3	2
TCGA-A3-3372-b	2	36850797	243089456	2	2
TCGA-A3-3372-b	3	60345	197896118	2	0
TCGA-A3-3372-b	4	12281	187729614	2	1
TCGA-A3-3372-b	4	187733750	191027923	3	1
TCGA-A3-3372-b	5	15532	1705270	3	2
TCGA-A3-3372-b	5	1705394	4646334	3	3
TCGA-A3-3372-b	5	4646633	180790320	3	2
TCGA-A3-3372-b	6	149661	45398157	2	1
TCGA-A3-3372-b	6	45398531	46999279	3	1
TCGA-A3-3372-b	6	47000521	171051005	2	1
TCGA-A3-3372-b	7	43259	159127004	3	1
TCGA-A3-3372-b	8	31254	146298155	2	0
TCGA-A3-3372-b	9	46587	141091394	1	1
TCGA-A3-3372-b	10	72759	135506704	2	1
TCGA-A3-3372-b	11	198572	38316291	2	2
TCGA-A3-3372-b	11	38320112	42467647	3	2
TCGA-A3-3372-b	11	42468029	99069209	2	2
TCGA-A3-3372-b	11	99069944	102043514	3	2
TCGA-A3-3372-b	11	102044647	134944770	2	2
TCGA-A3-3372-b	12	150442	126328705	2	2
TCGA-A3-3372-b	12	126328809	130081447	3	2
TCGA-A3-3372-b	12	130081807	133778189	2	2
TCGA-A3-3372-b	13	19026949	115108397	2	1
TCGA-A3-3372-b	14	19002124	107285437	2	1
TCGA-A3-3372-b	15	20016328	26892297	3	2
TCGA-A3-3372-b	15	26894921	94213601	2	2
TCGA-A3-3372-b	15	94214587	98633583	3	2
TCGA-A3-3372-b	15	98640337	102469040	2	2
TCGA-A3-3372-b	16	60777	35283226	3	2
TCGA-A3-3372-b	16	46463782	90287535	2	1
TCGA-A3-3372-b	17	526	81049726	2	1
TCGA-A3-3372-b	18	48133	78015057	2	0
TCGA-A3-3372-b	19	90910	22069776	2	1
TCGA-A3-3372-b	19	22071806	29688313	3	1
TCGA-A3-3372-b	19	29688732	59097854	2	1
TCGA-A3-3372-b	20	61305	62956153	2	2
TCGA-A3-3372-b	21	10736871	47527681	2	2
TCGA-A3-3372-b	21	47532873	48096957	3	1
TCGA-A3-3372-b	22	16052528	51234455	2	1
TCGA-A3-3372-b	X	168477	154985852	2	0
TCGA-A3-3372-b	X	154990627	155233846	2	1
