sample	chr	startpos	endpos	nMajor	nMinor
TCGA-DT-5265	1	61735	249224388	1	1
TCGA-DT-5265	2	12784	243089456	1	1
TCGA-DT-5265	3	60345	197896118	1	0
TCGA-DT-5265	4	12281	11476061	1	1
TCGA-DT-5265	4	11479488	12165924	2	1
TCGA-DT-5265	4	12172065	38083814	1	1
TCGA-DT-5265	4	38086795	38394742	2	1
TCGA-DT-5265	4	38396237	191027923	1	1
TCGA-DT-5265	5	15532	180790320	1	1
TCGA-DT-5265	6	149661	171051005	1	0
TCGA-DT-5265	7	43259	159127004	2	1
TCGA-DT-5265	8	31254	34548797	1	0
TCGA-DT-5265	8	34550799	146298155	1	1
TCGA-DT-5265	9	46587	141091394	1	1
TCGA-DT-5265	10	72759	135506704	1	1
TCGA-DT-5265	11	198572	51096372	1	1
TCGA-DT-5265	11	51126742	68600104	1	0
TCGA-DT-5265	11	68602207	69945891	11	1
TCGA-DT-5265	11	69946971	70596359	6	1
TCGA-DT-5265	11	70605728	71107119	3	1
TCGA-DT-5265	11	71107367	71981972	1	1
TCGA-DT-5265	11	71986480	72321307	1	0
TCGA-DT-5265	11	72322179	75899921	1	1
TCGA-DT-5265	11	75900527	80463711	2	1
TCGA-DT-5265	11	80476075	81786967	1	1
TCGA-DT-5265	11	81792803	82825219	1	0
TCGA-DT-5265	11	82826874	86373817	2	1
TCGA-DT-5265	11	86374123	88753845	1	1
TCGA-DT-5265	11	88755348	116574584	1	0
TCGA-DT-5265	11	116575555	117537767	1	1
TCGA-DT-5265	11	117544501	117569726	3	1
TCGA-DT-5265	11	117570851	118925935	4	1
TCGA-DT-5265	11	118931099	118959732	2	1
TCGA-DT-5265	11	118961231	118999705	3	1
TCGA-DT-5265	11	119003241	129493425	1	0
TCGA-DT-5265	11	129494364	131565936	1	1
TCGA-DT-5265	11	131565964	134944770	1	0
TCGA-DT-5265	12	150442	26594948	1	1
TCGA-DT-5265	12	26595081	26744406	1	0
TCGA-DT-5265	12	26747801	133778189	1	1
TCGA-DT-5265	13	19026949	55084385	1	0
TCGA-DT-5265	13	55088997	58508184	1	1
TCGA-DT-5265	13	58511158	115108397	2	1
TCGA-DT-5265	14	19002124	107285437	1	1
TCGA-DT-5265	15	20016328	102469040	1	1
TCGA-DT-5265	16	60777	90287535	2	0
TCGA-DT-5265	17	526	25270411	1	0
TCGA-DT-5265	17	25270517	42848197	1	1
TCGA-DT-5265	17	42854208	63069336	1	0
TCGA-DT-5265	17	63069727	64268858	0	0
TCGA-DT-5265	17	64269032	76796095	1	0
TCGA-DT-5265	17	76797497	78644018	2	0
TCGA-DT-5265	17	78656487	79511400	2	2
TCGA-DT-5265	17	79513952	81049726	1	0
TCGA-DT-5265	18	48133	8258491	1	1
TCGA-DT-5265	18	8266513	9165446	1	0
TCGA-DT-5265	18	9185129	10501035	1	1
TCGA-DT-5265	18	10503663	10903705	1	0
TCGA-DT-5265	18	10905079	11649014	1	1
TCGA-DT-5265	18	11649554	13245606	1	0
TCGA-DT-5265	18	13246168	14701387	1	1
TCGA-DT-5265	18	14702637	15177772	2	1
TCGA-DT-5265	18	15180159	24976838	2	0
TCGA-DT-5265	18	24977529	25390442	2	1
TCGA-DT-5265	18	25391230	35558959	2	0
TCGA-DT-5265	18	35558983	36882962	2	1
TCGA-DT-5265	18	36883340	40049050	2	0
TCGA-DT-5265	18	40050171	40190269	3	1
TCGA-DT-5265	18	40190638	41655963	2	0
TCGA-DT-5265	18	41657566	42678020	2	1
TCGA-DT-5265	18	42678535	42856285	2	0
TCGA-DT-5265	18	42856401	45287801	2	1
TCGA-DT-5265	18	45294396	48527417	1	0
TCGA-DT-5265	18	48535361	50451397	0	0
TCGA-DT-5265	18	50453818	60310035	2	0
TCGA-DT-5265	18	60312131	60604893	2	1
TCGA-DT-5265	18	60614397	61784954	2	0
TCGA-DT-5265	18	61785996	62397461	2	1
TCGA-DT-5265	18	62397699	63322152	2	0
TCGA-DT-5265	18	63331809	66270439	2	1
TCGA-DT-5265	18	66270696	67346440	1	1
TCGA-DT-5265	18	67347133	70100132	2	1
TCGA-DT-5265	18	70100282	78015057	1	0
TCGA-DT-5265	19	90910	6190970	1	0
TCGA-DT-5265	19	6191372	59097854	1	1
TCGA-DT-5265	20	61305	62956153	1	1
TCGA-DT-5265	21	10736871	48096957	1	1
TCGA-DT-5265	22	16052528	17761425	1	0
TCGA-DT-5265	22	17762536	18884865	1	1
TCGA-DT-5265	22	18886901	19478222	1	0
TCGA-DT-5265	22	19479104	28996803	1	1
TCGA-DT-5265	22	28999197	29750752	1	0
TCGA-DT-5265	22	29750948	51234455	1	1
TCGA-DT-5265	X	168477	10882887	4	0
TCGA-DT-5265	X	10884013	13063220	2	0
TCGA-DT-5265	X	13065600	13073655	6	0
TCGA-DT-5265	X	13074495	23141873	4	0
TCGA-DT-5265	X	23143190	24438010	7	0
TCGA-DT-5265	X	24438664	25814128	2	0
TCGA-DT-5265	X	25814596	27686734	5	0
TCGA-DT-5265	X	27687758	41296675	2	0
TCGA-DT-5265	X	41302479	41433191	4	0
TCGA-DT-5265	X	41436651	155233846	2	0
