sample	chr	startpos	endpos	nMajor	nMinor
TCGA-44-6775-a	1	61735	121482979	1	1
TCGA-44-6775-a	1	144007049	249224388	2	1
TCGA-44-6775-a	2	12784	98798684	1	1
TCGA-44-6775-a	2	98799891	101443668	2	0
TCGA-44-6775-a	2	101443805	243089456	1	1
TCGA-44-6775-a	3	60345	197896118	1	1
TCGA-44-6775-a	4	12281	48491010	1	1
TCGA-44-6775-a	4	48494546	53301062	3	0
TCGA-44-6775-a	4	53304552	191027923	1	1
TCGA-44-6775-a	5	15532	49432831	2	2
TCGA-44-6775-a	5	49441958	80776035	1	0
TCGA-44-6775-a	5	80776203	82433399	2	1
TCGA-44-6775-a	5	82433781	94744006	1	0
TCGA-44-6775-a	5	94744241	95615806	2	1
TCGA-44-6775-a	5	95616506	180790320	2	0
TCGA-44-6775-a	6	149661	171051005	1	0
TCGA-44-6775-a	7	43259	62324868	3	2
TCGA-44-6775-a	7	62325513	73186630	2	1
TCGA-44-6775-a	7	73187651	159127004	2	0
TCGA-44-6775-a	8	31254	97621350	1	0
TCGA-44-6775-a	8	97621976	98337350	2	2
TCGA-44-6775-a	8	98339277	99592624	1	0
TCGA-44-6775-a	8	99595799	102975456	2	2
TCGA-44-6775-a	8	102976365	110190330	1	1
TCGA-44-6775-a	8	110190556	113080325	1	0
TCGA-44-6775-a	8	113082865	135026266	1	1
TCGA-44-6775-a	8	135026472	135767053	2	0
TCGA-44-6775-a	8	135767771	146298155	1	1
TCGA-44-6775-a	9	46587	141091394	1	1
TCGA-44-6775-a	10	72759	135506704	1	0
TCGA-44-6775-a	11	198572	48018891	1	1
TCGA-44-6775-a	11	48019397	56106564	3	0
TCGA-44-6775-a	11	56112025	134944770	1	1
TCGA-44-6775-a	12	150442	133778189	1	0
TCGA-44-6775-a	13	19026949	115108397	2	0
TCGA-44-6775-a	14	19002124	107285437	1	0
TCGA-44-6775-a	15	20016328	102469040	1	0
TCGA-44-6775-a	16	60777	35283226	2	1
TCGA-44-6775-a	16	46463782	48396338	3	0
TCGA-44-6775-a	16	48401916	51283390	2	1
TCGA-44-6775-a	16	51289593	90287535	1	0
TCGA-44-6775-a	17	526	22167804	1	0
TCGA-44-6775-a	17	22168795	81049726	1	1
TCGA-44-6775-a	18	48133	13591995	1	1
TCGA-44-6775-a	18	13594488	19490252	2	0
TCGA-44-6775-a	18	19491550	78015057	1	0
TCGA-44-6775-a	19	90910	23469056	1	1
TCGA-44-6775-a	19	23471693	24222527	2	0
TCGA-44-6775-a	19	24222786	59097854	1	1
TCGA-44-6775-a	20	61305	22133720	2	0
TCGA-44-6775-a	20	22134903	23811186	2	2
TCGA-44-6775-a	20	23811836	30489721	2	1
TCGA-44-6775-a	20	30494849	62956153	2	0
TCGA-44-6775-a	21	10736871	48096957	1	1
TCGA-44-6775-a	22	16052528	51234455	1	1
TCGA-44-6775-a	X	168477	58259582	1	1
TCGA-44-6775-a	X	58263001	67158555	2	0
TCGA-44-6775-a	X	67161402	109758202	1	1
TCGA-44-6775-a	X	109762653	112088761	2	0
TCGA-44-6775-a	X	112089124	155233846	1	1
