sample	chr	startpos	endpos	nMajor	nMinor
TCGA-CH-5764	1	61735	76241323	2	2
TCGA-CH-5764	1	76242263	79258288	2	0
TCGA-CH-5764	1	79260847	105070656	2	2
TCGA-CH-5764	1	105071865	119553453	2	0
TCGA-CH-5764	1	119554633	177599001	2	2
TCGA-CH-5764	1	177599192	187300242	2	0
TCGA-CH-5764	1	187300691	227361270	2	2
TCGA-CH-5764	1	227362857	235663874	2	0
TCGA-CH-5764	1	235678750	249224388	2	2
TCGA-CH-5764	2	12784	64635361	2	2
TCGA-CH-5764	2	64636261	75321180	2	0
TCGA-CH-5764	2	75321603	169671161	2	2
TCGA-CH-5764	2	169671203	171758777	2	0
TCGA-CH-5764	2	171760281	243089456	2	2
TCGA-CH-5764	3	60345	72165877	2	2
TCGA-CH-5764	3	72167049	72609019	2	0
TCGA-CH-5764	3	72610442	197896118	2	2
TCGA-CH-5764	4	12281	185050629	2	2
TCGA-CH-5764	4	185057573	185391244	2	0
TCGA-CH-5764	4	185391408	187669842	2	2
TCGA-CH-5764	4	187670184	188060845	2	0
TCGA-CH-5764	4	188061746	191027923	3	2
TCGA-CH-5764	5	15532	4511884	3	2
TCGA-CH-5764	5	4512174	58123540	2	2
TCGA-CH-5764	5	58126346	58344427	4	1
TCGA-CH-5764	5	58344518	61316614	1	1
TCGA-CH-5764	5	61318402	72350552	2	1
TCGA-CH-5764	5	72353677	180790320	2	2
TCGA-CH-5764	6	149661	129177251	2	2
TCGA-CH-5764	6	129178817	132808973	3	2
TCGA-CH-5764	6	132809436	171051005	2	2
TCGA-CH-5764	7	43259	159127004	2	2
TCGA-CH-5764	8	31254	17980067	2	0
TCGA-CH-5764	8	17981089	18214811	2	2
TCGA-CH-5764	8	18215013	42585333	2	0
TCGA-CH-5764	8	42588395	62701881	2	2
TCGA-CH-5764	8	62702157	70837557	3	2
TCGA-CH-5764	8	70838611	146298155	2	2
TCGA-CH-5764	9	46587	1495780	3	2
TCGA-CH-5764	9	1496230	13165966	2	2
TCGA-CH-5764	9	13166139	15900771	2	1
TCGA-CH-5764	9	15900893	141091394	2	2
TCGA-CH-5764	10	72759	135506704	2	2
TCGA-CH-5764	11	198572	96985754	2	2
TCGA-CH-5764	11	96987167	101341565	3	2
TCGA-CH-5764	11	101343629	134944770	2	2
TCGA-CH-5764	12	150442	133778189	2	2
TCGA-CH-5764	13	19026949	40531577	2	2
TCGA-CH-5764	13	40533784	46692479	2	0
TCGA-CH-5764	13	46693513	68077132	2	2
TCGA-CH-5764	13	68082026	81395878	2	1
TCGA-CH-5764	13	81399493	115108397	2	2
TCGA-CH-5764	14	19002124	107285437	2	2
TCGA-CH-5764	15	20016328	26624584	3	2
TCGA-CH-5764	15	26624622	102469040	2	2
TCGA-CH-5764	16	60777	19611837	2	2
TCGA-CH-5764	16	19614786	30423510	2	0
TCGA-CH-5764	16	30423751	54057379	2	2
TCGA-CH-5764	16	54057771	90287535	2	0
TCGA-CH-5764	17	526	1413846	2	2
TCGA-CH-5764	17	1414242	20111317	2	0
TCGA-CH-5764	17	20111629	81049726	2	2
TCGA-CH-5764	18	48133	20302753	2	2
TCGA-CH-5764	18	20306567	21894500	2	1
TCGA-CH-5764	18	21894943	78015057	2	2
TCGA-CH-5764	19	90910	59097854	2	2
TCGA-CH-5764	20	61305	20295127	2	2
TCGA-CH-5764	20	20298392	29651749	3	2
TCGA-CH-5764	20	29835049	62956153	2	2
TCGA-CH-5764	21	10736871	17567935	3	1
TCGA-CH-5764	21	17569462	29424988	2	2
TCGA-CH-5764	21	29425453	30520712	2	1
TCGA-CH-5764	21	30520907	39869294	2	2
TCGA-CH-5764	21	39871276	42868213	2	0
TCGA-CH-5764	21	42868337	48096957	2	2
TCGA-CH-5764	22	16052528	51234455	2	2
TCGA-CH-5764	X	168477	2703391	2	2
TCGA-CH-5764	X	2703633	154929308	2	0
TCGA-CH-5764	X	154929498	155233846	3	2
