sample	chr	startpos	endpos	nMajor	nMinor
TCGA-23-1028	1	61735	8232625	2	0
TCGA-23-1028	1	8237799	23498024	1	0
TCGA-23-1028	1	23501264	35735630	2	0
TCGA-23-1028	1	35736853	40417343	2	1
TCGA-23-1028	1	40423031	46730398	1	1
TCGA-23-1028	1	46733105	47269984	2	1
TCGA-23-1028	1	47270954	50502067	1	1
TCGA-23-1028	1	50514968	59113587	1	0
TCGA-23-1028	1	59113697	59298536	0	0
TCGA-23-1028	1	59300273	118411515	1	0
TCGA-23-1028	1	118413589	202137740	1	1
TCGA-23-1028	1	202137929	206308220	2	1
TCGA-23-1028	1	206310437	209287172	1	1
TCGA-23-1028	1	209287367	209797253	2	1
TCGA-23-1028	1	209798824	214665633	1	1
TCGA-23-1028	1	214666276	214853290	2	1
TCGA-23-1028	1	214854383	246665393	1	1
TCGA-23-1028	1	246665406	246954988	2	1
TCGA-23-1028	1	246955978	249224388	1	1
TCGA-23-1028	2	12784	35872864	1	1
TCGA-23-1028	2	35873012	36203152	2	1
TCGA-23-1028	2	36205588	101326877	1	1
TCGA-23-1028	2	101329121	137263270	1	0
TCGA-23-1028	2	137263639	190934325	1	1
TCGA-23-1028	2	190935309	191053129	2	1
TCGA-23-1028	2	191053280	227227614	1	1
TCGA-23-1028	2	227236073	243089456	1	0
TCGA-23-1028	3	60345	129648591	1	1
TCGA-23-1028	3	129650074	196899605	2	1
TCGA-23-1028	3	196903715	197896118	1	1
TCGA-23-1028	4	12281	3227539	2	0
TCGA-23-1028	4	3230738	117242176	1	0
TCGA-23-1028	4	117250150	122093338	2	0
TCGA-23-1028	4	122094245	131254621	3	0
TCGA-23-1028	4	131255125	148268104	2	0
TCGA-23-1028	4	148275490	191027923	1	0
TCGA-23-1028	5	15532	23385490	2	1
TCGA-23-1028	5	23387430	58162821	1	1
TCGA-23-1028	5	58163263	169597240	1	0
TCGA-23-1028	5	169599910	169636752	2	0
TCGA-23-1028	5	169639058	172171270	1	0
TCGA-23-1028	5	172171545	180790320	2	0
TCGA-23-1028	6	149661	24353280	3	1
TCGA-23-1028	6	24353436	62619791	1	1
TCGA-23-1028	6	62620097	62809883	2	1
TCGA-23-1028	6	62812876	82164563	1	0
TCGA-23-1028	6	82165731	83412683	1	1
TCGA-23-1028	6	83414014	146689262	1	0
TCGA-23-1028	6	146703973	171051005	2	0
TCGA-23-1028	7	43259	13608409	1	0
TCGA-23-1028	7	13617615	13632645	2	0
TCGA-23-1028	7	13635158	19729991	2	1
TCGA-23-1028	7	19730538	148120944	1	1
TCGA-23-1028	7	148128759	159127004	1	0
TCGA-23-1028	8	31254	27335345	1	0
TCGA-23-1028	8	27335734	99257517	1	1
TCGA-23-1028	8	99257746	109544394	1	0
TCGA-23-1028	8	109544541	114895789	4	0
TCGA-23-1028	8	114900979	139764396	3	0
TCGA-23-1028	8	139764797	145889089	4	0
TCGA-23-1028	8	145892998	146298155	4	1
TCGA-23-1028	9	46587	378673	2	1
TCGA-23-1028	9	379275	396293	4	1
TCGA-23-1028	9	396380	4403296	2	1
TCGA-23-1028	9	4403337	4487575	1	0
TCGA-23-1028	9	4490134	21035672	2	1
TCGA-23-1028	9	21036539	47217176	1	1
TCGA-23-1028	9	65616971	141091394	1	0
TCGA-23-1028	10	72759	3262561	2	1
TCGA-23-1028	10	3262682	135506704	1	1
TCGA-23-1028	11	198572	18737952	1	0
TCGA-23-1028	11	18738718	32506933	1	1
TCGA-23-1028	11	32508083	32734619	2	1
TCGA-23-1028	11	32740565	46517200	1	1
TCGA-23-1028	11	46524958	46917983	2	1
TCGA-23-1028	11	46918529	127188984	1	1
TCGA-23-1028	11	127193005	134944770	1	0
TCGA-23-1028	12	150442	10047295	1	1
TCGA-23-1028	12	10048065	29511205	1	0
TCGA-23-1028	12	29511300	44649287	1	1
TCGA-23-1028	12	44653435	44932249	3	1
TCGA-23-1028	12	44933422	48092815	2	1
TCGA-23-1028	12	48093012	50437364	1	1
TCGA-23-1028	12	50441751	50538097	2	1
TCGA-23-1028	12	50543422	72961592	1	1
TCGA-23-1028	12	72975347	94640372	1	0
TCGA-23-1028	12	94641754	104329433	2	0
TCGA-23-1028	12	104330515	105001822	3	0
TCGA-23-1028	12	105002015	112423062	2	0
TCGA-23-1028	12	112425746	116174409	1	0
TCGA-23-1028	12	116175643	119356076	2	0
TCGA-23-1028	12	119356465	133778189	1	0
TCGA-23-1028	13	19026949	50738656	1	1
TCGA-23-1028	13	50741527	62119203	2	1
TCGA-23-1028	13	62121135	111180494	1	1
TCGA-23-1028	13	111181503	115108397	1	0
TCGA-23-1028	14	19002124	21811566	1	1
TCGA-23-1028	14	21811630	79486454	1	0
TCGA-23-1028	14	79490575	103869628	2	0
TCGA-23-1028	14	103869849	107285437	2	1
TCGA-23-1028	15	20016328	67770306	1	1
TCGA-23-1028	15	67774033	82031025	2	1
TCGA-23-1028	15	82033175	102469040	1	1
TCGA-23-1028	16	60777	12969411	1	0
TCGA-23-1028	16	12976146	65696157	1	1
TCGA-23-1028	16	65701590	90287535	1	0
TCGA-23-1028	17	526	1070622	5	0
TCGA-23-1028	17	1071624	2405756	3	0
TCGA-23-1028	17	2407943	8320223	2	0
TCGA-23-1028	17	8320276	63866108	1	0
TCGA-23-1028	17	63867881	81049726	2	0
TCGA-23-1028	18	48133	3859300	1	1
TCGA-23-1028	18	3862461	4147919	2	1
TCGA-23-1028	18	4148352	19547910	1	1
TCGA-23-1028	18	19550438	78015057	1	0
TCGA-23-1028	19	90910	10621208	1	0
TCGA-23-1028	19	10623705	55622741	1	1
TCGA-23-1028	19	55622921	59097854	2	1
TCGA-23-1028	20	61305	10158249	1	0
TCGA-23-1028	20	10158770	35273127	1	1
TCGA-23-1028	20	35273723	54965901	1	0
TCGA-23-1028	20	54965988	59179525	2	0
TCGA-23-1028	20	59179783	62956153	3	0
TCGA-23-1028	21	10736871	14645859	1	0
TCGA-23-1028	21	14649798	41402440	2	0
TCGA-23-1028	21	41402607	48096957	1	0
TCGA-23-1028	22	16052528	23666232	1	1
TCGA-23-1028	22	23666379	23970430	2	1
TCGA-23-1028	22	23972141	40727159	1	1
TCGA-23-1028	22	40728131	51234455	1	0
TCGA-23-1028	X	168477	40999511	1	0
TCGA-23-1028	X	41001459	114219942	1	1
TCGA-23-1028	X	114220083	155233846	2	1
