sample	chr	startpos	endpos	nMajor	nMinor
TCGA-CR-5249	1	61735	249224388	1	1
TCGA-CR-5249	2	12784	243089456	1	1
TCGA-CR-5249	3	60345	123080916	1	1
TCGA-CR-5249	3	123082398	168389435	2	1
TCGA-CR-5249	3	168390195	169932834	3	1
TCGA-CR-5249	3	169932915	189759427	9	1
TCGA-CR-5249	3	189760111	193973125	6	1
TCGA-CR-5249	3	193975868	197896118	9	1
TCGA-CR-5249	4	12281	191027923	1	1
TCGA-CR-5249	5	15532	180790320	1	1
TCGA-CR-5249	6	149661	43757553	2	0
TCGA-CR-5249	6	43757896	171051005	1	1
TCGA-CR-5249	7	43259	158444634	1	1
TCGA-CR-5249	7	158445373	159127004	2	0
TCGA-CR-5249	8	31254	144969060	1	1
TCGA-CR-5249	8	144972680	146298155	2	0
TCGA-CR-5249	9	46587	141091394	1	1
TCGA-CR-5249	10	72759	135506704	1	1
TCGA-CR-5249	11	198572	59810827	1	1
TCGA-CR-5249	11	59812644	62762573	1	0
TCGA-CR-5249	11	62765741	66426638	1	1
TCGA-CR-5249	11	66427511	134944770	1	0
TCGA-CR-5249	12	150442	133778189	1	1
TCGA-CR-5249	13	19026949	33587765	1	1
TCGA-CR-5249	13	33592070	115108397	1	0
TCGA-CR-5249	14	19002124	107285437	1	1
TCGA-CR-5249	15	20016328	102469040	1	1
TCGA-CR-5249	16	60777	360932	2	0
TCGA-CR-5249	16	361873	90287535	1	1
TCGA-CR-5249	17	526	51651221	1	1
TCGA-CR-5249	17	51651527	52174033	2	1
TCGA-CR-5249	17	52179733	52961905	1	1
TCGA-CR-5249	17	52962115	55079471	2	1
TCGA-CR-5249	17	55080329	72284333	1	1
TCGA-CR-5249	17	72286711	74455932	2	1
TCGA-CR-5249	17	74456001	78252982	1	1
TCGA-CR-5249	17	78253871	81049726	1	0
TCGA-CR-5249	18	48133	78015057	1	1
TCGA-CR-5249	19	90910	59097854	1	1
TCGA-CR-5249	20	61305	62956153	1	1
TCGA-CR-5249	21	10736871	23636878	1	1
TCGA-CR-5249	21	23637366	48096957	2	0
TCGA-CR-5249	22	16052528	51234455	1	1
TCGA-CR-5249	X	168477	155233846	1	1
