sample	chr	startpos	endpos	nMajor	nMinor
TCGA-55-6968	1	61735	33106844	1	1
TCGA-55-6968	1	33107556	35671953	1	0
TCGA-55-6968	1	35674311	36115815	2	0
TCGA-55-6968	1	36115867	36129065	3	0
TCGA-55-6968	1	36143457	37853334	1	0
TCGA-55-6968	1	37853334	38339141	2	1
TCGA-55-6968	1	38342886	57241405	1	0
TCGA-55-6968	1	57241533	58447692	1	1
TCGA-55-6968	1	58448131	72565800	1	0
TCGA-55-6968	1	72565978	158065534	1	1
TCGA-55-6968	1	158066834	158910596	2	1
TCGA-55-6968	1	158910743	189326337	1	1
TCGA-55-6968	1	189327135	193793981	2	1
TCGA-55-6968	1	193797568	194639837	3	1
TCGA-55-6968	1	194642050	249224388	2	1
TCGA-55-6968	2	12784	10929153	2	1
TCGA-55-6968	2	10932082	152848864	1	1
TCGA-55-6968	2	152855041	158412878	1	0
TCGA-55-6968	2	158413479	159995090	1	1
TCGA-55-6968	2	160006143	161228203	1	0
TCGA-55-6968	2	161229659	166014227	1	1
TCGA-55-6968	2	166014282	168959153	1	0
TCGA-55-6968	2	168961262	169629348	1	1
TCGA-55-6968	2	169630304	171230449	1	0
TCGA-55-6968	2	171231132	171723210	1	1
TCGA-55-6968	2	171725251	172396020	2	1
TCGA-55-6968	2	172397004	243089456	1	1
TCGA-55-6968	3	60345	90247100	1	0
TCGA-55-6968	3	90247857	197896118	1	1
TCGA-55-6968	4	12281	191027923	1	0
TCGA-55-6968	5	15532	1453772	1	1
TCGA-55-6968	5	1454004	1560239	7	1
TCGA-55-6968	5	1560497	5419363	1	0
TCGA-55-6968	5	5419820	6337360	2	1
TCGA-55-6968	5	6342493	7471025	1	0
TCGA-55-6968	5	7474054	8028343	9	1
TCGA-55-6968	5	8028420	9492722	2	1
TCGA-55-6968	5	9493033	10390253	1	1
TCGA-55-6968	5	10390915	14082743	1	0
TCGA-55-6968	5	14082966	14518891	1	1
TCGA-55-6968	5	14522975	20208205	1	0
TCGA-55-6968	5	20215360	20270540	1	1
TCGA-55-6968	5	20274641	29054217	1	0
TCGA-55-6968	5	29054533	29061716	2	1
TCGA-55-6968	5	29061886	32576014	1	1
TCGA-55-6968	5	32576834	35491185	1	0
TCGA-55-6968	5	35503887	39943269	2	1
TCGA-55-6968	5	39944072	40816532	3	1
TCGA-55-6968	5	40823074	41672079	2	1
TCGA-55-6968	5	41673879	78152450	1	1
TCGA-55-6968	5	78170528	180790320	1	0
TCGA-55-6968	6	149661	76140640	1	0
TCGA-55-6968	6	76149513	76683235	4	1
TCGA-55-6968	6	76683635	76847997	5	1
TCGA-55-6968	6	76854319	171051005	1	0
TCGA-55-6968	7	43259	33178645	1	1
TCGA-55-6968	7	33183886	61826081	1	0
TCGA-55-6968	7	61832057	159127004	1	1
TCGA-55-6968	8	31254	5779956	1	1
TCGA-55-6968	8	5780487	14580710	1	0
TCGA-55-6968	8	14580802	144572758	1	1
TCGA-55-6968	8	144573123	146298155	2	1
TCGA-55-6968	9	46587	141091394	1	1
TCGA-55-6968	10	72759	603246	1	0
TCGA-55-6968	10	604652	4874712	1	1
TCGA-55-6968	10	4875894	5391914	2	1
TCGA-55-6968	10	5392068	135506704	1	1
TCGA-55-6968	11	198572	31432827	1	0
TCGA-55-6968	11	31437341	31504343	3	0
TCGA-55-6968	11	31504740	44582660	2	1
TCGA-55-6968	11	44583463	46253558	1	1
TCGA-55-6968	11	46256156	48497099	2	1
TCGA-55-6968	11	48497603	134944770	1	1
TCGA-55-6968	12	150442	6784916	1	0
TCGA-55-6968	12	6786892	7482299	1	1
TCGA-55-6968	12	7489353	16752191	1	0
TCGA-55-6968	12	16753352	133778189	1	1
TCGA-55-6968	13	19026949	63554063	1	0
TCGA-55-6968	13	63556791	115108397	1	1
TCGA-55-6968	14	19002124	107285437	1	1
TCGA-55-6968	15	20016328	47760836	1	0
TCGA-55-6968	15	47761789	95366043	2	0
TCGA-55-6968	15	95366462	98646139	3	0
TCGA-55-6968	15	98651210	102469040	2	0
TCGA-55-6968	16	60777	2011126	1	0
TCGA-55-6968	16	2011728	3517058	1	1
TCGA-55-6968	16	3519149	4632346	1	0
TCGA-55-6968	16	4632623	4858679	1	1
TCGA-55-6968	16	4862425	9085748	1	0
TCGA-55-6968	16	9087428	35283226	1	1
TCGA-55-6968	16	46463782	59949578	1	0
TCGA-55-6968	16	59950307	61208784	1	1
TCGA-55-6968	16	61209020	61844525	1	0
TCGA-55-6968	16	61848954	71148970	1	1
TCGA-55-6968	16	71149629	83348077	1	0
TCGA-55-6968	16	83348255	85606942	1	1
TCGA-55-6968	16	85611892	90287535	1	0
TCGA-55-6968	17	526	25270517	1	0
TCGA-55-6968	17	25270800	81049726	1	1
TCGA-55-6968	18	48133	3463965	3	1
TCGA-55-6968	18	3464043	9585312	2	1
TCGA-55-6968	18	9589382	10349738	1	0
TCGA-55-6968	18	10349789	11637252	2	0
TCGA-55-6968	18	11643637	12161879	2	1
TCGA-55-6968	18	12162190	14935111	2	0
TCGA-55-6968	18	14935464	15401763	3	1
TCGA-55-6968	18	15402408	27803322	2	0
TCGA-55-6968	18	27803506	28520326	3	2
TCGA-55-6968	18	28520392	32081764	2	0
TCGA-55-6968	18	32085238	32919186	2	2
TCGA-55-6968	18	32937797	35871788	1	0
TCGA-55-6968	18	35872303	38030129	2	0
TCGA-55-6968	18	38033125	49493262	1	0
TCGA-55-6968	18	49497902	51645096	2	0
TCGA-55-6968	18	51649475	68999531	1	0
TCGA-55-6968	18	69001389	69937546	2	2
TCGA-55-6968	18	69940551	71703738	2	0
TCGA-55-6968	18	71704791	72428848	2	1
TCGA-55-6968	18	72435726	76608896	2	0
TCGA-55-6968	18	76613653	78015057	2	1
TCGA-55-6968	19	90910	1676419	2	0
TCGA-55-6968	19	1676841	13045186	1	0
TCGA-55-6968	19	13046025	13740855	1	1
TCGA-55-6968	19	13744939	16612711	1	0
TCGA-55-6968	19	16619565	16827591	1	1
TCGA-55-6968	19	16830424	18964731	1	0
TCGA-55-6968	19	18967487	20183144	1	1
TCGA-55-6968	19	20183211	21298955	1	0
TCGA-55-6968	19	21299037	22179913	1	1
TCGA-55-6968	19	22185242	23722920	1	0
TCGA-55-6968	19	23723647	42007042	1	1
TCGA-55-6968	19	42007428	42338845	2	1
TCGA-55-6968	19	42341377	59097854	1	1
TCGA-55-6968	20	61305	8776560	1	1
TCGA-55-6968	20	8779114	29420553	1	0
TCGA-55-6968	20	29428523	62956153	1	1
TCGA-55-6968	21	10736871	48096957	1	0
TCGA-55-6968	22	16052528	51234455	1	0
TCGA-55-6968	X	168477	1893215	1	0
TCGA-55-6968	X	1898448	2703391	2	1
TCGA-55-6968	X	2703633	155233846	1	0
