sample	chr	startpos	endpos	nMajor	nMinor
TCGA-XF-AAN1	1	61735	4069687	1	1
TCGA-XF-AAN1	1	4073064	5143244	1	0
TCGA-XF-AAN1	1	5143988	5296017	1	1
TCGA-XF-AAN1	1	5297845	34734177	1	0
TCGA-XF-AAN1	1	34735938	34895009	1	1
TCGA-XF-AAN1	1	34897790	35333849	1	0
TCGA-XF-AAN1	1	35339239	53605884	1	1
TCGA-XF-AAN1	1	53606080	72738869	1	0
TCGA-XF-AAN1	1	72739564	74224730	1	1
TCGA-XF-AAN1	1	74225534	74283915	1	0
TCGA-XF-AAN1	1	74285921	249224388	1	1
TCGA-XF-AAN1	2	12784	16650233	1	1
TCGA-XF-AAN1	2	16650583	17575316	1	0
TCGA-XF-AAN1	2	17575637	145406867	1	1
TCGA-XF-AAN1	2	145411802	146583931	1	0
TCGA-XF-AAN1	2	146584312	220220503	1	1
TCGA-XF-AAN1	2	220221664	242127772	1	0
TCGA-XF-AAN1	2	242134857	243089456	1	1
TCGA-XF-AAN1	3	60345	197896118	1	1
TCGA-XF-AAN1	4	12281	1895740	2	0
TCGA-XF-AAN1	4	1901909	191027923	1	1
TCGA-XF-AAN1	5	15532	5997858	1	1
TCGA-XF-AAN1	5	5999579	6996890	1	0
TCGA-XF-AAN1	5	6997634	7187402	1	1
TCGA-XF-AAN1	5	7189467	9943213	1	0
TCGA-XF-AAN1	5	9947460	17793515	1	1
TCGA-XF-AAN1	5	17793783	19977240	1	0
TCGA-XF-AAN1	5	19984296	27657906	1	1
TCGA-XF-AAN1	5	27659679	29192935	1	0
TCGA-XF-AAN1	5	29193161	84430827	1	1
TCGA-XF-AAN1	5	84435710	84575217	1	0
TCGA-XF-AAN1	5	84577299	180790320	1	1
TCGA-XF-AAN1	6	149661	15449441	1	1
TCGA-XF-AAN1	6	15452406	15606821	1	0
TCGA-XF-AAN1	6	15607045	171051005	1	1
TCGA-XF-AAN1	7	43259	159127004	1	1
TCGA-XF-AAN1	8	31254	133956262	2	0
TCGA-XF-AAN1	8	133960288	134201600	2	1
TCGA-XF-AAN1	8	134202209	146298155	2	0
TCGA-XF-AAN1	9	46587	21312166	1	0
TCGA-XF-AAN1	9	21314987	22037369	0	0
TCGA-XF-AAN1	9	22041998	141091394	1	0
TCGA-XF-AAN1	10	72759	60609956	1	1
TCGA-XF-AAN1	10	60613173	62196336	1	0
TCGA-XF-AAN1	10	62196856	104423203	1	1
TCGA-XF-AAN1	10	104426011	105572366	1	0
TCGA-XF-AAN1	10	105572953	135506704	1	1
TCGA-XF-AAN1	11	198572	96183556	1	1
TCGA-XF-AAN1	11	96184199	96784839	1	0
TCGA-XF-AAN1	11	96787149	107599681	1	1
TCGA-XF-AAN1	11	107600282	108503609	1	0
TCGA-XF-AAN1	11	108503672	114922193	1	1
TCGA-XF-AAN1	11	114923976	115058592	1	0
TCGA-XF-AAN1	11	115065293	118627778	1	1
TCGA-XF-AAN1	11	118629031	120161843	1	0
TCGA-XF-AAN1	11	120161886	134944770	1	1
TCGA-XF-AAN1	12	150442	10021514	1	1
TCGA-XF-AAN1	12	10023480	10057789	1	0
TCGA-XF-AAN1	12	10058248	133778189	1	1
TCGA-XF-AAN1	13	19026949	84265348	1	1
TCGA-XF-AAN1	13	84267511	85743134	1	0
TCGA-XF-AAN1	13	85743551	92300219	1	1
TCGA-XF-AAN1	13	92301848	92953805	1	0
TCGA-XF-AAN1	13	92959102	115108397	1	1
TCGA-XF-AAN1	14	19002124	47197942	1	1
TCGA-XF-AAN1	14	47199330	47569501	1	0
TCGA-XF-AAN1	14	47570136	47733294	2	0
TCGA-XF-AAN1	14	47741044	48214631	1	0
TCGA-XF-AAN1	14	48217834	48777193	1	1
TCGA-XF-AAN1	14	48777926	49185537	1	0
TCGA-XF-AAN1	14	49185828	49502424	1	1
TCGA-XF-AAN1	14	49507062	49622359	1	0
TCGA-XF-AAN1	14	49626265	82706492	1	1
TCGA-XF-AAN1	14	82710154	82802947	1	0
TCGA-XF-AAN1	14	82806020	107285437	1	1
TCGA-XF-AAN1	15	20016328	102469040	2	1
TCGA-XF-AAN1	16	60777	90287535	1	1
TCGA-XF-AAN1	17	526	19348126	1	0
TCGA-XF-AAN1	17	19352182	81049726	1	1
TCGA-XF-AAN1	18	48133	39352095	2	0
TCGA-XF-AAN1	18	39353919	41131757	1	0
TCGA-XF-AAN1	18	41133382	78015057	2	0
TCGA-XF-AAN1	19	90910	59097854	1	1
TCGA-XF-AAN1	20	61305	29437204	2	0
TCGA-XF-AAN1	20	29441595	62956153	2	1
TCGA-XF-AAN1	21	10736871	48096957	1	1
TCGA-XF-AAN1	22	16052528	51234455	1	1
TCGA-XF-AAN1	X	168477	26226187	1	1
TCGA-XF-AAN1	X	26226766	27957258	1	0
TCGA-XF-AAN1	X	27965500	44165958	1	1
TCGA-XF-AAN1	X	44178576	44804394	1	0
TCGA-XF-AAN1	X	44809624	45126311	0	0
TCGA-XF-AAN1	X	45126881	45547079	1	0
TCGA-XF-AAN1	X	45552051	126651335	1	1
TCGA-XF-AAN1	X	126653129	131633495	1	0
TCGA-XF-AAN1	X	131635851	155233846	1	1
