sample	chr	startpos	endpos	nMajor	nMinor
TCGA-BR-8365	1	61735	20175245	2	0
TCGA-BR-8365	1	20177668	248385183	1	1
TCGA-BR-8365	1	248386849	249224388	2	0
TCGA-BR-8365	2	12784	243089456	1	1
TCGA-BR-8365	3	60345	3414282	1	0
TCGA-BR-8365	3	3414410	15528576	1	1
TCGA-BR-8365	3	15529405	69230061	1	0
TCGA-BR-8365	3	69231651	73898375	1	1
TCGA-BR-8365	3	73899236	77309980	1	0
TCGA-BR-8365	3	77310112	80070807	1	1
TCGA-BR-8365	3	80072578	93548499	1	0
TCGA-BR-8365	3	93551545	197896118	1	1
TCGA-BR-8365	4	12281	73128331	1	0
TCGA-BR-8365	4	73128872	77974651	1	1
TCGA-BR-8365	4	77985698	79447454	1	0
TCGA-BR-8365	4	79450373	81146816	1	1
TCGA-BR-8365	4	81147324	191027923	1	0
TCGA-BR-8365	5	15532	180790320	1	1
TCGA-BR-8365	6	149661	62521315	1	1
TCGA-BR-8365	6	62521330	171051005	1	0
TCGA-BR-8365	7	43259	10122252	1	1
TCGA-BR-8365	7	10124331	14209139	2	1
TCGA-BR-8365	7	14209220	18958533	1	1
TCGA-BR-8365	7	18958822	21496397	2	1
TCGA-BR-8365	7	21497361	22748190	1	1
TCGA-BR-8365	7	22751949	29645242	1	0
TCGA-BR-8365	7	29645301	31243223	2	1
TCGA-BR-8365	7	31243943	31827417	5	1
TCGA-BR-8365	7	31827534	35490136	3	1
TCGA-BR-8365	7	35490155	36077853	4	1
TCGA-BR-8365	7	36079060	41821956	1	1
TCGA-BR-8365	7	41822335	43361008	2	1
TCGA-BR-8365	7	43364127	56665943	1	1
TCGA-BR-8365	7	56666222	115549390	2	1
TCGA-BR-8365	7	115550701	116129645	8	1
TCGA-BR-8365	7	116133077	117869348	14	1
TCGA-BR-8365	7	117876635	159127004	1	1
TCGA-BR-8365	8	31254	10342956	1	0
TCGA-BR-8365	8	10344992	146298155	1	1
TCGA-BR-8365	9	46587	131718887	1	0
TCGA-BR-8365	9	131719663	141091394	2	0
TCGA-BR-8365	10	72759	34785685	1	0
TCGA-BR-8365	10	34786691	135506704	1	1
TCGA-BR-8365	11	198572	2156536	2	1
TCGA-BR-8365	11	2157044	12849185	2	2
TCGA-BR-8365	11	12851717	17435402	2	1
TCGA-BR-8365	11	17437008	66721028	1	1
TCGA-BR-8365	11	66724390	69050361	1	0
TCGA-BR-8365	11	69050915	70596359	15	0
TCGA-BR-8365	11	70605728	79807868	1	0
TCGA-BR-8365	11	79808043	84115184	1	1
TCGA-BR-8365	11	84115273	134944770	1	0
TCGA-BR-8365	12	150442	133778189	1	1
TCGA-BR-8365	13	19026949	113736054	1	1
TCGA-BR-8365	13	113736126	115108397	1	0
TCGA-BR-8365	14	19002124	107285437	1	1
TCGA-BR-8365	15	20016328	23051013	1	0
TCGA-BR-8365	15	23051287	102469040	1	1
TCGA-BR-8365	16	60777	35283226	1	1
TCGA-BR-8365	16	46463782	90287535	1	0
TCGA-BR-8365	17	526	28383646	1	1
TCGA-BR-8365	17	28387610	30218317	1	0
TCGA-BR-8365	17	30219500	81049726	1	1
TCGA-BR-8365	18	48133	78015057	1	1
TCGA-BR-8365	19	90910	59097854	1	1
TCGA-BR-8365	20	61305	62956153	1	1
TCGA-BR-8365	21	10736871	19044546	1	0
TCGA-BR-8365	21	19044603	26116116	0	0
TCGA-BR-8365	21	26119145	42215832	1	0
TCGA-BR-8365	21	42216955	48096957	2	0
TCGA-BR-8365	22	16052528	51234455	1	1
TCGA-BR-8365	X	168477	8774102	2	2
TCGA-BR-8365	X	8778096	14965893	4	1
TCGA-BR-8365	X	14969926	16661114	3	1
TCGA-BR-8365	X	16664861	18245498	9	0
TCGA-BR-8365	X	18252011	29778762	11	0
TCGA-BR-8365	X	29782957	32993146	2	0
TCGA-BR-8365	X	32993610	155233846	1	0
