sample	chr	startpos	endpos	nMajor	nMinor
TCGA-FG-8188	1	61735	249224388	1	1
TCGA-FG-8188	2	12784	68495002	1	1
TCGA-FG-8188	2	68495243	68672721	2	1
TCGA-FG-8188	2	68680879	243089456	1	1
TCGA-FG-8188	3	60345	197896118	1	1
TCGA-FG-8188	4	12281	126745890	1	1
TCGA-FG-8188	4	126747739	191027923	1	0
TCGA-FG-8188	5	15532	180790320	1	1
TCGA-FG-8188	6	149661	171051005	1	1
TCGA-FG-8188	7	43259	8405968	1	0
TCGA-FG-8188	7	8406289	159127004	1	1
TCGA-FG-8188	8	31254	88531518	1	1
TCGA-FG-8188	8	88534937	146298155	2	1
TCGA-FG-8188	9	46587	141091394	1	1
TCGA-FG-8188	10	72759	118973145	1	1
TCGA-FG-8188	10	118973173	135506704	1	0
TCGA-FG-8188	11	198572	11935382	1	0
TCGA-FG-8188	11	11938761	134944770	1	1
TCGA-FG-8188	12	150442	133778189	1	1
TCGA-FG-8188	13	19026949	115108397	1	1
TCGA-FG-8188	14	19002124	107285437	1	1
TCGA-FG-8188	15	20016328	102469040	1	1
TCGA-FG-8188	16	60777	90287535	1	1
TCGA-FG-8188	17	526	81049726	1	1
TCGA-FG-8188	18	48133	78015057	1	1
TCGA-FG-8188	19	90910	21384385	2	1
TCGA-FG-8188	19	21384438	59097854	1	1
TCGA-FG-8188	20	61305	62956153	1	1
TCGA-FG-8188	21	10736871	48096957	1	1
TCGA-FG-8188	22	16052528	51234455	1	1
TCGA-FG-8188	X	168477	2703391	1	1
TCGA-FG-8188	X	2703633	155233846	1	0
