sample	chr	startpos	endpos	nMajor	nMinor
TCGA-DA-A1HW	1	61735	249224388	2	2
TCGA-DA-A1HW	2	12784	31073006	2	0
TCGA-DA-A1HW	2	31077599	32876152	3	2
TCGA-DA-A1HW	2	32879162	34525967	2	0
TCGA-DA-A1HW	2	34529017	35395844	2	2
TCGA-DA-A1HW	2	35396001	63951114	2	0
TCGA-DA-A1HW	2	63951802	64635361	3	2
TCGA-DA-A1HW	2	64636261	74540524	2	1
TCGA-DA-A1HW	2	74540917	76269955	2	0
TCGA-DA-A1HW	2	76279166	78309898	2	1
TCGA-DA-A1HW	2	78310207	81755599	2	0
TCGA-DA-A1HW	2	81757652	87105653	2	1
TCGA-DA-A1HW	2	87105876	243089456	2	2
TCGA-DA-A1HW	3	60345	69694961	2	0
TCGA-DA-A1HW	3	69695803	75530895	8	2
TCGA-DA-A1HW	3	75530987	78542797	4	2
TCGA-DA-A1HW	3	78543665	104239779	2	2
TCGA-DA-A1HW	3	104240239	107088468	4	2
TCGA-DA-A1HW	3	107091046	110263508	8	2
TCGA-DA-A1HW	3	110263786	124043956	2	2
TCGA-DA-A1HW	3	124044523	124854754	2	0
TCGA-DA-A1HW	3	124855314	127113169	2	2
TCGA-DA-A1HW	3	127113312	127695564	2	0
TCGA-DA-A1HW	3	127696050	144949768	2	2
TCGA-DA-A1HW	3	144949944	148929556	4	2
TCGA-DA-A1HW	3	148931524	151629314	2	2
TCGA-DA-A1HW	3	151631253	152558969	3	2
TCGA-DA-A1HW	3	152559489	152639733	1	0
TCGA-DA-A1HW	3	152640725	152642669	1	1
TCGA-DA-A1HW	3	152642962	153417619	2	0
TCGA-DA-A1HW	3	153421545	156992802	2	1
TCGA-DA-A1HW	3	156995368	158696111	2	0
TCGA-DA-A1HW	3	158696611	162788443	2	1
TCGA-DA-A1HW	3	162791039	163572907	2	0
TCGA-DA-A1HW	3	163577471	167126805	2	1
TCGA-DA-A1HW	3	167128979	167827050	2	0
TCGA-DA-A1HW	3	167836526	174177489	2	2
TCGA-DA-A1HW	3	174179502	176981575	2	0
TCGA-DA-A1HW	3	176981810	181168159	2	2
TCGA-DA-A1HW	3	181168699	182883408	2	0
TCGA-DA-A1HW	3	182885297	183338029	2	2
TCGA-DA-A1HW	3	183339309	185967149	2	0
TCGA-DA-A1HW	3	185967944	187959792	2	2
TCGA-DA-A1HW	3	187960329	188493245	2	0
TCGA-DA-A1HW	3	188497009	189475684	2	2
TCGA-DA-A1HW	3	189477252	191132167	2	0
TCGA-DA-A1HW	3	191132208	192116810	2	1
TCGA-DA-A1HW	3	192123511	193279562	2	0
TCGA-DA-A1HW	3	193281301	197896118	2	2
TCGA-DA-A1HW	4	12281	49291192	2	0
TCGA-DA-A1HW	4	49291355	58983252	3	2
TCGA-DA-A1HW	4	58984308	65914152	5	2
TCGA-DA-A1HW	4	65914325	65933416	2	1
TCGA-DA-A1HW	4	65933676	66160383	2	0
TCGA-DA-A1HW	4	66163335	66763742	2	2
TCGA-DA-A1HW	4	66769778	72861686	2	0
TCGA-DA-A1HW	4	72867738	74549978	2	2
TCGA-DA-A1HW	4	74550270	76450656	2	0
TCGA-DA-A1HW	4	76453077	81077825	2	2
TCGA-DA-A1HW	4	81079399	81237873	2	0
TCGA-DA-A1HW	4	81238193	81575000	1	1
TCGA-DA-A1HW	4	81576519	83118563	2	2
TCGA-DA-A1HW	4	83124080	83384598	5	2
TCGA-DA-A1HW	4	83395044	86885907	2	0
TCGA-DA-A1HW	4	86886681	88146971	5	2
TCGA-DA-A1HW	4	88150550	92095933	2	0
TCGA-DA-A1HW	4	92096026	94240823	5	2
TCGA-DA-A1HW	4	94247186	96967431	2	0
TCGA-DA-A1HW	4	96969902	101586875	2	2
TCGA-DA-A1HW	4	101587922	103501521	2	0
TCGA-DA-A1HW	4	103503727	103607635	2	2
TCGA-DA-A1HW	4	103607806	181971510	2	0
TCGA-DA-A1HW	4	181972841	182471042	0	0
TCGA-DA-A1HW	4	182471789	191027923	2	0
TCGA-DA-A1HW	5	15532	40517362	2	1
TCGA-DA-A1HW	5	40517725	44663784	2	2
TCGA-DA-A1HW	5	44664950	59508064	2	0
TCGA-DA-A1HW	5	59514896	59593272	0	0
TCGA-DA-A1HW	5	59593756	180790320	2	0
TCGA-DA-A1HW	6	149661	171051005	2	2
TCGA-DA-A1HW	7	43259	2545779	4	2
TCGA-DA-A1HW	7	2547185	3076053	6	2
TCGA-DA-A1HW	7	3076679	5664057	2	1
TCGA-DA-A1HW	7	5665128	5683933	4	2
TCGA-DA-A1HW	7	5684201	5737510	3	2
TCGA-DA-A1HW	7	5741998	7538872	7	2
TCGA-DA-A1HW	7	7539233	7658082	3	2
TCGA-DA-A1HW	7	7658733	10502293	2	1
TCGA-DA-A1HW	7	10503566	11933457	2	2
TCGA-DA-A1HW	7	11933725	13131214	3	2
TCGA-DA-A1HW	7	13131480	13773307	4	2
TCGA-DA-A1HW	7	13774191	14544042	2	2
TCGA-DA-A1HW	7	14544156	14710794	11	3
TCGA-DA-A1HW	7	14716459	15470892	4	2
TCGA-DA-A1HW	7	15476892	23464856	2	2
TCGA-DA-A1HW	7	23465249	24232208	2	0
TCGA-DA-A1HW	7	24235628	25743783	4	2
TCGA-DA-A1HW	7	25748818	61839702	2	0
TCGA-DA-A1HW	7	61839770	110954082	2	2
TCGA-DA-A1HW	7	110956260	159127004	4	2
TCGA-DA-A1HW	8	31254	146298155	2	2
TCGA-DA-A1HW	9	46587	2798523	2	0
TCGA-DA-A1HW	9	2798612	3060199	2	2
TCGA-DA-A1HW	9	3060291	4144651	2	0
TCGA-DA-A1HW	9	4146184	4454399	2	1
TCGA-DA-A1HW	9	4454663	4889226	2	2
TCGA-DA-A1HW	9	4894017	6558574	2	1
TCGA-DA-A1HW	9	6566622	10565355	2	0
TCGA-DA-A1HW	9	10565658	13537358	2	1
TCGA-DA-A1HW	9	13539278	32880568	1	0
TCGA-DA-A1HW	9	32886064	47217176	2	1
TCGA-DA-A1HW	9	65616971	100764322	2	0
TCGA-DA-A1HW	9	100769969	135091864	2	1
TCGA-DA-A1HW	9	135091879	141091394	2	2
TCGA-DA-A1HW	10	72759	135506704	2	0
TCGA-DA-A1HW	11	198572	14894656	2	0
TCGA-DA-A1HW	11	14895379	15043927	4	3
TCGA-DA-A1HW	11	15044335	17421093	2	0
TCGA-DA-A1HW	11	17421473	18112727	2	2
TCGA-DA-A1HW	11	18116894	18295523	2	0
TCGA-DA-A1HW	11	18298738	19121058	2	1
TCGA-DA-A1HW	11	19121588	34860733	2	0
TCGA-DA-A1HW	11	34860858	36320780	8	2
TCGA-DA-A1HW	11	36320992	37310331	5	2
TCGA-DA-A1HW	11	37310379	38787243	2	0
TCGA-DA-A1HW	11	38787682	78643342	2	1
TCGA-DA-A1HW	11	78644473	134944770	2	0
TCGA-DA-A1HW	12	150442	133778189	2	2
TCGA-DA-A1HW	13	19026949	34217218	2	2
TCGA-DA-A1HW	13	34219292	115108397	2	1
TCGA-DA-A1HW	14	19002124	107285437	2	2
TCGA-DA-A1HW	15	20016328	60170288	2	0
TCGA-DA-A1HW	15	60171800	60570711	6	2
TCGA-DA-A1HW	15	60576262	60623545	1	0
TCGA-DA-A1HW	15	60627187	61700384	2	0
TCGA-DA-A1HW	15	61700581	63071606	2	2
TCGA-DA-A1HW	15	63072886	65841554	2	0
TCGA-DA-A1HW	15	65848409	67435075	6	2
TCGA-DA-A1HW	15	67435399	73143598	4	2
TCGA-DA-A1HW	15	73146865	73526637	6	2
TCGA-DA-A1HW	15	73527770	75309345	2	2
TCGA-DA-A1HW	15	75312752	79159928	4	2
TCGA-DA-A1HW	15	79164073	79684302	2	2
TCGA-DA-A1HW	15	79686857	79896166	2	0
TCGA-DA-A1HW	15	79896867	82191576	2	2
TCGA-DA-A1HW	15	82193633	85237233	2	0
TCGA-DA-A1HW	15	85239250	85582733	6	2
TCGA-DA-A1HW	15	85583680	86623407	3	2
TCGA-DA-A1HW	15	86628765	87889750	2	0
TCGA-DA-A1HW	15	87890491	87971874	2	2
TCGA-DA-A1HW	15	87972429	88815953	2	0
TCGA-DA-A1HW	15	88817398	89828331	5	0
TCGA-DA-A1HW	15	89831104	90549954	5	2
TCGA-DA-A1HW	15	90550845	91544185	5	4
TCGA-DA-A1HW	15	91544655	92467196	5	0
TCGA-DA-A1HW	15	92467422	92925003	5	4
TCGA-DA-A1HW	15	92925701	93908051	5	2
TCGA-DA-A1HW	15	93908520	95109546	5	0
TCGA-DA-A1HW	15	95114403	95586489	5	1
TCGA-DA-A1HW	15	95589315	96643183	5	3
TCGA-DA-A1HW	15	96645385	100384070	5	1
TCGA-DA-A1HW	15	100385846	100947703	5	3
TCGA-DA-A1HW	15	100947798	101690291	5	1
TCGA-DA-A1HW	15	101690319	102469040	5	0
TCGA-DA-A1HW	16	60777	17189205	2	0
TCGA-DA-A1HW	16	17193863	18378855	3	2
TCGA-DA-A1HW	16	18429385	19361008	2	0
TCGA-DA-A1HW	16	19371087	19967362	2	2
TCGA-DA-A1HW	16	19970254	28282915	2	0
TCGA-DA-A1HW	16	28283287	30986671	3	2
TCGA-DA-A1HW	16	30987431	90287535	2	0
TCGA-DA-A1HW	17	526	81049726	2	0
TCGA-DA-A1HW	18	48133	78015057	2	2
TCGA-DA-A1HW	19	90910	24507172	2	0
TCGA-DA-A1HW	19	24521623	33713869	2	2
TCGA-DA-A1HW	19	33721606	34185484	2	0
TCGA-DA-A1HW	19	34186254	59097854	2	2
TCGA-DA-A1HW	20	61305	62956153	2	2
TCGA-DA-A1HW	21	10736871	48096957	2	2
TCGA-DA-A1HW	22	16052528	51234455	2	2
TCGA-DA-A1HW	X	168477	155233846	2	2
