sample	chr	startpos	endpos	nMajor	nMinor
TCGA-C8-A1HG	1	61735	107686647	2	1
TCGA-C8-A1HG	1	107686977	108859231	3	1
TCGA-C8-A1HG	1	108859314	152828434	2	1
TCGA-C8-A1HG	1	152833871	153021757	3	3
TCGA-C8-A1HG	1	153022560	157158571	2	2
TCGA-C8-A1HG	1	157161237	157817417	6	2
TCGA-C8-A1HG	1	157818674	158386527	4	2
TCGA-C8-A1HG	1	158387146	158881324	6	2
TCGA-C8-A1HG	1	158884519	159096101	3	2
TCGA-C8-A1HG	1	159098374	161617658	6	2
TCGA-C8-A1HG	1	161617943	249224388	2	1
TCGA-C8-A1HG	2	12784	11675146	2	0
TCGA-C8-A1HG	2	11675472	11933386	0	0
TCGA-C8-A1HG	2	11933642	45899058	2	0
TCGA-C8-A1HG	2	45899637	98270600	2	1
TCGA-C8-A1HG	2	98270884	243089456	1	1
TCGA-C8-A1HG	3	60345	18471827	2	2
TCGA-C8-A1HG	3	18476182	148445056	2	0
TCGA-C8-A1HG	3	148448418	188683341	2	2
TCGA-C8-A1HG	3	188683430	192807527	2	1
TCGA-C8-A1HG	3	192807546	197896118	3	2
TCGA-C8-A1HG	4	12281	191027923	2	1
TCGA-C8-A1HG	5	15532	66991015	2	1
TCGA-C8-A1HG	5	66991038	180790320	2	2
TCGA-C8-A1HG	6	149661	10047944	1	0
TCGA-C8-A1HG	6	10048422	10388097	4	1
TCGA-C8-A1HG	6	10388968	10954127	7	1
TCGA-C8-A1HG	6	10954540	13099589	4	1
TCGA-C8-A1HG	6	13100101	13749161	8	1
TCGA-C8-A1HG	6	13750373	15526982	4	1
TCGA-C8-A1HG	6	15528249	15813958	1	0
TCGA-C8-A1HG	6	15817628	16085589	2	1
TCGA-C8-A1HG	6	16086250	16758702	1	0
TCGA-C8-A1HG	6	16759139	16877403	2	1
TCGA-C8-A1HG	6	16877644	18207876	1	0
TCGA-C8-A1HG	6	18208188	19128247	2	1
TCGA-C8-A1HG	6	19129678	20684944	1	0
TCGA-C8-A1HG	6	20686996	20956660	4	1
TCGA-C8-A1HG	6	20959581	21479670	2	1
TCGA-C8-A1HG	6	21479920	22077592	3	2
TCGA-C8-A1HG	6	22078499	22897045	3	0
TCGA-C8-A1HG	6	22901620	23308913	3	2
TCGA-C8-A1HG	6	23308957	24320117	3	0
TCGA-C8-A1HG	6	24321213	27302704	2	0
TCGA-C8-A1HG	6	27302765	30321057	3	0
TCGA-C8-A1HG	6	30321189	32073750	3	2
TCGA-C8-A1HG	6	32073781	46588049	3	0
TCGA-C8-A1HG	6	46590208	48282803	4	0
TCGA-C8-A1HG	6	48284776	48381652	6	2
TCGA-C8-A1HG	6	48393398	53689624	5	0
TCGA-C8-A1HG	6	53692916	55336331	2	0
TCGA-C8-A1HG	6	55341607	56310804	3	0
TCGA-C8-A1HG	6	56311121	106684453	2	0
TCGA-C8-A1HG	6	106684767	108610641	2	2
TCGA-C8-A1HG	6	108611866	130237834	2	0
TCGA-C8-A1HG	6	130238094	131189517	2	2
TCGA-C8-A1HG	6	131189534	131723527	4	2
TCGA-C8-A1HG	6	131726953	136075632	2	0
TCGA-C8-A1HG	6	136077044	138512788	3	2
TCGA-C8-A1HG	6	138513056	139688802	7	2
TCGA-C8-A1HG	6	139689976	139799718	3	2
TCGA-C8-A1HG	6	139800726	140476088	2	0
TCGA-C8-A1HG	6	140478009	141029235	5	2
TCGA-C8-A1HG	6	141045356	141045763	4	1
TCGA-C8-A1HG	6	141049386	141065051	6	0
TCGA-C8-A1HG	6	141068554	142722578	2	0
TCGA-C8-A1HG	6	142724616	144092905	2	2
TCGA-C8-A1HG	6	144096509	144200220	8	3
TCGA-C8-A1HG	6	144200739	147487258	2	2
TCGA-C8-A1HG	6	147487584	148738773	2	0
TCGA-C8-A1HG	6	148738960	149003784	6	2
TCGA-C8-A1HG	6	149005283	152271104	2	0
TCGA-C8-A1HG	6	152275715	152393761	2	2
TCGA-C8-A1HG	6	152393777	153047496	2	0
TCGA-C8-A1HG	6	153047588	155414037	5	2
TCGA-C8-A1HG	6	155414054	155428222	2	1
TCGA-C8-A1HG	6	155428932	157923482	2	0
TCGA-C8-A1HG	6	157924563	158185671	2	2
TCGA-C8-A1HG	6	158188548	158680333	4	2
TCGA-C8-A1HG	6	158680396	168907454	2	0
TCGA-C8-A1HG	6	168908408	169229430	5	2
TCGA-C8-A1HG	6	169229968	171051005	2	0
TCGA-C8-A1HG	7	43259	145781803	2	1
TCGA-C8-A1HG	7	145783861	159127004	3	1
TCGA-C8-A1HG	8	31254	12786594	1	0
TCGA-C8-A1HG	8	12786729	15590542	4	0
TCGA-C8-A1HG	8	15593720	17056446	4	2
TCGA-C8-A1HG	8	17056529	18753391	4	0
TCGA-C8-A1HG	8	18753851	19555222	6	0
TCGA-C8-A1HG	8	19559379	21921540	1	0
TCGA-C8-A1HG	8	21927054	22410157	3	1
TCGA-C8-A1HG	8	22416329	34392457	1	0
TCGA-C8-A1HG	8	34394665	34408827	3	1
TCGA-C8-A1HG	8	34409474	36395585	4	0
TCGA-C8-A1HG	8	36395749	37238065	4	4
TCGA-C8-A1HG	8	37238576	37720508	9	4
TCGA-C8-A1HG	8	37721744	38441900	4	3
TCGA-C8-A1HG	8	38442043	39124798	4	0
TCGA-C8-A1HG	8	39128531	40981119	4	2
TCGA-C8-A1HG	8	40987747	41414491	5	4
TCGA-C8-A1HG	8	41418016	41576211	8	4
TCGA-C8-A1HG	8	41576528	42585333	4	3
TCGA-C8-A1HG	8	42588395	49804686	10	1
TCGA-C8-A1HG	8	49805290	86860923	12	3
TCGA-C8-A1HG	8	86861504	87457657	11	6
TCGA-C8-A1HG	8	87459349	146298155	11	3
TCGA-C8-A1HG	9	46587	11308992	2	0
TCGA-C8-A1HG	9	11309844	13566733	1	0
TCGA-C8-A1HG	9	13568063	27443243	2	0
TCGA-C8-A1HG	9	27443374	31501040	4	2
TCGA-C8-A1HG	9	31506247	31987046	7	2
TCGA-C8-A1HG	9	31988714	141091394	2	2
TCGA-C8-A1HG	10	72759	135506704	2	1
TCGA-C8-A1HG	11	198572	19209050	2	0
TCGA-C8-A1HG	11	19209135	19520590	9	2
TCGA-C8-A1HG	11	19521108	19947468	3	2
TCGA-C8-A1HG	11	19947749	27162431	2	1
TCGA-C8-A1HG	11	27162750	48474234	2	0
TCGA-C8-A1HG	11	48477847	48626421	6	1
TCGA-C8-A1HG	11	48626446	48893219	7	0
TCGA-C8-A1HG	11	48913644	51183694	2	0
TCGA-C8-A1HG	11	51183906	56724011	2	1
TCGA-C8-A1HG	11	56724075	57213221	2	0
TCGA-C8-A1HG	11	57216597	60965476	2	1
TCGA-C8-A1HG	11	60984460	66100660	2	0
TCGA-C8-A1HG	11	66106725	66568847	2	1
TCGA-C8-A1HG	11	66568943	67799731	4	1
TCGA-C8-A1HG	11	67799749	67984289	9	2
TCGA-C8-A1HG	11	67989164	69067883	3	3
TCGA-C8-A1HG	11	69068745	69644029	7	2
TCGA-C8-A1HG	11	69644792	70356340	9	2
TCGA-C8-A1HG	11	70360459	134944770	2	0
TCGA-C8-A1HG	12	150442	3672729	2	1
TCGA-C8-A1HG	12	3675563	7001600	10	1
TCGA-C8-A1HG	12	7002311	7780464	6	1
TCGA-C8-A1HG	12	7782625	8838023	1	0
TCGA-C8-A1HG	12	8843016	9149303	4	1
TCGA-C8-A1HG	12	9153146	10233652	2	1
TCGA-C8-A1HG	12	10237014	10496724	1	1
TCGA-C8-A1HG	12	10503584	10993298	2	1
TCGA-C8-A1HG	12	10993605	11283846	4	1
TCGA-C8-A1HG	12	11287003	18800616	1	0
TCGA-C8-A1HG	12	18802064	23191163	3	1
TCGA-C8-A1HG	12	23192973	23805754	6	0
TCGA-C8-A1HG	12	23805813	25710294	5	1
TCGA-C8-A1HG	12	25712074	26001651	3	1
TCGA-C8-A1HG	12	26008696	27703432	10	1
TCGA-C8-A1HG	12	27705712	27763675	7	1
TCGA-C8-A1HG	12	27764856	29860709	4	1
TCGA-C8-A1HG	12	29863406	30342979	2	1
TCGA-C8-A1HG	12	30343421	31611513	3	1
TCGA-C8-A1HG	12	31612184	40224303	2	1
TCGA-C8-A1HG	12	40228968	41615488	3	2
TCGA-C8-A1HG	12	41615499	45035889	2	2
TCGA-C8-A1HG	12	45037976	46884098	2	0
TCGA-C8-A1HG	12	46887145	46999993	6	2
TCGA-C8-A1HG	12	47000083	63205232	2	0
TCGA-C8-A1HG	12	63207615	64242602	6	2
TCGA-C8-A1HG	12	64243049	64618608	11	2
TCGA-C8-A1HG	12	64621693	65258960	6	2
TCGA-C8-A1HG	12	65265687	71156110	3	3
TCGA-C8-A1HG	12	71158406	72421501	2	0
TCGA-C8-A1HG	12	72423270	72975347	2	1
TCGA-C8-A1HG	12	72979069	73684588	2	0
TCGA-C8-A1HG	12	73684684	74860223	2	1
TCGA-C8-A1HG	12	74866237	80159035	2	2
TCGA-C8-A1HG	12	80159059	81876285	2	0
TCGA-C8-A1HG	12	81876729	81956974	3	3
TCGA-C8-A1HG	12	81959335	103451222	2	0
TCGA-C8-A1HG	12	103455785	103645576	10	2
TCGA-C8-A1HG	12	103645671	104576242	2	0
TCGA-C8-A1HG	12	104576635	104943735	4	2
TCGA-C8-A1HG	12	104944297	104978672	7	2
TCGA-C8-A1HG	12	104978758	106056993	3	2
TCGA-C8-A1HG	12	106057539	107319336	2	0
TCGA-C8-A1HG	12	107319661	109713415	4	2
TCGA-C8-A1HG	12	109715236	112895514	2	2
TCGA-C8-A1HG	12	112895572	133778189	2	0
TCGA-C8-A1HG	13	19026949	37878697	3	1
TCGA-C8-A1HG	13	37879133	49679627	1	1
TCGA-C8-A1HG	13	49681719	55045165	4	1
TCGA-C8-A1HG	13	55046211	56916710	1	1
TCGA-C8-A1HG	13	56917518	57713366	3	1
TCGA-C8-A1HG	13	57749024	64355368	1	1
TCGA-C8-A1HG	13	64358458	67254180	4	1
TCGA-C8-A1HG	13	67254502	67954859	2	1
TCGA-C8-A1HG	13	67954880	72924789	4	1
TCGA-C8-A1HG	13	72925338	76931625	2	1
TCGA-C8-A1HG	13	76932753	77846514	4	1
TCGA-C8-A1HG	13	77851420	79098609	3	1
TCGA-C8-A1HG	13	79099414	115108397	1	1
TCGA-C8-A1HG	14	19002124	24661706	2	1
TCGA-C8-A1HG	14	24662177	28993222	3	2
TCGA-C8-A1HG	14	28993222	36485443	2	2
TCGA-C8-A1HG	14	36487078	37134491	2	0
TCGA-C8-A1HG	14	37142554	54067451	2	1
TCGA-C8-A1HG	14	54071429	56531186	2	2
TCGA-C8-A1HG	14	56531508	107285437	1	0
TCGA-C8-A1HG	15	20016328	69108681	2	1
TCGA-C8-A1HG	15	69119238	102469040	3	1
TCGA-C8-A1HG	16	60777	33945187	2	2
TCGA-C8-A1HG	16	33946627	90287535	2	0
TCGA-C8-A1HG	17	526	25270411	2	0
TCGA-C8-A1HG	17	25270517	81049726	2	2
TCGA-C8-A1HG	18	48133	78015057	3	3
TCGA-C8-A1HG	19	90910	59097854	2	1
TCGA-C8-A1HG	20	61305	23421101	2	1
TCGA-C8-A1HG	20	23422159	29876272	2	2
TCGA-C8-A1HG	20	29876329	40588668	3	2
TCGA-C8-A1HG	20	40598490	40712125	3	1
TCGA-C8-A1HG	20	40713653	49510413	3	3
TCGA-C8-A1HG	20	49513503	52549145	3	1
TCGA-C8-A1HG	20	52549216	53363232	3	2
TCGA-C8-A1HG	20	53363463	62956153	3	1
TCGA-C8-A1HG	21	10736871	19297017	2	1
TCGA-C8-A1HG	21	19299725	33655736	1	1
TCGA-C8-A1HG	21	33655865	48096957	2	1
TCGA-C8-A1HG	22	16052528	51234455	2	2
TCGA-C8-A1HG	X	168477	57157433	2	0
TCGA-C8-A1HG	X	57159152	148392543	2	2
TCGA-C8-A1HG	X	148392640	150278157	3	2
TCGA-C8-A1HG	X	150280253	155233846	2	2
