sample	chr	startpos	endpos	nMajor	nMinor
TCGA-CM-4751	1	61735	189769181	1	1
TCGA-CM-4751	1	189769629	190962403	2	0
TCGA-CM-4751	1	190962611	249224388	1	1
TCGA-CM-4751	2	12784	206253	2	0
TCGA-CM-4751	2	206636	243089456	1	1
TCGA-CM-4751	3	60345	197896118	1	1
TCGA-CM-4751	4	12281	187256140	1	1
TCGA-CM-4751	4	187256794	191027923	2	1
TCGA-CM-4751	5	15532	180790320	1	1
TCGA-CM-4751	6	149661	34461341	2	0
TCGA-CM-4751	6	34470775	171051005	1	1
TCGA-CM-4751	7	43259	80981667	2	1
TCGA-CM-4751	7	80981725	85175007	3	0
TCGA-CM-4751	7	85177326	159127004	2	1
TCGA-CM-4751	8	31254	40592610	1	0
TCGA-CM-4751	8	40593310	62707862	2	1
TCGA-CM-4751	8	62709672	70910985	2	2
TCGA-CM-4751	8	70912200	77036578	2	1
TCGA-CM-4751	8	77037647	121531170	4	1
TCGA-CM-4751	8	121531748	146298155	3	1
TCGA-CM-4751	9	46587	1062676	2	1
TCGA-CM-4751	9	1062695	110649663	1	1
TCGA-CM-4751	9	110650284	141091394	2	0
TCGA-CM-4751	10	72759	1508459	2	0
TCGA-CM-4751	10	1508572	135506704	1	1
TCGA-CM-4751	11	198572	134944770	1	1
TCGA-CM-4751	12	150442	133778189	1	1
TCGA-CM-4751	13	19026949	115108397	1	1
TCGA-CM-4751	14	19002124	107285437	1	1
TCGA-CM-4751	15	20016328	102469040	1	0
TCGA-CM-4751	16	60777	22691846	2	0
TCGA-CM-4751	16	22697498	90287535	1	1
TCGA-CM-4751	17	526	25399131	1	0
TCGA-CM-4751	17	25400113	41533830	1	1
TCGA-CM-4751	17	41534504	50408411	2	0
TCGA-CM-4751	17	50413248	81049726	1	0
TCGA-CM-4751	18	48133	3319210	1	0
TCGA-CM-4751	18	3320939	31460036	2	1
TCGA-CM-4751	18	31460088	78015057	1	0
TCGA-CM-4751	19	90910	59097854	1	1
TCGA-CM-4751	20	61305	62956153	1	1
TCGA-CM-4751	21	10736871	48096957	1	0
TCGA-CM-4751	22	16052528	17058616	2	0
TCGA-CM-4751	22	17062782	51234455	1	1
TCGA-CM-4751	X	168477	2706944	1	1
TCGA-CM-4751	X	2707734	154929308	1	0
TCGA-CM-4751	X	154929498	155233846	2	1
