sample	chr	startpos	endpos	nMajor	nMinor
TCGA-12-0691	1	61735	72159350	2	2
TCGA-12-0691	1	72163867	72822836	2	0
TCGA-12-0691	1	72827978	73930574	2	2
TCGA-12-0691	1	73930624	74422211	2	0
TCGA-12-0691	1	74429329	75193035	3	1
TCGA-12-0691	1	75193633	76609695	2	0
TCGA-12-0691	1	76611703	85086434	2	2
TCGA-12-0691	1	85087199	85240508	2	0
TCGA-12-0691	1	85241182	88445213	2	2
TCGA-12-0691	1	88445700	88960876	2	0
TCGA-12-0691	1	88961409	89828716	2	1
TCGA-12-0691	1	89831006	91063281	2	0
TCGA-12-0691	1	91067203	91599693	2	2
TCGA-12-0691	1	91602524	91647232	1	0
TCGA-12-0691	1	91657583	93137131	2	2
TCGA-12-0691	1	93138128	93823172	2	0
TCGA-12-0691	1	93823327	230300586	2	2
TCGA-12-0691	1	230300745	231106398	2	0
TCGA-12-0691	1	231106412	249224388	2	2
TCGA-12-0691	2	12784	4192934	2	0
TCGA-12-0691	2	4196485	243089456	2	2
TCGA-12-0691	3	60345	886638	4	1
TCGA-12-0691	3	887059	3050952	4	2
TCGA-12-0691	3	3052402	93523357	2	2
TCGA-12-0691	3	93526657	170590619	2	0
TCGA-12-0691	3	170595481	174703155	4	2
TCGA-12-0691	3	174704229	177430414	7	2
TCGA-12-0691	3	177431683	178718187	5	2
TCGA-12-0691	3	178720832	181381406	8	2
TCGA-12-0691	3	181386463	182240950	5	2
TCGA-12-0691	3	182240987	184260029	8	2
TCGA-12-0691	3	184265862	186493755	4	2
TCGA-12-0691	3	186501648	197896118	2	2
TCGA-12-0691	4	12281	10559396	2	2
TCGA-12-0691	4	10559817	13677620	3	2
TCGA-12-0691	4	13677994	19597406	2	2
TCGA-12-0691	4	19597952	27289951	3	2
TCGA-12-0691	4	27290210	35351232	4	2
TCGA-12-0691	4	35354416	36130971	5	2
TCGA-12-0691	4	36135302	40121562	3	2
TCGA-12-0691	4	40122255	46603128	2	2
TCGA-12-0691	4	46606593	48070953	3	2
TCGA-12-0691	4	48076562	114126581	2	2
TCGA-12-0691	4	114126791	114608351	2	0
TCGA-12-0691	4	114608652	116076714	2	2
TCGA-12-0691	4	116077053	116501386	2	0
TCGA-12-0691	4	116505744	117432850	2	2
TCGA-12-0691	4	117433487	117964410	2	0
TCGA-12-0691	4	117974947	126039335	2	2
TCGA-12-0691	4	126041384	128973333	2	0
TCGA-12-0691	4	128973571	162295906	2	2
TCGA-12-0691	4	162295932	191027923	2	0
TCGA-12-0691	5	15532	114015173	4	2
TCGA-12-0691	5	114015591	150277111	2	2
TCGA-12-0691	5	150277909	151016586	2	0
TCGA-12-0691	5	151018262	151252397	2	2
TCGA-12-0691	5	151254686	151700470	2	0
TCGA-12-0691	5	151704696	151738612	3	1
TCGA-12-0691	5	151738746	154697060	2	0
TCGA-12-0691	5	154697113	154770779	3	1
TCGA-12-0691	5	154773775	156126899	2	0
TCGA-12-0691	5	156126942	156599273	2	2
TCGA-12-0691	5	156602286	156626683	1	0
TCGA-12-0691	5	156627357	157003651	2	2
TCGA-12-0691	5	157004187	157168303	2	0
TCGA-12-0691	5	157174190	161315514	2	2
TCGA-12-0691	5	161315910	161716310	2	0
TCGA-12-0691	5	161716627	161872898	3	1
TCGA-12-0691	5	161882437	162197206	2	0
TCGA-12-0691	5	162200295	165398596	2	2
TCGA-12-0691	5	165398695	180790320	4	2
TCGA-12-0691	6	149661	170537969	2	0
TCGA-12-0691	6	170538325	171051005	3	0
TCGA-12-0691	7	43259	1928662	5	2
TCGA-12-0691	7	1932092	3488910	4	2
TCGA-12-0691	7	3489139	4139785	6	2
TCGA-12-0691	7	4140668	11114428	4	2
TCGA-12-0691	7	11115284	11416541	2	2
TCGA-12-0691	7	11417337	98302148	4	2
TCGA-12-0691	7	98303460	118519046	4	0
TCGA-12-0691	7	118519910	159127004	4	2
TCGA-12-0691	8	31254	8093182	2	1
TCGA-12-0691	8	8094763	9961451	1	0
TCGA-12-0691	8	9961605	12473543	2	1
TCGA-12-0691	8	12473558	20688586	2	0
TCGA-12-0691	8	20689576	20897299	3	2
TCGA-12-0691	8	20904495	21056613	2	0
TCGA-12-0691	8	21057216	21674875	2	2
TCGA-12-0691	8	21675009	21776021	2	0
TCGA-12-0691	8	21782411	27764576	2	2
TCGA-12-0691	8	27764994	38037427	2	0
TCGA-12-0691	8	38043758	40917104	2	2
TCGA-12-0691	8	40921518	41244815	2	1
TCGA-12-0691	8	41248949	49647302	2	0
TCGA-12-0691	8	49654118	49829160	3	1
TCGA-12-0691	8	49830142	49906792	2	0
TCGA-12-0691	8	49913379	52024891	2	2
TCGA-12-0691	8	52028533	55654888	2	0
TCGA-12-0691	8	55656582	146298155	2	2
TCGA-12-0691	9	46587	28183404	2	1
TCGA-12-0691	9	28185536	32727150	2	2
TCGA-12-0691	9	32735962	104434576	4	2
TCGA-12-0691	9	104436643	106715023	4	0
TCGA-12-0691	9	106715594	141091394	4	2
TCGA-12-0691	10	72759	42706961	2	1
TCGA-12-0691	10	42706976	54390301	2	2
TCGA-12-0691	10	54394298	56593272	2	1
TCGA-12-0691	10	56594990	82985060	2	2
TCGA-12-0691	10	82985759	135506704	2	0
TCGA-12-0691	11	198572	2282904	2	0
TCGA-12-0691	11	2294680	2527306	2	1
TCGA-12-0691	11	2527361	13394864	2	0
TCGA-12-0691	11	13396671	134944770	2	2
TCGA-12-0691	12	150442	1890589	6	2
TCGA-12-0691	12	1893170	66754179	4	2
TCGA-12-0691	12	66756234	67629182	4	0
TCGA-12-0691	12	67629786	103814200	4	2
TCGA-12-0691	12	103816923	133778189	4	0
TCGA-12-0691	13	19026949	53349977	2	2
TCGA-12-0691	13	53350585	67587458	2	0
TCGA-12-0691	13	67589937	67711543	3	1
TCGA-12-0691	13	67714624	75720189	2	0
TCGA-12-0691	13	75720295	115108397	2	2
TCGA-12-0691	14	19002124	40019272	2	2
TCGA-12-0691	14	40025733	44650191	2	0
TCGA-12-0691	14	44653508	49242293	2	2
TCGA-12-0691	14	49242414	50021042	2	0
TCGA-12-0691	14	50021075	50643722	2	2
TCGA-12-0691	14	50644200	107285437	2	0
TCGA-12-0691	15	20016328	100732765	2	2
TCGA-12-0691	15	100735066	102469040	2	0
TCGA-12-0691	16	60777	2354457	2	0
TCGA-12-0691	16	2358760	6046397	4	2
TCGA-12-0691	16	6046712	90287535	2	2
TCGA-12-0691	17	526	505162	2	0
TCGA-12-0691	17	505210	19284164	4	0
TCGA-12-0691	17	19286463	81049726	2	2
TCGA-12-0691	18	48133	18773313	2	2
TCGA-12-0691	18	18775798	20353438	10	2
TCGA-12-0691	18	20353866	20393748	9	2
TCGA-12-0691	18	20403675	21095159	2	0
TCGA-12-0691	18	21095869	23596342	4	2
TCGA-12-0691	18	23604586	26257866	11	2
TCGA-12-0691	18	26257943	30836425	10	2
TCGA-12-0691	18	30838414	32546009	2	0
TCGA-12-0691	18	32548918	32734006	6	1
TCGA-12-0691	18	32734100	34053519	4	2
TCGA-12-0691	18	34058015	36581503	2	2
TCGA-12-0691	18	36588710	36827101	10	2
TCGA-12-0691	18	36827566	39733802	2	0
TCGA-12-0691	18	39736488	39789989	7	1
TCGA-12-0691	18	39790972	47361428	2	2
TCGA-12-0691	18	47364069	69007453	2	0
TCGA-12-0691	18	69009650	70410638	4	2
TCGA-12-0691	18	70412697	78015057	2	0
TCGA-12-0691	19	90910	33516441	2	2
TCGA-12-0691	19	33521146	35328600	2	0
TCGA-12-0691	19	35332975	37081149	2	2
TCGA-12-0691	19	37084976	38896384	4	2
TCGA-12-0691	19	38903099	39338125	2	0
TCGA-12-0691	19	39338296	39363863	8	0
TCGA-12-0691	19	39364572	39387842	9	2
TCGA-12-0691	19	39387919	41250216	8	2
TCGA-12-0691	19	41251180	43466756	2	0
TCGA-12-0691	19	43467855	44004734	3	2
TCGA-12-0691	19	44010382	44662161	2	0
TCGA-12-0691	19	44666425	45954592	2	2
TCGA-12-0691	19	45966057	47879874	2	0
TCGA-12-0691	19	47881778	48285539	9	1
TCGA-12-0691	19	48290038	50074618	4	2
TCGA-12-0691	19	50077872	55368203	2	2
TCGA-12-0691	19	55368363	59097854	2	0
TCGA-12-0691	20	61305	62956153	2	2
TCGA-12-0691	21	10736871	48096957	2	2
TCGA-12-0691	22	16052528	51234455	2	2
TCGA-12-0691	X	168477	2694240	4	2
TCGA-12-0691	X	2703391	5266383	2	0
TCGA-12-0691	X	5267951	9032358	0	0
TCGA-12-0691	X	9035144	155233846	2	0
