sample	chr	startpos	endpos	nMajor	nMinor
TCGA-49-4505	1	61735	119296728	2	2
TCGA-49-4505	1	119296803	121482979	2	1
TCGA-49-4505	1	144007049	249224388	2	2
TCGA-49-4505	2	12784	2024210	2	0
TCGA-49-4505	2	2026586	3250248	3	0
TCGA-49-4505	2	3250383	14409211	2	0
TCGA-49-4505	2	14410769	78089970	3	0
TCGA-49-4505	2	78094035	95579180	3	2
TCGA-49-4505	2	95579382	150023463	2	1
TCGA-49-4505	2	150025044	243089456	2	2
TCGA-49-4505	3	60345	71437594	1	1
TCGA-49-4505	3	71437689	75269488	3	1
TCGA-49-4505	3	75276213	197896118	2	1
TCGA-49-4505	4	12281	57072074	2	1
TCGA-49-4505	4	57072935	58074296	3	1
TCGA-49-4505	4	58074563	191027923	2	1
TCGA-49-4505	5	15532	15400757	9	2
TCGA-49-4505	5	15405454	30906370	6	2
TCGA-49-4505	5	30907048	37246487	4	2
TCGA-49-4505	5	37254459	49459535	3	2
TCGA-49-4505	5	49464306	166765427	2	0
TCGA-49-4505	5	166775014	167600319	5	2
TCGA-49-4505	5	167600358	168293892	3	2
TCGA-49-4505	5	168293949	168357851	9	3
TCGA-49-4505	5	168361639	168543648	3	2
TCGA-49-4505	5	168543745	169101309	6	2
TCGA-49-4505	5	169101801	169395484	3	2
TCGA-49-4505	5	169395580	173486908	2	1
TCGA-49-4505	5	173487101	176669030	5	2
TCGA-49-4505	5	176670502	180526512	3	2
TCGA-49-4505	5	180527309	180790320	7	2
TCGA-49-4505	6	149661	68161428	2	1
TCGA-49-4505	6	68161485	171051005	2	0
TCGA-49-4505	7	43259	23487938	3	2
TCGA-49-4505	7	23497373	69210523	2	2
TCGA-49-4505	7	69219004	70416332	3	2
TCGA-49-4505	7	70416962	146909723	2	2
TCGA-49-4505	7	146909959	147259105	3	2
TCGA-49-4505	7	147259304	159127004	2	2
TCGA-49-4505	8	31254	41364279	1	0
TCGA-49-4505	8	41365708	48286436	1	1
TCGA-49-4505	8	48290688	50300581	2	1
TCGA-49-4505	8	50302385	76928179	3	1
TCGA-49-4505	8	76928505	77567444	4	1
TCGA-49-4505	8	77567654	97486281	3	1
TCGA-49-4505	8	97487001	146298155	2	2
TCGA-49-4505	9	46587	47217176	2	1
TCGA-49-4505	9	65616971	132099067	1	1
TCGA-49-4505	9	132101269	132461530	2	1
TCGA-49-4505	9	132464392	141091394	1	1
TCGA-49-4505	10	72759	65284603	2	1
TCGA-49-4505	10	65285089	135506704	1	1
TCGA-49-4505	11	198572	17514392	1	1
TCGA-49-4505	11	17514430	134944770	2	1
TCGA-49-4505	12	150442	133623947	2	1
TCGA-49-4505	12	133625967	133778189	5	1
TCGA-49-4505	13	19026949	31836233	2	2
TCGA-49-4505	13	31837556	72438081	2	1
TCGA-49-4505	13	72438187	84098647	1	1
TCGA-49-4505	13	84100134	105398351	2	1
TCGA-49-4505	13	105399540	112353145	1	1
TCGA-49-4505	13	112353620	115108397	1	0
TCGA-49-4505	14	19002124	107285437	2	1
TCGA-49-4505	15	20016328	78960802	2	0
TCGA-49-4505	15	78961415	102469040	3	0
TCGA-49-4505	16	60777	17360929	2	2
TCGA-49-4505	16	17365105	17545394	4	2
TCGA-49-4505	16	17555574	90287535	2	2
TCGA-49-4505	17	526	30175224	2	0
TCGA-49-4505	17	30176077	35866596	3	0
TCGA-49-4505	17	35868141	81049726	3	1
TCGA-49-4505	18	48133	78015057	2	0
TCGA-49-4505	19	90910	59097854	2	0
TCGA-49-4505	20	61305	25943183	2	0
TCGA-49-4505	20	25955122	31836463	3	1
TCGA-49-4505	20	31836773	33566341	1	1
TCGA-49-4505	20	33566722	44376347	2	1
TCGA-49-4505	20	44377039	44518903	4	1
TCGA-49-4505	20	44522005	62956153	2	1
TCGA-49-4505	21	10736871	47922951	2	2
TCGA-49-4505	21	47923969	48096957	4	2
TCGA-49-4505	22	16052528	19047941	1	0
TCGA-49-4505	22	19048152	29655735	1	1
TCGA-49-4505	22	29659467	34448983	2	1
TCGA-49-4505	22	34449585	36657432	1	1
TCGA-49-4505	22	36657596	44789059	2	1
TCGA-49-4505	22	44790197	51234455	1	0
TCGA-49-4505	X	168477	2694240	1	0
TCGA-49-4505	X	2703391	10153011	2	0
TCGA-49-4505	X	10155957	13536543	3	0
TCGA-49-4505	X	13536856	15045625	5	0
TCGA-49-4505	X	15046050	38596530	3	0
TCGA-49-4505	X	38596541	46985718	2	0
TCGA-49-4505	X	46987578	150243494	3	0
TCGA-49-4505	X	150243672	154929308	4	0
TCGA-49-4505	X	154929498	155233846	2	0
