sample	chr	startpos	endpos	nMajor	nMinor
TCGA-YF-AA3M	1	61735	107146522	3	2
TCGA-YF-AA3M	1	107146735	109128566	3	3
TCGA-YF-AA3M	1	109128904	185394729	3	2
TCGA-YF-AA3M	1	185394785	185776687	3	0
TCGA-YF-AA3M	1	185780039	193918961	3	2
TCGA-YF-AA3M	1	193919990	210993071	2	1
TCGA-YF-AA3M	1	210995732	249224388	3	2
TCGA-YF-AA3M	2	12784	5411513	3	3
TCGA-YF-AA3M	2	5411779	156249386	3	1
TCGA-YF-AA3M	2	156249504	183462586	3	2
TCGA-YF-AA3M	2	183462762	199160257	3	1
TCGA-YF-AA3M	2	199161599	200705671	3	2
TCGA-YF-AA3M	2	200706428	211231188	3	0
TCGA-YF-AA3M	2	211232032	212178821	8	0
TCGA-YF-AA3M	2	212179718	222352995	5	0
TCGA-YF-AA3M	2	222353014	224097340	21	0
TCGA-YF-AA3M	2	224098992	224126705	16	0
TCGA-YF-AA3M	2	224127497	227939199	9	0
TCGA-YF-AA3M	2	227942080	232403863	3	0
TCGA-YF-AA3M	2	232403981	232631211	6	0
TCGA-YF-AA3M	2	232631846	243089456	3	0
TCGA-YF-AA3M	3	60345	25763999	3	1
TCGA-YF-AA3M	3	25764552	26048481	4	1
TCGA-YF-AA3M	3	26053710	40001822	3	1
TCGA-YF-AA3M	3	40002028	44926610	2	1
TCGA-YF-AA3M	3	44928370	90502862	3	1
TCGA-YF-AA3M	3	93519478	111166574	5	4
TCGA-YF-AA3M	3	111167008	111257405	3	1
TCGA-YF-AA3M	3	111257896	168942339	6	3
TCGA-YF-AA3M	3	168942372	169313908	6	1
TCGA-YF-AA3M	3	169314424	197896118	6	3
TCGA-YF-AA3M	4	12281	19880320	4	2
TCGA-YF-AA3M	4	19889325	30600977	2	2
TCGA-YF-AA3M	4	30602548	30943048	2	1
TCGA-YF-AA3M	4	30943209	191027923	2	2
TCGA-YF-AA3M	5	15532	39847329	6	6
TCGA-YF-AA3M	5	39848113	46035157	7	3
TCGA-YF-AA3M	5	46042719	50297161	4	4
TCGA-YF-AA3M	5	50300182	58945458	3	1
TCGA-YF-AA3M	5	58945842	60284996	4	1
TCGA-YF-AA3M	5	60285331	156564882	3	1
TCGA-YF-AA3M	5	156570367	157558431	4	3
TCGA-YF-AA3M	5	157559321	180790320	3	1
TCGA-YF-AA3M	6	149661	5643835	2	0
TCGA-YF-AA3M	6	5645076	5671615	3	1
TCGA-YF-AA3M	6	5675722	5925616	2	0
TCGA-YF-AA3M	6	5932245	10640234	2	2
TCGA-YF-AA3M	6	10644149	14916034	2	0
TCGA-YF-AA3M	6	14918158	16742601	2	2
TCGA-YF-AA3M	6	16742765	16759139	5	2
TCGA-YF-AA3M	6	16771615	20366088	2	2
TCGA-YF-AA3M	6	20368246	20376541	23	22
TCGA-YF-AA3M	6	20379894	20777093	43	1
TCGA-YF-AA3M	6	20781285	22625592	23	1
TCGA-YF-AA3M	6	22631696	33389464	6	1
TCGA-YF-AA3M	6	33397069	61972502	3	2
TCGA-YF-AA3M	6	61972918	65486684	3	3
TCGA-YF-AA3M	6	65488026	65603816	3	1
TCGA-YF-AA3M	6	65610159	65775867	4	3
TCGA-YF-AA3M	6	65775909	76960857	3	1
TCGA-YF-AA3M	6	76962961	77647142	3	3
TCGA-YF-AA3M	6	77653492	78883080	3	1
TCGA-YF-AA3M	6	78888462	79889049	4	3
TCGA-YF-AA3M	6	79892907	143871188	3	1
TCGA-YF-AA3M	6	143871690	144134396	2	1
TCGA-YF-AA3M	6	144137312	171051005	3	1
TCGA-YF-AA3M	7	43259	2113429	3	2
TCGA-YF-AA3M	7	2113455	9361076	3	3
TCGA-YF-AA3M	7	9361109	61888128	3	2
TCGA-YF-AA3M	7	61987173	94685863	3	0
TCGA-YF-AA3M	7	94691640	94924538	1	0
TCGA-YF-AA3M	7	94931712	146702154	3	0
TCGA-YF-AA3M	7	146702154	146925558	1	0
TCGA-YF-AA3M	7	146927206	157656767	3	0
TCGA-YF-AA3M	7	157658054	159127004	4	0
TCGA-YF-AA3M	8	31254	52928389	3	3
TCGA-YF-AA3M	8	52929113	57706143	4	4
TCGA-YF-AA3M	8	57706293	60218207	4	3
TCGA-YF-AA3M	8	60219451	69504659	4	4
TCGA-YF-AA3M	8	69504673	75225213	4	3
TCGA-YF-AA3M	8	75225827	76342077	6	3
TCGA-YF-AA3M	8	76342500	146298155	4	3
TCGA-YF-AA3M	9	46587	47217176	3	2
TCGA-YF-AA3M	9	65616971	141091394	3	1
TCGA-YF-AA3M	10	72759	8129919	3	3
TCGA-YF-AA3M	10	8130990	13267905	4	3
TCGA-YF-AA3M	10	13268140	19319982	3	3
TCGA-YF-AA3M	10	19320865	23518191	4	3
TCGA-YF-AA3M	10	23521782	34427458	3	2
TCGA-YF-AA3M	10	34427769	35046001	2	2
TCGA-YF-AA3M	10	35046766	39076221	3	2
TCGA-YF-AA3M	10	42433540	135506704	3	0
TCGA-YF-AA3M	11	198572	56669806	4	1
TCGA-YF-AA3M	11	56669830	102146726	4	3
TCGA-YF-AA3M	11	102149946	134944770	5	4
TCGA-YF-AA3M	12	150442	133778189	3	2
TCGA-YF-AA3M	13	19026949	45135696	4	1
TCGA-YF-AA3M	13	45136087	51602806	4	0
TCGA-YF-AA3M	13	51603768	115108397	4	1
TCGA-YF-AA3M	14	19002124	82047056	4	0
TCGA-YF-AA3M	14	82049701	92547867	3	1
TCGA-YF-AA3M	14	92551329	107285437	4	0
TCGA-YF-AA3M	15	20016328	102469040	2	1
TCGA-YF-AA3M	16	60777	90287535	2	1
TCGA-YF-AA3M	17	526	7145281	3	0
TCGA-YF-AA3M	17	7156596	15842120	4	0
TCGA-YF-AA3M	17	15843560	25341542	2	2
TCGA-YF-AA3M	17	25342513	81049726	3	3
TCGA-YF-AA3M	18	48133	8652249	3	2
TCGA-YF-AA3M	18	8652809	15396945	2	2
TCGA-YF-AA3M	18	15401763	19878077	3	2
TCGA-YF-AA3M	18	19878707	24287557	2	2
TCGA-YF-AA3M	18	24293284	25452102	4	2
TCGA-YF-AA3M	18	25452393	25890200	3	2
TCGA-YF-AA3M	18	25890637	28211695	2	1
TCGA-YF-AA3M	18	28214394	29637973	3	2
TCGA-YF-AA3M	18	29637989	78015057	2	1
TCGA-YF-AA3M	19	90910	24503785	2	1
TCGA-YF-AA3M	19	24503985	29282209	3	1
TCGA-YF-AA3M	19	29282427	59097854	4	1
TCGA-YF-AA3M	20	61305	29651749	4	3
TCGA-YF-AA3M	20	29835049	31447368	8	3
TCGA-YF-AA3M	20	31449634	32682614	6	3
TCGA-YF-AA3M	20	32684309	42421408	3	2
TCGA-YF-AA3M	20	42422708	42662656	3	0
TCGA-YF-AA3M	20	42663666	47659902	3	2
TCGA-YF-AA3M	20	47660728	49336632	6	3
TCGA-YF-AA3M	20	49336805	53048476	4	3
TCGA-YF-AA3M	20	53048560	53068413	4	4
TCGA-YF-AA3M	20	53074986	62956153	3	0
TCGA-YF-AA3M	21	10736871	42872410	3	2
TCGA-YF-AA3M	21	42875404	47724773	4	3
TCGA-YF-AA3M	21	47725947	48096957	5	3
TCGA-YF-AA3M	22	16052528	22889664	2	2
TCGA-YF-AA3M	22	22890044	51234455	2	1
TCGA-YF-AA3M	X	168477	2376114	3	3
TCGA-YF-AA3M	X	2376344	2658698	4	3
TCGA-YF-AA3M	X	2660819	2694240	4	2
TCGA-YF-AA3M	X	2703391	9392810	3	0
TCGA-YF-AA3M	X	9398196	9835292	4	0
TCGA-YF-AA3M	X	9835862	9859197	3	0
TCGA-YF-AA3M	X	9859289	10168622	4	0
TCGA-YF-AA3M	X	10169688	13047461	3	0
TCGA-YF-AA3M	X	13049032	13090016	4	0
TCGA-YF-AA3M	X	13093283	13981787	3	0
TCGA-YF-AA3M	X	13982753	14112163	4	0
TCGA-YF-AA3M	X	14112448	14167565	3	0
TCGA-YF-AA3M	X	14169014	15509688	4	0
TCGA-YF-AA3M	X	15509700	36745026	3	0
TCGA-YF-AA3M	X	36745126	38268541	4	0
TCGA-YF-AA3M	X	38272193	38522206	3	0
TCGA-YF-AA3M	X	38524851	38583741	4	0
TCGA-YF-AA3M	X	38583756	38804061	3	0
TCGA-YF-AA3M	X	38804159	38902178	4	0
TCGA-YF-AA3M	X	38902197	39938225	3	0
TCGA-YF-AA3M	X	39944936	40095861	4	0
TCGA-YF-AA3M	X	40097231	40258735	3	0
TCGA-YF-AA3M	X	40258772	40335725	4	0
TCGA-YF-AA3M	X	40337006	40349052	3	0
TCGA-YF-AA3M	X	40349137	40428502	4	0
TCGA-YF-AA3M	X	40428611	40926769	3	0
TCGA-YF-AA3M	X	40926954	41110003	4	0
TCGA-YF-AA3M	X	41110711	41773308	3	0
TCGA-YF-AA3M	X	41774113	42146544	4	0
TCGA-YF-AA3M	X	42148970	42439361	3	0
TCGA-YF-AA3M	X	42442018	42813983	4	0
TCGA-YF-AA3M	X	42814656	43324325	3	0
TCGA-YF-AA3M	X	43324624	43866951	4	0
TCGA-YF-AA3M	X	43869184	43971327	3	0
TCGA-YF-AA3M	X	43972191	44143943	4	0
TCGA-YF-AA3M	X	44144120	44224562	3	0
TCGA-YF-AA3M	X	44226172	44279493	4	0
TCGA-YF-AA3M	X	44279637	44523400	3	0
TCGA-YF-AA3M	X	44524167	44678796	4	0
TCGA-YF-AA3M	X	44679785	45423188	3	0
TCGA-YF-AA3M	X	45423303	45557380	4	0
TCGA-YF-AA3M	X	45558094	45734847	3	0
TCGA-YF-AA3M	X	45735427	45818140	4	0
TCGA-YF-AA3M	X	45818469	45905314	3	0
TCGA-YF-AA3M	X	45908074	46103013	4	0
TCGA-YF-AA3M	X	46103229	46261657	3	0
TCGA-YF-AA3M	X	46263706	46442025	4	0
TCGA-YF-AA3M	X	46443286	46811762	3	0
TCGA-YF-AA3M	X	46812603	47108980	4	0
TCGA-YF-AA3M	X	47114515	47780746	3	0
TCGA-YF-AA3M	X	47791167	47970048	4	0
TCGA-YF-AA3M	X	47970727	49962124	3	0
TCGA-YF-AA3M	X	49963037	50173582	4	0
TCGA-YF-AA3M	X	50175855	50351522	3	0
TCGA-YF-AA3M	X	50355075	50388394	4	0
TCGA-YF-AA3M	X	50388495	51399489	3	0
TCGA-YF-AA3M	X	51403214	51522948	4	0
TCGA-YF-AA3M	X	51530931	52595110	3	0
TCGA-YF-AA3M	X	52597712	52706693	4	0
TCGA-YF-AA3M	X	52766214	53991504	3	0
TCGA-YF-AA3M	X	53991693	54530814	4	0
TCGA-YF-AA3M	X	54530855	55043397	3	0
TCGA-YF-AA3M	X	55044328	55224760	4	0
TCGA-YF-AA3M	X	55230288	55308758	3	0
TCGA-YF-AA3M	X	55309914	55658872	4	0
TCGA-YF-AA3M	X	55663161	55807469	3	0
TCGA-YF-AA3M	X	55809341	55984650	4	0
TCGA-YF-AA3M	X	55984870	56051560	3	0
TCGA-YF-AA3M	X	56052288	56295245	4	0
TCGA-YF-AA3M	X	56304095	56578639	3	0
TCGA-YF-AA3M	X	56582722	56889240	4	0
TCGA-YF-AA3M	X	56889635	56974550	3	0
TCGA-YF-AA3M	X	56975226	57375412	4	0
TCGA-YF-AA3M	X	57381505	57562979	3	0
TCGA-YF-AA3M	X	57563106	57703972	4	0
TCGA-YF-AA3M	X	57704291	62263294	3	0
TCGA-YF-AA3M	X	62267957	63317855	4	0
TCGA-YF-AA3M	X	63318011	67278746	3	0
TCGA-YF-AA3M	X	67280207	67369042	4	0
TCGA-YF-AA3M	X	67370641	67588488	3	0
TCGA-YF-AA3M	X	67591515	67874816	4	0
TCGA-YF-AA3M	X	67874935	68004709	3	0
TCGA-YF-AA3M	X	68005343	68168906	4	0
TCGA-YF-AA3M	X	68169416	68379657	3	0
TCGA-YF-AA3M	X	68381095	68450269	4	0
TCGA-YF-AA3M	X	68452152	68538608	3	0
TCGA-YF-AA3M	X	68539840	68656526	4	0
TCGA-YF-AA3M	X	68656621	68902821	3	0
TCGA-YF-AA3M	X	68904041	68985952	4	0
TCGA-YF-AA3M	X	68986318	69147853	3	0
TCGA-YF-AA3M	X	69151685	69197561	4	0
TCGA-YF-AA3M	X	69197838	69274660	3	0
TCGA-YF-AA3M	X	69276436	69327459	4	0
TCGA-YF-AA3M	X	69332005	69409892	3	0
TCGA-YF-AA3M	X	69411980	69499512	4	0
TCGA-YF-AA3M	X	69504130	69581468	3	0
TCGA-YF-AA3M	X	69582329	69676729	4	0
TCGA-YF-AA3M	X	69676744	69750060	3	0
TCGA-YF-AA3M	X	69751800	69902202	4	0
TCGA-YF-AA3M	X	69903323	70027713	3	0
TCGA-YF-AA3M	X	70028699	70132815	4	0
TCGA-YF-AA3M	X	70138519	70328502	3	0
TCGA-YF-AA3M	X	70343621	70873912	4	0
TCGA-YF-AA3M	X	70874101	71116872	3	0
TCGA-YF-AA3M	X	71117174	71200370	4	0
TCGA-YF-AA3M	X	71200505	71360834	3	0
TCGA-YF-AA3M	X	71360865	71440029	4	0
TCGA-YF-AA3M	X	71443673	87105870	3	0
TCGA-YF-AA3M	X	87106846	87144319	4	0
TCGA-YF-AA3M	X	87144376	87626842	3	0
TCGA-YF-AA3M	X	87627010	87703564	4	0
TCGA-YF-AA3M	X	87704770	94747605	3	0
TCGA-YF-AA3M	X	94751609	94867213	4	0
TCGA-YF-AA3M	X	94868374	96368311	3	0
TCGA-YF-AA3M	X	96368763	96411668	4	0
TCGA-YF-AA3M	X	96411805	97183584	3	0
TCGA-YF-AA3M	X	97183691	97294687	4	0
TCGA-YF-AA3M	X	97295155	97628400	3	0
TCGA-YF-AA3M	X	97629408	97749356	4	0
TCGA-YF-AA3M	X	97749647	98096988	3	0
TCGA-YF-AA3M	X	98102337	98185229	4	0
TCGA-YF-AA3M	X	98185275	99172644	3	0
TCGA-YF-AA3M	X	99176450	99255267	4	0
TCGA-YF-AA3M	X	99257332	99505112	3	0
TCGA-YF-AA3M	X	99507699	99533275	4	0
TCGA-YF-AA3M	X	99534509	99619248	3	0
TCGA-YF-AA3M	X	99620990	99684260	4	0
TCGA-YF-AA3M	X	99684420	99880349	3	0
TCGA-YF-AA3M	X	99880634	99973710	4	0
TCGA-YF-AA3M	X	99973838	154913205	3	0
TCGA-YF-AA3M	X	154915975	155233846	3	1
