sample	chr	startpos	endpos	nMajor	nMinor
TCGA-67-6217	1	61735	22246728	2	1
TCGA-67-6217	1	22249057	31913964	1	1
TCGA-67-6217	1	31915529	32204063	4	1
TCGA-67-6217	1	32206138	249224388	2	1
TCGA-67-6217	2	12784	52695999	1	0
TCGA-67-6217	2	52696168	53464105	1	1
TCGA-67-6217	2	53464142	59512010	1	0
TCGA-67-6217	2	59512158	60485593	1	1
TCGA-67-6217	2	60486247	66741389	1	0
TCGA-67-6217	2	66745663	67489749	2	1
TCGA-67-6217	2	67490638	75208011	1	1
TCGA-67-6217	2	75218331	76946550	1	0
TCGA-67-6217	2	76948994	81193409	1	1
TCGA-67-6217	2	81197633	81286993	2	1
TCGA-67-6217	2	81287257	83324508	3	1
TCGA-67-6217	2	83325626	90027696	1	1
TCGA-67-6217	2	90027708	106780842	2	0
TCGA-67-6217	2	106781362	156355529	1	0
TCGA-67-6217	2	156355647	163634488	2	0
TCGA-67-6217	2	163637960	174010072	1	0
TCGA-67-6217	2	174015168	243089456	2	0
TCGA-67-6217	3	60345	186230003	1	0
TCGA-67-6217	3	186230742	197896118	1	1
TCGA-67-6217	4	12281	191027923	1	1
TCGA-67-6217	5	15532	45962096	2	1
TCGA-67-6217	5	45962356	57226101	3	1
TCGA-67-6217	5	57228721	171332512	2	1
TCGA-67-6217	5	171332951	172925715	2	2
TCGA-67-6217	5	172925741	180790320	2	1
TCGA-67-6217	6	149661	171051005	2	0
TCGA-67-6217	7	43259	36025359	3	1
TCGA-67-6217	7	36026466	47914970	2	1
TCGA-67-6217	7	47915651	48517520	4	1
TCGA-67-6217	7	48520450	77276897	2	1
TCGA-67-6217	7	77283054	78737939	1	1
TCGA-67-6217	7	78743883	81772805	1	0
TCGA-67-6217	7	81773149	83533357	1	1
TCGA-67-6217	7	83533476	90042796	2	1
TCGA-67-6217	7	90042857	95327410	1	1
TCGA-67-6217	7	95337657	112047654	1	0
TCGA-67-6217	7	112048107	150246984	1	1
TCGA-67-6217	7	150247024	153578416	2	2
TCGA-67-6217	7	153578856	159127004	1	1
TCGA-67-6217	8	31254	43133076	1	0
TCGA-67-6217	8	43135316	54440628	2	0
TCGA-67-6217	8	54442135	58105505	1	0
TCGA-67-6217	8	58109220	62320124	2	0
TCGA-67-6217	8	62325104	90683423	1	0
TCGA-67-6217	8	90686412	91286635	2	0
TCGA-67-6217	8	91288667	92014386	4	1
TCGA-67-6217	8	92017278	93905907	4	0
TCGA-67-6217	8	93906176	97076527	2	0
TCGA-67-6217	8	97081005	97614661	4	0
TCGA-67-6217	8	97615235	99263859	3	0
TCGA-67-6217	8	99266271	109773848	4	0
TCGA-67-6217	8	109774461	114597090	2	0
TCGA-67-6217	8	114600517	127160541	1	0
TCGA-67-6217	8	127166901	130702635	2	0
TCGA-67-6217	8	130702811	143686995	1	0
TCGA-67-6217	8	143689357	145146017	2	1
TCGA-67-6217	8	145147978	146298155	1	0
TCGA-67-6217	9	46587	141091394	1	0
TCGA-67-6217	10	72759	117612332	1	1
TCGA-67-6217	10	117612992	135506704	2	0
TCGA-67-6217	11	198572	134944770	1	1
TCGA-67-6217	12	150442	133778189	1	0
TCGA-67-6217	13	19026949	115108397	1	0
TCGA-67-6217	14	19002124	26152668	1	0
TCGA-67-6217	14	26154254	27717870	2	1
TCGA-67-6217	14	27721012	28475175	4	1
TCGA-67-6217	14	28475246	28701019	4	0
TCGA-67-6217	14	28701469	32330260	2	2
TCGA-67-6217	14	32331866	34003543	4	1
TCGA-67-6217	14	34003869	36315782	3	3
TCGA-67-6217	14	36318810	37086752	7	2
TCGA-67-6217	14	37086961	38434422	3	2
TCGA-67-6217	14	38437611	39196692	3	1
TCGA-67-6217	14	39197026	41193604	2	0
TCGA-67-6217	14	41194262	49140153	1	0
TCGA-67-6217	14	49140694	51283028	1	1
TCGA-67-6217	14	51283148	52772038	2	1
TCGA-67-6217	14	52776348	54000386	3	0
TCGA-67-6217	14	54000771	69042021	2	0
TCGA-67-6217	14	69045202	83697232	1	0
TCGA-67-6217	14	83698443	94249459	2	0
TCGA-67-6217	14	94249470	107285437	1	0
TCGA-67-6217	15	20016328	38505670	1	0
TCGA-67-6217	15	38508367	45144218	1	1
TCGA-67-6217	15	45144804	51012079	1	0
TCGA-67-6217	15	51012560	94755797	1	1
TCGA-67-6217	15	94756733	102469040	2	0
TCGA-67-6217	16	60777	90287535	1	1
TCGA-67-6217	17	526	41229286	1	0
TCGA-67-6217	17	41229331	66216716	1	1
TCGA-67-6217	17	66216811	81049726	2	1
TCGA-67-6217	18	48133	4618060	1	0
TCGA-67-6217	18	4620374	5913606	1	1
TCGA-67-6217	18	5913683	78015057	1	0
TCGA-67-6217	19	90910	9455520	1	0
TCGA-67-6217	19	9455926	11163562	1	1
TCGA-67-6217	19	11163601	23266055	1	0
TCGA-67-6217	19	23276081	59097854	1	1
TCGA-67-6217	20	61305	62956153	1	1
TCGA-67-6217	21	10736871	48096957	1	0
TCGA-67-6217	22	16052528	51234455	1	0
TCGA-67-6217	X	168477	42229888	1	0
TCGA-67-6217	X	42231533	46179305	1	1
TCGA-67-6217	X	46181724	81697145	1	0
TCGA-67-6217	X	81697156	82041981	3	0
TCGA-67-6217	X	82042220	82222471	3	1
TCGA-67-6217	X	82222536	82271473	3	0
TCGA-67-6217	X	82272677	119921758	1	0
TCGA-67-6217	X	119921892	121248889	1	1
TCGA-67-6217	X	121249168	125296979	2	0
TCGA-67-6217	X	125297982	125770377	2	1
TCGA-67-6217	X	125772773	135497722	2	0
TCGA-67-6217	X	135499659	147849428	1	1
TCGA-67-6217	X	147850423	155233846	1	0
