sample	chr	startpos	endpos	nMajor	nMinor
TCGA-ZB-A96A	1	61735	249224388	1	1
TCGA-ZB-A96A	2	12784	243089456	1	1
TCGA-ZB-A96A	3	60345	197896118	1	1
TCGA-ZB-A96A	4	12281	191027923	1	1
TCGA-ZB-A96A	5	15532	180790320	1	1
TCGA-ZB-A96A	6	149661	827421	1	1
TCGA-ZB-A96A	6	828403	1918122	1	0
TCGA-ZB-A96A	6	1918262	171051005	1	1
TCGA-ZB-A96A	7	43259	8558919	1	1
TCGA-ZB-A96A	7	8558996	9375958	2	1
TCGA-ZB-A96A	7	9376523	38290714	1	1
TCGA-ZB-A96A	7	38294101	38395974	0	0
TCGA-ZB-A96A	7	38396476	57950504	1	1
TCGA-ZB-A96A	7	57950931	62453853	3	2
TCGA-ZB-A96A	7	62457475	159127004	1	1
TCGA-ZB-A96A	8	31254	146298155	1	1
TCGA-ZB-A96A	9	46587	29405610	1	1
TCGA-ZB-A96A	9	29408135	29430924	5	3
TCGA-ZB-A96A	9	29431762	141091394	1	1
TCGA-ZB-A96A	10	72759	135506704	1	1
TCGA-ZB-A96A	11	198572	50702618	1	1
TCGA-ZB-A96A	11	50735036	51267021	5	4
TCGA-ZB-A96A	11	51267672	134944770	1	1
TCGA-ZB-A96A	12	150442	133778189	1	1
TCGA-ZB-A96A	13	19026949	115108397	1	1
TCGA-ZB-A96A	14	19002124	107285437	1	1
TCGA-ZB-A96A	15	20016328	102469040	1	1
TCGA-ZB-A96A	16	60777	90287535	1	1
TCGA-ZB-A96A	17	526	81049726	1	1
TCGA-ZB-A96A	18	48133	78015057	1	1
TCGA-ZB-A96A	19	90910	59097854	1	1
TCGA-ZB-A96A	20	61305	62956153	1	1
TCGA-ZB-A96A	21	10736871	48096957	1	1
TCGA-ZB-A96A	22	16052528	27125838	1	1
TCGA-ZB-A96A	22	27126588	51234455	1	0
TCGA-ZB-A96A	X	168477	2632482	1	1
TCGA-ZB-A96A	X	2632822	2703391	2	0
TCGA-ZB-A96A	X	2703633	155233846	1	0
