sample	chr	startpos	endpos	nMajor	nMinor
TCGA-BH-A5IZ-b	1	61735	85823120	1	1
TCGA-BH-A5IZ-b	1	85825748	121482979	1	0
TCGA-BH-A5IZ-b	1	144007049	187994422	2	1
TCGA-BH-A5IZ-b	1	187997025	229026976	1	1
TCGA-BH-A5IZ-b	1	229027438	249224388	2	1
TCGA-BH-A5IZ-b	2	12784	95346639	1	1
TCGA-BH-A5IZ-b	2	95346981	151873685	1	0
TCGA-BH-A5IZ-b	2	151874281	151901904	0	0
TCGA-BH-A5IZ-b	2	151902585	243089456	1	0
TCGA-BH-A5IZ-b	3	60345	68676959	1	0
TCGA-BH-A5IZ-b	3	68683814	197896118	1	1
TCGA-BH-A5IZ-b	4	12281	190680333	1	0
TCGA-BH-A5IZ-b	4	190685963	191027923	0	0
TCGA-BH-A5IZ-b	5	15532	307034	1	0
TCGA-BH-A5IZ-b	5	307813	4205074	4	1
TCGA-BH-A5IZ-b	5	4205681	18288995	2	1
TCGA-BH-A5IZ-b	5	18289763	49432831	1	1
TCGA-BH-A5IZ-b	5	49441958	180790320	1	0
TCGA-BH-A5IZ-b	6	149661	19698496	1	0
TCGA-BH-A5IZ-b	6	19699372	35832968	1	1
TCGA-BH-A5IZ-b	6	35835038	110570669	2	1
TCGA-BH-A5IZ-b	6	110573892	113641133	3	1
TCGA-BH-A5IZ-b	6	113641333	136358126	2	1
TCGA-BH-A5IZ-b	6	136358193	171051005	1	1
TCGA-BH-A5IZ-b	7	43259	6319495	2	1
TCGA-BH-A5IZ-b	7	6326147	38294101	1	1
TCGA-BH-A5IZ-b	7	38294996	38357159	2	1
TCGA-BH-A5IZ-b	7	38357178	118447912	1	1
TCGA-BH-A5IZ-b	7	118450363	131077317	2	1
TCGA-BH-A5IZ-b	7	131086464	159127004	1	1
TCGA-BH-A5IZ-b	8	31254	146298155	1	1
TCGA-BH-A5IZ-b	9	46587	9224800	2	2
TCGA-BH-A5IZ-b	9	9225463	15916874	2	1
TCGA-BH-A5IZ-b	9	15917920	124281184	1	1
TCGA-BH-A5IZ-b	9	124283207	141091394	1	0
TCGA-BH-A5IZ-b	10	72759	2314655	1	0
TCGA-BH-A5IZ-b	10	2317738	135349367	1	1
TCGA-BH-A5IZ-b	10	135349504	135506704	1	0
TCGA-BH-A5IZ-b	11	198572	63264579	1	1
TCGA-BH-A5IZ-b	11	63265332	75330350	1	0
TCGA-BH-A5IZ-b	11	75333978	79244715	2	0
TCGA-BH-A5IZ-b	11	79245991	134944770	1	0
TCGA-BH-A5IZ-b	12	150442	24519135	2	1
TCGA-BH-A5IZ-b	12	24519509	37888238	1	1
TCGA-BH-A5IZ-b	12	37888667	133778189	1	0
TCGA-BH-A5IZ-b	13	19026949	51971482	1	0
TCGA-BH-A5IZ-b	13	51972002	75411002	1	1
TCGA-BH-A5IZ-b	13	75412584	115108397	2	1
TCGA-BH-A5IZ-b	14	19002124	22479812	1	0
TCGA-BH-A5IZ-b	14	22480147	22978760	2	0
TCGA-BH-A5IZ-b	14	22978775	65734756	1	0
TCGA-BH-A5IZ-b	14	65734871	65807927	0	0
TCGA-BH-A5IZ-b	14	65808985	70518587	1	0
TCGA-BH-A5IZ-b	14	70520226	76509153	1	1
TCGA-BH-A5IZ-b	14	76515024	107285437	1	0
TCGA-BH-A5IZ-b	15	20016328	24936576	1	1
TCGA-BH-A5IZ-b	15	24939990	56344287	1	0
TCGA-BH-A5IZ-b	15	56344631	102469040	2	0
TCGA-BH-A5IZ-b	16	60777	18917851	1	0
TCGA-BH-A5IZ-b	16	18922351	35283226	1	1
TCGA-BH-A5IZ-b	16	46463782	70842097	1	0
TCGA-BH-A5IZ-b	16	70854381	71205194	2	0
TCGA-BH-A5IZ-b	16	71205908	90287535	1	0
TCGA-BH-A5IZ-b	17	526	46237990	1	0
TCGA-BH-A5IZ-b	17	46240263	56832003	2	0
TCGA-BH-A5IZ-b	17	56840587	81049726	3	0
TCGA-BH-A5IZ-b	18	48133	15402408	1	0
TCGA-BH-A5IZ-b	18	18529353	78015057	1	1
TCGA-BH-A5IZ-b	19	90910	4573638	1	0
TCGA-BH-A5IZ-b	19	4593694	28127664	1	1
TCGA-BH-A5IZ-b	19	28141689	59097854	1	0
TCGA-BH-A5IZ-b	20	61305	26305579	1	1
TCGA-BH-A5IZ-b	20	29420352	46368577	1	0
TCGA-BH-A5IZ-b	20	46369114	62956153	2	0
TCGA-BH-A5IZ-b	21	10736871	48096957	1	1
TCGA-BH-A5IZ-b	22	16052528	51234455	1	0
TCGA-BH-A5IZ-b	X	168477	30425248	2	1
TCGA-BH-A5IZ-b	X	30431455	155233846	1	1
