sample	chr	startpos	endpos	nMajor	nMinor
TCGA-DU-8166	1	61735	249224388	2	2
TCGA-DU-8166	2	12784	243089456	2	2
TCGA-DU-8166	3	60345	197896118	2	2
TCGA-DU-8166	4	12281	67607094	2	1
TCGA-DU-8166	4	67607309	144009242	2	2
TCGA-DU-8166	4	144009377	151462330	2	1
TCGA-DU-8166	4	151462622	191027923	2	2
TCGA-DU-8166	5	15532	180790320	2	2
TCGA-DU-8166	6	149661	171051005	2	2
TCGA-DU-8166	7	43259	159127004	4	2
TCGA-DU-8166	8	31254	146298155	2	2
TCGA-DU-8166	9	46587	141091394	2	2
TCGA-DU-8166	10	72759	135506704	2	2
TCGA-DU-8166	11	198572	13639160	2	1
TCGA-DU-8166	11	13639216	134944770	2	2
TCGA-DU-8166	12	150442	38701230	2	2
TCGA-DU-8166	12	38701377	46211000	2	0
TCGA-DU-8166	12	46214767	133778189	2	2
TCGA-DU-8166	13	19026949	115108397	2	2
TCGA-DU-8166	14	19002124	22570690	2	2
TCGA-DU-8166	14	22570907	22999617	3	2
TCGA-DU-8166	14	22999918	107285437	2	2
TCGA-DU-8166	15	20016328	102469040	2	2
TCGA-DU-8166	16	60777	90287535	2	2
TCGA-DU-8166	17	526	17980671	4	0
TCGA-DU-8166	17	17982027	81049726	2	2
TCGA-DU-8166	18	48133	594262	3	2
TCGA-DU-8166	18	594505	78015057	2	2
TCGA-DU-8166	19	90910	42506044	2	2
TCGA-DU-8166	19	42509284	45495267	2	0
TCGA-DU-8166	19	45499889	50197984	2	2
TCGA-DU-8166	19	50198115	56786443	2	0
TCGA-DU-8166	19	56789001	59097854	2	2
TCGA-DU-8166	20	61305	26305579	2	0
TCGA-DU-8166	20	29420352	62956153	2	2
TCGA-DU-8166	21	10736871	16807508	2	2
TCGA-DU-8166	21	16808011	18518987	2	0
TCGA-DU-8166	21	18520674	48096957	2	2
TCGA-DU-8166	22	16052528	51234455	2	2
TCGA-DU-8166	X	168477	155233846	2	2
