sample	chr	startpos	endpos	nMajor	nMinor
TCGA-F4-6461	1	61735	5236278	1	1
TCGA-F4-6461	1	5236770	6112653	1	0
TCGA-F4-6461	1	6117171	26943337	1	1
TCGA-F4-6461	1	26957474	27744513	1	0
TCGA-F4-6461	1	27750728	58317289	1	1
TCGA-F4-6461	1	58317419	59459604	1	0
TCGA-F4-6461	1	59461279	112421677	1	1
TCGA-F4-6461	1	112421969	113659411	1	0
TCGA-F4-6461	1	113661586	249224388	1	1
TCGA-F4-6461	2	12784	42767176	1	1
TCGA-F4-6461	2	42768064	44000435	1	0
TCGA-F4-6461	2	44007393	44261063	1	1
TCGA-F4-6461	2	44261892	45841303	1	0
TCGA-F4-6461	2	45843275	107177168	1	1
TCGA-F4-6461	2	107180924	112444132	1	0
TCGA-F4-6461	2	112444459	243089456	1	1
TCGA-F4-6461	3	60345	38213905	1	1
TCGA-F4-6461	3	38215760	38849953	1	0
TCGA-F4-6461	3	38853160	115531741	1	1
TCGA-F4-6461	3	115532112	117820782	1	0
TCGA-F4-6461	3	117820830	197896118	1	1
TCGA-F4-6461	4	12281	47631968	1	1
TCGA-F4-6461	4	47633117	48567953	1	0
TCGA-F4-6461	4	48575356	70803746	1	1
TCGA-F4-6461	4	70803874	73893237	1	0
TCGA-F4-6461	4	73898190	191027923	1	1
TCGA-F4-6461	5	15532	54139545	1	1
TCGA-F4-6461	5	54139679	56945033	1	0
TCGA-F4-6461	5	56947141	58126346	1	1
TCGA-F4-6461	5	58126546	58361790	1	0
TCGA-F4-6461	5	58363928	83511483	1	1
TCGA-F4-6461	5	83512129	83636122	1	0
TCGA-F4-6461	5	83636636	161269789	1	1
TCGA-F4-6461	5	161277819	164560568	1	0
TCGA-F4-6461	5	164561180	180790320	1	1
TCGA-F4-6461	6	149661	157013426	1	1
TCGA-F4-6461	6	157016029	158065184	1	0
TCGA-F4-6461	6	158066315	171051005	1	1
TCGA-F4-6461	7	43259	1132671	1	1
TCGA-F4-6461	7	1132972	1694403	1	0
TCGA-F4-6461	7	1696630	52480407	1	1
TCGA-F4-6461	7	52480761	53256063	1	0
TCGA-F4-6461	7	53256158	159127004	1	1
TCGA-F4-6461	8	31254	11855755	1	1
TCGA-F4-6461	8	11857206	32552189	1	0
TCGA-F4-6461	8	32553165	146298155	1	1
TCGA-F4-6461	9	46587	22697535	1	1
TCGA-F4-6461	9	22709361	23972681	1	0
TCGA-F4-6461	9	23973052	141091394	1	1
TCGA-F4-6461	10	72759	15897166	1	1
TCGA-F4-6461	10	15897394	16421395	1	0
TCGA-F4-6461	10	16421596	53237214	1	1
TCGA-F4-6461	10	53237441	55893289	1	0
TCGA-F4-6461	10	55895816	70341213	1	1
TCGA-F4-6461	10	70342399	70933387	1	0
TCGA-F4-6461	10	70941130	88951234	1	1
TCGA-F4-6461	10	88956341	90373845	1	0
TCGA-F4-6461	10	90374057	114061525	1	1
TCGA-F4-6461	10	114069898	115030817	1	0
TCGA-F4-6461	10	115033944	128913978	1	1
TCGA-F4-6461	10	128914012	130043370	1	0
TCGA-F4-6461	10	130044240	135506704	1	1
TCGA-F4-6461	11	198572	43908799	1	1
TCGA-F4-6461	11	43919694	44289636	1	0
TCGA-F4-6461	11	44290303	91691073	1	1
TCGA-F4-6461	11	91691104	116768654	1	0
TCGA-F4-6461	11	116774270	134944770	1	1
TCGA-F4-6461	12	150442	7841334	1	1
TCGA-F4-6461	12	7842216	29111976	1	0
TCGA-F4-6461	12	29112514	111312090	1	1
TCGA-F4-6461	12	111315357	112463786	1	0
TCGA-F4-6461	12	112473537	114018385	1	1
TCGA-F4-6461	12	114018963	115149168	1	0
TCGA-F4-6461	12	115149340	133778189	1	1
TCGA-F4-6461	13	19026949	46235111	1	1
TCGA-F4-6461	13	46237289	47828436	1	0
TCGA-F4-6461	13	47829134	52937924	1	1
TCGA-F4-6461	13	52940751	55246138	1	0
TCGA-F4-6461	13	55246261	115108397	1	1
TCGA-F4-6461	14	19002124	107285437	1	1
TCGA-F4-6461	15	20016328	23687685	2	0
TCGA-F4-6461	15	23688944	74728998	1	1
TCGA-F4-6461	15	74731330	75662736	1	0
TCGA-F4-6461	15	75664123	80616095	1	1
TCGA-F4-6461	15	80620498	81474264	1	0
TCGA-F4-6461	15	81476988	87622063	1	1
TCGA-F4-6461	15	87623890	88338730	1	0
TCGA-F4-6461	15	88340804	96815993	1	1
TCGA-F4-6461	15	96816026	97656095	1	0
TCGA-F4-6461	15	97664540	102469040	1	1
TCGA-F4-6461	16	60777	34220117	1	1
TCGA-F4-6461	16	34222862	35283226	1	0
TCGA-F4-6461	16	46463782	90287535	1	1
TCGA-F4-6461	17	526	28687692	1	1
TCGA-F4-6461	17	28687861	28964077	1	0
TCGA-F4-6461	17	28979616	41554869	1	1
TCGA-F4-6461	17	41564286	42022849	1	0
TCGA-F4-6461	17	42027330	81049726	1	1
TCGA-F4-6461	18	48133	2441214	1	0
TCGA-F4-6461	18	2441459	3592145	1	1
TCGA-F4-6461	18	3593896	8553657	1	0
TCGA-F4-6461	18	8553982	13626101	1	1
TCGA-F4-6461	18	13628418	31205189	1	0
TCGA-F4-6461	18	31206380	34015575	1	1
TCGA-F4-6461	18	34015832	45437853	1	0
TCGA-F4-6461	18	45438066	48106412	1	1
TCGA-F4-6461	18	48107061	48583171	1	0
TCGA-F4-6461	18	48583307	49216867	0	0
TCGA-F4-6461	18	49218257	54390387	1	0
TCGA-F4-6461	18	54391749	55122312	1	1
TCGA-F4-6461	18	55122775	57183948	1	0
TCGA-F4-6461	18	57184541	62462094	1	1
TCGA-F4-6461	18	62462179	62781159	1	0
TCGA-F4-6461	18	62783810	64304346	1	1
TCGA-F4-6461	18	64304629	67572131	1	0
TCGA-F4-6461	18	67577020	68748122	1	1
TCGA-F4-6461	18	68748463	71320926	1	0
TCGA-F4-6461	18	71322308	73211662	1	1
TCGA-F4-6461	18	73212013	73969422	1	0
TCGA-F4-6461	18	73973256	75234735	1	1
TCGA-F4-6461	18	75239674	78015057	1	0
TCGA-F4-6461	19	90910	939673	1	1
TCGA-F4-6461	19	939697	1846111	1	0
TCGA-F4-6461	19	1867912	45485673	1	1
TCGA-F4-6461	19	45485915	45978375	1	0
TCGA-F4-6461	19	45981478	59097854	1	1
TCGA-F4-6461	20	61305	62956153	1	1
TCGA-F4-6461	21	10736871	48096957	1	1
TCGA-F4-6461	22	16052528	51234455	1	1
TCGA-F4-6461	X	168477	101358750	1	1
TCGA-F4-6461	X	101359642	101952172	1	0
TCGA-F4-6461	X	101953212	126371087	1	1
TCGA-F4-6461	X	126371135	126504300	1	0
TCGA-F4-6461	X	126507544	155233846	1	1
