sample	chr	startpos	endpos	nMajor	nMinor
TCGA-A2-A3XZ	1	61735	1297455	2	1
TCGA-A2-A3XZ	1	1297746	18228861	1	0
TCGA-A2-A3XZ	1	18230535	23577073	2	1
TCGA-A2-A3XZ	1	23577666	30672685	1	0
TCGA-A2-A3XZ	1	30672771	89492528	2	1
TCGA-A2-A3XZ	1	89494660	113233955	1	0
TCGA-A2-A3XZ	1	113234179	249224388	3	1
TCGA-A2-A3XZ	2	12784	232091757	2	1
TCGA-A2-A3XZ	2	232091948	243089456	1	0
TCGA-A2-A3XZ	3	60345	197896118	1	1
TCGA-A2-A3XZ	4	12281	111526558	1	1
TCGA-A2-A3XZ	4	111526576	112835909	3	1
TCGA-A2-A3XZ	4	112839500	119681243	1	0
TCGA-A2-A3XZ	4	119682974	137886314	1	1
TCGA-A2-A3XZ	4	137886834	140447084	1	0
TCGA-A2-A3XZ	4	140447105	147692813	1	1
TCGA-A2-A3XZ	4	147696255	151359153	1	0
TCGA-A2-A3XZ	4	151359698	151969484	3	0
TCGA-A2-A3XZ	4	151978880	155643622	1	0
TCGA-A2-A3XZ	4	155643837	159735988	1	1
TCGA-A2-A3XZ	4	159737619	163727873	1	0
TCGA-A2-A3XZ	4	163736096	165535658	2	0
TCGA-A2-A3XZ	4	165535872	167047224	1	0
TCGA-A2-A3XZ	4	167047630	169086484	0	0
TCGA-A2-A3XZ	4	169087648	177359397	1	0
TCGA-A2-A3XZ	4	177365252	178353473	0	0
TCGA-A2-A3XZ	4	178354077	180968431	1	0
TCGA-A2-A3XZ	4	180968680	182514330	0	0
TCGA-A2-A3XZ	4	182514392	191027923	3	0
TCGA-A2-A3XZ	5	15532	45826001	3	1
TCGA-A2-A3XZ	5	45826373	173469231	1	1
TCGA-A2-A3XZ	5	173470050	175672030	1	0
TCGA-A2-A3XZ	5	175672100	180790320	1	1
TCGA-A2-A3XZ	6	149661	171051005	1	1
TCGA-A2-A3XZ	7	43259	159127004	2	1
TCGA-A2-A3XZ	8	31254	33191607	1	0
TCGA-A2-A3XZ	8	33192049	48454711	1	1
TCGA-A2-A3XZ	8	48455170	50551678	1	0
TCGA-A2-A3XZ	8	50551984	52601751	1	1
TCGA-A2-A3XZ	8	52602261	56291613	1	0
TCGA-A2-A3XZ	8	56292679	58332101	1	1
TCGA-A2-A3XZ	8	58332391	59195122	1	0
TCGA-A2-A3XZ	8	59195772	70174360	1	1
TCGA-A2-A3XZ	8	70174476	72539700	1	0
TCGA-A2-A3XZ	8	72539930	76270657	1	1
TCGA-A2-A3XZ	8	76274589	95530599	1	0
TCGA-A2-A3XZ	8	95530969	103765445	1	1
TCGA-A2-A3XZ	8	103767644	114189116	1	0
TCGA-A2-A3XZ	8	114190390	146298155	1	1
TCGA-A2-A3XZ	9	46587	141091394	1	1
TCGA-A2-A3XZ	10	72759	94918448	1	1
TCGA-A2-A3XZ	10	94919586	98120109	2	1
TCGA-A2-A3XZ	10	98120690	135506704	1	1
TCGA-A2-A3XZ	11	198572	107360158	1	1
TCGA-A2-A3XZ	11	107360477	126794763	1	0
TCGA-A2-A3XZ	11	126795485	134944770	1	1
TCGA-A2-A3XZ	12	150442	133778189	1	1
TCGA-A2-A3XZ	13	19026949	115108397	1	1
TCGA-A2-A3XZ	14	19002124	107285437	1	1
TCGA-A2-A3XZ	15	20016328	102469040	1	1
TCGA-A2-A3XZ	16	60777	90287535	1	1
TCGA-A2-A3XZ	17	526	22235650	1	0
TCGA-A2-A3XZ	17	25270411	37185846	1	1
TCGA-A2-A3XZ	17	37190017	37764855	13	1
TCGA-A2-A3XZ	17	37765175	39302683	37	0
TCGA-A2-A3XZ	17	39305257	47199619	1	1
TCGA-A2-A3XZ	17	47200068	47781677	10	1
TCGA-A2-A3XZ	17	47782427	49244747	18	0
TCGA-A2-A3XZ	17	49246345	49467483	9	1
TCGA-A2-A3XZ	17	49467900	50318214	18	0
TCGA-A2-A3XZ	17	50319690	51583522	47	0
TCGA-A2-A3XZ	17	51590540	52971694	3	1
TCGA-A2-A3XZ	17	52972247	57713621	1	0
TCGA-A2-A3XZ	17	57716710	58846269	40	0
TCGA-A2-A3XZ	17	58846364	64240769	3	1
TCGA-A2-A3XZ	17	64241301	65678857	12	1
TCGA-A2-A3XZ	17	65678942	65688391	6	6
TCGA-A2-A3XZ	17	65688825	67311148	1	1
TCGA-A2-A3XZ	17	67321955	69864867	3	1
TCGA-A2-A3XZ	17	69866254	71233630	4	1
TCGA-A2-A3XZ	17	71238976	78303170	3	1
TCGA-A2-A3XZ	17	78309108	81049726	1	0
TCGA-A2-A3XZ	18	48133	78015057	1	1
TCGA-A2-A3XZ	19	90910	19668975	1	0
TCGA-A2-A3XZ	19	19669441	21158134	1	1
TCGA-A2-A3XZ	19	21165167	21503047	4	1
TCGA-A2-A3XZ	19	21503446	23139696	1	0
TCGA-A2-A3XZ	19	23146867	23609726	4	1
TCGA-A2-A3XZ	19	23610749	59097854	1	1
TCGA-A2-A3XZ	20	61305	52269409	1	1
TCGA-A2-A3XZ	20	52272680	53728340	2	1
TCGA-A2-A3XZ	20	53732470	54597943	1	0
TCGA-A2-A3XZ	20	54602284	56955229	1	1
TCGA-A2-A3XZ	20	56955308	57976458	1	0
TCGA-A2-A3XZ	20	57976486	59479340	1	1
TCGA-A2-A3XZ	20	59484283	60442940	1	0
TCGA-A2-A3XZ	20	60443332	62956153	2	1
TCGA-A2-A3XZ	21	10736871	48096957	1	1
TCGA-A2-A3XZ	22	16052528	34797159	1	1
TCGA-A2-A3XZ	22	34797432	51234455	1	0
TCGA-A2-A3XZ	X	168477	155233846	1	1
