sample	chr	startpos	endpos	nMajor	nMinor
TCGA-B1-A47O	1	61735	249224388	1	1
TCGA-B1-A47O	2	12784	243089456	1	1
TCGA-B1-A47O	3	60345	197896118	1	1
TCGA-B1-A47O	4	12281	191027923	1	1
TCGA-B1-A47O	5	15532	180790320	1	1
TCGA-B1-A47O	6	149661	171051005	1	1
TCGA-B1-A47O	7	43259	159127004	1	1
TCGA-B1-A47O	8	31254	7978187	1	1
TCGA-B1-A47O	8	7989963	10660039	2	1
TCGA-B1-A47O	8	10660117	12241291	1	1
TCGA-B1-A47O	8	12241505	43236399	2	1
TCGA-B1-A47O	8	43236765	146298155	1	1
TCGA-B1-A47O	9	46587	141091394	1	1
TCGA-B1-A47O	10	72759	135506704	1	1
TCGA-B1-A47O	11	198572	134944770	1	1
TCGA-B1-A47O	12	150442	133778189	1	1
TCGA-B1-A47O	13	19026949	115108397	1	1
TCGA-B1-A47O	14	19002124	22257269	1	1
TCGA-B1-A47O	14	22257773	22970447	2	1
TCGA-B1-A47O	14	22970471	107285437	1	1
TCGA-B1-A47O	15	20016328	102469040	1	1
TCGA-B1-A47O	16	60777	90287535	1	1
TCGA-B1-A47O	17	526	25271294	1	1
TCGA-B1-A47O	17	25274376	81049726	2	1
TCGA-B1-A47O	18	48133	78015057	1	1
TCGA-B1-A47O	19	90910	59097854	1	1
TCGA-B1-A47O	20	61305	62956153	1	1
TCGA-B1-A47O	21	10736871	48096957	2	1
TCGA-B1-A47O	22	16052528	51234455	1	1
TCGA-B1-A47O	X	168477	155233846	1	1
