sample	chr	startpos	endpos	nMajor	nMinor
TCGA-2Z-A9JS	1	61735	249224388	1	1
TCGA-2Z-A9JS	2	12784	243089456	1	1
TCGA-2Z-A9JS	3	60345	197896118	2	0
TCGA-2Z-A9JS	4	12281	191027923	1	1
TCGA-2Z-A9JS	5	15532	180790320	1	1
TCGA-2Z-A9JS	6	149661	171051005	1	1
TCGA-2Z-A9JS	7	43259	159127004	2	1
TCGA-2Z-A9JS	8	31254	146298155	1	1
TCGA-2Z-A9JS	9	46587	141091394	1	1
TCGA-2Z-A9JS	10	72759	135506704	1	1
TCGA-2Z-A9JS	11	198572	134944770	1	1
TCGA-2Z-A9JS	12	150442	133778189	1	1
TCGA-2Z-A9JS	13	19026949	115108397	1	1
TCGA-2Z-A9JS	14	19002124	107285437	1	1
TCGA-2Z-A9JS	15	20016328	102469040	1	1
TCGA-2Z-A9JS	16	60777	90287535	2	1
TCGA-2Z-A9JS	17	526	81049726	2	1
TCGA-2Z-A9JS	18	48133	78015057	1	1
TCGA-2Z-A9JS	19	90910	59097854	1	1
TCGA-2Z-A9JS	20	61305	62956153	2	1
TCGA-2Z-A9JS	21	10736871	48096957	2	1
TCGA-2Z-A9JS	22	16052528	51234455	1	1
TCGA-2Z-A9JS	X	168477	155233846	1	0
