sample	chr	startpos	endpos	nMajor	nMinor
TCGA-FG-A6J3	1	61735	214591961	2	2
TCGA-FG-A6J3	1	214593764	226363155	2	1
TCGA-FG-A6J3	1	226371939	236179042	2	2
TCGA-FG-A6J3	1	236179961	249224388	2	1
TCGA-FG-A6J3	2	12784	146522388	2	2
TCGA-FG-A6J3	2	146522726	243089456	2	1
TCGA-FG-A6J3	3	60345	28883342	2	2
TCGA-FG-A6J3	3	28884375	29248536	3	2
TCGA-FG-A6J3	3	29248810	156849222	2	2
TCGA-FG-A6J3	3	156849811	160418272	3	2
TCGA-FG-A6J3	3	160420433	160781145	2	2
TCGA-FG-A6J3	3	160782250	167915244	4	2
TCGA-FG-A6J3	3	167917122	170840495	6	2
TCGA-FG-A6J3	3	170841135	178571149	9	2
TCGA-FG-A6J3	3	178571165	186943512	6	2
TCGA-FG-A6J3	3	186945058	195585699	2	1
TCGA-FG-A6J3	3	195606770	196125491	5	2
TCGA-FG-A6J3	3	196128882	197896118	2	1
TCGA-FG-A6J3	4	12281	54113543	2	2
TCGA-FG-A6J3	4	54120309	57450661	18	2
TCGA-FG-A6J3	4	57454558	66425999	8	2
TCGA-FG-A6J3	4	66427044	66526101	15	2
TCGA-FG-A6J3	4	66528411	66557256	11	6
TCGA-FG-A6J3	4	66565801	94616989	2	1
TCGA-FG-A6J3	4	94617165	94766621	3	1
TCGA-FG-A6J3	4	94769686	95914398	2	1
TCGA-FG-A6J3	4	95917280	191027923	2	0
TCGA-FG-A6J3	5	15532	27867838	2	1
TCGA-FG-A6J3	5	27868401	28056820	3	2
TCGA-FG-A6J3	5	28059042	30248835	2	1
TCGA-FG-A6J3	5	30250324	31529183	2	2
TCGA-FG-A6J3	5	31535354	117924451	2	1
TCGA-FG-A6J3	5	117926616	180790320	1	1
TCGA-FG-A6J3	6	149661	14128150	2	2
TCGA-FG-A6J3	6	14128177	24283828	3	2
TCGA-FG-A6J3	6	24285093	25923137	4	4
TCGA-FG-A6J3	6	25924513	28409644	4	1
TCGA-FG-A6J3	6	28414918	37329068	4	2
TCGA-FG-A6J3	6	37332502	45928096	6	2
TCGA-FG-A6J3	6	45928211	49579945	5	2
TCGA-FG-A6J3	6	49580547	52094091	6	2
TCGA-FG-A6J3	6	52094167	52836275	3	2
TCGA-FG-A6J3	6	52836697	56080495	5	2
TCGA-FG-A6J3	6	56082312	56777553	6	2
TCGA-FG-A6J3	6	56783829	61973737	2	2
TCGA-FG-A6J3	6	61977499	72947077	2	1
TCGA-FG-A6J3	6	72947606	73057670	3	1
TCGA-FG-A6J3	6	73060988	171051005	2	1
TCGA-FG-A6J3	7	43259	159127004	2	2
TCGA-FG-A6J3	8	31254	125594916	2	2
TCGA-FG-A6J3	8	125599625	126059488	3	2
TCGA-FG-A6J3	8	126061062	146298155	2	2
TCGA-FG-A6J3	9	46587	21701394	2	1
TCGA-FG-A6J3	9	21701432	22242055	1	1
TCGA-FG-A6J3	9	22242502	22446297	2	1
TCGA-FG-A6J3	9	22448738	23367169	1	1
TCGA-FG-A6J3	9	23368025	34197250	2	1
TCGA-FG-A6J3	9	34197861	47217176	2	2
TCGA-FG-A6J3	9	65616971	96465762	3	2
TCGA-FG-A6J3	9	96469075	105927424	3	3
TCGA-FG-A6J3	9	105928433	141091394	3	2
TCGA-FG-A6J3	10	72759	62790661	2	2
TCGA-FG-A6J3	10	62803249	135506704	2	1
TCGA-FG-A6J3	11	198572	113879029	2	2
TCGA-FG-A6J3	11	113881671	134944770	2	1
TCGA-FG-A6J3	12	150442	1227807	2	0
TCGA-FG-A6J3	12	1228548	1963876	2	2
TCGA-FG-A6J3	12	1963948	2621192	2	0
TCGA-FG-A6J3	12	2623106	4533782	16	2
TCGA-FG-A6J3	12	4538399	12060955	11	2
TCGA-FG-A6J3	12	12072456	15032618	2	0
TCGA-FG-A6J3	12	15032761	38108053	3	2
TCGA-FG-A6J3	12	38161452	41325471	22	2
TCGA-FG-A6J3	12	41325578	41745131	35	2
TCGA-FG-A6J3	12	41747773	45231024	27	1
TCGA-FG-A6J3	12	45231146	51271145	2	0
TCGA-FG-A6J3	12	51272984	51561056	8	1
TCGA-FG-A6J3	12	51564802	56236318	2	0
TCGA-FG-A6J3	12	56239256	57863030	7	2
TCGA-FG-A6J3	12	57871003	58856156	19	2
TCGA-FG-A6J3	12	58862091	61834911	2	0
TCGA-FG-A6J3	12	61840211	61859685	19	4
TCGA-FG-A6J3	12	61861459	62153763	22	2
TCGA-FG-A6J3	12	62156603	62324724	2	0
TCGA-FG-A6J3	12	62331691	62419490	20	1
TCGA-FG-A6J3	12	62420331	71703846	2	0
TCGA-FG-A6J3	12	71707221	72309070	21	1
TCGA-FG-A6J3	12	72309675	74275190	2	0
TCGA-FG-A6J3	12	74284503	74736995	22	2
TCGA-FG-A6J3	12	74740007	75569444	2	2
TCGA-FG-A6J3	12	75570357	103389238	2	1
TCGA-FG-A6J3	12	103389601	123820397	3	1
TCGA-FG-A6J3	12	123822241	133778189	3	0
TCGA-FG-A6J3	13	19026949	23966818	2	2
TCGA-FG-A6J3	13	23967078	24362137	3	2
TCGA-FG-A6J3	13	24363012	27079192	2	2
TCGA-FG-A6J3	13	27082236	27738505	4	2
TCGA-FG-A6J3	13	27740941	31755022	2	1
TCGA-FG-A6J3	13	31758324	66522871	1	0
TCGA-FG-A6J3	13	66524254	84109235	1	1
TCGA-FG-A6J3	13	84109300	84826295	1	0
TCGA-FG-A6J3	13	84833372	115108397	2	1
TCGA-FG-A6J3	14	19002124	22368851	2	2
TCGA-FG-A6J3	14	22368902	22983223	3	2
TCGA-FG-A6J3	14	22988022	31295974	2	2
TCGA-FG-A6J3	14	31302286	107285437	2	1
TCGA-FG-A6J3	15	20016328	40061519	2	2
TCGA-FG-A6J3	15	40063587	102469040	2	1
TCGA-FG-A6J3	16	60777	90287535	2	2
TCGA-FG-A6J3	17	526	3526637	5	0
TCGA-FG-A6J3	17	3528526	3555424	0	0
TCGA-FG-A6J3	17	3557453	21552172	5	0
TCGA-FG-A6J3	17	21552186	22087066	3	2
TCGA-FG-A6J3	17	22095351	67548536	2	2
TCGA-FG-A6J3	17	67548872	72152104	3	2
TCGA-FG-A6J3	17	72153382	81049726	2	2
TCGA-FG-A6J3	18	48133	78015057	2	2
TCGA-FG-A6J3	19	90910	42332216	2	2
TCGA-FG-A6J3	19	42333752	59097854	2	1
TCGA-FG-A6J3	20	61305	52359551	2	2
TCGA-FG-A6J3	20	52359577	62956153	3	2
TCGA-FG-A6J3	21	10736871	14767569	3	1
TCGA-FG-A6J3	21	14769540	48096957	2	2
TCGA-FG-A6J3	22	16052528	51234455	2	2
TCGA-FG-A6J3	X	168477	75348555	2	2
TCGA-FG-A6J3	X	75353048	77001914	2	0
TCGA-FG-A6J3	X	77035051	138474779	2	2
TCGA-FG-A6J3	X	138476239	138565455	1	0
TCGA-FG-A6J3	X	138567672	138893837	2	2
TCGA-FG-A6J3	X	138899005	139430009	1	1
TCGA-FG-A6J3	X	139433232	140958640	2	2
TCGA-FG-A6J3	X	140963256	141420753	2	1
TCGA-FG-A6J3	X	141421778	146592384	2	2
TCGA-FG-A6J3	X	146593093	155233846	2	0
