sample	chr	startpos	endpos	nMajor	nMinor
TCGA-G3-A3CI	1	61735	249224388	1	1
TCGA-G3-A3CI	2	12784	243089456	1	1
TCGA-G3-A3CI	3	60345	197896118	1	1
TCGA-G3-A3CI	4	12281	191027923	1	1
TCGA-G3-A3CI	5	15532	180790320	1	1
TCGA-G3-A3CI	6	149661	171051005	1	1
TCGA-G3-A3CI	7	43259	159127004	1	1
TCGA-G3-A3CI	8	31254	88470574	1	1
TCGA-G3-A3CI	8	88470797	135818592	1	0
TCGA-G3-A3CI	8	135820269	146298155	1	1
TCGA-G3-A3CI	9	46587	141091394	1	1
TCGA-G3-A3CI	10	72759	135506704	1	1
TCGA-G3-A3CI	11	198572	134944770	1	1
TCGA-G3-A3CI	12	150442	59916822	1	1
TCGA-G3-A3CI	12	59917023	62667448	2	1
TCGA-G3-A3CI	12	62667538	77932503	1	1
TCGA-G3-A3CI	12	77933404	78033880	1	0
TCGA-G3-A3CI	12	78037153	133778189	1	1
TCGA-G3-A3CI	13	19026949	115108397	1	1
TCGA-G3-A3CI	14	19002124	107285437	1	1
TCGA-G3-A3CI	15	20016328	102469040	1	1
TCGA-G3-A3CI	16	60777	90287535	1	1
TCGA-G3-A3CI	17	526	81049726	1	1
TCGA-G3-A3CI	18	48133	78015057	1	1
TCGA-G3-A3CI	19	90910	59097854	1	1
TCGA-G3-A3CI	20	61305	62956153	1	1
TCGA-G3-A3CI	21	10736871	48096957	1	1
TCGA-G3-A3CI	22	16052528	51234455	1	1
TCGA-G3-A3CI	X	168477	2703955	1	1
TCGA-G3-A3CI	X	2706944	155233846	1	0
