sample	chr	startpos	endpos	nMajor	nMinor
TCGA-CG-4443	1	61735	10025843	2	0
TCGA-CG-4443	1	10027386	12858053	3	0
TCGA-CG-4443	1	12859292	15477658	2	0
TCGA-CG-4443	1	15478066	15613092	4	0
TCGA-CG-4443	1	15615288	25186069	2	0
TCGA-CG-4443	1	25186716	29469510	1	0
TCGA-CG-4443	1	29472435	53069440	1	1
TCGA-CG-4443	1	53070365	63049577	2	1
TCGA-CG-4443	1	63049593	75649921	2	0
TCGA-CG-4443	1	75654046	118371176	1	0
TCGA-CG-4443	1	118372672	119841593	3	1
TCGA-CG-4443	1	119842299	178062079	1	1
TCGA-CG-4443	1	178066051	178637017	2	1
TCGA-CG-4443	1	178637663	213594316	1	1
TCGA-CG-4443	1	213595741	214350457	2	1
TCGA-CG-4443	1	214350621	229273878	1	1
TCGA-CG-4443	1	229274716	229589530	2	1
TCGA-CG-4443	1	229591408	229836166	3	1
TCGA-CG-4443	1	229836438	230820292	2	1
TCGA-CG-4443	1	230820351	241730153	1	1
TCGA-CG-4443	1	241730468	241942747	2	1
TCGA-CG-4443	1	241944135	249224388	1	1
TCGA-CG-4443	2	12784	18594984	1	1
TCGA-CG-4443	2	18599627	18823039	2	1
TCGA-CG-4443	2	18823623	19579839	1	1
TCGA-CG-4443	2	19592025	19855063	2	1
TCGA-CG-4443	2	19855082	20405277	1	1
TCGA-CG-4443	2	20409322	20941755	2	1
TCGA-CG-4443	2	20942241	38591592	1	1
TCGA-CG-4443	2	38596283	38887969	2	1
TCGA-CG-4443	2	38893068	64871120	1	1
TCGA-CG-4443	2	64878987	65315903	2	1
TCGA-CG-4443	2	65317137	85471980	1	1
TCGA-CG-4443	2	85473804	86096832	2	1
TCGA-CG-4443	2	86099862	119624548	1	1
TCGA-CG-4443	2	119628142	119945953	1	0
TCGA-CG-4443	2	119952445	125721676	1	1
TCGA-CG-4443	2	125729553	131146279	1	0
TCGA-CG-4443	2	131157859	203734150	1	1
TCGA-CG-4443	2	203734365	204115918	2	1
TCGA-CG-4443	2	204120889	204666106	1	1
TCGA-CG-4443	2	204670195	231824681	2	1
TCGA-CG-4443	2	231830764	232267254	1	1
TCGA-CG-4443	2	232268884	232562817	2	1
TCGA-CG-4443	2	232564840	235376989	1	1
TCGA-CG-4443	2	235378597	235700558	2	1
TCGA-CG-4443	2	235701262	243089456	1	1
TCGA-CG-4443	3	60345	46525138	1	1
TCGA-CG-4443	3	46527996	47170607	2	1
TCGA-CG-4443	3	47175713	60777582	1	1
TCGA-CG-4443	3	60777932	61353586	2	1
TCGA-CG-4443	3	61356250	69092931	1	1
TCGA-CG-4443	3	69093315	69440097	2	1
TCGA-CG-4443	3	69440706	130443298	1	1
TCGA-CG-4443	3	130443499	130764866	2	1
TCGA-CG-4443	3	130768200	197896118	1	1
TCGA-CG-4443	4	12281	21819984	2	1
TCGA-CG-4443	4	21820620	22549388	3	1
TCGA-CG-4443	4	22549770	40462296	2	1
TCGA-CG-4443	4	40472627	100305732	1	1
TCGA-CG-4443	4	100308943	100380148	2	1
TCGA-CG-4443	4	100380641	129349449	1	1
TCGA-CG-4443	4	129352258	129764931	2	1
TCGA-CG-4443	4	129767172	153785684	1	1
TCGA-CG-4443	4	153794360	154058443	2	1
TCGA-CG-4443	4	154061528	177281941	1	1
TCGA-CG-4443	4	177282697	177435074	2	1
TCGA-CG-4443	4	177438117	180644909	1	1
TCGA-CG-4443	4	180646755	181647206	2	1
TCGA-CG-4443	4	181648742	183847292	1	1
TCGA-CG-4443	4	183848500	185165366	1	0
TCGA-CG-4443	4	185165405	185387974	2	0
TCGA-CG-4443	4	185390076	191027923	1	0
TCGA-CG-4443	5	15532	82177857	1	1
TCGA-CG-4443	5	82177907	111305987	1	0
TCGA-CG-4443	5	111315626	112416629	2	0
TCGA-CG-4443	5	112417363	117143143	1	0
TCGA-CG-4443	5	117143332	119224355	1	1
TCGA-CG-4443	5	119225158	156930827	1	0
TCGA-CG-4443	5	156934013	170150811	1	1
TCGA-CG-4443	5	170161231	170483192	2	1
TCGA-CG-4443	5	170491320	180790320	1	1
TCGA-CG-4443	6	149661	15541177	1	1
TCGA-CG-4443	6	15551090	16142997	2	1
TCGA-CG-4443	6	16143545	32953711	1	1
TCGA-CG-4443	6	32955976	33195154	2	1
TCGA-CG-4443	6	33196005	42835386	1	1
TCGA-CG-4443	6	42835465	43508642	2	1
TCGA-CG-4443	6	43509460	45948579	1	1
TCGA-CG-4443	6	45954778	46112389	2	1
TCGA-CG-4443	6	46115850	73259532	1	1
TCGA-CG-4443	6	73263387	165741429	1	0
TCGA-CG-4443	6	165742757	166151428	2	0
TCGA-CG-4443	6	166155412	171051005	1	0
TCGA-CG-4443	7	43259	21438392	1	0
TCGA-CG-4443	7	21442632	38290714	1	1
TCGA-CG-4443	7	38294101	38392036	2	2
TCGA-CG-4443	7	38395974	45331674	1	1
TCGA-CG-4443	7	45334142	48359594	2	1
TCGA-CG-4443	7	48360337	69269873	1	1
TCGA-CG-4443	7	69274367	86690632	1	0
TCGA-CG-4443	7	86701581	86832104	2	0
TCGA-CG-4443	7	86832746	95124903	1	0
TCGA-CG-4443	7	95130502	95270003	2	0
TCGA-CG-4443	7	95270506	99398170	1	0
TCGA-CG-4443	7	99415405	99804625	3	0
TCGA-CG-4443	7	99807146	105386250	1	0
TCGA-CG-4443	7	105387944	135421411	1	1
TCGA-CG-4443	7	135421548	135521521	2	1
TCGA-CG-4443	7	135521731	137890026	1	1
TCGA-CG-4443	7	137890620	138268226	2	1
TCGA-CG-4443	7	138280514	158392543	1	1
TCGA-CG-4443	7	158392721	159127004	2	1
TCGA-CG-4443	8	31254	21782411	1	0
TCGA-CG-4443	8	21783029	22410157	2	0
TCGA-CG-4443	8	22416329	28754328	1	0
TCGA-CG-4443	8	28755988	69064760	1	1
TCGA-CG-4443	8	69065404	74678641	2	1
TCGA-CG-4443	8	74682173	84781345	2	2
TCGA-CG-4443	8	84783296	84898030	5	2
TCGA-CG-4443	8	84899698	85040369	3	2
TCGA-CG-4443	8	85049069	86500267	4	2
TCGA-CG-4443	8	86501441	90062965	2	2
TCGA-CG-4443	8	90068226	91056771	5	2
TCGA-CG-4443	8	91059328	99253029	2	2
TCGA-CG-4443	8	99253092	146298155	2	1
TCGA-CG-4443	9	46587	11680852	1	0
TCGA-CG-4443	9	11681147	13353725	2	0
TCGA-CG-4443	9	13354300	19410355	1	0
TCGA-CG-4443	9	19410755	20773787	2	0
TCGA-CG-4443	9	20773852	23024946	1	0
TCGA-CG-4443	9	23027842	99007907	1	1
TCGA-CG-4443	9	99012277	103806517	1	0
TCGA-CG-4443	9	103810675	139372452	1	1
TCGA-CG-4443	9	139375471	139590934	2	1
TCGA-CG-4443	9	139593195	141091394	1	1
TCGA-CG-4443	10	72759	14593891	1	1
TCGA-CG-4443	10	14593935	14631257	2	1
TCGA-CG-4443	10	14631980	21014505	1	1
TCGA-CG-4443	10	21014568	21938838	2	1
TCGA-CG-4443	10	21946008	52001867	1	1
TCGA-CG-4443	10	52002175	52151875	2	1
TCGA-CG-4443	10	52155612	79356721	1	1
TCGA-CG-4443	10	79357707	79519008	2	1
TCGA-CG-4443	10	79521798	85562168	1	1
TCGA-CG-4443	10	85563922	88848133	1	0
TCGA-CG-4443	10	88851851	90063726	0	0
TCGA-CG-4443	10	90068729	104132450	1	1
TCGA-CG-4443	10	104132535	124870424	2	1
TCGA-CG-4443	10	124872514	126923798	1	1
TCGA-CG-4443	10	126924153	127063668	3	1
TCGA-CG-4443	10	127067490	129648968	1	1
TCGA-CG-4443	10	129651938	130077888	2	1
TCGA-CG-4443	10	130079050	135506704	1	1
TCGA-CG-4443	11	198572	40453275	1	0
TCGA-CG-4443	11	40453452	74705292	1	1
TCGA-CG-4443	11	74705302	75085790	2	1
TCGA-CG-4443	11	75086670	76987674	1	1
TCGA-CG-4443	11	76991221	77773715	2	1
TCGA-CG-4443	11	77773926	93253903	1	1
TCGA-CG-4443	11	93254119	97948047	1	0
TCGA-CG-4443	11	97953406	98107317	2	0
TCGA-CG-4443	11	98109881	101350420	1	0
TCGA-CG-4443	11	101350436	101478097	2	0
TCGA-CG-4443	11	101483577	102001781	1	0
TCGA-CG-4443	11	102004936	102216893	2	0
TCGA-CG-4443	11	102221579	120048155	1	0
TCGA-CG-4443	11	120048569	120330062	2	0
TCGA-CG-4443	11	120330149	134944770	1	0
TCGA-CG-4443	12	150442	51745795	1	1
TCGA-CG-4443	12	51749643	133778189	1	0
TCGA-CG-4443	13	19026949	23986458	1	1
TCGA-CG-4443	13	23988844	24245146	2	1
TCGA-CG-4443	13	24245619	48241484	1	1
TCGA-CG-4443	13	48241878	50106584	2	1
TCGA-CG-4443	13	50106955	50412506	3	1
TCGA-CG-4443	13	50413073	72967477	2	1
TCGA-CG-4443	13	72974396	74425030	5	1
TCGA-CG-4443	13	74425228	75778236	2	1
TCGA-CG-4443	13	75782645	83403867	2	0
TCGA-CG-4443	13	83407717	84639636	2	2
TCGA-CG-4443	13	84643156	86723414	3	2
TCGA-CG-4443	13	86724503	88215356	2	1
TCGA-CG-4443	13	88216049	88601143	2	2
TCGA-CG-4443	13	88605143	90395525	2	1
TCGA-CG-4443	13	90399127	90942974	1	1
TCGA-CG-4443	13	90944353	91141244	2	1
TCGA-CG-4443	13	91141351	92989364	3	1
TCGA-CG-4443	13	92989941	94576347	2	1
TCGA-CG-4443	13	94577195	99804569	3	1
TCGA-CG-4443	13	99804620	103256296	2	1
TCGA-CG-4443	13	103256494	104060169	3	1
TCGA-CG-4443	13	104063837	106631065	1	1
TCGA-CG-4443	13	106635728	107026546	2	1
TCGA-CG-4443	13	107031285	107298404	2	2
TCGA-CG-4443	13	107298538	107707132	1	1
TCGA-CG-4443	13	107708857	113683372	2	1
TCGA-CG-4443	13	113683465	115108397	2	0
TCGA-CG-4443	14	19002124	22328062	1	1
TCGA-CG-4443	14	22328266	22612060	2	1
TCGA-CG-4443	14	22612245	22969651	2	2
TCGA-CG-4443	14	22970050	54383945	1	1
TCGA-CG-4443	14	54384265	54883530	2	1
TCGA-CG-4443	14	54889136	56607659	1	1
TCGA-CG-4443	14	56610532	56738700	2	1
TCGA-CG-4443	14	56741515	71025100	1	1
TCGA-CG-4443	14	71025661	71772217	2	1
TCGA-CG-4443	14	71780038	77987883	1	1
TCGA-CG-4443	14	77988648	78205855	2	1
TCGA-CG-4443	14	78206631	91131522	1	1
TCGA-CG-4443	14	91131857	91323442	2	1
TCGA-CG-4443	14	91323489	92722901	1	1
TCGA-CG-4443	14	92723391	107285437	1	0
TCGA-CG-4443	15	20016328	45508118	1	1
TCGA-CG-4443	15	45509324	45856592	2	1
TCGA-CG-4443	15	45862452	66728180	1	1
TCGA-CG-4443	15	66731285	67239285	2	1
TCGA-CG-4443	15	67239366	102469040	1	1
TCGA-CG-4443	16	60777	4542403	1	0
TCGA-CG-4443	16	4542870	80481277	1	1
TCGA-CG-4443	16	80483574	90287535	1	0
TCGA-CG-4443	17	526	17466214	1	0
TCGA-CG-4443	17	17468641	19917113	1	1
TCGA-CG-4443	17	19917372	20021554	2	1
TCGA-CG-4443	17	20026288	45723271	1	1
TCGA-CG-4443	17	45732774	46243513	2	1
TCGA-CG-4443	17	46244948	49153764	1	1
TCGA-CG-4443	17	49157519	49265074	2	1
TCGA-CG-4443	17	49265929	60713007	1	1
TCGA-CG-4443	17	60714450	62368882	2	1
TCGA-CG-4443	17	62369264	76662218	3	1
TCGA-CG-4443	17	76665031	77136834	4	2
TCGA-CG-4443	17	77140199	81049726	3	2
TCGA-CG-4443	18	48133	3347813	1	1
TCGA-CG-4443	18	3353652	3735849	2	1
TCGA-CG-4443	18	3739937	9861155	1	1
TCGA-CG-4443	18	9862794	10104963	2	1
TCGA-CG-4443	18	10112896	77302944	1	1
TCGA-CG-4443	18	77307368	77469971	2	1
TCGA-CG-4443	18	77472768	78015057	1	1
TCGA-CG-4443	19	90910	14189110	1	0
TCGA-CG-4443	19	14203610	34704398	1	1
TCGA-CG-4443	19	34706507	35277189	2	1
TCGA-CG-4443	19	35278423	38637363	1	1
TCGA-CG-4443	19	38643838	50349958	1	0
TCGA-CG-4443	19	50351202	59097854	1	1
TCGA-CG-4443	20	61305	17643107	1	1
TCGA-CG-4443	20	17645302	18253978	2	1
TCGA-CG-4443	20	18259327	41345335	1	1
TCGA-CG-4443	20	41346402	42347297	5	1
TCGA-CG-4443	20	42347776	43637152	4	1
TCGA-CG-4443	20	43637979	50598186	6	1
TCGA-CG-4443	20	50599416	54750115	7	1
TCGA-CG-4443	20	54751783	62268327	6	1
TCGA-CG-4443	20	62270673	62956153	4	1
TCGA-CG-4443	21	10736871	27359121	1	1
TCGA-CG-4443	21	27359711	27549813	2	1
TCGA-CG-4443	21	27550428	48096957	1	1
TCGA-CG-4443	22	16052528	32056008	1	0
TCGA-CG-4443	22	32077054	38300967	2	0
TCGA-CG-4443	22	38306462	38790184	3	0
TCGA-CG-4443	22	38790528	41797796	2	0
TCGA-CG-4443	22	41797824	45284596	2	1
TCGA-CG-4443	22	45286318	45527861	2	2
TCGA-CG-4443	22	45530570	51234455	2	1
TCGA-CG-4443	X	168477	2703391	2	1
TCGA-CG-4443	X	2703633	14270004	2	0
TCGA-CG-4443	X	14276836	23670512	1	0
TCGA-CG-4443	X	23670698	23894591	2	0
TCGA-CG-4443	X	23896539	115098526	1	0
TCGA-CG-4443	X	115104286	115675197	2	0
TCGA-CG-4443	X	115734254	154929498	1	0
TCGA-CG-4443	X	154963439	155233846	1	1
