sample	chr	startpos	endpos	nMajor	nMinor
TCGA-GM-A2DA	1	61735	81896746	1	1
TCGA-GM-A2DA	1	81897255	83351753	2	1
TCGA-GM-A2DA	1	83352770	184602155	1	1
TCGA-GM-A2DA	1	184603098	249224388	2	1
TCGA-GM-A2DA	2	12784	139658571	1	1
TCGA-GM-A2DA	2	139659849	141090791	2	1
TCGA-GM-A2DA	2	141090845	227853867	1	1
TCGA-GM-A2DA	2	227855204	229093362	2	1
TCGA-GM-A2DA	2	229099967	243089456	1	1
TCGA-GM-A2DA	3	60345	197896118	1	1
TCGA-GM-A2DA	4	12281	65596519	1	1
TCGA-GM-A2DA	4	65600219	66345073	2	1
TCGA-GM-A2DA	4	66346556	93320468	1	1
TCGA-GM-A2DA	4	93320597	97261474	1	0
TCGA-GM-A2DA	4	97262589	102726073	1	1
TCGA-GM-A2DA	4	102726928	182984913	1	0
TCGA-GM-A2DA	4	182988359	183971801	0	0
TCGA-GM-A2DA	4	183972576	191027923	1	0
TCGA-GM-A2DA	5	15532	180790320	1	1
TCGA-GM-A2DA	6	149661	88359646	1	1
TCGA-GM-A2DA	6	88360784	89401223	2	1
TCGA-GM-A2DA	6	89411022	171051005	1	1
TCGA-GM-A2DA	7	43259	159127004	1	1
TCGA-GM-A2DA	8	31254	41976334	1	0
TCGA-GM-A2DA	8	41979161	105012306	1	1
TCGA-GM-A2DA	8	105015354	146298155	2	1
TCGA-GM-A2DA	9	46587	141091394	1	1
TCGA-GM-A2DA	10	72759	135506704	1	1
TCGA-GM-A2DA	11	198572	29675996	1	1
TCGA-GM-A2DA	11	29680544	33792159	2	1
TCGA-GM-A2DA	11	33797408	134944770	1	1
TCGA-GM-A2DA	12	150442	133778189	1	1
TCGA-GM-A2DA	13	19026949	115108397	1	1
TCGA-GM-A2DA	14	19002124	22404635	1	1
TCGA-GM-A2DA	14	22404674	22974293	2	1
TCGA-GM-A2DA	14	22975700	107285437	1	1
TCGA-GM-A2DA	15	20016328	102469040	1	1
TCGA-GM-A2DA	16	60777	5890571	3	1
TCGA-GM-A2DA	16	5891004	6464894	2	1
TCGA-GM-A2DA	16	6466252	7081751	1	1
TCGA-GM-A2DA	16	7081768	7409703	2	1
TCGA-GM-A2DA	16	7411733	7951896	3	1
TCGA-GM-A2DA	16	7952180	9550074	2	1
TCGA-GM-A2DA	16	9551169	25861127	1	1
TCGA-GM-A2DA	16	25863116	35283226	2	1
TCGA-GM-A2DA	16	46463782	90287535	1	0
TCGA-GM-A2DA	17	526	1299432	5	1
TCGA-GM-A2DA	17	1305016	21524172	1	0
TCGA-GM-A2DA	17	21527046	25287061	5	1
TCGA-GM-A2DA	17	25297153	25692353	1	0
TCGA-GM-A2DA	17	25692969	25832685	5	1
TCGA-GM-A2DA	17	25840239	26960758	1	0
TCGA-GM-A2DA	17	26976946	27267508	18	2
TCGA-GM-A2DA	17	27271839	37804858	1	0
TCGA-GM-A2DA	17	37813856	38596425	19	1
TCGA-GM-A2DA	17	38599172	46113822	1	0
TCGA-GM-A2DA	17	46116119	47314715	10	1
TCGA-GM-A2DA	17	47315357	47569971	17	0
TCGA-GM-A2DA	17	47570085	48246162	6	1
TCGA-GM-A2DA	17	48252038	48891883	1	0
TCGA-GM-A2DA	17	48896654	49483652	11	0
TCGA-GM-A2DA	17	49485600	50137385	17	1
TCGA-GM-A2DA	17	50140904	52420062	1	0
TCGA-GM-A2DA	17	52431098	52933320	12	1
TCGA-GM-A2DA	17	52934145	53959687	16	0
TCGA-GM-A2DA	17	53961128	55793108	1	0
TCGA-GM-A2DA	17	55793944	55798580	3	1
TCGA-GM-A2DA	17	55799750	58787512	5	1
TCGA-GM-A2DA	17	58789921	58917777	1	0
TCGA-GM-A2DA	17	58921961	59866547	6	1
TCGA-GM-A2DA	17	59867229	66078404	1	1
TCGA-GM-A2DA	17	66091097	81049726	1	0
TCGA-GM-A2DA	18	48133	78015057	1	1
TCGA-GM-A2DA	19	90910	1171150	1	1
TCGA-GM-A2DA	19	1175396	2268055	1	0
TCGA-GM-A2DA	19	2283140	59097854	1	1
TCGA-GM-A2DA	20	61305	62956153	1	1
TCGA-GM-A2DA	21	10736871	48096957	1	1
TCGA-GM-A2DA	22	16052528	51234455	1	0
TCGA-GM-A2DA	X	168477	155233846	1	1
