sample	chr	startpos	endpos	nMajor	nMinor
TCGA-CV-7248-a	1	61735	121482979	2	1
TCGA-CV-7248-a	1	144007049	249224388	4	0
TCGA-CV-7248-a	2	12784	101052893	2	2
TCGA-CV-7248-a	2	101053355	101503416	3	2
TCGA-CV-7248-a	2	101503762	109976664	2	0
TCGA-CV-7248-a	2	109976860	177112177	2	2
TCGA-CV-7248-a	2	177113656	179818538	3	3
TCGA-CV-7248-a	2	179818680	219566258	2	2
TCGA-CV-7248-a	2	219577096	229741460	2	0
TCGA-CV-7248-a	2	229742593	243089456	2	2
TCGA-CV-7248-a	3	60345	87445107	2	0
TCGA-CV-7248-a	3	87458840	131842788	2	2
TCGA-CV-7248-a	3	131843104	197896118	3	3
TCGA-CV-7248-a	4	12281	5863664	4	0
TCGA-CV-7248-a	4	5864073	46398932	1	1
TCGA-CV-7248-a	4	46401750	49561985	2	2
TCGA-CV-7248-a	4	49579167	68024932	1	1
TCGA-CV-7248-a	4	68028175	68479786	20	0
TCGA-CV-7248-a	4	68485743	69863503	6	0
TCGA-CV-7248-a	4	69864983	72192140	4	0
TCGA-CV-7248-a	4	72199788	74705230	7	0
TCGA-CV-7248-a	4	74706331	93428335	4	0
TCGA-CV-7248-a	4	93429422	94773240	1	1
TCGA-CV-7248-a	4	94778526	96640243	3	2
TCGA-CV-7248-a	4	96642580	111912157	1	1
TCGA-CV-7248-a	4	111912470	113276930	3	2
TCGA-CV-7248-a	4	113278057	191027923	1	1
TCGA-CV-7248-a	5	15532	180790320	1	1
TCGA-CV-7248-a	6	149661	51104074	2	0
TCGA-CV-7248-a	6	51104554	54161611	6	2
TCGA-CV-7248-a	6	54164079	55042628	13	2
TCGA-CV-7248-a	6	55045025	56184046	9	2
TCGA-CV-7248-a	6	56184203	56822618	22	3
TCGA-CV-7248-a	6	56825626	62684138	2	0
TCGA-CV-7248-a	6	62684378	64099960	3	2
TCGA-CV-7248-a	6	64101818	64915008	10	2
TCGA-CV-7248-a	6	64916432	67125819	3	3
TCGA-CV-7248-a	6	67126456	73215775	1	1
TCGA-CV-7248-a	6	73218438	74638429	2	1
TCGA-CV-7248-a	6	74638684	89033180	1	1
TCGA-CV-7248-a	6	89035426	133603821	2	2
TCGA-CV-7248-a	6	133607214	134093607	2	0
TCGA-CV-7248-a	6	134095285	149654222	2	2
TCGA-CV-7248-a	6	149657852	152685046	1	1
TCGA-CV-7248-a	6	152686968	155771250	2	2
TCGA-CV-7248-a	6	155771597	157145425	1	1
TCGA-CV-7248-a	6	157147663	166653879	2	2
TCGA-CV-7248-a	6	166653963	170409904	3	3
TCGA-CV-7248-a	6	170409966	171051005	8	1
TCGA-CV-7248-a	7	43259	159127004	2	2
TCGA-CV-7248-a	8	31254	3454075	2	0
TCGA-CV-7248-a	8	3454108	3808927	0	0
TCGA-CV-7248-a	8	3809681	42608363	1	1
TCGA-CV-7248-a	8	42608563	61439200	2	1
TCGA-CV-7248-a	8	61440662	146298155	3	3
TCGA-CV-7248-a	9	46587	47217176	1	1
TCGA-CV-7248-a	9	65616971	141091394	4	0
TCGA-CV-7248-a	10	72759	44219191	2	0
TCGA-CV-7248-a	10	44222291	46153876	0	0
TCGA-CV-7248-a	10	46159120	76550867	1	0
TCGA-CV-7248-a	10	76551502	135506704	2	1
TCGA-CV-7248-a	11	198572	13362862	2	0
TCGA-CV-7248-a	11	13364200	18870110	2	2
TCGA-CV-7248-a	11	18871028	21673629	2	0
TCGA-CV-7248-a	11	21673662	25700712	3	2
TCGA-CV-7248-a	11	25701829	55048272	2	0
TCGA-CV-7248-a	11	55050890	68448197	2	2
TCGA-CV-7248-a	11	68448291	71388704	3	3
TCGA-CV-7248-a	11	71395669	132336927	2	2
TCGA-CV-7248-a	11	132337112	134944770	2	0
TCGA-CV-7248-a	12	150442	133778189	2	2
TCGA-CV-7248-a	13	19026949	26157295	1	1
TCGA-CV-7248-a	13	26159594	27315078	4	0
TCGA-CV-7248-a	13	27315585	71986078	1	1
TCGA-CV-7248-a	13	71986095	73600028	4	0
TCGA-CV-7248-a	13	73602428	74031177	7	0
TCGA-CV-7248-a	13	74031332	74454982	4	0
TCGA-CV-7248-a	13	74459395	115108397	1	1
TCGA-CV-7248-a	14	19002124	22381424	2	2
TCGA-CV-7248-a	14	22381754	22995108	3	3
TCGA-CV-7248-a	14	22995817	70642393	2	2
TCGA-CV-7248-a	14	70642831	83328859	3	3
TCGA-CV-7248-a	14	83330657	87615452	7	2
TCGA-CV-7248-a	14	87615714	89032991	4	3
TCGA-CV-7248-a	14	89036749	89899170	7	2
TCGA-CV-7248-a	14	89901260	96889619	5	2
TCGA-CV-7248-a	14	96889900	97705238	7	2
TCGA-CV-7248-a	14	97705890	100351938	5	2
TCGA-CV-7248-a	14	100352375	107285437	2	0
TCGA-CV-7248-a	15	20016328	102469040	2	1
TCGA-CV-7248-a	16	60777	90287535	2	2
TCGA-CV-7248-a	17	526	21198405	4	0
TCGA-CV-7248-a	17	21203338	54216305	2	2
TCGA-CV-7248-a	17	54221679	81049726	2	0
TCGA-CV-7248-a	18	48133	19434972	2	1
TCGA-CV-7248-a	18	19435195	78015057	1	1
TCGA-CV-7248-a	19	90910	59097854	2	1
TCGA-CV-7248-a	20	61305	62956153	2	2
TCGA-CV-7248-a	21	10736871	48096957	1	1
TCGA-CV-7248-a	22	16052528	51234455	2	2
TCGA-CV-7248-a	X	168477	155233846	2	2
