sample	chr	startpos	endpos	nMajor	nMinor
TCGA-2A-A8W3	1	61735	28268498	1	1
TCGA-2A-A8W3	1	28268706	31199878	1	0
TCGA-2A-A8W3	1	31201340	153761439	1	1
TCGA-2A-A8W3	1	153768982	155106227	3	1
TCGA-2A-A8W3	1	155107187	249224388	1	1
TCGA-2A-A8W3	2	12784	174896673	1	1
TCGA-2A-A8W3	2	174898475	177587968	1	0
TCGA-2A-A8W3	2	177588848	233759362	1	1
TCGA-2A-A8W3	2	233759695	235710513	1	0
TCGA-2A-A8W3	2	235712372	243089456	1	1
TCGA-2A-A8W3	3	60345	70567224	1	1
TCGA-2A-A8W3	3	70567353	71684889	1	0
TCGA-2A-A8W3	3	71685163	197896118	1	1
TCGA-2A-A8W3	4	12281	123899419	1	1
TCGA-2A-A8W3	4	123901212	126188307	1	0
TCGA-2A-A8W3	4	126190761	191027923	1	1
TCGA-2A-A8W3	5	15532	143554881	1	1
TCGA-2A-A8W3	5	143557864	145309199	1	0
TCGA-2A-A8W3	5	145310531	180790320	1	1
TCGA-2A-A8W3	6	149661	171051005	1	1
TCGA-2A-A8W3	7	43259	159127004	1	1
TCGA-2A-A8W3	8	31254	40870363	1	0
TCGA-2A-A8W3	8	40872945	58486991	1	1
TCGA-2A-A8W3	8	58487046	62043233	1	0
TCGA-2A-A8W3	8	62045015	146298155	1	1
TCGA-2A-A8W3	9	46587	141091394	1	1
TCGA-2A-A8W3	10	72759	135506704	1	1
TCGA-2A-A8W3	11	198572	134944770	1	1
TCGA-2A-A8W3	12	150442	28574270	1	0
TCGA-2A-A8W3	12	28576640	38698961	2	1
TCGA-2A-A8W3	12	38699232	65258960	1	1
TCGA-2A-A8W3	12	65265687	68378426	2	2
TCGA-2A-A8W3	12	68379481	69051931	1	1
TCGA-2A-A8W3	12	69052246	114275313	2	1
TCGA-2A-A8W3	12	114278711	116109223	1	1
TCGA-2A-A8W3	12	116109900	122148911	2	1
TCGA-2A-A8W3	12	122149731	133778189	1	0
TCGA-2A-A8W3	13	19026949	115108397	1	1
TCGA-2A-A8W3	14	19002124	39157559	1	1
TCGA-2A-A8W3	14	39159719	41417221	1	0
TCGA-2A-A8W3	14	41417718	49986240	2	1
TCGA-2A-A8W3	14	49986374	107285437	1	1
TCGA-2A-A8W3	15	20016328	95523940	1	1
TCGA-2A-A8W3	15	95524174	98730403	2	1
TCGA-2A-A8W3	15	98730775	102469040	1	1
TCGA-2A-A8W3	16	60777	69458193	1	1
TCGA-2A-A8W3	16	69458369	88793337	1	0
TCGA-2A-A8W3	16	88797628	90287535	1	1
TCGA-2A-A8W3	17	526	5133807	1	1
TCGA-2A-A8W3	17	5138513	16816833	1	0
TCGA-2A-A8W3	17	16819837	38287088	1	1
TCGA-2A-A8W3	17	38289061	40846842	1	0
TCGA-2A-A8W3	17	40846914	53842180	1	1
TCGA-2A-A8W3	17	53842322	56404289	1	0
TCGA-2A-A8W3	17	56404349	81049726	1	1
TCGA-2A-A8W3	18	48133	3323984	1	1
TCGA-2A-A8W3	18	3326058	5394077	1	0
TCGA-2A-A8W3	18	5394191	78015057	1	1
TCGA-2A-A8W3	19	90910	4795342	1	0
TCGA-2A-A8W3	19	4800798	45477381	1	1
TCGA-2A-A8W3	19	45478266	48262031	1	0
TCGA-2A-A8W3	19	48262569	59097854	1	1
TCGA-2A-A8W3	20	61305	62956153	1	1
TCGA-2A-A8W3	21	10736871	16298530	1	1
TCGA-2A-A8W3	21	16305780	23287196	1	0
TCGA-2A-A8W3	21	23287284	43330006	1	1
TCGA-2A-A8W3	21	43330598	48096957	1	0
TCGA-2A-A8W3	22	16052528	51234455	1	1
TCGA-2A-A8W3	X	168477	2666384	1	1
TCGA-2A-A8W3	X	2673922	43424983	2	0
TCGA-2A-A8W3	X	43425858	45124335	1	0
TCGA-2A-A8W3	X	45125004	155233846	2	0
