sample	chr	startpos	endpos	nMajor	nMinor
TCGA-CJ-4908	1	61735	249224388	1	1
TCGA-CJ-4908	2	12784	243089456	1	1
TCGA-CJ-4908	3	60345	81537864	1	0
TCGA-CJ-4908	3	81538628	82989274	1	1
TCGA-CJ-4908	3	82990128	85483972	1	0
TCGA-CJ-4908	3	85486753	86821737	1	1
TCGA-CJ-4908	3	86822085	88087645	1	0
TCGA-CJ-4908	3	88088344	128947757	1	1
TCGA-CJ-4908	3	128954713	130511133	2	0
TCGA-CJ-4908	3	130511544	197896118	1	1
TCGA-CJ-4908	4	12281	191027923	1	1
TCGA-CJ-4908	5	15532	84248213	1	1
TCGA-CJ-4908	5	84248966	84516136	2	1
TCGA-CJ-4908	5	84516241	89375079	1	1
TCGA-CJ-4908	5	89375165	180790320	2	1
TCGA-CJ-4908	6	149661	171051005	1	1
TCGA-CJ-4908	7	43259	159127004	1	1
TCGA-CJ-4908	8	31254	146298155	1	1
TCGA-CJ-4908	9	46587	141091394	1	1
TCGA-CJ-4908	10	72759	135068593	1	1
TCGA-CJ-4908	10	135068670	135506704	2	0
TCGA-CJ-4908	11	198572	134944770	1	1
TCGA-CJ-4908	12	150442	133778189	1	1
TCGA-CJ-4908	13	19026949	115108397	1	1
TCGA-CJ-4908	14	19002124	107285437	1	1
TCGA-CJ-4908	15	20016328	102469040	1	1
TCGA-CJ-4908	16	60777	90287535	1	1
TCGA-CJ-4908	17	526	81049726	1	1
TCGA-CJ-4908	18	48133	78015057	1	1
TCGA-CJ-4908	19	90910	59097854	1	1
TCGA-CJ-4908	20	61305	62956153	1	1
TCGA-CJ-4908	21	10736871	48096957	1	1
TCGA-CJ-4908	22	16052528	51234455	1	1
TCGA-CJ-4908	X	168477	155233846	1	0
