sample	chr	startpos	endpos	nMajor	nMinor
TCGA-DD-A1EA	1	61735	121482979	1	1
TCGA-DD-A1EA	1	144007049	249224388	3	1
TCGA-DD-A1EA	2	12784	243089456	1	1
TCGA-DD-A1EA	3	60345	52569480	1	1
TCGA-DD-A1EA	3	52569761	52726376	1	0
TCGA-DD-A1EA	3	52727257	197896118	1	1
TCGA-DD-A1EA	4	12281	191027923	1	1
TCGA-DD-A1EA	5	15532	180790320	2	1
TCGA-DD-A1EA	6	149661	171051005	1	1
TCGA-DD-A1EA	7	43259	159127004	1	1
TCGA-DD-A1EA	8	31254	146298155	1	1
TCGA-DD-A1EA	9	46587	99076666	1	1
TCGA-DD-A1EA	9	99077298	99198027	1	0
TCGA-DD-A1EA	9	99198894	141091394	1	1
TCGA-DD-A1EA	10	72759	135506704	1	1
TCGA-DD-A1EA	11	198572	134944770	1	1
TCGA-DD-A1EA	12	150442	133778189	1	1
TCGA-DD-A1EA	13	19026949	115108397	1	1
TCGA-DD-A1EA	14	19002124	22510198	1	1
TCGA-DD-A1EA	14	22510714	22942149	2	1
TCGA-DD-A1EA	14	22942619	53754638	1	1
TCGA-DD-A1EA	14	53755449	54170737	1	0
TCGA-DD-A1EA	14	54170861	107285437	1	1
TCGA-DD-A1EA	15	20016328	102469040	1	1
TCGA-DD-A1EA	16	60777	90287535	1	1
TCGA-DD-A1EA	17	526	25270411	1	0
TCGA-DD-A1EA	17	25270517	81049726	2	1
TCGA-DD-A1EA	18	48133	78015057	1	1
TCGA-DD-A1EA	19	90910	59097854	1	1
TCGA-DD-A1EA	20	61305	62956153	1	1
TCGA-DD-A1EA	21	10736871	48096957	1	1
TCGA-DD-A1EA	22	16052528	51234455	1	1
TCGA-DD-A1EA	X	168477	155233846	2	0
