sample	chr	startpos	endpos	nMajor	nMinor
TCGA-BC-A112	1	61735	5922834	2	2
TCGA-BC-A112	1	5923788	34781888	2	0
TCGA-BC-A112	1	34782826	54241974	2	2
TCGA-BC-A112	1	54245159	54745528	4	2
TCGA-BC-A112	1	54745567	102540496	2	2
TCGA-BC-A112	1	102544995	121482979	3	2
TCGA-BC-A112	1	144007049	154797394	4	2
TCGA-BC-A112	1	154799310	155572707	13	1
TCGA-BC-A112	1	155578016	163714823	4	2
TCGA-BC-A112	1	163717136	164875964	5	2
TCGA-BC-A112	1	164876447	215207928	4	2
TCGA-BC-A112	1	215208129	221577849	5	2
TCGA-BC-A112	1	221578009	237274213	4	2
TCGA-BC-A112	1	237275120	249224388	5	2
TCGA-BC-A112	2	12784	20157257	2	2
TCGA-BC-A112	2	20167688	20553550	6	3
TCGA-BC-A112	2	20557089	76455664	2	2
TCGA-BC-A112	2	76458156	84363462	3	2
TCGA-BC-A112	2	84363858	208736920	2	2
TCGA-BC-A112	2	208740034	209019030	6	2
TCGA-BC-A112	2	209019488	243089456	2	2
TCGA-BC-A112	3	60345	143874147	2	1
TCGA-BC-A112	3	143874886	144272906	2	2
TCGA-BC-A112	3	144273605	148966743	2	1
TCGA-BC-A112	3	148966913	149793194	2	2
TCGA-BC-A112	3	149796484	197896118	2	1
TCGA-BC-A112	4	12281	126208253	2	1
TCGA-BC-A112	4	126208377	128459490	2	0
TCGA-BC-A112	4	128463797	154938304	2	1
TCGA-BC-A112	4	154938328	156271699	2	2
TCGA-BC-A112	4	156276648	191027923	2	1
TCGA-BC-A112	5	15532	2193084	2	2
TCGA-BC-A112	5	2193482	30927680	3	2
TCGA-BC-A112	5	30929649	61022039	2	2
TCGA-BC-A112	5	61022057	68792762	3	2
TCGA-BC-A112	5	68796707	74013611	2	2
TCGA-BC-A112	5	74015025	165305144	3	2
TCGA-BC-A112	5	165306239	167553371	4	3
TCGA-BC-A112	5	167553493	180790320	3	2
TCGA-BC-A112	6	149661	3980935	4	2
TCGA-BC-A112	6	3981940	31883679	2	2
TCGA-BC-A112	6	31883957	32277945	4	2
TCGA-BC-A112	6	32280462	41825447	2	2
TCGA-BC-A112	6	41825732	41996607	1	0
TCGA-BC-A112	6	41997926	91567188	2	2
TCGA-BC-A112	6	91567851	108963594	3	2
TCGA-BC-A112	6	108967871	109162512	4	2
TCGA-BC-A112	6	109163609	152526330	2	2
TCGA-BC-A112	6	152526387	156566142	3	1
TCGA-BC-A112	6	156566836	171051005	2	2
TCGA-BC-A112	7	43259	145065355	2	2
TCGA-BC-A112	7	145065529	147566772	3	2
TCGA-BC-A112	7	147567018	159127004	2	2
TCGA-BC-A112	8	31254	27244722	1	0
TCGA-BC-A112	8	27246433	62544322	2	1
TCGA-BC-A112	8	62547710	62746566	5	1
TCGA-BC-A112	8	62746653	64034971	2	1
TCGA-BC-A112	8	64044384	65601553	3	1
TCGA-BC-A112	8	65603393	70031128	2	1
TCGA-BC-A112	8	70044718	146298155	3	1
TCGA-BC-A112	9	46587	107444569	2	1
TCGA-BC-A112	9	107447220	108199189	9	1
TCGA-BC-A112	9	108215424	141091394	2	1
TCGA-BC-A112	10	72759	34037766	2	1
TCGA-BC-A112	10	34040098	34554820	2	0
TCGA-BC-A112	10	34561804	78629542	2	1
TCGA-BC-A112	10	78629795	80538509	2	2
TCGA-BC-A112	10	80538860	88785203	2	1
TCGA-BC-A112	10	88793349	89830316	2	2
TCGA-BC-A112	10	89830746	90367890	2	1
TCGA-BC-A112	10	90373110	91514580	4	1
TCGA-BC-A112	10	91514747	113745850	2	1
TCGA-BC-A112	10	113745944	114519962	5	1
TCGA-BC-A112	10	114523242	135506704	2	1
TCGA-BC-A112	11	198572	34323451	2	1
TCGA-BC-A112	11	34324297	34625582	6	1
TCGA-BC-A112	11	34626234	34638388	3	0
TCGA-BC-A112	11	34639284	134944770	2	1
TCGA-BC-A112	12	150442	131903037	2	2
TCGA-BC-A112	12	131903917	132908463	6	2
TCGA-BC-A112	12	132908832	133778189	2	2
TCGA-BC-A112	13	19026949	115108397	2	1
TCGA-BC-A112	14	19002124	107285437	2	1
TCGA-BC-A112	15	20016328	102469040	2	1
TCGA-BC-A112	16	60777	3270459	4	1
TCGA-BC-A112	16	3272363	3761289	5	4
TCGA-BC-A112	16	3761813	5520077	4	1
TCGA-BC-A112	16	5521376	8561807	5	1
TCGA-BC-A112	16	8561975	34012168	4	1
TCGA-BC-A112	16	34197351	34558514	1	0
TCGA-BC-A112	16	34558828	35283226	2	0
TCGA-BC-A112	16	46463782	50458822	1	0
TCGA-BC-A112	16	50460114	51633127	3	1
TCGA-BC-A112	16	51636563	52412950	1	1
TCGA-BC-A112	16	52414691	56800333	1	0
TCGA-BC-A112	16	56802158	58678090	1	1
TCGA-BC-A112	16	58686815	68236028	3	1
TCGA-BC-A112	16	68238689	68446147	6	1
TCGA-BC-A112	16	68446811	87571083	3	1
TCGA-BC-A112	16	87571161	87968242	3	3
TCGA-BC-A112	16	87968257	90287535	3	1
TCGA-BC-A112	17	526	17325325	2	0
TCGA-BC-A112	17	17325951	19424324	2	1
TCGA-BC-A112	17	19425166	49721014	4	2
TCGA-BC-A112	17	49721067	52848973	5	2
TCGA-BC-A112	17	52849084	80003941	4	2
TCGA-BC-A112	17	80004050	80623125	11	2
TCGA-BC-A112	17	80631521	81049726	4	2
TCGA-BC-A112	18	48133	15215871	2	0
TCGA-BC-A112	18	15220915	43050649	3	0
TCGA-BC-A112	18	43063289	43559997	6	0
TCGA-BC-A112	18	43560062	78015057	3	0
TCGA-BC-A112	19	90910	6702215	3	0
TCGA-BC-A112	19	6703072	44926486	3	2
TCGA-BC-A112	19	44929589	45495267	4	3
TCGA-BC-A112	19	45499889	59097854	3	2
TCGA-BC-A112	20	61305	62956153	2	2
TCGA-BC-A112	21	10736871	48096957	2	1
TCGA-BC-A112	22	16052528	50792230	3	2
TCGA-BC-A112	22	50797061	51132130	2	0
TCGA-BC-A112	22	51132805	51234455	2	1
TCGA-BC-A112	X	168477	2703391	2	1
TCGA-BC-A112	X	2703633	154929498	2	0
TCGA-BC-A112	X	154963439	155233846	2	1
