sample	chr	startpos	endpos	nMajor	nMinor
TCGA-CR-6474	1	61735	196560945	1	1
TCGA-CR-6474	1	196563192	201612931	3	1
TCGA-CR-6474	1	201613326	249224388	1	1
TCGA-CR-6474	2	12784	141679979	2	0
TCGA-CR-6474	2	141682161	142135393	0	0
TCGA-CR-6474	2	142138062	243089456	2	0
TCGA-CR-6474	3	60345	41066221	1	0
TCGA-CR-6474	3	41066528	41584673	0	0
TCGA-CR-6474	3	41584779	90502862	1	0
TCGA-CR-6474	3	93519478	197896118	2	2
TCGA-CR-6474	4	12281	54376506	1	1
TCGA-CR-6474	4	54376709	59124162	2	1
TCGA-CR-6474	4	59125675	180751658	2	0
TCGA-CR-6474	4	180751888	181028118	3	0
TCGA-CR-6474	4	181028790	191027923	2	0
TCGA-CR-6474	5	15532	23481374	4	1
TCGA-CR-6474	5	23481697	30832835	2	1
TCGA-CR-6474	5	30832903	49455636	1	1
TCGA-CR-6474	5	49459054	50677226	2	1
TCGA-CR-6474	5	50680401	180790320	1	0
TCGA-CR-6474	6	149661	16937825	1	0
TCGA-CR-6474	6	16938369	44421452	1	1
TCGA-CR-6474	6	44424262	171051005	1	0
TCGA-CR-6474	7	43259	52074050	5	1
TCGA-CR-6474	7	52074322	54534865	6	1
TCGA-CR-6474	7	54534985	56736680	7	1
TCGA-CR-6474	7	56743579	61987173	5	1
TCGA-CR-6474	7	61987244	63534480	1	1
TCGA-CR-6474	7	63536201	97868062	1	0
TCGA-CR-6474	7	97870918	100166048	1	1
TCGA-CR-6474	7	100177478	111318975	1	0
TCGA-CR-6474	7	111319190	112908788	1	1
TCGA-CR-6474	7	112917488	117993230	3	1
TCGA-CR-6474	7	117998472	119874154	1	1
TCGA-CR-6474	7	119874710	159127004	1	0
TCGA-CR-6474	8	31254	36150280	1	0
TCGA-CR-6474	8	36151856	38559362	8	1
TCGA-CR-6474	8	38559641	97891461	1	1
TCGA-CR-6474	8	97892876	146298155	4	1
TCGA-CR-6474	9	46587	141091394	1	0
TCGA-CR-6474	10	72759	2869001	1	0
TCGA-CR-6474	10	2869096	8626199	2	0
TCGA-CR-6474	10	8626523	135506704	1	0
TCGA-CR-6474	11	198572	37720376	1	0
TCGA-CR-6474	11	37720981	56819531	1	1
TCGA-CR-6474	11	56823250	57005587	1	0
TCGA-CR-6474	11	57005964	61686327	1	1
TCGA-CR-6474	11	61687425	62596464	3	1
TCGA-CR-6474	11	62597717	68649470	1	1
TCGA-CR-6474	11	68652202	70039826	5	1
TCGA-CR-6474	11	70041769	71745778	20	1
TCGA-CR-6474	11	71748146	78862292	1	0
TCGA-CR-6474	11	78865662	78955651	0	0
TCGA-CR-6474	11	78958593	134944770	1	0
TCGA-CR-6474	12	150442	133778189	2	0
TCGA-CR-6474	13	19026949	113331680	1	1
TCGA-CR-6474	13	113338243	115108397	2	1
TCGA-CR-6474	14	19002124	107285437	1	1
TCGA-CR-6474	15	20016328	44093927	1	0
TCGA-CR-6474	15	44094677	102469040	1	1
TCGA-CR-6474	16	60777	24986804	1	0
TCGA-CR-6474	16	24987072	26813301	1	1
TCGA-CR-6474	16	26813343	35283226	1	0
TCGA-CR-6474	16	46463782	90287535	1	1
TCGA-CR-6474	17	526	21532869	2	0
TCGA-CR-6474	17	21534869	81049726	1	0
TCGA-CR-6474	18	48133	12891550	2	1
TCGA-CR-6474	18	12891725	28548135	1	1
TCGA-CR-6474	18	28549959	31117847	5	1
TCGA-CR-6474	18	31118069	33461120	1	0
TCGA-CR-6474	18	33465162	33880595	3	1
TCGA-CR-6474	18	33882048	78015057	1	0
TCGA-CR-6474	19	90910	58402042	2	0
TCGA-CR-6474	19	58410456	58674364	4	0
TCGA-CR-6474	19	58675005	59097854	1	0
TCGA-CR-6474	20	61305	3914373	1	0
TCGA-CR-6474	20	3914626	6761765	3	0
TCGA-CR-6474	20	6762025	9851149	2	0
TCGA-CR-6474	20	9852654	29443421	1	0
TCGA-CR-6474	20	29448955	52920568	3	0
TCGA-CR-6474	20	52923657	55751679	3	1
TCGA-CR-6474	20	55752204	62956153	3	0
TCGA-CR-6474	21	10736871	48096957	2	0
TCGA-CR-6474	22	16052528	51234455	2	2
TCGA-CR-6474	X	168477	881003	2	1
TCGA-CR-6474	X	881015	2694240	2	0
TCGA-CR-6474	X	2703391	34259134	3	0
TCGA-CR-6474	X	34261276	61877285	1	0
TCGA-CR-6474	X	61882107	155233846	2	0
