sample	chr	startpos	endpos	nMajor	nMinor
TCGA-BP-4768	1	61735	119907472	2	1
TCGA-BP-4768	1	119909208	211415950	2	2
TCGA-BP-4768	1	211417275	249224388	2	0
TCGA-BP-4768	2	12784	243089456	2	2
TCGA-BP-4768	3	60345	142458855	2	0
TCGA-BP-4768	3	142460636	197896118	2	2
TCGA-BP-4768	4	12281	191027923	2	1
TCGA-BP-4768	5	15532	63068130	2	2
TCGA-BP-4768	5	63068596	66492215	4	2
TCGA-BP-4768	5	66492412	137140817	2	0
TCGA-BP-4768	5	137148054	180790320	4	2
TCGA-BP-4768	6	149661	171051005	2	1
TCGA-BP-4768	7	43259	159127004	4	1
TCGA-BP-4768	8	31254	35298043	2	1
TCGA-BP-4768	8	35298232	146298155	2	2
TCGA-BP-4768	9	46587	119649326	2	0
TCGA-BP-4768	9	119650661	120460466	1	0
TCGA-BP-4768	9	120460929	141091394	2	0
TCGA-BP-4768	10	72759	135506704	2	2
TCGA-BP-4768	11	198572	134944770	2	1
TCGA-BP-4768	12	150442	133778189	2	2
TCGA-BP-4768	13	19026949	115108397	2	1
TCGA-BP-4768	14	19002124	107285437	1	1
TCGA-BP-4768	15	20016328	102469040	2	1
TCGA-BP-4768	16	60777	90287535	2	2
TCGA-BP-4768	17	526	81049726	2	2
TCGA-BP-4768	18	48133	78015057	3	1
TCGA-BP-4768	19	90910	59097854	2	2
TCGA-BP-4768	20	61305	62956153	2	2
TCGA-BP-4768	21	10736871	48096957	2	1
TCGA-BP-4768	22	16052528	51234455	2	1
TCGA-BP-4768	X	168477	968047	2	1
TCGA-BP-4768	X	987444	1520130	2	2
TCGA-BP-4768	X	1539703	2653913	2	1
TCGA-BP-4768	X	2656850	154964089	4	1
TCGA-BP-4768	X	154966634	155233846	3	1
