sample	chr	startpos	endpos	nMajor	nMinor
TCGA-VS-A9UI	1	61735	82266015	2	1
TCGA-VS-A9UI	1	82276490	91803202	2	2
TCGA-VS-A9UI	1	91803228	119673611	2	0
TCGA-VS-A9UI	1	119676028	121482979	2	1
TCGA-VS-A9UI	1	144007049	194977390	3	1
TCGA-VS-A9UI	1	194978322	219596571	2	1
TCGA-VS-A9UI	1	219596699	249224388	3	1
TCGA-VS-A9UI	2	12784	7461967	2	2
TCGA-VS-A9UI	2	7463051	95351013	2	1
TCGA-VS-A9UI	2	95358799	241411964	2	0
TCGA-VS-A9UI	2	241412203	243089456	3	0
TCGA-VS-A9UI	3	60345	3888863	3	0
TCGA-VS-A9UI	3	3888894	124648648	2	1
TCGA-VS-A9UI	3	124648705	125232529	1	1
TCGA-VS-A9UI	3	125233729	197896118	2	1
TCGA-VS-A9UI	4	12281	42414297	2	0
TCGA-VS-A9UI	4	42418567	42490543	1	0
TCGA-VS-A9UI	4	42493497	191027923	2	0
TCGA-VS-A9UI	5	15532	7757867	2	1
TCGA-VS-A9UI	5	7758961	8183560	1	1
TCGA-VS-A9UI	5	8183893	33768201	2	1
TCGA-VS-A9UI	5	33770318	36739367	1	1
TCGA-VS-A9UI	5	36739499	49441958	2	1
TCGA-VS-A9UI	5	49447306	70874201	1	0
TCGA-VS-A9UI	5	70876592	180790320	1	1
TCGA-VS-A9UI	6	149661	171051005	2	1
TCGA-VS-A9UI	7	43259	140051063	1	1
TCGA-VS-A9UI	7	140051081	159127004	2	0
TCGA-VS-A9UI	8	31254	40574412	1	0
TCGA-VS-A9UI	8	40575914	40688115	4	0
TCGA-VS-A9UI	8	40688488	123755510	2	0
TCGA-VS-A9UI	8	123756108	125482957	1	0
TCGA-VS-A9UI	8	125488907	146298155	2	0
TCGA-VS-A9UI	9	46587	141091394	2	0
TCGA-VS-A9UI	10	72759	135506704	1	1
TCGA-VS-A9UI	11	198572	55760124	1	1
TCGA-VS-A9UI	11	55760714	72147875	2	1
TCGA-VS-A9UI	11	72154236	134944770	1	0
TCGA-VS-A9UI	12	150442	133778189	1	1
TCGA-VS-A9UI	13	19026949	23754458	1	1
TCGA-VS-A9UI	13	23755127	27924884	2	1
TCGA-VS-A9UI	13	27930039	115108397	1	1
TCGA-VS-A9UI	14	19002124	107285437	2	1
TCGA-VS-A9UI	15	20016328	102469040	1	1
TCGA-VS-A9UI	16	60777	90287535	3	0
TCGA-VS-A9UI	17	526	43655090	1	1
TCGA-VS-A9UI	17	43656380	44441482	2	1
TCGA-VS-A9UI	17	44456008	77489945	1	1
TCGA-VS-A9UI	17	77497716	81049726	2	0
TCGA-VS-A9UI	18	48133	78015057	2	0
TCGA-VS-A9UI	19	90910	24596750	2	0
TCGA-VS-A9UI	19	27747993	59097854	2	2
TCGA-VS-A9UI	20	61305	26274834	3	0
TCGA-VS-A9UI	20	26278316	62956153	5	0
TCGA-VS-A9UI	21	10736871	48096957	2	1
TCGA-VS-A9UI	22	16052528	51234455	1	1
TCGA-VS-A9UI	X	168477	3569345	3	0
TCGA-VS-A9UI	X	3569359	155233846	2	0
