sample	chr	startpos	endpos	nMajor	nMinor
TCGA-AA-3680	1	61735	249224388	2	2
TCGA-AA-3680	2	12784	14381254	2	2
TCGA-AA-3680	2	14382112	14981294	2	0
TCGA-AA-3680	2	14984627	21852600	2	2
TCGA-AA-3680	2	21857219	22323262	1	0
TCGA-AA-3680	2	22324638	243089456	2	2
TCGA-AA-3680	3	60345	4867005	2	2
TCGA-AA-3680	3	4867097	68609856	2	1
TCGA-AA-3680	3	68610030	186021296	2	2
TCGA-AA-3680	3	186024564	186216415	2	0
TCGA-AA-3680	3	186219211	197896118	2	2
TCGA-AA-3680	4	12281	75421246	2	2
TCGA-AA-3680	4	75506060	89295046	2	0
TCGA-AA-3680	4	89299265	143327732	2	2
TCGA-AA-3680	4	143327776	143971429	2	1
TCGA-AA-3680	4	143971531	191027923	2	2
TCGA-AA-3680	5	15532	30256512	2	2
TCGA-AA-3680	5	30257911	35698786	2	1
TCGA-AA-3680	5	35699281	96126940	2	2
TCGA-AA-3680	5	96131037	96656966	2	0
TCGA-AA-3680	5	96657330	99016770	2	2
TCGA-AA-3680	5	99020531	107056444	2	0
TCGA-AA-3680	5	107056955	180790320	2	2
TCGA-AA-3680	6	149661	144659091	2	2
TCGA-AA-3680	6	144659946	144970275	1	0
TCGA-AA-3680	6	144978504	149037506	2	2
TCGA-AA-3680	6	149042051	164732049	2	0
TCGA-AA-3680	6	164732949	171051005	2	2
TCGA-AA-3680	7	43259	102101306	4	2
TCGA-AA-3680	7	102102164	128862831	2	2
TCGA-AA-3680	7	128863818	159127004	4	2
TCGA-AA-3680	8	31254	5904398	2	2
TCGA-AA-3680	8	5904432	8108906	2	0
TCGA-AA-3680	8	8109936	8963762	1	0
TCGA-AA-3680	8	8964626	20385547	2	0
TCGA-AA-3680	8	20386563	25714424	1	0
TCGA-AA-3680	8	25715729	35682892	2	1
TCGA-AA-3680	8	35688501	146298155	2	2
TCGA-AA-3680	9	46587	141091394	2	2
TCGA-AA-3680	10	72759	78045263	2	2
TCGA-AA-3680	10	78048589	78351665	2	1
TCGA-AA-3680	10	78358325	87930559	2	2
TCGA-AA-3680	10	87930794	118559116	2	0
TCGA-AA-3680	10	118560477	118561109	1	0
TCGA-AA-3680	10	118561695	118783657	1	1
TCGA-AA-3680	10	118789461	135506704	2	2
TCGA-AA-3680	11	198572	1751364	2	1
TCGA-AA-3680	11	1751986	30127434	2	2
TCGA-AA-3680	11	30131974	42704203	2	0
TCGA-AA-3680	11	42704780	89953042	2	2
TCGA-AA-3680	11	89954685	114892954	2	0
TCGA-AA-3680	11	114895077	134944770	2	2
TCGA-AA-3680	12	150442	33323363	4	2
TCGA-AA-3680	12	33324390	75952182	2	2
TCGA-AA-3680	12	75952426	76608122	2	1
TCGA-AA-3680	12	76612245	133778189	2	2
TCGA-AA-3680	13	19026949	32475150	2	2
TCGA-AA-3680	13	32476675	33779522	2	0
TCGA-AA-3680	13	33783034	115108397	2	2
TCGA-AA-3680	14	19002124	22478961	2	2
TCGA-AA-3680	14	22479597	22975700	4	3
TCGA-AA-3680	14	22975728	107285437	2	2
TCGA-AA-3680	15	20016328	40929474	2	2
TCGA-AA-3680	15	40929814	48000499	2	0
TCGA-AA-3680	15	48000762	102469040	2	2
TCGA-AA-3680	16	60777	90287535	2	2
TCGA-AA-3680	17	526	44163098	2	2
TCGA-AA-3680	17	44165803	44352872	3	2
TCGA-AA-3680	17	44353885	81049726	2	2
TCGA-AA-3680	18	48133	78015057	2	2
TCGA-AA-3680	19	90910	59097854	2	2
TCGA-AA-3680	20	61305	62956153	2	2
TCGA-AA-3680	21	10736871	48096957	2	2
TCGA-AA-3680	22	16052528	51234455	2	2
TCGA-AA-3680	X	168477	128142752	2	2
TCGA-AA-3680	X	128142759	128288363	1	0
TCGA-AA-3680	X	128302575	139158728	2	2
TCGA-AA-3680	X	139158762	148581457	2	1
TCGA-AA-3680	X	148581931	155233846	2	2
