sample	chr	startpos	endpos	nMajor	nMinor
TCGA-BQ-5890	1	61735	6967559	1	0
TCGA-BQ-5890	1	6967577	166793143	1	1
TCGA-BQ-5890	1	166794217	249224388	2	1
TCGA-BQ-5890	2	12784	243089456	1	1
TCGA-BQ-5890	3	60345	50008005	2	0
TCGA-BQ-5890	3	50009745	99419869	1	0
TCGA-BQ-5890	3	99420192	101137562	2	0
TCGA-BQ-5890	3	101141448	197896118	3	0
TCGA-BQ-5890	4	12281	182037000	1	1
TCGA-BQ-5890	4	182041104	182228042	1	0
TCGA-BQ-5890	4	182228434	191027923	1	1
TCGA-BQ-5890	5	15532	97590345	1	1
TCGA-BQ-5890	5	97596789	180790320	2	1
TCGA-BQ-5890	6	149661	47177415	1	1
TCGA-BQ-5890	6	47183077	51884842	1	0
TCGA-BQ-5890	6	51888115	136772700	1	1
TCGA-BQ-5890	6	136773549	171051005	1	0
TCGA-BQ-5890	7	43259	159127004	1	1
TCGA-BQ-5890	8	31254	15565126	1	1
TCGA-BQ-5890	8	15565257	15784882	1	0
TCGA-BQ-5890	8	15785117	146298155	1	1
TCGA-BQ-5890	9	46587	141091394	1	1
TCGA-BQ-5890	10	72759	135506704	1	1
TCGA-BQ-5890	11	198572	79140682	1	1
TCGA-BQ-5890	11	79141510	134944770	1	0
TCGA-BQ-5890	12	150442	133778189	1	1
TCGA-BQ-5890	13	19026949	115108397	1	1
TCGA-BQ-5890	14	19002124	107285437	1	1
TCGA-BQ-5890	15	20016328	102469040	1	1
TCGA-BQ-5890	16	60777	35283226	3	1
TCGA-BQ-5890	16	46463782	90287535	1	1
TCGA-BQ-5890	17	526	41803893	1	1
TCGA-BQ-5890	17	41803984	81049726	2	1
TCGA-BQ-5890	18	48133	78015057	1	1
TCGA-BQ-5890	19	90910	1307728	1	1
TCGA-BQ-5890	19	1310136	6943538	1	0
TCGA-BQ-5890	19	6950060	59097854	1	1
TCGA-BQ-5890	20	61305	62956153	1	1
TCGA-BQ-5890	21	10736871	48096957	1	1
TCGA-BQ-5890	22	16052528	20250044	1	1
TCGA-BQ-5890	22	20250187	51234455	1	0
TCGA-BQ-5890	X	168477	155233846	1	0
