sample	chr	startpos	endpos	nMajor	nMinor
TCGA-CD-5801	1	61735	26603712	1	1
TCGA-CD-5801	1	26615777	249224388	2	1
TCGA-CD-5801	2	12784	243089456	3	2
TCGA-CD-5801	3	60345	93557881	2	0
TCGA-CD-5801	3	93558926	153094204	2	2
TCGA-CD-5801	3	153094726	171256073	6	2
TCGA-CD-5801	3	171258602	188586447	2	2
TCGA-CD-5801	3	188586573	190426512	2	0
TCGA-CD-5801	3	190427266	197896118	2	2
TCGA-CD-5801	4	12281	191027923	2	1
TCGA-CD-5801	5	15532	46224024	5	1
TCGA-CD-5801	5	46246513	46386392	5	0
TCGA-CD-5801	5	46389273	180790320	1	1
TCGA-CD-5801	6	149661	171051005	2	1
TCGA-CD-5801	7	43259	159127004	3	2
TCGA-CD-5801	8	31254	146298155	2	1
TCGA-CD-5801	9	46587	141091394	3	1
TCGA-CD-5801	10	72759	135506704	3	1
TCGA-CD-5801	11	198572	134944770	2	1
TCGA-CD-5801	12	150442	133778189	2	1
TCGA-CD-5801	13	19026949	115108397	2	1
TCGA-CD-5801	14	19002124	22381754	2	1
TCGA-CD-5801	14	22382074	22999402	1	0
TCGA-CD-5801	14	22999542	63049765	2	1
TCGA-CD-5801	14	63049810	98812167	2	0
TCGA-CD-5801	14	98812847	107285437	2	1
TCGA-CD-5801	15	20016328	51588395	1	1
TCGA-CD-5801	15	51589338	52007217	2	0
TCGA-CD-5801	15	52007522	102469040	1	1
TCGA-CD-5801	16	60777	90287535	2	2
TCGA-CD-5801	17	526	81049726	2	1
TCGA-CD-5801	18	48133	78015057	2	0
TCGA-CD-5801	19	90910	59097854	3	1
TCGA-CD-5801	20	61305	32723885	3	1
TCGA-CD-5801	20	32731006	62956153	3	2
TCGA-CD-5801	21	10736871	48096957	2	1
TCGA-CD-5801	22	16052528	51234455	2	1
TCGA-CD-5801	X	168477	154787567	2	0
TCGA-CD-5801	X	154789183	155233846	1	0
