sample	chr	startpos	endpos	nMajor	nMinor
TCGA-BR-7704-b	1	61735	169344928	2	2
TCGA-BR-7704-b	1	169345868	179139255	2	0
TCGA-BR-7704-b	1	179139274	249224388	2	2
TCGA-BR-7704-b	2	12784	236316156	4	2
TCGA-BR-7704-b	2	236317044	236781957	2	0
TCGA-BR-7704-b	2	236786086	243089456	4	2
TCGA-BR-7704-b	3	60345	60398303	4	0
TCGA-BR-7704-b	3	60399154	60568253	2	0
TCGA-BR-7704-b	3	60569048	197896118	4	0
TCGA-BR-7704-b	4	12281	21350892	6	1
TCGA-BR-7704-b	4	21351260	64146704	4	1
TCGA-BR-7704-b	4	64147093	73793490	4	0
TCGA-BR-7704-b	4	73796776	76662868	7	0
TCGA-BR-7704-b	4	76667709	77142852	3	0
TCGA-BR-7704-b	4	77142988	78274908	5	0
TCGA-BR-7704-b	4	78276559	79033722	7	0
TCGA-BR-7704-b	4	79040877	83118563	4	0
TCGA-BR-7704-b	4	83124080	83755028	2	0
TCGA-BR-7704-b	4	83757639	87676115	4	0
TCGA-BR-7704-b	4	87678426	90003726	2	0
TCGA-BR-7704-b	4	90004931	91050180	4	0
TCGA-BR-7704-b	4	91050684	92001319	7	0
TCGA-BR-7704-b	4	92005342	93016538	4	0
TCGA-BR-7704-b	4	93018090	95914398	2	0
TCGA-BR-7704-b	4	95917280	96522964	4	0
TCGA-BR-7704-b	4	96527762	128864500	2	0
TCGA-BR-7704-b	4	128868675	186597940	4	0
TCGA-BR-7704-b	4	186600327	191027923	4	1
TCGA-BR-7704-b	5	15532	51191848	5	4
TCGA-BR-7704-b	5	51195801	51293126	6	0
TCGA-BR-7704-b	5	51293778	58374863	4	0
TCGA-BR-7704-b	5	58378690	58520536	2	0
TCGA-BR-7704-b	5	58520735	60281975	3	0
TCGA-BR-7704-b	5	60284640	60858446	0	0
TCGA-BR-7704-b	5	60860951	180790320	4	0
TCGA-BR-7704-b	6	149661	171051005	4	2
TCGA-BR-7704-b	7	43259	139214358	4	2
TCGA-BR-7704-b	7	139215856	159127004	2	2
TCGA-BR-7704-b	8	31254	146298155	4	2
TCGA-BR-7704-b	9	46587	33514748	4	0
TCGA-BR-7704-b	9	33514773	35220214	4	2
TCGA-BR-7704-b	9	35221048	47217176	4	0
TCGA-BR-7704-b	9	65616971	141091394	4	2
TCGA-BR-7704-b	10	72759	83777133	4	2
TCGA-BR-7704-b	10	83781921	109771932	2	0
TCGA-BR-7704-b	10	109771979	135506704	6	0
TCGA-BR-7704-b	11	198572	48239497	4	0
TCGA-BR-7704-b	11	48241639	134944770	4	2
TCGA-BR-7704-b	12	150442	133778189	4	0
TCGA-BR-7704-b	13	19026949	115108397	4	2
TCGA-BR-7704-b	14	19002124	24501001	5	2
TCGA-BR-7704-b	14	24510209	107285437	2	2
TCGA-BR-7704-b	15	20016328	102469040	2	0
TCGA-BR-7704-b	16	60777	90287535	4	0
TCGA-BR-7704-b	17	526	7106023	4	0
TCGA-BR-7704-b	17	7108892	8563094	5	0
TCGA-BR-7704-b	17	8565356	8763912	6	6
TCGA-BR-7704-b	17	8765412	9138177	6	0
TCGA-BR-7704-b	17	9147259	9658245	0	0
TCGA-BR-7704-b	17	9664092	10414507	2	0
TCGA-BR-7704-b	17	10414796	11138711	6	0
TCGA-BR-7704-b	17	11139606	12077855	0	0
TCGA-BR-7704-b	17	12079170	15005146	2	0
TCGA-BR-7704-b	17	15005287	16154155	0	0
TCGA-BR-7704-b	17	16156235	18397112	2	0
TCGA-BR-7704-b	17	18411397	19317432	6	0
TCGA-BR-7704-b	17	19320879	22219568	0	0
TCGA-BR-7704-b	17	22227075	28430724	6	2
TCGA-BR-7704-b	17	28433782	81049726	2	2
TCGA-BR-7704-b	18	48133	78015057	4	0
TCGA-BR-7704-b	19	90910	59097854	4	0
TCGA-BR-7704-b	20	61305	62956153	7	4
TCGA-BR-7704-b	21	10736871	48096957	2	0
TCGA-BR-7704-b	22	16052528	51234455	4	2
TCGA-BR-7704-b	X	168477	155233846	5	4
