sample	chr	startpos	endpos	nMajor	nMinor
TCGA-OL-A66J	1	61735	30349204	1	0
TCGA-OL-A66J	1	30349276	31650819	1	1
TCGA-OL-A66J	1	31653988	32296525	1	0
TCGA-OL-A66J	1	32300130	33880905	1	1
TCGA-OL-A66J	1	33886888	34098959	1	0
TCGA-OL-A66J	1	34101643	249224388	1	1
TCGA-OL-A66J	2	12784	23856496	1	1
TCGA-OL-A66J	2	23859449	26006512	1	0
TCGA-OL-A66J	2	26008912	33652326	1	1
TCGA-OL-A66J	2	33652677	36278224	1	0
TCGA-OL-A66J	2	36282255	243089456	1	1
TCGA-OL-A66J	3	60345	197896118	1	1
TCGA-OL-A66J	4	12281	191027923	1	1
TCGA-OL-A66J	5	15532	180790320	1	0
TCGA-OL-A66J	6	149661	171051005	1	1
TCGA-OL-A66J	7	43259	159127004	1	1
TCGA-OL-A66J	8	31254	37056168	1	0
TCGA-OL-A66J	8	37058174	40701499	12	1
TCGA-OL-A66J	8	40701766	41596974	4	1
TCGA-OL-A66J	8	41597242	48160856	2	1
TCGA-OL-A66J	8	48163424	146298155	1	1
TCGA-OL-A66J	9	46587	141091394	1	1
TCGA-OL-A66J	10	72759	135506704	1	1
TCGA-OL-A66J	11	198572	55126601	1	1
TCGA-OL-A66J	11	55128764	66929760	1	0
TCGA-OL-A66J	11	66932444	67404526	3	2
TCGA-OL-A66J	11	67404726	69076277	1	1
TCGA-OL-A66J	11	69143284	69596523	4	1
TCGA-OL-A66J	11	69597442	72123946	1	1
TCGA-OL-A66J	11	72124511	73372685	8	1
TCGA-OL-A66J	11	73373552	134944770	1	0
TCGA-OL-A66J	12	150442	133778189	1	1
TCGA-OL-A66J	13	19026949	115108397	1	1
TCGA-OL-A66J	14	19002124	107285437	1	1
TCGA-OL-A66J	15	20016328	102469040	1	1
TCGA-OL-A66J	16	60777	35283226	1	1
TCGA-OL-A66J	16	46463782	90287535	1	0
TCGA-OL-A66J	17	526	81049726	1	1
TCGA-OL-A66J	18	48133	78015057	1	1
TCGA-OL-A66J	19	90910	59097854	1	1
TCGA-OL-A66J	20	61305	62956153	1	1
TCGA-OL-A66J	21	10736871	48096957	1	1
TCGA-OL-A66J	22	16052528	51234455	1	1
TCGA-OL-A66J	X	168477	155233846	1	1
