sample	chr	startpos	endpos	nMajor	nMinor
TCGA-04-1367	1	61735	10035217	2	1
TCGA-04-1367	1	10036060	15900537	1	1
TCGA-04-1367	1	15902335	33238714	1	0
TCGA-04-1367	1	33249392	34294874	2	1
TCGA-04-1367	1	34301429	249224388	1	1
TCGA-04-1367	2	12784	243089456	1	1
TCGA-04-1367	3	60345	75466085	1	1
TCGA-04-1367	3	75466151	76185959	1	0
TCGA-04-1367	3	76192011	162103074	1	1
TCGA-04-1367	3	162105555	179786726	2	1
TCGA-04-1367	3	179792584	197896118	2	0
TCGA-04-1367	4	12281	14611940	1	1
TCGA-04-1367	4	14612496	14627273	1	0
TCGA-04-1367	4	14629748	57296327	1	1
TCGA-04-1367	4	57300492	75141725	1	0
TCGA-04-1367	4	75148922	75276524	0	0
TCGA-04-1367	4	75278858	191027923	1	0
TCGA-04-1367	5	15532	28417284	2	1
TCGA-04-1367	5	28423372	68278147	1	1
TCGA-04-1367	5	68289145	110193901	1	0
TCGA-04-1367	5	110197723	177254965	1	1
TCGA-04-1367	5	177259415	180790320	1	0
TCGA-04-1367	6	149661	144284652	1	0
TCGA-04-1367	6	144286480	144426111	0	0
TCGA-04-1367	6	144426795	171051005	1	0
TCGA-04-1367	7	43259	8549008	1	1
TCGA-04-1367	7	8549058	8560291	1	0
TCGA-04-1367	7	8560803	9144240	1	1
TCGA-04-1367	7	9144405	49102375	2	1
TCGA-04-1367	7	49108475	102525241	1	1
TCGA-04-1367	7	102529597	157333981	2	1
TCGA-04-1367	7	157335738	159127004	2	0
TCGA-04-1367	8	31254	11028890	1	0
TCGA-04-1367	8	11030966	11056175	0	0
TCGA-04-1367	8	11062882	41747762	1	0
TCGA-04-1367	8	41749299	42204296	2	1
TCGA-04-1367	8	42205984	146298155	1	1
TCGA-04-1367	9	46587	118786580	1	1
TCGA-04-1367	9	118786849	119790223	2	1
TCGA-04-1367	9	119791760	141091394	1	1
TCGA-04-1367	10	72759	19651900	1	1
TCGA-04-1367	10	19654411	39040721	2	1
TCGA-04-1367	10	39045746	80068631	1	1
TCGA-04-1367	10	80070467	107048198	1	0
TCGA-04-1367	10	107050572	110117769	1	1
TCGA-04-1367	10	110118187	135506704	2	1
TCGA-04-1367	11	198572	50702287	1	0
TCGA-04-1367	11	50702618	134944770	1	1
TCGA-04-1367	12	150442	58800565	1	1
TCGA-04-1367	12	58800659	58828135	1	0
TCGA-04-1367	12	58830614	58909393	1	1
TCGA-04-1367	12	58922705	58949109	1	0
TCGA-04-1367	12	58949147	133778189	1	1
TCGA-04-1367	13	19026949	115108397	1	0
TCGA-04-1367	14	19002124	105396693	1	1
TCGA-04-1367	14	105402179	107285437	2	1
TCGA-04-1367	15	20016328	42537058	1	1
TCGA-04-1367	15	42542814	82101523	1	0
TCGA-04-1367	15	82102208	82154479	0	0
TCGA-04-1367	15	82159231	102469040	1	0
TCGA-04-1367	16	60777	90287535	1	1
TCGA-04-1367	17	526	58677865	1	0
TCGA-04-1367	17	58681176	81049726	2	0
TCGA-04-1367	18	48133	9900691	1	0
TCGA-04-1367	18	9903834	78015057	1	1
TCGA-04-1367	19	90910	59097854	1	0
TCGA-04-1367	20	61305	8573294	2	1
TCGA-04-1367	20	8586526	35338765	1	1
TCGA-04-1367	20	35340538	35606905	1	0
TCGA-04-1367	20	35612818	62956153	1	1
TCGA-04-1367	21	10736871	48096957	1	1
TCGA-04-1367	22	16052528	51234455	1	0
TCGA-04-1367	X	168477	141870755	1	0
TCGA-04-1367	X	141874264	155233846	2	0
