sample	chr	startpos	endpos	nMajor	nMinor
TCGA-06-A6S0	1	61735	203612101	2	2
TCGA-06-A6S0	1	203617391	203666240	2	0
TCGA-06-A6S0	1	203673088	203987229	57	1
TCGA-06-A6S0	1	203991273	204217146	44	1
TCGA-06-A6S0	1	204220232	204239603	2	0
TCGA-06-A6S0	1	204243732	205106316	46	1
TCGA-06-A6S0	1	205109404	205237029	8	2
TCGA-06-A6S0	1	205240251	249224388	2	2
TCGA-06-A6S0	2	12784	101297476	2	2
TCGA-06-A6S0	2	101302349	101465271	2	0
TCGA-06-A6S0	2	101467887	101661803	2	2
TCGA-06-A6S0	2	101665288	102753919	2	0
TCGA-06-A6S0	2	102754809	163341317	2	2
TCGA-06-A6S0	2	163345428	163650901	1	0
TCGA-06-A6S0	2	163664828	243089456	2	2
TCGA-06-A6S0	3	60345	197896118	2	2
TCGA-06-A6S0	4	12281	40427990	2	0
TCGA-06-A6S0	4	40444292	191027923	2	2
TCGA-06-A6S0	5	15532	180790320	2	2
TCGA-06-A6S0	6	149661	171051005	2	2
TCGA-06-A6S0	7	43259	10049901	4	2
TCGA-06-A6S0	7	10049993	12328765	2	2
TCGA-06-A6S0	7	12329806	12853416	2	0
TCGA-06-A6S0	7	12853902	13304753	4	2
TCGA-06-A6S0	7	13307885	14147871	2	0
TCGA-06-A6S0	7	14148597	14461843	4	2
TCGA-06-A6S0	7	14462008	14998932	2	0
TCGA-06-A6S0	7	15001243	15211095	3	3
TCGA-06-A6S0	7	15213377	17035201	2	0
TCGA-06-A6S0	7	17035350	17709734	4	4
TCGA-06-A6S0	7	17712175	19811888	4	0
TCGA-06-A6S0	7	19816240	19988783	4	4
TCGA-06-A6S0	7	19992729	20603239	4	0
TCGA-06-A6S0	7	20604344	24055011	4	4
TCGA-06-A6S0	7	24056888	24182909	5	5
TCGA-06-A6S0	7	24182997	24597183	4	4
TCGA-06-A6S0	7	24600679	36533760	4	0
TCGA-06-A6S0	7	36534662	37246736	4	4
TCGA-06-A6S0	7	37253018	42422220	4	0
TCGA-06-A6S0	7	42422710	42481559	6	2
TCGA-06-A6S0	7	42484784	47251761	4	0
TCGA-06-A6S0	7	47253441	54051365	4	2
TCGA-06-A6S0	7	54051501	54832717	2	2
TCGA-06-A6S0	7	54832926	54874544	52	1
TCGA-06-A6S0	7	54875365	55514023	83	1
TCGA-06-A6S0	7	55514566	55736508	38	1
TCGA-06-A6S0	7	55736623	57252818	2	2
TCGA-06-A6S0	7	57260932	57337027	25	8
TCGA-06-A6S0	7	57337045	57390223	2	2
TCGA-06-A6S0	7	57391157	57456460	26	7
TCGA-06-A6S0	7	57459521	61307080	3	1
TCGA-06-A6S0	7	61728407	61888128	24	0
TCGA-06-A6S0	7	61987173	159127004	4	2
TCGA-06-A6S0	8	31254	146298155	2	2
TCGA-06-A6S0	9	46587	608808	2	0
TCGA-06-A6S0	9	611164	657691	0	0
TCGA-06-A6S0	9	657708	21153470	2	0
TCGA-06-A6S0	9	21156118	22388821	0	0
TCGA-06-A6S0	9	22390663	24934491	2	0
TCGA-06-A6S0	9	24934859	25049865	0	0
TCGA-06-A6S0	9	25049901	25623554	2	0
TCGA-06-A6S0	9	25623738	28059729	0	0
TCGA-06-A6S0	9	28062927	31068070	2	0
TCGA-06-A6S0	9	31083831	31178229	3	2
TCGA-06-A6S0	9	31182134	32161575	2	0
TCGA-06-A6S0	9	32163277	33855465	4	2
TCGA-06-A6S0	9	33855494	35087991	5	2
TCGA-06-A6S0	9	35090328	36073433	3	3
TCGA-06-A6S0	9	36074179	38640561	3	2
TCGA-06-A6S0	9	38640619	47217176	2	1
TCGA-06-A6S0	9	65616971	119046379	2	2
TCGA-06-A6S0	9	119046958	119449230	4	2
TCGA-06-A6S0	9	119453455	141091394	2	2
TCGA-06-A6S0	10	72759	21024607	2	2
TCGA-06-A6S0	10	21030580	135506704	2	0
TCGA-06-A6S0	11	198572	134944770	2	2
TCGA-06-A6S0	12	150442	133778189	2	2
TCGA-06-A6S0	13	19026949	115108397	2	2
TCGA-06-A6S0	14	19002124	21905122	3	2
TCGA-06-A6S0	14	21909147	22454287	2	2
TCGA-06-A6S0	14	22455614	23819813	2	0
TCGA-06-A6S0	14	23823696	107285437	2	2
TCGA-06-A6S0	15	20016328	102469040	2	1
TCGA-06-A6S0	16	60777	90287535	2	1
TCGA-06-A6S0	17	526	81049726	2	2
TCGA-06-A6S0	18	48133	78015057	2	2
TCGA-06-A6S0	19	90910	43290773	4	1
TCGA-06-A6S0	19	43294390	43866858	2	1
TCGA-06-A6S0	19	43866953	44499777	4	1
TCGA-06-A6S0	19	44500478	44685166	2	1
TCGA-06-A6S0	19	44696257	59097854	4	1
TCGA-06-A6S0	20	61305	62956153	2	2
TCGA-06-A6S0	21	10736871	48096957	2	2
TCGA-06-A6S0	22	16052528	51234455	2	2
TCGA-06-A6S0	X	168477	2694240	2	2
TCGA-06-A6S0	X	2703391	154964089	2	0
TCGA-06-A6S0	X	154966634	155233846	3	2
