sample	chr	startpos	endpos	nMajor	nMinor
TCGA-CR-7401	1	61735	240524112	1	1
TCGA-CR-7401	1	240524580	241725162	1	0
TCGA-CR-7401	1	241725682	245167758	1	1
TCGA-CR-7401	1	245169014	249224388	1	0
TCGA-CR-7401	2	12784	99537074	1	1
TCGA-CR-7401	2	99537649	105254438	1	0
TCGA-CR-7401	2	105256736	122705542	1	1
TCGA-CR-7401	2	122706434	142075716	1	0
TCGA-CR-7401	2	142077308	243089456	1	1
TCGA-CR-7401	3	60345	93543202	1	0
TCGA-CR-7401	3	93547195	142856391	2	1
TCGA-CR-7401	3	142856559	146367621	2	2
TCGA-CR-7401	3	146367804	186800321	2	1
TCGA-CR-7401	3	186804795	193054300	2	2
TCGA-CR-7401	3	193057885	197896118	2	1
TCGA-CR-7401	4	12281	185957039	1	1
TCGA-CR-7401	4	185957353	188478933	1	0
TCGA-CR-7401	4	188481090	191027923	2	0
TCGA-CR-7401	5	15532	4672392	2	1
TCGA-CR-7401	5	4672615	180790320	1	1
TCGA-CR-7401	6	149661	171051005	1	1
TCGA-CR-7401	7	43259	4286501	2	1
TCGA-CR-7401	7	4286516	159127004	1	1
TCGA-CR-7401	8	31254	5825109	1	1
TCGA-CR-7401	8	5825194	43706797	1	0
TCGA-CR-7401	8	43717668	62622433	3	0
TCGA-CR-7401	8	62624848	70628298	4	0
TCGA-CR-7401	8	70628389	96174164	3	0
TCGA-CR-7401	8	96175435	146298155	4	0
TCGA-CR-7401	9	46587	35496314	1	0
TCGA-CR-7401	9	35497753	35518997	3	3
TCGA-CR-7401	9	35519359	35983939	4	1
TCGA-CR-7401	9	35984347	37421109	1	0
TCGA-CR-7401	9	37421171	37795392	2	1
TCGA-CR-7401	9	37796791	47217176	4	0
TCGA-CR-7401	9	65616971	141091394	2	0
TCGA-CR-7401	10	72759	135506704	1	1
TCGA-CR-7401	11	198572	134944770	1	1
TCGA-CR-7401	12	150442	126298182	1	1
TCGA-CR-7401	12	126298861	133778189	2	1
TCGA-CR-7401	13	19026949	115108397	1	1
TCGA-CR-7401	14	19002124	78653163	1	1
TCGA-CR-7401	14	78653447	89695398	2	1
TCGA-CR-7401	14	89696533	107285437	1	1
TCGA-CR-7401	15	20016328	28510895	2	1
TCGA-CR-7401	15	28513364	50360467	1	1
TCGA-CR-7401	15	50363686	94945324	1	0
TCGA-CR-7401	15	94946287	98756275	1	1
TCGA-CR-7401	15	98757061	102469040	1	0
TCGA-CR-7401	16	60777	6530383	2	1
TCGA-CR-7401	16	6530551	90287535	1	1
TCGA-CR-7401	17	526	81049726	1	1
TCGA-CR-7401	18	48133	1134702	1	0
TCGA-CR-7401	18	1142463	3678632	3	1
TCGA-CR-7401	18	3678700	7629317	1	1
TCGA-CR-7401	18	7629802	13213814	1	0
TCGA-CR-7401	18	13214803	14663913	8	1
TCGA-CR-7401	18	14663971	23000716	3	1
TCGA-CR-7401	18	23006536	60268079	1	0
TCGA-CR-7401	18	60269956	78015057	1	1
TCGA-CR-7401	19	90910	24240850	1	1
TCGA-CR-7401	19	24240905	29007495	2	1
TCGA-CR-7401	19	29010142	59097854	1	1
TCGA-CR-7401	20	61305	30075050	2	1
TCGA-CR-7401	20	30077640	62956153	1	1
TCGA-CR-7401	21	10736871	27458409	1	0
TCGA-CR-7401	21	27459622	48096957	1	1
TCGA-CR-7401	22	16052528	51234455	3	1
TCGA-CR-7401	X	168477	2703391	1	1
TCGA-CR-7401	X	2703633	136936028	1	0
TCGA-CR-7401	X	136939513	151381780	2	0
TCGA-CR-7401	X	151382195	154752980	1	0
TCGA-CR-7401	X	154755347	155233846	0	0
