sample	chr	startpos	endpos	nMajor	nMinor
TCGA-NC-A5HK	1	61735	16572804	2	2
TCGA-NC-A5HK	1	16574382	41500611	2	0
TCGA-NC-A5HK	1	41505479	56312992	2	1
TCGA-NC-A5HK	1	56314308	72378713	3	2
TCGA-NC-A5HK	1	72381596	121482979	2	0
TCGA-NC-A5HK	1	144007049	195974585	2	1
TCGA-NC-A5HK	1	195974678	201632284	2	2
TCGA-NC-A5HK	1	201635798	208201378	2	1
TCGA-NC-A5HK	1	208202215	209456930	3	2
TCGA-NC-A5HK	1	209458150	209639617	6	3
TCGA-NC-A5HK	1	209639859	249224388	3	2
TCGA-NC-A5HK	2	12784	83073389	6	0
TCGA-NC-A5HK	2	83073733	95835896	4	0
TCGA-NC-A5HK	2	95838109	114406396	3	2
TCGA-NC-A5HK	2	114420385	114797318	4	2
TCGA-NC-A5HK	2	114798485	149939778	2	2
TCGA-NC-A5HK	2	149940204	199965352	3	2
TCGA-NC-A5HK	2	199966379	205775267	2	0
TCGA-NC-A5HK	2	205775293	208346062	1	0
TCGA-NC-A5HK	2	208349934	216105776	2	1
TCGA-NC-A5HK	2	216116048	216257265	1	0
TCGA-NC-A5HK	2	216257347	243089456	2	1
TCGA-NC-A5HK	3	60345	7805160	5	0
TCGA-NC-A5HK	3	7805209	22293609	6	0
TCGA-NC-A5HK	3	22294117	24345280	4	0
TCGA-NC-A5HK	3	24345314	26484877	5	0
TCGA-NC-A5HK	3	26485461	27031598	13	0
TCGA-NC-A5HK	3	27038958	28837646	8	0
TCGA-NC-A5HK	3	28843531	30916324	2	0
TCGA-NC-A5HK	3	30930857	38567067	9	0
TCGA-NC-A5HK	3	38571289	61283344	2	0
TCGA-NC-A5HK	3	61283635	87084332	1	0
TCGA-NC-A5HK	3	87085213	88377822	12	1
TCGA-NC-A5HK	3	88377853	93519478	7	1
TCGA-NC-A5HK	3	93520016	139021855	2	2
TCGA-NC-A5HK	3	139026439	175028613	3	3
TCGA-NC-A5HK	3	175034635	175206096	3	0
TCGA-NC-A5HK	3	175206876	197896118	3	3
TCGA-NC-A5HK	4	12281	191027923	2	0
TCGA-NC-A5HK	5	15532	9618872	6	1
TCGA-NC-A5HK	5	9619554	22012286	7	1
TCGA-NC-A5HK	5	22012301	30999730	8	1
TCGA-NC-A5HK	5	30999901	44872353	9	1
TCGA-NC-A5HK	5	44879577	180790320	2	0
TCGA-NC-A5HK	6	149661	780441	3	0
TCGA-NC-A5HK	6	781077	27358462	3	2
TCGA-NC-A5HK	6	27358917	42285377	3	3
TCGA-NC-A5HK	6	42286006	42848787	4	0
TCGA-NC-A5HK	6	42849942	63909875	3	3
TCGA-NC-A5HK	6	63909902	146376584	2	1
TCGA-NC-A5HK	6	146377536	169868982	1	1
TCGA-NC-A5HK	6	169870703	171051005	2	1
TCGA-NC-A5HK	7	43259	61888128	2	0
TCGA-NC-A5HK	7	61987173	62879563	3	3
TCGA-NC-A5HK	7	62909524	127806005	2	1
TCGA-NC-A5HK	7	127812687	128843598	5	1
TCGA-NC-A5HK	7	128845481	141428999	2	1
TCGA-NC-A5HK	7	141443838	159127004	2	0
TCGA-NC-A5HK	8	31254	483971	3	3
TCGA-NC-A5HK	8	484962	18780426	3	1
TCGA-NC-A5HK	8	18785183	19041987	4	3
TCGA-NC-A5HK	8	19044173	19647864	2	0
TCGA-NC-A5HK	8	19651161	22020144	3	0
TCGA-NC-A5HK	8	22021037	38118376	2	0
TCGA-NC-A5HK	8	38123797	39531332	9	2
TCGA-NC-A5HK	8	39534889	39598590	8	0
TCGA-NC-A5HK	8	39599308	47385092	3	2
TCGA-NC-A5HK	8	47397089	84983209	2	1
TCGA-NC-A5HK	8	84983831	146298155	2	2
TCGA-NC-A5HK	9	46587	21978615	4	0
TCGA-NC-A5HK	9	21980470	27661753	0	0
TCGA-NC-A5HK	9	27661834	95419269	2	0
TCGA-NC-A5HK	9	95420983	141091394	3	0
TCGA-NC-A5HK	10	72759	135506704	2	1
TCGA-NC-A5HK	11	198572	5647391	2	2
TCGA-NC-A5HK	11	5651335	11591013	1	1
TCGA-NC-A5HK	11	11592236	37153382	2	1
TCGA-NC-A5HK	11	37153880	46305830	6	2
TCGA-NC-A5HK	11	46305918	50747226	2	2
TCGA-NC-A5HK	11	50750724	80537336	2	1
TCGA-NC-A5HK	11	80537576	105736314	3	2
TCGA-NC-A5HK	11	105737020	105883566	7	2
TCGA-NC-A5HK	11	105883614	134944770	2	0
TCGA-NC-A5HK	12	150442	3582018	3	2
TCGA-NC-A5HK	12	3582562	22142759	2	0
TCGA-NC-A5HK	12	22143144	34854498	2	2
TCGA-NC-A5HK	12	37857751	52358168	2	0
TCGA-NC-A5HK	12	52358195	75931210	3	2
TCGA-NC-A5HK	12	75932955	76220618	6	2
TCGA-NC-A5HK	12	76222444	133778189	2	2
TCGA-NC-A5HK	13	19026949	115108397	2	0
TCGA-NC-A5HK	14	19002124	37146757	2	0
TCGA-NC-A5HK	14	37149039	37378445	1	0
TCGA-NC-A5HK	14	37379028	87771876	2	0
TCGA-NC-A5HK	14	87773053	107285437	3	0
TCGA-NC-A5HK	15	20016328	99508510	1	1
TCGA-NC-A5HK	15	99509667	102469040	2	1
TCGA-NC-A5HK	16	60777	15140211	3	0
TCGA-NC-A5HK	16	15148149	28832686	2	0
TCGA-NC-A5HK	16	28837515	35283226	2	2
TCGA-NC-A5HK	16	46463782	74713054	3	0
TCGA-NC-A5HK	16	74713331	75589031	7	0
TCGA-NC-A5HK	16	75589161	78233398	3	0
TCGA-NC-A5HK	16	78236071	78729624	2	0
TCGA-NC-A5HK	16	78735338	90287535	3	0
TCGA-NC-A5HK	17	526	35494210	2	0
TCGA-NC-A5HK	17	35494511	37273131	3	0
TCGA-NC-A5HK	17	37273402	45187198	2	0
TCGA-NC-A5HK	17	45187429	53621492	3	0
TCGA-NC-A5HK	17	53621552	64223749	6	0
TCGA-NC-A5HK	17	64223859	68364378	4	0
TCGA-NC-A5HK	17	68365456	81049726	2	0
TCGA-NC-A5HK	18	48133	15220915	2	1
TCGA-NC-A5HK	18	15221747	78015057	2	0
TCGA-NC-A5HK	19	90910	59097854	2	0
TCGA-NC-A5HK	20	61305	6240852	5	1
TCGA-NC-A5HK	20	6241185	14762213	2	2
TCGA-NC-A5HK	20	14762971	19127297	2	1
TCGA-NC-A5HK	20	19127331	23258899	3	3
TCGA-NC-A5HK	20	23258976	29651369	2	1
TCGA-NC-A5HK	20	29651749	30565503	7	1
TCGA-NC-A5HK	20	30565696	35715567	4	1
TCGA-NC-A5HK	20	35715760	62956153	3	0
TCGA-NC-A5HK	21	10736871	23024248	2	0
TCGA-NC-A5HK	21	23024343	35439249	2	1
TCGA-NC-A5HK	21	35441241	48096957	2	0
TCGA-NC-A5HK	22	16052528	18876713	3	2
TCGA-NC-A5HK	22	18877461	21542615	16	3
TCGA-NC-A5HK	22	21567231	49668137	3	0
TCGA-NC-A5HK	22	49669296	50429207	6	0
TCGA-NC-A5HK	22	50430231	51234455	1	0
TCGA-NC-A5HK	X	168477	21783038	2	2
TCGA-NC-A5HK	X	21785121	27722131	3	3
TCGA-NC-A5HK	X	27722788	44598613	3	2
TCGA-NC-A5HK	X	44601967	54993200	2	1
TCGA-NC-A5HK	X	54995568	82713034	2	2
TCGA-NC-A5HK	X	82713054	155233846	2	1
