sample	chr	startpos	endpos	nMajor	nMinor
TCGA-B4-5844	1	61735	249224388	1	1
TCGA-B4-5844	2	12784	243089456	1	1
TCGA-B4-5844	3	60345	77800380	1	0
TCGA-B4-5844	3	77802892	79227401	1	1
TCGA-B4-5844	3	79227552	79620155	1	0
TCGA-B4-5844	3	79620968	197896118	1	1
TCGA-B4-5844	4	12281	191027923	1	1
TCGA-B4-5844	5	15532	180790320	1	1
TCGA-B4-5844	6	149661	171051005	1	1
TCGA-B4-5844	7	43259	140594085	1	1
TCGA-B4-5844	7	140601875	140986319	2	1
TCGA-B4-5844	7	140988611	142941315	1	1
TCGA-B4-5844	7	142942040	159127004	2	1
TCGA-B4-5844	8	31254	146298155	1	1
TCGA-B4-5844	9	46587	141091394	1	1
TCGA-B4-5844	10	72759	135506704	1	1
TCGA-B4-5844	11	198572	134944770	1	1
TCGA-B4-5844	12	150442	133778189	1	1
TCGA-B4-5844	13	19026949	115108397	1	1
TCGA-B4-5844	14	19002124	107285437	1	1
TCGA-B4-5844	15	20016328	102469040	1	1
TCGA-B4-5844	16	60777	90287535	1	1
TCGA-B4-5844	17	526	81049726	1	1
TCGA-B4-5844	18	48133	78015057	1	1
TCGA-B4-5844	19	90910	59097854	1	1
TCGA-B4-5844	20	61305	62956153	1	1
TCGA-B4-5844	21	10736871	48096957	1	1
TCGA-B4-5844	22	16052528	51234455	1	1
TCGA-B4-5844	X	168477	155233846	1	1
