sample	chr	startpos	endpos	nMajor	nMinor
TCGA-AF-6136	1	61735	113749664	2	0
TCGA-AF-6136	1	113750709	115974088	2	1
TCGA-AF-6136	1	115985027	121482979	3	3
TCGA-AF-6136	1	144007049	249224388	2	2
TCGA-AF-6136	2	12784	95579382	1	1
TCGA-AF-6136	2	95580742	243089456	3	1
TCGA-AF-6136	3	60345	197896118	2	1
TCGA-AF-6136	4	12281	61024408	1	1
TCGA-AF-6136	4	61024695	62693158	2	1
TCGA-AF-6136	4	62693425	72323056	1	1
TCGA-AF-6136	4	72324908	75093528	2	1
TCGA-AF-6136	4	75093542	191027923	1	1
TCGA-AF-6136	5	15532	58462741	2	1
TCGA-AF-6136	5	58463176	180790320	2	0
TCGA-AF-6136	6	149661	171051005	2	2
TCGA-AF-6136	7	43259	3862977	3	2
TCGA-AF-6136	7	3863092	46273678	2	2
TCGA-AF-6136	7	46274716	48117684	5	2
TCGA-AF-6136	7	48118094	53805563	2	2
TCGA-AF-6136	7	53823544	54768275	4	2
TCGA-AF-6136	7	54768908	57950504	2	2
TCGA-AF-6136	7	57950931	63589703	4	2
TCGA-AF-6136	7	63590277	159127004	2	2
TCGA-AF-6136	8	31254	34515169	2	0
TCGA-AF-6136	8	34515194	146298155	2	1
TCGA-AF-6136	9	46587	47217176	2	2
TCGA-AF-6136	9	65616971	129336929	2	0
TCGA-AF-6136	9	129351778	141091394	2	1
TCGA-AF-6136	10	72759	135506704	2	1
TCGA-AF-6136	11	198572	31684442	2	0
TCGA-AF-6136	11	31686646	50702618	3	2
TCGA-AF-6136	11	50735036	76799684	2	0
TCGA-AF-6136	11	76805412	79224970	2	2
TCGA-AF-6136	11	79225735	81902779	2	0
TCGA-AF-6136	11	81904084	86184219	2	1
TCGA-AF-6136	11	86188152	87151090	2	0
TCGA-AF-6136	11	87155334	90081831	2	1
TCGA-AF-6136	11	90082675	134944770	2	0
TCGA-AF-6136	12	150442	12675290	1	1
TCGA-AF-6136	12	12675854	23770353	1	0
TCGA-AF-6136	12	23770460	33447503	1	1
TCGA-AF-6136	12	33450104	49475743	2	1
TCGA-AF-6136	12	49475939	133778189	1	1
TCGA-AF-6136	13	19026949	115108397	6	2
TCGA-AF-6136	14	19002124	107285437	2	2
TCGA-AF-6136	15	20016328	33690685	2	1
TCGA-AF-6136	15	33692674	35549647	2	2
TCGA-AF-6136	15	35549667	92919833	2	1
TCGA-AF-6136	15	92919891	94835858	2	2
TCGA-AF-6136	15	94835972	102469040	2	1
TCGA-AF-6136	16	60777	90287535	2	2
TCGA-AF-6136	17	526	81049726	2	0
TCGA-AF-6136	18	48133	7496209	3	2
TCGA-AF-6136	18	7496282	14940252	2	0
TCGA-AF-6136	18	14940267	25949622	3	1
TCGA-AF-6136	18	25949733	78015057	1	0
TCGA-AF-6136	19	90910	59097854	2	1
TCGA-AF-6136	20	61305	21153391	2	1
TCGA-AF-6136	20	21153693	24923818	2	2
TCGA-AF-6136	20	24925718	62956153	3	2
TCGA-AF-6136	21	10736871	15909073	1	0
TCGA-AF-6136	21	15909251	17782103	1	1
TCGA-AF-6136	21	17791075	31729758	1	0
TCGA-AF-6136	21	31730357	48096957	1	1
TCGA-AF-6136	22	16052528	25754327	2	0
TCGA-AF-6136	22	25754343	25878455	4	1
TCGA-AF-6136	22	25878514	51234455	2	0
TCGA-AF-6136	X	168477	155233846	2	2
