sample	chr	startpos	endpos	nMajor	nMinor
TCGA-CR-6478	1	61735	89826014	1	1
TCGA-CR-6478	1	89828596	121482979	1	0
TCGA-CR-6478	1	144007049	245426060	1	1
TCGA-CR-6478	1	245426659	246152739	1	0
TCGA-CR-6478	1	246158491	249224388	1	1
TCGA-CR-6478	2	12784	81773410	1	1
TCGA-CR-6478	2	81773927	83765748	2	1
TCGA-CR-6478	2	83766204	84017128	8	2
TCGA-CR-6478	2	84018194	86279005	2	1
TCGA-CR-6478	2	86281967	96671363	1	1
TCGA-CR-6478	2	96671938	98187302	5	1
TCGA-CR-6478	2	98190149	99500713	8	1
TCGA-CR-6478	2	99502489	99866366	1	0
TCGA-CR-6478	2	99869680	100110852	8	2
TCGA-CR-6478	2	100117423	243089456	1	1
TCGA-CR-6478	3	60345	11572728	1	0
TCGA-CR-6478	3	11583031	11624211	0	0
TCGA-CR-6478	3	11625414	87805182	1	0
TCGA-CR-6478	3	87806418	99371918	1	1
TCGA-CR-6478	3	99375151	107703656	1	0
TCGA-CR-6478	3	107703749	108273928	1	1
TCGA-CR-6478	3	108276174	108828469	3	1
TCGA-CR-6478	3	108833450	109745670	1	1
TCGA-CR-6478	3	109746071	116710465	1	0
TCGA-CR-6478	3	116711857	172147855	2	0
TCGA-CR-6478	3	172149748	172490552	2	1
TCGA-CR-6478	3	172490882	189525101	2	0
TCGA-CR-6478	3	189525645	189720812	6	0
TCGA-CR-6478	3	189723367	197896118	2	0
TCGA-CR-6478	4	12281	82386997	1	1
TCGA-CR-6478	4	82390465	82688290	1	0
TCGA-CR-6478	4	82690494	191027923	1	1
TCGA-CR-6478	5	15532	30102291	2	1
TCGA-CR-6478	5	30108377	37805529	1	1
TCGA-CR-6478	5	37805632	39149332	2	1
TCGA-CR-6478	5	39152048	53117596	1	1
TCGA-CR-6478	5	53118818	54032140	2	1
TCGA-CR-6478	5	54032827	63181527	0	0
TCGA-CR-6478	5	63182543	180790320	1	1
TCGA-CR-6478	6	149661	27300580	1	0
TCGA-CR-6478	6	27300740	27605333	3	0
TCGA-CR-6478	6	27605854	28332141	1	0
TCGA-CR-6478	6	28332453	29205467	5	0
TCGA-CR-6478	6	29207570	29482128	13	0
TCGA-CR-6478	6	29483019	30343251	1	0
TCGA-CR-6478	6	30346918	30392406	6	0
TCGA-CR-6478	6	30413907	30666594	18	0
TCGA-CR-6478	6	30666669	31067624	5	0
TCGA-CR-6478	6	31071547	31418700	1	0
TCGA-CR-6478	6	31419849	32881527	5	0
TCGA-CR-6478	6	32900018	57309659	1	0
TCGA-CR-6478	6	57312757	62324732	2	0
TCGA-CR-6478	6	62325515	63981633	3	1
TCGA-CR-6478	6	63986984	65600606	4	1
TCGA-CR-6478	6	65602783	66536480	2	1
TCGA-CR-6478	6	66536537	67571652	3	1
TCGA-CR-6478	6	67571720	68087631	4	0
TCGA-CR-6478	6	68088453	69273312	5	5
TCGA-CR-6478	6	69273656	69621940	6	2
TCGA-CR-6478	6	69628275	74730702	2	1
TCGA-CR-6478	6	74731709	120681016	1	1
TCGA-CR-6478	6	120687581	120907952	0	0
TCGA-CR-6478	6	120908235	171051005	1	1
TCGA-CR-6478	7	43259	81741904	1	1
TCGA-CR-6478	7	81744133	81855866	6	1
TCGA-CR-6478	7	81856575	83905380	4	1
TCGA-CR-6478	7	83907367	89288353	5	1
TCGA-CR-6478	7	89305842	96435891	2	1
TCGA-CR-6478	7	96438017	98425655	1	1
TCGA-CR-6478	7	98430336	101042108	3	1
TCGA-CR-6478	7	101043597	103165651	5	1
TCGA-CR-6478	7	103165822	104007886	8	1
TCGA-CR-6478	7	104008533	110912244	2	1
TCGA-CR-6478	7	110912366	159127004	1	0
TCGA-CR-6478	8	31254	3331740	1	0
TCGA-CR-6478	8	3332236	4344499	0	0
TCGA-CR-6478	8	4344573	28629210	1	0
TCGA-CR-6478	8	28629680	31779265	2	1
TCGA-CR-6478	8	31782088	146298155	1	1
TCGA-CR-6478	9	46587	1609249	4	0
TCGA-CR-6478	9	1609817	3231375	3	0
TCGA-CR-6478	9	3233822	4732785	14	0
TCGA-CR-6478	9	4733368	7316250	11	0
TCGA-CR-6478	9	7317290	10565976	8	0
TCGA-CR-6478	9	10571493	13464222	5	0
TCGA-CR-6478	9	13468828	19017868	6	0
TCGA-CR-6478	9	19018560	21280418	4	0
TCGA-CR-6478	9	21280454	25890826	2	0
TCGA-CR-6478	9	25891012	30496004	1	0
TCGA-CR-6478	9	30496468	141091394	2	0
TCGA-CR-6478	10	72759	34561923	1	0
TCGA-CR-6478	10	34568032	34813600	0	0
TCGA-CR-6478	10	34813742	43966628	1	0
TCGA-CR-6478	10	43970427	44592841	5	1
TCGA-CR-6478	10	44593516	45053011	7	1
TCGA-CR-6478	10	45053522	135506704	1	1
TCGA-CR-6478	11	198572	40779644	1	0
TCGA-CR-6478	11	40782763	41581242	8	1
TCGA-CR-6478	11	41581450	44973082	6	1
TCGA-CR-6478	11	44973636	45351376	5	1
TCGA-CR-6478	11	45352879	47886673	3	1
TCGA-CR-6478	11	47888293	65366699	1	1
TCGA-CR-6478	11	65368323	67732314	3	1
TCGA-CR-6478	11	67736414	70596359	8	1
TCGA-CR-6478	11	70605728	71271244	2	1
TCGA-CR-6478	11	71271452	71753582	6	1
TCGA-CR-6478	11	71755063	134944770	1	0
TCGA-CR-6478	12	150442	34754386	2	0
TCGA-CR-6478	12	34757787	41197785	1	1
TCGA-CR-6478	12	41198144	42851438	2	1
TCGA-CR-6478	12	42855219	44799276	3	1
TCGA-CR-6478	12	44799763	64765822	1	1
TCGA-CR-6478	12	64766201	65497461	2	2
TCGA-CR-6478	12	65497870	66026047	5	1
TCGA-CR-6478	12	66029851	66861042	10	1
TCGA-CR-6478	12	66861112	67196435	7	1
TCGA-CR-6478	12	67197424	68316304	3	1
TCGA-CR-6478	12	68317774	69022440	2	2
TCGA-CR-6478	12	69022720	71288152	8	1
TCGA-CR-6478	12	71288638	71366815	3	2
TCGA-CR-6478	12	71370066	72844405	2	2
TCGA-CR-6478	12	72845898	78070144	1	0
TCGA-CR-6478	12	78070155	133778189	2	0
TCGA-CR-6478	13	19026949	27146449	1	0
TCGA-CR-6478	13	27153608	27263750	0	0
TCGA-CR-6478	13	27263924	115108397	1	0
TCGA-CR-6478	14	19002124	22999542	1	0
TCGA-CR-6478	14	22999558	107285437	2	0
TCGA-CR-6478	15	20016328	70756087	1	0
TCGA-CR-6478	15	70756957	102469040	1	1
TCGA-CR-6478	16	60777	90287535	1	1
TCGA-CR-6478	17	526	8423227	1	0
TCGA-CR-6478	17	8424484	9952201	1	1
TCGA-CR-6478	17	9952327	12360240	1	0
TCGA-CR-6478	17	12362458	81049726	1	1
TCGA-CR-6478	18	48133	1505590	4	1
TCGA-CR-6478	18	1505999	3610410	3	1
TCGA-CR-6478	18	3610932	25201044	1	1
TCGA-CR-6478	18	25204154	28007847	1	0
TCGA-CR-6478	18	28011054	39583853	1	1
TCGA-CR-6478	18	39583925	39805481	0	0
TCGA-CR-6478	18	39808660	57876034	1	1
TCGA-CR-6478	18	57876227	59223754	2	1
TCGA-CR-6478	18	59224924	78015057	1	1
TCGA-CR-6478	19	90910	30180305	1	0
TCGA-CR-6478	19	30180833	33530407	0	0
TCGA-CR-6478	19	33534050	36903013	2	0
TCGA-CR-6478	19	36903262	59097854	1	0
TCGA-CR-6478	20	61305	29843878	1	0
TCGA-CR-6478	20	29843973	30582730	4	1
TCGA-CR-6478	20	30589023	42521260	2	1
TCGA-CR-6478	20	42523565	43119938	9	1
TCGA-CR-6478	20	43123541	43793340	6	1
TCGA-CR-6478	20	43793512	62956153	1	1
TCGA-CR-6478	21	10736871	48096957	2	1
TCGA-CR-6478	22	16052528	27240097	1	1
TCGA-CR-6478	22	27240293	27869375	2	1
TCGA-CR-6478	22	27869950	33990539	1	1
TCGA-CR-6478	22	33991295	51234455	1	0
TCGA-CR-6478	X	168477	58140228	1	0
TCGA-CR-6478	X	58140994	80424493	1	1
TCGA-CR-6478	X	80427239	81085378	2	2
TCGA-CR-6478	X	81085435	85489261	2	1
TCGA-CR-6478	X	85490236	155233846	1	0
