sample	chr	startpos	endpos	nMajor	nMinor
TCGA-A8-A0AB	1	61735	121482979	2	1
TCGA-A8-A0AB	1	144007049	149208533	6	2
TCGA-A8-A0AB	1	149208579	149691264	5	0
TCGA-A8-A0AB	1	149691503	249224388	7	2
TCGA-A8-A0AB	2	12784	243089456	2	1
TCGA-A8-A0AB	3	60345	197896118	2	2
TCGA-A8-A0AB	4	12281	138558565	2	2
TCGA-A8-A0AB	4	138563488	142541574	2	0
TCGA-A8-A0AB	4	142542020	191027923	2	2
TCGA-A8-A0AB	5	15532	180790320	2	2
TCGA-A8-A0AB	6	149661	62809883	3	2
TCGA-A8-A0AB	6	62812876	81497300	2	0
TCGA-A8-A0AB	6	81501095	82465766	3	2
TCGA-A8-A0AB	6	82473953	83047480	3	0
TCGA-A8-A0AB	6	83047981	171051005	3	2
TCGA-A8-A0AB	7	43259	96692091	2	2
TCGA-A8-A0AB	7	96697487	101748273	3	2
TCGA-A8-A0AB	7	101748550	159127004	2	2
TCGA-A8-A0AB	8	31254	146298155	3	2
TCGA-A8-A0AB	9	46587	141091394	2	1
TCGA-A8-A0AB	10	72759	135506704	2	1
TCGA-A8-A0AB	11	198572	8340724	2	0
TCGA-A8-A0AB	11	8343361	8500380	2	2
TCGA-A8-A0AB	11	8500671	61345072	2	0
TCGA-A8-A0AB	11	61352777	85184314	2	2
TCGA-A8-A0AB	11	85187732	96442811	2	0
TCGA-A8-A0AB	11	96445633	97085025	2	2
TCGA-A8-A0AB	11	97085416	97917043	2	0
TCGA-A8-A0AB	11	97917059	99530431	2	2
TCGA-A8-A0AB	11	99533747	99922712	2	0
TCGA-A8-A0AB	11	99926353	100987148	2	2
TCGA-A8-A0AB	11	100989311	127618315	2	0
TCGA-A8-A0AB	11	127621048	128408224	2	2
TCGA-A8-A0AB	11	128413819	134944770	2	0
TCGA-A8-A0AB	12	150442	133778189	2	2
TCGA-A8-A0AB	13	19026949	32501940	2	2
TCGA-A8-A0AB	13	32504939	52327020	2	0
TCGA-A8-A0AB	13	52328769	105530058	2	2
TCGA-A8-A0AB	13	105533935	107175254	2	0
TCGA-A8-A0AB	13	107178180	115108397	2	2
TCGA-A8-A0AB	14	19002124	22480147	2	0
TCGA-A8-A0AB	14	22480324	22974256	4	0
TCGA-A8-A0AB	14	22974293	86668579	2	0
TCGA-A8-A0AB	14	86670937	92285367	2	1
TCGA-A8-A0AB	14	92288454	92726813	1	0
TCGA-A8-A0AB	14	92727377	96231824	2	1
TCGA-A8-A0AB	14	96232602	107285437	2	2
TCGA-A8-A0AB	15	20016328	102469040	2	1
TCGA-A8-A0AB	16	60777	35283226	5	2
TCGA-A8-A0AB	16	46463782	70842097	2	0
TCGA-A8-A0AB	16	70854381	70911359	5	1
TCGA-A8-A0AB	16	70911759	71040455	5	0
TCGA-A8-A0AB	16	71042144	90287535	2	0
TCGA-A8-A0AB	17	526	4808131	3	0
TCGA-A8-A0AB	17	4809499	4968573	4	1
TCGA-A8-A0AB	17	4973782	9560946	3	0
TCGA-A8-A0AB	17	9562546	9898710	3	2
TCGA-A8-A0AB	17	9899069	14211792	3	0
TCGA-A8-A0AB	17	14213880	15341332	3	2
TCGA-A8-A0AB	17	15342097	16156920	3	0
TCGA-A8-A0AB	17	16157491	19261220	3	2
TCGA-A8-A0AB	17	19264732	21057299	3	0
TCGA-A8-A0AB	17	21065060	67557846	3	2
TCGA-A8-A0AB	17	67561960	67952680	3	0
TCGA-A8-A0AB	17	67952953	81049726	3	2
TCGA-A8-A0AB	18	48133	78015057	2	2
TCGA-A8-A0AB	19	90910	28316272	3	2
TCGA-A8-A0AB	19	28317343	32555415	2	2
TCGA-A8-A0AB	19	32555627	59097854	3	2
TCGA-A8-A0AB	20	61305	62956153	2	1
TCGA-A8-A0AB	21	10736871	48096957	2	2
TCGA-A8-A0AB	22	16052528	51234455	2	1
TCGA-A8-A0AB	X	168477	155233846	2	2
