sample	chr	startpos	endpos	nMajor	nMinor
TCGA-02-2466	1	61735	249224388	1	1
TCGA-02-2466	2	12784	62892212	1	1
TCGA-02-2466	2	62894506	64125341	1	0
TCGA-02-2466	2	64129344	142578483	1	1
TCGA-02-2466	2	142578860	142882593	1	0
TCGA-02-2466	2	142882822	243089456	1	1
TCGA-02-2466	3	60345	29074410	1	1
TCGA-02-2466	3	29076829	29331859	1	0
TCGA-02-2466	3	29332530	115882754	1	1
TCGA-02-2466	3	115884986	117046731	1	0
TCGA-02-2466	3	117050150	197896118	1	1
TCGA-02-2466	4	12281	12873531	1	1
TCGA-02-2466	4	12875963	13082344	1	0
TCGA-02-2466	4	13085519	39012630	1	1
TCGA-02-2466	4	39019589	43296456	1	0
TCGA-02-2466	4	43296596	61428584	1	1
TCGA-02-2466	4	61428764	66503412	1	0
TCGA-02-2466	4	66506808	78335597	1	1
TCGA-02-2466	4	78336483	83971766	1	0
TCGA-02-2466	4	83974393	84014610	2	0
TCGA-02-2466	4	84015650	102805791	1	1
TCGA-02-2466	4	102805940	106433393	1	0
TCGA-02-2466	4	106438440	181785754	1	1
TCGA-02-2466	4	181788057	182177058	0	0
TCGA-02-2466	4	182183915	191027923	1	1
TCGA-02-2466	5	15532	138978864	1	1
TCGA-02-2466	5	138980118	144427102	1	0
TCGA-02-2466	5	144429224	180790320	1	1
TCGA-02-2466	6	149661	171051005	1	1
TCGA-02-2466	7	43259	154006376	2	1
TCGA-02-2466	7	154006941	154672809	1	1
TCGA-02-2466	7	154673197	159127004	2	1
TCGA-02-2466	8	31254	106573352	1	1
TCGA-02-2466	8	106575808	106725219	1	0
TCGA-02-2466	8	106729886	146064997	1	1
TCGA-02-2466	8	146065173	146298155	2	1
TCGA-02-2466	9	46587	23460881	1	0
TCGA-02-2466	9	23461103	91067708	1	1
TCGA-02-2466	9	91068257	132930037	1	0
TCGA-02-2466	9	132930078	133600357	1	1
TCGA-02-2466	9	133602757	141091394	1	0
TCGA-02-2466	10	72759	135506704	1	0
TCGA-02-2466	11	198572	78530720	1	0
TCGA-02-2466	11	78531051	78900969	0	0
TCGA-02-2466	11	78910058	79499548	1	0
TCGA-02-2466	11	79506098	80101255	1	1
TCGA-02-2466	11	80101486	80193764	1	0
TCGA-02-2466	11	80196828	81757636	1	1
TCGA-02-2466	11	81760105	134944770	2	1
TCGA-02-2466	12	150442	8601982	3	1
TCGA-02-2466	12	8602354	8956284	1	0
TCGA-02-2466	12	8956904	9089272	1	1
TCGA-02-2466	12	9090668	9317403	1	0
TCGA-02-2466	12	9318316	9478137	2	0
TCGA-02-2466	12	9478318	11812600	1	0
TCGA-02-2466	12	11812719	133778189	1	1
TCGA-02-2466	13	19026949	22205470	1	1
TCGA-02-2466	13	22206784	33007348	1	0
TCGA-02-2466	13	33009274	115108397	1	1
TCGA-02-2466	14	19002124	107285437	1	0
TCGA-02-2466	15	20016328	54378859	1	1
TCGA-02-2466	15	54380471	72262410	1	0
TCGA-02-2466	15	72265410	102469040	1	1
TCGA-02-2466	16	60777	90287535	1	1
TCGA-02-2466	17	526	15787087	2	0
TCGA-02-2466	17	15788173	81049726	1	1
TCGA-02-2466	18	48133	78015057	1	1
TCGA-02-2466	19	90910	24596750	2	1
TCGA-02-2466	19	27747993	59097854	1	0
TCGA-02-2466	20	61305	62956153	2	1
TCGA-02-2466	21	10736871	48096957	1	1
TCGA-02-2466	22	16052528	51234455	1	0
TCGA-02-2466	X	168477	2693624	1	1
TCGA-02-2466	X	2694240	29005356	1	0
TCGA-02-2466	X	29007073	29196168	0	0
TCGA-02-2466	X	29196169	154862338	1	0
TCGA-02-2466	X	154862619	155233846	1	1
