sample	chr	startpos	endpos	nMajor	nMinor
TCGA-DX-A8BO	1	61735	101489357	3	3
TCGA-DX-A8BO	1	101491108	121482979	2	0
TCGA-DX-A8BO	1	144007049	200481934	3	3
TCGA-DX-A8BO	1	200482911	249224388	3	0
TCGA-DX-A8BO	2	12784	607566	4	0
TCGA-DX-A8BO	2	608369	5422373	6	0
TCGA-DX-A8BO	2	5424179	6319766	9	0
TCGA-DX-A8BO	2	6319882	7350493	6	0
TCGA-DX-A8BO	2	7350916	60951203	4	0
TCGA-DX-A8BO	2	60951768	90267086	3	0
TCGA-DX-A8BO	2	90267103	242646350	3	3
TCGA-DX-A8BO	2	242662621	243089456	4	1
TCGA-DX-A8BO	3	60345	28071769	3	3
TCGA-DX-A8BO	3	28073084	39035787	3	2
TCGA-DX-A8BO	3	39039609	65923861	2	0
TCGA-DX-A8BO	3	65924278	93557881	3	2
TCGA-DX-A8BO	3	93558926	197896118	3	3
TCGA-DX-A8BO	4	12281	25997833	3	0
TCGA-DX-A8BO	4	25998767	43972774	4	3
TCGA-DX-A8BO	4	43976365	49267784	3	0
TCGA-DX-A8BO	4	49267848	105344297	3	3
TCGA-DX-A8BO	4	105344664	109740747	3	2
TCGA-DX-A8BO	4	109745747	109825981	2	0
TCGA-DX-A8BO	4	109826319	135504537	4	3
TCGA-DX-A8BO	4	135512489	191027923	3	2
TCGA-DX-A8BO	5	15532	1478156	4	3
TCGA-DX-A8BO	5	1479096	45828845	2	2
TCGA-DX-A8BO	5	45831550	180790320	3	2
TCGA-DX-A8BO	6	149661	17809997	3	1
TCGA-DX-A8BO	6	17811398	30680916	3	2
TCGA-DX-A8BO	6	30684686	40941205	3	1
TCGA-DX-A8BO	6	40946792	46846603	3	3
TCGA-DX-A8BO	6	46847501	56560530	3	2
TCGA-DX-A8BO	6	56560696	57206485	3	0
TCGA-DX-A8BO	6	57211807	64455319	3	2
TCGA-DX-A8BO	6	64461341	92691553	3	1
TCGA-DX-A8BO	6	92691976	96332841	3	0
TCGA-DX-A8BO	6	96333852	96563536	2	2
TCGA-DX-A8BO	6	96565162	116707335	3	0
TCGA-DX-A8BO	6	116708822	164258269	7	0
TCGA-DX-A8BO	6	164261076	166946683	7	1
TCGA-DX-A8BO	6	166946707	171051005	7	3
TCGA-DX-A8BO	7	43259	159127004	3	3
TCGA-DX-A8BO	8	31254	4014579	3	2
TCGA-DX-A8BO	8	4018294	4117636	2	0
TCGA-DX-A8BO	8	4121520	4911296	2	2
TCGA-DX-A8BO	8	4911422	17411471	4	3
TCGA-DX-A8BO	8	17411810	20187800	3	2
TCGA-DX-A8BO	8	20189277	34832017	3	0
TCGA-DX-A8BO	8	34832375	62536216	4	3
TCGA-DX-A8BO	8	62539218	65193615	3	3
TCGA-DX-A8BO	8	65194928	67228109	4	3
TCGA-DX-A8BO	8	67233597	83929680	3	2
TCGA-DX-A8BO	8	83930343	104105137	3	3
TCGA-DX-A8BO	8	104105559	108669727	3	0
TCGA-DX-A8BO	8	108671463	146298155	3	3
TCGA-DX-A8BO	9	46587	20015777	3	0
TCGA-DX-A8BO	9	20017578	26241963	2	0
TCGA-DX-A8BO	9	26242038	36590688	3	0
TCGA-DX-A8BO	9	36598301	47217176	3	1
TCGA-DX-A8BO	9	65616971	100450951	3	3
TCGA-DX-A8BO	9	100452141	118387316	7	3
TCGA-DX-A8BO	9	118388804	141091394	3	3
TCGA-DX-A8BO	10	72759	42819902	3	1
TCGA-DX-A8BO	10	42819950	135506704	3	0
TCGA-DX-A8BO	11	198572	13875513	3	0
TCGA-DX-A8BO	11	13875937	15482360	3	2
TCGA-DX-A8BO	11	15489259	20623042	3	1
TCGA-DX-A8BO	11	20629164	44468483	3	0
TCGA-DX-A8BO	11	44468534	45850186	3	1
TCGA-DX-A8BO	11	45852646	51195051	3	2
TCGA-DX-A8BO	11	51205141	57644810	4	4
TCGA-DX-A8BO	11	57647513	59727050	4	2
TCGA-DX-A8BO	11	59729537	80499463	4	3
TCGA-DX-A8BO	11	80499561	84249169	4	2
TCGA-DX-A8BO	11	84249417	107693120	3	2
TCGA-DX-A8BO	11	107693879	134944770	3	0
TCGA-DX-A8BO	12	150442	29534209	3	0
TCGA-DX-A8BO	12	29538254	39448672	3	2
TCGA-DX-A8BO	12	39450491	133778189	3	3
TCGA-DX-A8BO	13	19026949	22820702	3	2
TCGA-DX-A8BO	13	22826893	52344790	3	1
TCGA-DX-A8BO	13	52345637	115108397	3	0
TCGA-DX-A8BO	14	19002124	22351670	3	0
TCGA-DX-A8BO	14	22354103	23004710	4	0
TCGA-DX-A8BO	14	23004800	29363350	3	0
TCGA-DX-A8BO	14	29363588	29708571	3	3
TCGA-DX-A8BO	14	29711459	30648438	3	0
TCGA-DX-A8BO	14	30649105	35912107	3	3
TCGA-DX-A8BO	14	35914303	44618955	3	2
TCGA-DX-A8BO	14	44619813	67296513	3	0
TCGA-DX-A8BO	14	67298247	82100063	3	2
TCGA-DX-A8BO	14	82101064	85499165	3	3
TCGA-DX-A8BO	14	85499364	107285437	3	0
TCGA-DX-A8BO	15	20016328	43290587	3	0
TCGA-DX-A8BO	15	43295088	102469040	3	3
TCGA-DX-A8BO	16	60777	6036358	3	3
TCGA-DX-A8BO	16	6036370	10498892	3	0
TCGA-DX-A8BO	16	10499331	13462108	3	1
TCGA-DX-A8BO	16	13462584	25316240	3	0
TCGA-DX-A8BO	16	25316604	35283226	3	1
TCGA-DX-A8BO	16	46463782	70855202	3	0
TCGA-DX-A8BO	16	70855479	71202489	4	1
TCGA-DX-A8BO	16	71202797	90287535	3	0
TCGA-DX-A8BO	17	526	2819869	4	0
TCGA-DX-A8BO	17	2825458	5699520	4	3
TCGA-DX-A8BO	17	5701826	13719430	3	0
TCGA-DX-A8BO	17	13720784	35001337	4	3
TCGA-DX-A8BO	17	35002476	81049726	3	3
TCGA-DX-A8BO	18	48133	15402408	3	3
TCGA-DX-A8BO	18	18529353	64085679	3	0
TCGA-DX-A8BO	18	64086218	64711409	3	3
TCGA-DX-A8BO	18	64711570	69508042	3	0
TCGA-DX-A8BO	18	69508314	70100915	3	3
TCGA-DX-A8BO	18	70101115	74086395	6	3
TCGA-DX-A8BO	18	74087104	75589841	3	3
TCGA-DX-A8BO	18	75595032	75927827	7	3
TCGA-DX-A8BO	18	75929255	78015057	3	3
TCGA-DX-A8BO	19	90910	3363201	2	0
TCGA-DX-A8BO	19	3363972	28271429	5	3
TCGA-DX-A8BO	19	28273328	59097854	2	2
TCGA-DX-A8BO	20	61305	26224651	3	0
TCGA-DX-A8BO	20	26225145	62956153	3	3
TCGA-DX-A8BO	21	10736871	22012900	3	2
TCGA-DX-A8BO	21	22014951	39611341	3	1
TCGA-DX-A8BO	21	39612890	48096957	3	2
TCGA-DX-A8BO	22	16052528	26274949	3	0
TCGA-DX-A8BO	22	26275161	28217656	3	1
TCGA-DX-A8BO	22	28219584	32378251	3	2
TCGA-DX-A8BO	22	32378735	33316280	4	4
TCGA-DX-A8BO	22	33319208	34959111	3	3
TCGA-DX-A8BO	22	34959206	51234455	3	2
TCGA-DX-A8BO	X	168477	53005733	3	0
TCGA-DX-A8BO	X	53009674	63755847	3	2
TCGA-DX-A8BO	X	63758705	155233846	3	0
