sample	chr	startpos	endpos	nMajor	nMinor
TCGA-DD-A4NH-a	1	61735	91043261	1	1
TCGA-DD-A4NH-a	1	91043334	92250485	3	2
TCGA-DD-A4NH-a	1	92254011	93843342	1	1
TCGA-DD-A4NH-a	1	93843898	94791006	3	3
TCGA-DD-A4NH-a	1	94792424	118277299	1	1
TCGA-DD-A4NH-a	1	118277523	119219453	3	3
TCGA-DD-A4NH-a	1	119219598	121482979	1	1
TCGA-DD-A4NH-a	1	144007049	150270667	3	3
TCGA-DD-A4NH-a	1	150270791	249224388	4	4
TCGA-DD-A4NH-a	2	12784	243089456	2	2
TCGA-DD-A4NH-a	3	60345	69859848	2	2
TCGA-DD-A4NH-a	3	69860249	83903609	2	0
TCGA-DD-A4NH-a	3	83905418	197896118	2	2
TCGA-DD-A4NH-a	4	12281	58088414	2	2
TCGA-DD-A4NH-a	4	58088682	73683018	1	1
TCGA-DD-A4NH-a	4	73683171	76502715	2	2
TCGA-DD-A4NH-a	4	76502748	77318705	1	1
TCGA-DD-A4NH-a	4	77318777	77910530	2	2
TCGA-DD-A4NH-a	4	77913313	191027923	1	1
TCGA-DD-A4NH-a	5	15532	164790189	2	2
TCGA-DD-A4NH-a	5	164792500	180790320	2	0
TCGA-DD-A4NH-a	6	149661	64595571	3	2
TCGA-DD-A4NH-a	6	64595973	171051005	1	1
TCGA-DD-A4NH-a	7	43259	159127004	2	2
TCGA-DD-A4NH-a	8	31254	37615683	2	0
TCGA-DD-A4NH-a	8	37616914	146298155	2	2
TCGA-DD-A4NH-a	9	46587	9261784	2	2
TCGA-DD-A4NH-a	9	9261826	14727180	2	0
TCGA-DD-A4NH-a	9	14727637	141091394	2	2
TCGA-DD-A4NH-a	10	72759	135506704	2	2
TCGA-DD-A4NH-a	11	198572	8080866	2	2
TCGA-DD-A4NH-a	11	8085652	16509357	3	3
TCGA-DD-A4NH-a	11	16510972	134944770	2	2
TCGA-DD-A4NH-a	12	150442	26752178	1	1
TCGA-DD-A4NH-a	12	26752484	31195272	2	2
TCGA-DD-A4NH-a	12	31195869	133778189	3	3
TCGA-DD-A4NH-a	13	19026949	115108397	1	1
TCGA-DD-A4NH-a	14	19002124	107285437	1	1
TCGA-DD-A4NH-a	15	20016328	102469040	2	2
TCGA-DD-A4NH-a	16	60777	90287535	1	1
TCGA-DD-A4NH-a	17	526	22168795	1	1
TCGA-DD-A4NH-a	17	22170994	50969647	2	2
TCGA-DD-A4NH-a	17	50978684	81049726	3	3
TCGA-DD-A4NH-a	18	48133	78015057	2	2
TCGA-DD-A4NH-a	19	90910	59097854	2	2
TCGA-DD-A4NH-a	20	61305	62956153	2	2
TCGA-DD-A4NH-a	21	10736871	48096957	2	2
TCGA-DD-A4NH-a	22	16052528	51234455	2	2
TCGA-DD-A4NH-a	X	168477	155233846	2	2
