sample	chr	startpos	endpos	nMajor	nMinor
TCGA-A8-A096	1	61735	121482979	2	2
TCGA-A8-A096	1	144007049	249224388	3	3
TCGA-A8-A096	2	12784	243089456	2	2
TCGA-A8-A096	3	60345	197896118	2	2
TCGA-A8-A096	4	12281	191027923	2	2
TCGA-A8-A096	5	15532	180790320	2	2
TCGA-A8-A096	6	149661	171051005	2	2
TCGA-A8-A096	7	43259	63750382	2	2
TCGA-A8-A096	7	63750517	75535365	3	2
TCGA-A8-A096	7	75546892	95450263	2	2
TCGA-A8-A096	7	95450291	152913232	2	0
TCGA-A8-A096	7	152913752	159127004	2	2
TCGA-A8-A096	8	31254	146298155	2	2
TCGA-A8-A096	9	46587	141091394	2	2
TCGA-A8-A096	10	72759	135506704	2	2
TCGA-A8-A096	11	198572	134944770	2	2
TCGA-A8-A096	12	150442	133778189	2	2
TCGA-A8-A096	13	19026949	115108397	2	2
TCGA-A8-A096	14	19002124	22570931	2	2
TCGA-A8-A096	14	22572503	22971265	4	3
TCGA-A8-A096	14	22971591	107285437	2	2
TCGA-A8-A096	15	20016328	102469040	2	2
TCGA-A8-A096	16	60777	34197818	2	2
TCGA-A8-A096	16	34199480	34558514	2	0
TCGA-A8-A096	16	34558828	34567198	1	0
TCGA-A8-A096	16	34567212	35283226	1	1
TCGA-A8-A096	16	46463782	70855202	2	0
TCGA-A8-A096	16	70855479	71191405	3	1
TCGA-A8-A096	16	71191941	90287535	2	0
TCGA-A8-A096	17	526	81049726	2	2
TCGA-A8-A096	18	48133	78015057	2	2
TCGA-A8-A096	19	90910	59097854	2	2
TCGA-A8-A096	20	61305	62956153	2	2
TCGA-A8-A096	21	10736871	48096957	2	2
TCGA-A8-A096	22	16052528	51234455	2	2
TCGA-A8-A096	X	168477	155233846	2	2
