sample	chr	startpos	endpos	nMajor	nMinor
TCGA-RX-A8JQ	1	61735	121482979	1	0
TCGA-RX-A8JQ	1	144007049	249224388	2	1
TCGA-RX-A8JQ	2	12784	243089456	1	1
TCGA-RX-A8JQ	3	60345	197896118	1	1
TCGA-RX-A8JQ	4	12281	191027923	1	1
TCGA-RX-A8JQ	5	15532	180790320	1	1
TCGA-RX-A8JQ	6	149661	171051005	1	1
TCGA-RX-A8JQ	7	43259	61987173	1	1
TCGA-RX-A8JQ	7	61987244	159127004	3	1
TCGA-RX-A8JQ	8	31254	146298155	1	1
TCGA-RX-A8JQ	9	46587	141091394	1	1
TCGA-RX-A8JQ	10	72759	135506704	1	1
TCGA-RX-A8JQ	11	198572	134944770	1	1
TCGA-RX-A8JQ	12	150442	133778189	1	1
TCGA-RX-A8JQ	13	19026949	115108397	1	1
TCGA-RX-A8JQ	14	19002124	107285437	1	1
TCGA-RX-A8JQ	15	20016328	102469040	1	1
TCGA-RX-A8JQ	16	60777	90287535	1	1
TCGA-RX-A8JQ	17	526	81049726	1	1
TCGA-RX-A8JQ	18	48133	78015057	1	1
TCGA-RX-A8JQ	19	90910	59097854	1	1
TCGA-RX-A8JQ	20	61305	62956153	1	1
TCGA-RX-A8JQ	21	10736871	48096957	1	1
TCGA-RX-A8JQ	22	16052528	51234455	1	1
TCGA-RX-A8JQ	X	168477	2694240	1	1
TCGA-RX-A8JQ	X	2703391	154929034	1	0
TCGA-RX-A8JQ	X	154929105	155233846	1	1
