sample	chr	startpos	endpos	nMajor	nMinor
TCGA-EJ-5502	1	61735	248561392	1	1
TCGA-EJ-5502	1	248562279	249224388	2	0
TCGA-EJ-5502	2	12784	313392	2	0
TCGA-EJ-5502	2	314388	243089456	1	1
TCGA-EJ-5502	3	60345	16901813	1	1
TCGA-EJ-5502	3	16906173	18887192	2	0
TCGA-EJ-5502	3	18887665	197896118	1	1
TCGA-EJ-5502	4	12281	190705469	1	1
TCGA-EJ-5502	4	190708721	191027923	2	0
TCGA-EJ-5502	5	15532	129737786	1	1
TCGA-EJ-5502	5	129740143	132184083	2	0
TCGA-EJ-5502	5	132184432	180790320	1	1
TCGA-EJ-5502	6	149661	170611931	1	1
TCGA-EJ-5502	6	170612633	171051005	2	0
TCGA-EJ-5502	7	43259	108408674	1	1
TCGA-EJ-5502	7	108408986	109244754	1	0
TCGA-EJ-5502	7	109245005	159127004	1	1
TCGA-EJ-5502	8	31254	146298155	1	1
TCGA-EJ-5502	9	46587	141091394	1	1
TCGA-EJ-5502	10	72759	135506704	1	1
TCGA-EJ-5502	11	198572	134944770	1	1
TCGA-EJ-5502	12	150442	133778189	1	1
TCGA-EJ-5502	13	19026949	115108397	1	1
TCGA-EJ-5502	14	19002124	107285437	1	1
TCGA-EJ-5502	15	20016328	22756026	2	1
TCGA-EJ-5502	15	22760272	102469040	1	1
TCGA-EJ-5502	16	60777	35283226	1	1
TCGA-EJ-5502	16	46463782	48976567	2	0
TCGA-EJ-5502	16	48976879	66394390	1	1
TCGA-EJ-5502	16	66398525	69458369	2	0
TCGA-EJ-5502	16	69466216	90287535	1	1
TCGA-EJ-5502	17	526	81049726	1	1
TCGA-EJ-5502	18	48133	78015057	1	1
TCGA-EJ-5502	19	90910	59097854	1	1
TCGA-EJ-5502	20	61305	11995353	1	1
TCGA-EJ-5502	20	11999145	12614084	2	0
TCGA-EJ-5502	20	12614099	62956153	1	1
TCGA-EJ-5502	21	10736871	48096957	1	1
TCGA-EJ-5502	22	16052528	51234455	1	1
TCGA-EJ-5502	X	168477	2703633	1	1
TCGA-EJ-5502	X	2703955	155233846	1	0
