sample	chr	startpos	endpos	nMajor	nMinor
TCGA-YZ-A983	1	61735	249224388	1	1
TCGA-YZ-A983	2	12784	243089456	1	1
TCGA-YZ-A983	3	60345	197896118	1	1
TCGA-YZ-A983	4	12281	191027923	1	1
TCGA-YZ-A983	5	15532	49432831	1	1
TCGA-YZ-A983	5	49441958	50069582	1	0
TCGA-YZ-A983	5	50073448	180790320	1	1
TCGA-YZ-A983	6	149661	54684262	2	1
TCGA-YZ-A983	6	54687979	171051005	1	1
TCGA-YZ-A983	7	43259	159127004	1	1
TCGA-YZ-A983	8	31254	146298155	1	1
TCGA-YZ-A983	9	46587	141091394	1	1
TCGA-YZ-A983	10	72759	135506704	1	1
TCGA-YZ-A983	11	198572	134944770	1	1
TCGA-YZ-A983	12	150442	133778189	1	1
TCGA-YZ-A983	13	19026949	115108397	1	1
TCGA-YZ-A983	14	19002124	22560155	1	1
TCGA-YZ-A983	14	22560159	22942619	2	1
TCGA-YZ-A983	14	22942890	107285437	1	1
TCGA-YZ-A983	15	20016328	102469040	1	1
TCGA-YZ-A983	16	60777	90287535	1	1
TCGA-YZ-A983	17	526	81049726	1	1
TCGA-YZ-A983	18	48133	78015057	1	1
TCGA-YZ-A983	19	90910	59097854	1	1
TCGA-YZ-A983	20	61305	62956153	1	1
TCGA-YZ-A983	21	10736871	48096957	1	1
TCGA-YZ-A983	22	16052528	51234455	1	1
TCGA-YZ-A983	X	168477	43207761	1	0
TCGA-YZ-A983	X	43210309	62450397	1	1
TCGA-YZ-A983	X	62450445	155233846	1	0
