sample	chr	startpos	endpos	nMajor	nMinor
TCGA-FU-A3TX	1	61735	45964135	2	2
TCGA-FU-A3TX	1	45966582	249224388	2	1
TCGA-FU-A3TX	2	12784	243089456	2	1
TCGA-FU-A3TX	3	60345	720087	2	1
TCGA-FU-A3TX	3	720952	4154309	2	0
TCGA-FU-A3TX	3	4154608	197896118	2	2
TCGA-FU-A3TX	4	12281	65392499	2	1
TCGA-FU-A3TX	4	65392847	87107937	2	2
TCGA-FU-A3TX	4	87108510	191027923	2	1
TCGA-FU-A3TX	5	15532	180790320	2	1
TCGA-FU-A3TX	6	149661	167651111	2	1
TCGA-FU-A3TX	6	167652895	169982738	2	0
TCGA-FU-A3TX	6	169987965	171051005	2	1
TCGA-FU-A3TX	7	43259	82678577	2	1
TCGA-FU-A3TX	7	82679845	111772043	1	0
TCGA-FU-A3TX	7	111772162	143194245	2	1
TCGA-FU-A3TX	7	143194405	159127004	2	2
TCGA-FU-A3TX	8	31254	112591331	2	1
TCGA-FU-A3TX	8	112591382	146298155	1	1
TCGA-FU-A3TX	9	46587	4282880	2	2
TCGA-FU-A3TX	9	4282942	5617190	2	1
TCGA-FU-A3TX	9	5618474	141091394	2	2
TCGA-FU-A3TX	10	72759	47700477	2	1
TCGA-FU-A3TX	10	47703086	50950976	2	0
TCGA-FU-A3TX	10	50951259	51822000	1	1
TCGA-FU-A3TX	10	51822399	105885051	2	0
TCGA-FU-A3TX	10	105889334	135506704	2	1
TCGA-FU-A3TX	11	198572	134944770	2	1
TCGA-FU-A3TX	12	150442	126779115	2	2
TCGA-FU-A3TX	12	126779404	127354928	2	0
TCGA-FU-A3TX	12	127355102	133778189	2	2
TCGA-FU-A3TX	13	19026949	30382194	2	1
TCGA-FU-A3TX	13	30389252	52095888	2	0
TCGA-FU-A3TX	13	52098171	115108397	2	1
TCGA-FU-A3TX	14	19002124	34847229	2	2
TCGA-FU-A3TX	14	34849920	107285437	2	0
TCGA-FU-A3TX	15	20016328	102469040	2	1
TCGA-FU-A3TX	16	60777	27363686	2	1
TCGA-FU-A3TX	16	27363734	35283226	1	1
TCGA-FU-A3TX	16	46463782	48316698	2	1
TCGA-FU-A3TX	16	48318728	50800816	1	0
TCGA-FU-A3TX	16	50803756	50973078	0	0
TCGA-FU-A3TX	16	50973655	70855202	1	0
TCGA-FU-A3TX	16	70855479	71202489	1	1
TCGA-FU-A3TX	16	71202797	90287535	1	0
TCGA-FU-A3TX	17	526	38318802	2	1
TCGA-FU-A3TX	17	38323661	40181312	1	1
TCGA-FU-A3TX	17	40181833	81049726	2	1
TCGA-FU-A3TX	18	48133	9074592	2	2
TCGA-FU-A3TX	18	9076995	9565132	2	0
TCGA-FU-A3TX	18	9565363	10539774	2	2
TCGA-FU-A3TX	18	10539856	10861284	2	0
TCGA-FU-A3TX	18	10861942	78015057	2	2
TCGA-FU-A3TX	19	90910	59097854	2	1
TCGA-FU-A3TX	20	61305	62956153	2	1
TCGA-FU-A3TX	21	10736871	48096957	2	2
TCGA-FU-A3TX	22	16052528	51234455	2	1
TCGA-FU-A3TX	X	168477	146403529	2	1
TCGA-FU-A3TX	X	146403571	147538036	1	1
TCGA-FU-A3TX	X	147540898	155233846	2	1
