sample	chr	startpos	endpos	nMajor	nMinor
TCGA-QK-A8Z8	1	61735	2579341	1	1
TCGA-QK-A8Z8	1	2694445	2879543	1	0
TCGA-QK-A8Z8	1	2902128	76700785	1	1
TCGA-QK-A8Z8	1	76706973	79963150	1	0
TCGA-QK-A8Z8	1	79966838	80980792	1	1
TCGA-QK-A8Z8	1	80980975	81207880	2	1
TCGA-QK-A8Z8	1	81208191	121482979	1	0
TCGA-QK-A8Z8	1	144007049	249224388	1	1
TCGA-QK-A8Z8	2	12784	78065458	1	1
TCGA-QK-A8Z8	2	78066185	78275365	1	0
TCGA-QK-A8Z8	2	78276122	141917330	1	1
TCGA-QK-A8Z8	2	141925845	142204803	1	0
TCGA-QK-A8Z8	2	142204811	154288058	1	1
TCGA-QK-A8Z8	2	154296720	154691177	1	0
TCGA-QK-A8Z8	2	154691372	243089456	1	1
TCGA-QK-A8Z8	3	60345	67653518	1	0
TCGA-QK-A8Z8	3	67654443	67680039	0	0
TCGA-QK-A8Z8	3	67683198	93557881	1	0
TCGA-QK-A8Z8	3	93558926	197896118	2	1
TCGA-QK-A8Z8	4	12281	13420829	1	0
TCGA-QK-A8Z8	4	13424182	53301062	1	1
TCGA-QK-A8Z8	4	53304552	54017610	2	1
TCGA-QK-A8Z8	4	54027948	56290437	1	1
TCGA-QK-A8Z8	4	56290558	57126163	1	0
TCGA-QK-A8Z8	4	57126378	58221739	1	1
TCGA-QK-A8Z8	4	58231117	68446421	1	0
TCGA-QK-A8Z8	4	68446626	149408916	1	1
TCGA-QK-A8Z8	4	149411458	149629821	1	0
TCGA-QK-A8Z8	4	149636388	149835481	1	1
TCGA-QK-A8Z8	4	149844249	163503349	1	0
TCGA-QK-A8Z8	4	163505567	166510433	1	1
TCGA-QK-A8Z8	4	166510749	178843538	1	0
TCGA-QK-A8Z8	4	178851406	180057255	1	1
TCGA-QK-A8Z8	4	180058869	180638233	1	0
TCGA-QK-A8Z8	4	180638890	181432992	1	1
TCGA-QK-A8Z8	4	181433435	191027923	1	0
TCGA-QK-A8Z8	5	15532	153574772	1	1
TCGA-QK-A8Z8	5	153575345	180790320	2	0
TCGA-QK-A8Z8	6	149661	153288395	1	1
TCGA-QK-A8Z8	6	153291865	153372891	2	1
TCGA-QK-A8Z8	6	153373165	171051005	1	1
TCGA-QK-A8Z8	7	43259	48632112	1	0
TCGA-QK-A8Z8	7	48637159	50194998	17	1
TCGA-QK-A8Z8	7	50195343	53420488	14	1
TCGA-QK-A8Z8	7	53427950	54038979	30	1
TCGA-QK-A8Z8	7	54039000	56118306	19	1
TCGA-QK-A8Z8	7	56122058	58019970	4	1
TCGA-QK-A8Z8	7	58019983	150918914	1	1
TCGA-QK-A8Z8	7	150919707	155667007	2	1
TCGA-QK-A8Z8	7	155670894	159127004	1	0
TCGA-QK-A8Z8	8	31254	37980078	1	0
TCGA-QK-A8Z8	8	37980587	39486363	10	1
TCGA-QK-A8Z8	8	39489492	146298155	1	1
TCGA-QK-A8Z8	9	46587	141091394	1	0
TCGA-QK-A8Z8	10	72759	38686142	2	1
TCGA-QK-A8Z8	10	38696676	52930173	1	1
TCGA-QK-A8Z8	10	52930315	53099813	1	0
TCGA-QK-A8Z8	10	53100449	135506704	1	1
TCGA-QK-A8Z8	11	198572	134944770	2	0
TCGA-QK-A8Z8	12	150442	99516680	1	1
TCGA-QK-A8Z8	12	99516882	99604663	2	1
TCGA-QK-A8Z8	12	99606549	133778189	1	1
TCGA-QK-A8Z8	13	19026949	115108397	1	0
TCGA-QK-A8Z8	14	19002124	20460245	1	0
TCGA-QK-A8Z8	14	20460280	22462396	1	1
TCGA-QK-A8Z8	14	22466734	22983223	2	1
TCGA-QK-A8Z8	14	22988022	27525282	1	1
TCGA-QK-A8Z8	14	27531049	28896941	2	1
TCGA-QK-A8Z8	14	28904453	107285437	1	1
TCGA-QK-A8Z8	15	20016328	22444393	1	0
TCGA-QK-A8Z8	15	22445595	102469040	2	0
TCGA-QK-A8Z8	16	60777	1694225	1	0
TCGA-QK-A8Z8	16	1695776	5705312	1	1
TCGA-QK-A8Z8	16	5705863	6966572	1	0
TCGA-QK-A8Z8	16	6968729	35283226	1	1
TCGA-QK-A8Z8	16	46463782	63256669	2	0
TCGA-QK-A8Z8	16	63261482	63342868	0	0
TCGA-QK-A8Z8	16	63344732	79398454	2	0
TCGA-QK-A8Z8	16	79400421	79492276	1	0
TCGA-QK-A8Z8	16	79492737	90287535	2	0
TCGA-QK-A8Z8	17	526	22227741	1	0
TCGA-QK-A8Z8	17	22227836	57929232	1	1
TCGA-QK-A8Z8	17	57929535	81049726	2	1
TCGA-QK-A8Z8	18	48133	18560525	7	0
TCGA-QK-A8Z8	18	18565802	21064228	3	0
TCGA-QK-A8Z8	18	21064374	34646539	2	0
TCGA-QK-A8Z8	18	34646708	78015057	1	0
TCGA-QK-A8Z8	19	90910	12502571	1	0
TCGA-QK-A8Z8	19	12505873	21752009	2	1
TCGA-QK-A8Z8	19	21752009	59097854	1	1
TCGA-QK-A8Z8	20	61305	62956153	1	1
TCGA-QK-A8Z8	21	10736871	14929080	1	0
TCGA-QK-A8Z8	21	14929259	48096957	1	1
TCGA-QK-A8Z8	22	16052528	19158401	1	0
TCGA-QK-A8Z8	22	19160899	51234455	1	1
TCGA-QK-A8Z8	X	168477	155233846	1	1
