sample	chr	startpos	endpos	nMajor	nMinor
TCGA-DJ-A3UO	1	61735	249224388	1	1
TCGA-DJ-A3UO	2	12784	243089456	1	1
TCGA-DJ-A3UO	3	60345	197896118	1	1
TCGA-DJ-A3UO	4	12281	191027923	1	1
TCGA-DJ-A3UO	5	15532	180790320	1	1
TCGA-DJ-A3UO	6	149661	171051005	1	1
TCGA-DJ-A3UO	7	43259	159127004	1	1
TCGA-DJ-A3UO	8	31254	146298155	1	1
TCGA-DJ-A3UO	9	46587	141091394	1	1
TCGA-DJ-A3UO	10	72759	135506704	1	1
TCGA-DJ-A3UO	11	198572	134944770	1	1
TCGA-DJ-A3UO	12	150442	133778189	1	1
TCGA-DJ-A3UO	13	19026949	115108397	1	1
TCGA-DJ-A3UO	14	19002124	107285437	1	1
TCGA-DJ-A3UO	15	20016328	102469040	1	1
TCGA-DJ-A3UO	16	60777	90287535	1	1
TCGA-DJ-A3UO	17	526	81049726	1	1
TCGA-DJ-A3UO	18	48133	78015057	1	1
TCGA-DJ-A3UO	19	90910	59097854	1	1
TCGA-DJ-A3UO	20	61305	62956153	1	1
TCGA-DJ-A3UO	21	10736871	48096957	1	1
TCGA-DJ-A3UO	22	16052528	51234455	1	0
TCGA-DJ-A3UO	X	168477	2703391	1	1
TCGA-DJ-A3UO	X	2703633	155233846	1	0
