sample	chr	startpos	endpos	nMajor	nMinor
TCGA-CG-4460	1	61735	121482979	2	1
TCGA-CG-4460	1	144007049	156696768	5	1
TCGA-CG-4460	1	156697056	249224388	6	1
TCGA-CG-4460	2	12784	69243251	2	1
TCGA-CG-4460	2	69243251	115089626	2	2
TCGA-CG-4460	2	115090597	117254847	2	1
TCGA-CG-4460	2	117255131	158928151	2	2
TCGA-CG-4460	2	158928206	185171367	2	1
TCGA-CG-4460	2	185173928	223079344	2	2
TCGA-CG-4460	2	223080192	236861826	2	1
TCGA-CG-4460	2	236862139	243089456	2	2
TCGA-CG-4460	3	60345	60137556	2	1
TCGA-CG-4460	3	60137892	60640716	4	1
TCGA-CG-4460	3	60640754	197896118	2	1
TCGA-CG-4460	4	12281	191027923	2	1
TCGA-CG-4460	5	15532	15690455	2	1
TCGA-CG-4460	5	15694406	15738497	5	1
TCGA-CG-4460	5	15738564	28118550	2	1
TCGA-CG-4460	5	28121133	28738217	4	1
TCGA-CG-4460	5	28738383	30297289	3	1
TCGA-CG-4460	5	30302035	44206774	4	1
TCGA-CG-4460	5	44207726	60208188	2	1
TCGA-CG-4460	5	60210671	61472050	2	2
TCGA-CG-4460	5	61472904	180790320	2	1
TCGA-CG-4460	6	149661	41354248	6	1
TCGA-CG-4460	6	41354324	171051005	2	1
TCGA-CG-4460	7	43259	68684145	2	2
TCGA-CG-4460	7	68684686	70365589	3	2
TCGA-CG-4460	7	70370342	159127004	2	1
TCGA-CG-4460	8	31254	4623944	4	2
TCGA-CG-4460	8	4624230	46912027	2	2
TCGA-CG-4460	8	46912314	61345556	4	2
TCGA-CG-4460	8	61345760	97174823	3	2
TCGA-CG-4460	8	97181050	101775611	4	2
TCGA-CG-4460	8	101776253	103580527	3	2
TCGA-CG-4460	8	103584390	104873611	4	2
TCGA-CG-4460	8	104873998	146298155	3	2
TCGA-CG-4460	9	46587	7217958	2	2
TCGA-CG-4460	9	7222482	7615373	2	0
TCGA-CG-4460	9	7616751	7911752	2	1
TCGA-CG-4460	9	7912161	8332307	2	0
TCGA-CG-4460	9	8332353	12056342	2	2
TCGA-CG-4460	9	12061324	12547987	2	0
TCGA-CG-4460	9	12549348	25306075	2	2
TCGA-CG-4460	9	25308251	25613302	2	0
TCGA-CG-4460	9	25613645	47217176	2	2
TCGA-CG-4460	9	65616971	141091394	2	1
TCGA-CG-4460	10	72759	3130059	2	2
TCGA-CG-4460	10	3130773	3211780	2	0
TCGA-CG-4460	10	3212425	44193509	2	2
TCGA-CG-4460	10	44195076	44219191	5	2
TCGA-CG-4460	10	44222291	86118235	2	2
TCGA-CG-4460	10	86119113	135506704	2	0
TCGA-CG-4460	11	198572	50769317	2	0
TCGA-CG-4460	11	51096372	134944770	2	1
TCGA-CG-4460	12	150442	31510002	4	2
TCGA-CG-4460	12	31513560	132927404	2	2
TCGA-CG-4460	12	132947405	133778189	2	0
TCGA-CG-4460	13	19026949	92240292	2	1
TCGA-CG-4460	13	92242350	115108397	2	2
TCGA-CG-4460	14	19002124	22319766	4	0
TCGA-CG-4460	14	22320876	22947282	5	0
TCGA-CG-4460	14	22947903	107285437	4	0
TCGA-CG-4460	15	20016328	102469040	2	1
TCGA-CG-4460	16	60777	6513288	2	1
TCGA-CG-4460	16	6516905	6867751	5	2
TCGA-CG-4460	16	6867965	9090953	3	2
TCGA-CG-4460	16	9091945	9541556	2	2
TCGA-CG-4460	16	9541717	12366734	3	2
TCGA-CG-4460	16	12366820	90287535	2	2
TCGA-CG-4460	17	526	81049726	2	2
TCGA-CG-4460	18	48133	78015057	2	2
TCGA-CG-4460	19	90910	13970898	2	0
TCGA-CG-4460	19	13975357	59097854	2	2
TCGA-CG-4460	20	61305	24892715	2	1
TCGA-CG-4460	20	24893276	62956153	2	2
TCGA-CG-4460	21	10736871	48096957	2	1
TCGA-CG-4460	22	16052528	51234455	2	0
TCGA-CG-4460	X	168477	56202494	1	0
TCGA-CG-4460	X	56218339	155233846	2	0
