sample	chr	startpos	endpos	nMajor	nMinor
TCGA-78-7156	1	61735	121482979	1	1
TCGA-78-7156	1	144007049	240172864	2	1
TCGA-78-7156	1	240173282	240184504	1	0
TCGA-78-7156	1	240186315	249224388	2	1
TCGA-78-7156	2	12784	243089456	1	1
TCGA-78-7156	3	60345	197896118	1	1
TCGA-78-7156	4	12281	191027923	1	1
TCGA-78-7156	5	15532	180790320	1	1
TCGA-78-7156	6	149661	62118683	1	1
TCGA-78-7156	6	62123362	62564691	2	1
TCGA-78-7156	6	62565062	65662471	1	1
TCGA-78-7156	6	65663102	66809162	1	0
TCGA-78-7156	6	66810050	68341642	1	1
TCGA-78-7156	6	68341686	68525593	2	1
TCGA-78-7156	6	68525898	171051005	1	0
TCGA-78-7156	7	43259	3395160	1	1
TCGA-78-7156	7	3395246	3858194	1	0
TCGA-78-7156	7	3858681	110287125	1	1
TCGA-78-7156	7	110294351	111175173	1	0
TCGA-78-7156	7	111178463	159127004	1	1
TCGA-78-7156	8	31254	146298155	1	1
TCGA-78-7156	9	46587	21029606	1	0
TCGA-78-7156	9	21030125	22057230	0	0
TCGA-78-7156	9	22064465	47217176	1	0
TCGA-78-7156	9	65616971	141091394	1	1
TCGA-78-7156	10	72759	135506704	1	1
TCGA-78-7156	11	198572	125698654	1	1
TCGA-78-7156	11	125706002	129626998	1	0
TCGA-78-7156	11	129636966	134944770	1	1
TCGA-78-7156	12	150442	133778189	1	1
TCGA-78-7156	13	19026949	115108397	1	1
TCGA-78-7156	14	19002124	107285437	1	1
TCGA-78-7156	15	20016328	102469040	1	1
TCGA-78-7156	16	60777	35283226	2	1
TCGA-78-7156	16	46463782	90287535	1	1
TCGA-78-7156	17	526	21872050	1	1
TCGA-78-7156	17	21872707	22227841	1	0
TCGA-78-7156	17	22235650	27632595	1	1
TCGA-78-7156	17	27632936	31724017	2	1
TCGA-78-7156	17	31726011	32298816	1	1
TCGA-78-7156	17	32299525	38798021	2	1
TCGA-78-7156	17	38799199	39083534	1	0
TCGA-78-7156	17	39083795	39154278	2	1
TCGA-78-7156	17	39154663	44954263	1	0
TCGA-78-7156	17	44954809	81049726	1	1
TCGA-78-7156	18	48133	78015057	1	1
TCGA-78-7156	19	90910	18338641	1	0
TCGA-78-7156	19	18339357	18447551	2	1
TCGA-78-7156	19	18448145	19484117	1	1
TCGA-78-7156	19	19490711	20005102	2	1
TCGA-78-7156	19	20005264	22508499	1	1
TCGA-78-7156	19	22514551	22705727	2	1
TCGA-78-7156	19	22709636	47194254	1	1
TCGA-78-7156	19	47209980	59097854	1	0
TCGA-78-7156	20	61305	62956153	1	1
TCGA-78-7156	21	10736871	48096957	1	1
TCGA-78-7156	22	16052528	51234455	1	1
TCGA-78-7156	X	168477	2694240	1	1
TCGA-78-7156	X	2703391	155233846	1	0
