sample	chr	startpos	endpos	nMajor	nMinor
TCGA-AJ-A2QO	1	61735	116334827	1	1
TCGA-AJ-A2QO	1	116336951	154706620	2	0
TCGA-AJ-A2QO	1	154710756	248088534	1	1
TCGA-AJ-A2QO	1	248092546	249224388	2	0
TCGA-AJ-A2QO	2	12784	243089456	1	1
TCGA-AJ-A2QO	3	60345	197896118	1	1
TCGA-AJ-A2QO	4	12281	191027923	1	1
TCGA-AJ-A2QO	5	15532	180790320	1	1
TCGA-AJ-A2QO	6	149661	171051005	1	1
TCGA-AJ-A2QO	7	43259	159127004	1	1
TCGA-AJ-A2QO	8	31254	146298155	1	1
TCGA-AJ-A2QO	9	46587	141091394	1	1
TCGA-AJ-A2QO	10	72759	135506704	1	1
TCGA-AJ-A2QO	11	198572	134944770	1	1
TCGA-AJ-A2QO	12	150442	133778189	1	1
TCGA-AJ-A2QO	13	19026949	115108397	1	1
TCGA-AJ-A2QO	14	19002124	39312643	1	1
TCGA-AJ-A2QO	14	39312659	73053290	2	0
TCGA-AJ-A2QO	14	73054562	107285437	1	1
TCGA-AJ-A2QO	15	20016328	102469040	1	1
TCGA-AJ-A2QO	16	60777	90287535	1	1
TCGA-AJ-A2QO	17	526	81049726	1	1
TCGA-AJ-A2QO	18	48133	78015057	1	1
TCGA-AJ-A2QO	19	90910	59097854	1	1
TCGA-AJ-A2QO	20	61305	62956153	1	1
TCGA-AJ-A2QO	21	10736871	48096957	1	1
TCGA-AJ-A2QO	22	16052528	51234455	1	1
TCGA-AJ-A2QO	X	168477	155233846	1	1
