sample	chr	startpos	endpos	nMajor	nMinor
TCGA-55-6971	1	61735	84495814	2	1
TCGA-55-6971	1	84498461	85305661	15	1
TCGA-55-6971	1	85310085	85385312	4	1
TCGA-55-6971	1	85386515	85452601	3	1
TCGA-55-6971	1	85455471	85460623	4	0
TCGA-55-6971	1	85463738	85877098	29	0
TCGA-55-6971	1	85878136	85915183	2	0
TCGA-55-6971	1	85915402	121482979	1	1
TCGA-55-6971	1	144007049	149713789	2	1
TCGA-55-6971	1	149713871	151419319	14	0
TCGA-55-6971	1	151421783	152713003	5	1
TCGA-55-6971	1	152713095	153761439	3	1
TCGA-55-6971	1	153768982	156464139	5	1
TCGA-55-6971	1	156466337	159183069	3	1
TCGA-55-6971	1	159186560	167242903	2	1
TCGA-55-6971	1	167243567	249224388	2	2
TCGA-55-6971	2	12784	243089456	2	2
TCGA-55-6971	3	60345	97940732	2	2
TCGA-55-6971	3	97940745	197896118	2	1
TCGA-55-6971	4	12281	47397882	1	1
TCGA-55-6971	4	47398060	53053871	3	1
TCGA-55-6971	4	53054568	94502750	1	1
TCGA-55-6971	4	94503748	104334416	2	1
TCGA-55-6971	4	104337172	136365354	2	2
TCGA-55-6971	4	136366284	151206878	2	1
TCGA-55-6971	4	151210677	191027923	1	1
TCGA-55-6971	5	15532	50803892	2	2
TCGA-55-6971	5	50803950	180790320	2	1
TCGA-55-6971	6	149661	42499744	2	1
TCGA-55-6971	6	42504963	61979712	1	1
TCGA-55-6971	6	61982560	65020471	2	1
TCGA-55-6971	6	65031922	171051005	2	0
TCGA-55-6971	7	43259	159127004	2	2
TCGA-55-6971	8	31254	146298155	2	2
TCGA-55-6971	9	46587	4473481	2	1
TCGA-55-6971	9	4479036	6310908	2	0
TCGA-55-6971	9	6313518	7574279	2	1
TCGA-55-6971	9	7577863	47217176	2	0
TCGA-55-6971	9	65616971	132150041	2	1
TCGA-55-6971	9	132150442	141091394	2	2
TCGA-55-6971	10	72759	18270722	3	1
TCGA-55-6971	10	18271527	19473359	4	1
TCGA-55-6971	10	19473404	48655040	3	1
TCGA-55-6971	10	48655350	53474814	1	1
TCGA-55-6971	10	53477822	61726151	1	0
TCGA-55-6971	10	61726856	61962274	34	0
TCGA-55-6971	10	61965009	62524139	22	0
TCGA-55-6971	10	62525906	62867266	53	0
TCGA-55-6971	10	62868957	63288324	31	0
TCGA-55-6971	10	63288379	63288379	5	2
TCGA-55-6971	10	63288498	63304364	25	0
TCGA-55-6971	10	63306019	63849655	3	1
TCGA-55-6971	10	63849790	135506704	1	1
TCGA-55-6971	11	198572	60912162	2	2
TCGA-55-6971	11	60913556	76885401	2	1
TCGA-55-6971	11	76887045	77933973	23	1
TCGA-55-6971	11	77936166	78461843	31	1
TCGA-55-6971	11	78465793	81760105	2	1
TCGA-55-6971	11	81760105	92914912	2	2
TCGA-55-6971	11	92915017	134944770	2	0
TCGA-55-6971	12	150442	34835837	2	2
TCGA-55-6971	12	34854498	40957591	4	3
TCGA-55-6971	12	40957758	41198144	7	2
TCGA-55-6971	12	41198904	54664919	2	1
TCGA-55-6971	12	54674795	56077418	5	2
TCGA-55-6971	12	56077964	57076848	9	2
TCGA-55-6971	12	57080031	57981815	2	1
TCGA-55-6971	12	57982254	58023981	2	0
TCGA-55-6971	12	58035706	58321518	37	5
TCGA-55-6971	12	58321650	60494243	22	2
TCGA-55-6971	12	60494848	60867203	5	2
TCGA-55-6971	12	60867649	62049180	2	2
TCGA-55-6971	12	62055919	62352931	35	1
TCGA-55-6971	12	62356106	66835977	3	2
TCGA-55-6971	12	66842040	67752163	3	1
TCGA-55-6971	12	67753059	68427464	45	1
TCGA-55-6971	12	68428799	68745619	33	3
TCGA-55-6971	12	68746641	70948245	8	2
TCGA-55-6971	12	70950744	72048542	3	3
TCGA-55-6971	12	72054141	95714540	2	1
TCGA-55-6971	12	95715480	133778189	2	2
TCGA-55-6971	13	19026949	115108397	1	1
TCGA-55-6971	14	19002124	22277136	3	2
TCGA-55-6971	14	22278738	23242066	2	2
TCGA-55-6971	14	23244138	107285437	3	3
TCGA-55-6971	15	20016328	102469040	2	1
TCGA-55-6971	16	60777	35283226	2	1
TCGA-55-6971	16	46463782	90287535	1	1
TCGA-55-6971	17	526	27664985	2	1
TCGA-55-6971	17	27667168	33010558	2	0
TCGA-55-6971	17	33011314	34083465	1	0
TCGA-55-6971	17	34087704	36236339	2	1
TCGA-55-6971	17	36242848	41342334	2	0
TCGA-55-6971	17	41359946	42987524	15	0
TCGA-55-6971	17	42990340	43547124	7	0
TCGA-55-6971	17	43549526	45026911	35	0
TCGA-55-6971	17	45031055	45050533	4	0
TCGA-55-6971	17	45050904	45050904	5	0
TCGA-55-6971	17	45050985	46269957	4	0
TCGA-55-6971	17	46270707	47534574	4	4
TCGA-55-6971	17	47536521	81049726	2	2
TCGA-55-6971	18	48133	20989920	2	2
TCGA-55-6971	18	20990467	24096229	2	1
TCGA-55-6971	18	24097411	29513890	1	1
TCGA-55-6971	18	29514265	34887347	12	1
TCGA-55-6971	18	34888272	78015057	1	1
TCGA-55-6971	19	90910	17304728	2	0
TCGA-55-6971	19	17306895	42738979	2	2
TCGA-55-6971	19	42754175	43139284	7	2
TCGA-55-6971	19	43139521	47146014	10	2
TCGA-55-6971	19	47146072	59097854	2	1
TCGA-55-6971	20	61305	1610551	1	1
TCGA-55-6971	20	1610939	45397564	2	1
TCGA-55-6971	20	45397705	48238612	2	0
TCGA-55-6971	20	48239644	62956153	2	1
TCGA-55-6971	21	10736871	15927691	3	1
TCGA-55-6971	21	15927691	23254055	5	1
TCGA-55-6971	21	23256545	25132299	4	1
TCGA-55-6971	21	25133005	29067072	5	1
TCGA-55-6971	21	29067211	30536886	3	1
TCGA-55-6971	21	30536946	48096957	1	1
TCGA-55-6971	22	16052528	51234455	2	0
TCGA-55-6971	X	168477	23040601	3	2
TCGA-55-6971	X	23041919	23896688	2	1
TCGA-55-6971	X	23897003	27743728	3	2
TCGA-55-6971	X	27745469	62195974	2	2
TCGA-55-6971	X	62199859	75361254	2	1
TCGA-55-6971	X	75361684	75446408	11	11
TCGA-55-6971	X	75446608	76230687	11	3
TCGA-55-6971	X	76230780	76243202	7	0
TCGA-55-6971	X	76243642	81740956	2	1
TCGA-55-6971	X	81741868	85887195	3	2
TCGA-55-6971	X	85887452	111066565	2	0
TCGA-55-6971	X	111075945	155233846	2	1
