sample	chr	startpos	endpos	nMajor	nMinor
TCGA-QR-A6GT	1	61735	121482979	1	0
TCGA-QR-A6GT	1	144007049	249224388	2	1
TCGA-QR-A6GT	2	12784	95334806	1	1
TCGA-QR-A6GT	2	95341388	243089456	1	0
TCGA-QR-A6GT	3	60345	197896118	1	0
TCGA-QR-A6GT	4	12281	191027923	1	1
TCGA-QR-A6GT	5	15532	180790320	1	1
TCGA-QR-A6GT	6	149661	171051005	1	1
TCGA-QR-A6GT	7	43259	159127004	1	1
TCGA-QR-A6GT	8	31254	46847534	1	0
TCGA-QR-A6GT	8	46863535	146298155	1	1
TCGA-QR-A6GT	9	46587	141091394	1	1
TCGA-QR-A6GT	10	72759	135506704	1	1
TCGA-QR-A6GT	11	198572	134944770	1	1
TCGA-QR-A6GT	12	150442	133778189	1	1
TCGA-QR-A6GT	13	19026949	115108397	1	1
TCGA-QR-A6GT	14	19002124	22392733	1	1
TCGA-QR-A6GT	14	22392807	23011465	2	1
TCGA-QR-A6GT	14	23012544	107285437	1	1
TCGA-QR-A6GT	15	20016328	102469040	1	1
TCGA-QR-A6GT	16	60777	90287535	1	1
TCGA-QR-A6GT	17	526	81049726	1	1
TCGA-QR-A6GT	18	48133	78015057	1	1
TCGA-QR-A6GT	19	90910	59097854	1	1
TCGA-QR-A6GT	20	61305	62956153	1	1
TCGA-QR-A6GT	21	10736871	48096957	1	1
TCGA-QR-A6GT	22	16052528	51234455	1	1
TCGA-QR-A6GT	X	168477	155233846	1	0
