sample	chr	startpos	endpos	nMajor	nMinor
TCGA-27-2526	1	61735	120795414	1	1
TCGA-27-2526	1	120811674	121482979	1	0
TCGA-27-2526	1	144007049	249224388	1	1
TCGA-27-2526	2	12784	243089456	1	1
TCGA-27-2526	3	60345	449059	2	1
TCGA-27-2526	3	452630	47703836	1	1
TCGA-27-2526	3	47706728	48729630	2	1
TCGA-27-2526	3	48730116	64656920	1	1
TCGA-27-2526	3	64657357	64940141	2	1
TCGA-27-2526	3	64944602	197896118	1	1
TCGA-27-2526	4	12281	191027923	1	1
TCGA-27-2526	5	15532	4755222	1	1
TCGA-27-2526	5	4761704	4907084	1	0
TCGA-27-2526	5	4907374	5411319	1	1
TCGA-27-2526	5	5411332	6034364	1	0
TCGA-27-2526	5	6034515	6737134	1	1
TCGA-27-2526	5	6738415	7034202	1	0
TCGA-27-2526	5	7036904	180790320	1	1
TCGA-27-2526	6	149661	90499139	1	1
TCGA-27-2526	6	90506198	96002189	1	0
TCGA-27-2526	6	96003097	96141484	1	1
TCGA-27-2526	6	96144685	96694650	1	0
TCGA-27-2526	6	96695140	96911626	1	1
TCGA-27-2526	6	96914038	97366941	1	0
TCGA-27-2526	6	97372094	101147095	1	1
TCGA-27-2526	6	101152631	102598244	1	0
TCGA-27-2526	6	102609098	116595909	1	1
TCGA-27-2526	6	116601919	122982963	1	0
TCGA-27-2526	6	122992720	123259744	1	1
TCGA-27-2526	6	123259818	157363199	1	0
TCGA-27-2526	6	157363494	158258053	1	1
TCGA-27-2526	6	158258341	159779832	1	0
TCGA-27-2526	6	159780111	168389901	1	1
TCGA-27-2526	6	168393206	171051005	1	0
TCGA-27-2526	7	43259	54544248	2	2
TCGA-27-2526	7	54550678	55406200	37	1
TCGA-27-2526	7	55412405	89902533	2	2
TCGA-27-2526	7	89902605	91800384	3	2
TCGA-27-2526	7	91800862	140900944	2	2
TCGA-27-2526	7	140901556	141135114	3	2
TCGA-27-2526	7	141135217	159127004	2	2
TCGA-27-2526	8	31254	106063556	1	1
TCGA-27-2526	8	106068165	110941659	1	0
TCGA-27-2526	8	110946510	146298155	1	1
TCGA-27-2526	9	46587	47217176	1	0
TCGA-27-2526	9	65616971	141091394	1	1
TCGA-27-2526	10	72759	3784981	1	1
TCGA-27-2526	10	3787700	4597701	1	0
TCGA-27-2526	10	4598142	30137491	1	1
TCGA-27-2526	10	30138411	135506704	1	0
TCGA-27-2526	11	198572	46193477	2	1
TCGA-27-2526	11	46198841	134944770	1	1
TCGA-27-2526	12	150442	47650632	1	1
TCGA-27-2526	12	47656025	48325395	1	0
TCGA-27-2526	12	48329388	57976647	1	1
TCGA-27-2526	12	57977040	58422408	1	0
TCGA-27-2526	12	58422642	58905896	1	1
TCGA-27-2526	12	58909393	59931187	1	0
TCGA-27-2526	12	59931808	60179451	1	1
TCGA-27-2526	12	60180781	60402017	1	0
TCGA-27-2526	12	60406373	60525112	41	0
TCGA-27-2526	12	60530957	61520177	1	0
TCGA-27-2526	12	61524967	61793767	1	1
TCGA-27-2526	12	61793801	62673219	1	0
TCGA-27-2526	12	62673603	63013541	3	2
TCGA-27-2526	12	63013773	63133608	1	1
TCGA-27-2526	12	63135077	67480309	1	0
TCGA-27-2526	12	67482887	67754673	32	4
TCGA-27-2526	12	67763593	69023060	1	0
TCGA-27-2526	12	69030976	69279736	33	2
TCGA-27-2526	12	69281371	69624487	1	0
TCGA-27-2526	12	69628025	75812049	1	1
TCGA-27-2526	12	75812296	76904721	2	1
TCGA-27-2526	12	76904966	133778189	1	1
TCGA-27-2526	13	19026949	115108397	1	1
TCGA-27-2526	14	19002124	51466484	1	1
TCGA-27-2526	14	51466739	51693654	2	1
TCGA-27-2526	14	51697285	67983216	1	1
TCGA-27-2526	14	67990324	68460144	2	1
TCGA-27-2526	14	68467973	107285437	1	1
TCGA-27-2526	15	20016328	31364453	1	1
TCGA-27-2526	15	31364926	31609546	1	0
TCGA-27-2526	15	31609890	31760964	1	1
TCGA-27-2526	15	31760986	32618066	1	0
TCGA-27-2526	15	32618443	36591609	1	1
TCGA-27-2526	15	36593743	36785601	1	0
TCGA-27-2526	15	36790394	37178764	1	1
TCGA-27-2526	15	37182967	37494918	1	0
TCGA-27-2526	15	37495037	37571109	1	1
TCGA-27-2526	15	37577894	38995491	1	0
TCGA-27-2526	15	38999048	61969272	1	1
TCGA-27-2526	15	61975942	62338797	2	1
TCGA-27-2526	15	62338858	91235390	1	1
TCGA-27-2526	15	91235876	91450524	2	1
TCGA-27-2526	15	91451497	102469040	1	1
TCGA-27-2526	16	60777	1969939	1	1
TCGA-27-2526	16	1972005	2879279	2	1
TCGA-27-2526	16	2880105	90287535	1	1
TCGA-27-2526	17	526	73730821	1	1
TCGA-27-2526	17	73731141	74713571	2	1
TCGA-27-2526	17	74717782	81049726	1	1
TCGA-27-2526	18	48133	78015057	1	1
TCGA-27-2526	19	90910	59097854	1	1
TCGA-27-2526	20	61305	62956153	2	1
TCGA-27-2526	21	10736871	15794478	1	1
TCGA-27-2526	21	15799403	48096957	2	1
TCGA-27-2526	22	16052528	51234455	1	1
TCGA-27-2526	X	168477	155233846	1	1
