sample	chr	startpos	endpos	nMajor	nMinor
TCGA-77-8150	1	61735	77017462	2	0
TCGA-77-8150	1	77019314	78422364	4	2
TCGA-77-8150	1	78426284	121482979	2	2
TCGA-77-8150	1	144007049	213227478	2	1
TCGA-77-8150	1	213232555	249224388	5	1
TCGA-77-8150	2	12784	141334737	3	2
TCGA-77-8150	2	141340626	141372262	2	0
TCGA-77-8150	2	141382827	206026878	3	2
TCGA-77-8150	2	206031252	243089456	2	0
TCGA-77-8150	3	60345	11318793	2	0
TCGA-77-8150	3	11321509	11393087	0	0
TCGA-77-8150	3	11393268	90502862	2	0
TCGA-77-8150	3	93519478	196074128	5	2
TCGA-77-8150	3	196074203	197896118	9	2
TCGA-77-8150	4	12281	191027923	2	0
TCGA-77-8150	5	15532	17793515	4	2
TCGA-77-8150	5	17793783	31087724	5	2
TCGA-77-8150	5	31089349	49432831	4	2
TCGA-77-8150	5	49441958	126870975	2	0
TCGA-77-8150	5	126871584	131414363	0	0
TCGA-77-8150	5	131416446	180790320	2	0
TCGA-77-8150	6	149661	171051005	2	1
TCGA-77-8150	7	43259	5077608	2	0
TCGA-77-8150	7	5078084	63874666	2	2
TCGA-77-8150	7	63875077	73009563	3	2
TCGA-77-8150	7	73018262	77726244	6	2
TCGA-77-8150	7	77727270	105704256	7	2
TCGA-77-8150	7	105705445	144207680	3	2
TCGA-77-8150	7	144207743	147652837	3	3
TCGA-77-8150	7	147653444	159127004	3	2
TCGA-77-8150	8	31254	146298155	2	2
TCGA-77-8150	9	46587	30379809	4	0
TCGA-77-8150	9	30379980	32705362	5	2
TCGA-77-8150	9	32706141	37480968	4	2
TCGA-77-8150	9	37485300	47217176	2	2
TCGA-77-8150	9	65616971	83765240	2	0
TCGA-77-8150	9	83765767	123756983	2	2
TCGA-77-8150	9	123757674	123954566	1	0
TCGA-77-8150	9	123958960	141091394	2	2
TCGA-77-8150	10	72759	76533262	3	2
TCGA-77-8150	10	76533307	135506704	2	1
TCGA-77-8150	11	198572	134944770	2	1
TCGA-77-8150	12	150442	34854498	2	0
TCGA-77-8150	12	37857751	63128144	3	2
TCGA-77-8150	12	63128158	133778189	4	2
TCGA-77-8150	13	19026949	115108397	2	0
TCGA-77-8150	14	19002124	28396697	2	2
TCGA-77-8150	14	28396805	107285437	3	2
TCGA-77-8150	15	20016328	61374719	2	2
TCGA-77-8150	15	61377439	61655698	5	2
TCGA-77-8150	15	61655782	102469040	3	2
TCGA-77-8150	16	60777	35283226	3	2
TCGA-77-8150	16	46463782	90287535	2	1
TCGA-77-8150	17	526	81049726	3	0
TCGA-77-8150	18	48133	78015057	2	2
TCGA-77-8150	19	90910	27965515	3	2
TCGA-77-8150	19	27998566	59097854	2	2
TCGA-77-8150	20	61305	1764937	4	2
TCGA-77-8150	20	1766016	62956153	2	2
TCGA-77-8150	21	10736871	48096957	2	0
TCGA-77-8150	22	16052528	19803958	2	0
TCGA-77-8150	22	19804541	20116015	4	0
TCGA-77-8150	22	20116182	21611349	2	0
TCGA-77-8150	22	21708030	40833795	3	2
TCGA-77-8150	22	40834032	51234455	2	0
TCGA-77-8150	X	168477	945239	2	0
TCGA-77-8150	X	966911	2694240	2	2
TCGA-77-8150	X	2703391	67026269	2	0
TCGA-77-8150	X	67026399	68426661	0	0
TCGA-77-8150	X	68428516	154929498	2	0
TCGA-77-8150	X	154963439	155233846	2	1
