sample	chr	startpos	endpos	nMajor	nMinor
TCGA-CN-6994	1	61735	80430182	2	1
TCGA-CN-6994	1	80436316	91449012	3	2
TCGA-CN-6994	1	91451288	121482979	2	0
TCGA-CN-6994	1	144007049	249224388	2	1
TCGA-CN-6994	2	12784	79882260	2	2
TCGA-CN-6994	2	79886703	92305784	2	0
TCGA-CN-6994	2	95327887	95380525	4	0
TCGA-CN-6994	2	95383280	98013814	4	2
TCGA-CN-6994	2	98014319	133155255	2	2
TCGA-CN-6994	2	133157843	134253986	2	0
TCGA-CN-6994	2	134255796	141459366	2	2
TCGA-CN-6994	2	141461279	141764693	2	0
TCGA-CN-6994	2	141764878	142170673	1	0
TCGA-CN-6994	2	142180238	197990181	2	2
TCGA-CN-6994	2	197993752	198841762	4	2
TCGA-CN-6994	2	198852983	199666111	19	2
TCGA-CN-6994	2	199673258	243089456	2	0
TCGA-CN-6994	3	60345	56838385	2	0
TCGA-CN-6994	3	56838670	57158337	1	0
TCGA-CN-6994	3	57158685	90432675	2	0
TCGA-CN-6994	3	90450481	95702765	2	2
TCGA-CN-6994	3	95704357	99427552	3	3
TCGA-CN-6994	3	99427774	124343666	5	2
TCGA-CN-6994	3	124345166	182762437	4	3
TCGA-CN-6994	3	182763580	197896118	5	2
TCGA-CN-6994	4	12281	191027923	2	1
TCGA-CN-6994	5	15532	46334337	3	2
TCGA-CN-6994	5	46334879	120872807	2	1
TCGA-CN-6994	5	120876300	124686985	2	0
TCGA-CN-6994	5	124693721	131323839	2	2
TCGA-CN-6994	5	131327157	172606709	2	1
TCGA-CN-6994	5	172609805	175202751	6	1
TCGA-CN-6994	5	175202905	180790320	2	1
TCGA-CN-6994	6	149661	69545855	2	1
TCGA-CN-6994	6	69552299	74861358	1	0
TCGA-CN-6994	6	74862264	75625251	2	1
TCGA-CN-6994	6	75625603	171051005	2	0
TCGA-CN-6994	7	43259	79411861	2	2
TCGA-CN-6994	7	79411902	110550531	3	1
TCGA-CN-6994	7	110550541	159127004	2	1
TCGA-CN-6994	8	31254	13896531	4	1
TCGA-CN-6994	8	13896563	85499500	5	1
TCGA-CN-6994	8	85500162	139424363	6	1
TCGA-CN-6994	8	139424537	146298155	5	1
TCGA-CN-6994	9	46587	47217176	4	0
TCGA-CN-6994	9	65616971	141091394	2	2
TCGA-CN-6994	10	72759	135506704	2	2
TCGA-CN-6994	11	198572	27063258	2	2
TCGA-CN-6994	11	27065068	27508681	10	2
TCGA-CN-6994	11	27511187	43892609	3	2
TCGA-CN-6994	11	43892823	45620673	2	2
TCGA-CN-6994	11	45625067	46812227	11	2
TCGA-CN-6994	11	46814956	56421197	3	2
TCGA-CN-6994	11	56422759	68388567	2	1
TCGA-CN-6994	11	68388588	70394936	31	1
TCGA-CN-6994	11	70397009	71110982	21	1
TCGA-CN-6994	11	71113304	76629451	5	2
TCGA-CN-6994	11	76629867	134944770	2	1
TCGA-CN-6994	12	150442	34835837	6	1
TCGA-CN-6994	12	34854498	38956829	2	0
TCGA-CN-6994	12	38957140	45050811	6	1
TCGA-CN-6994	12	45051490	57551184	4	1
TCGA-CN-6994	12	57553261	67080062	7	1
TCGA-CN-6994	12	67081159	68672285	1	0
TCGA-CN-6994	12	68672385	68785177	6	1
TCGA-CN-6994	12	68785583	69316446	1	0
TCGA-CN-6994	12	69317165	133778189	2	1
TCGA-CN-6994	13	19026949	94124591	2	1
TCGA-CN-6994	13	94125032	94538220	1	1
TCGA-CN-6994	13	94538792	115108397	2	1
TCGA-CN-6994	14	19002124	20425911	2	1
TCGA-CN-6994	14	20426547	22050643	6	0
TCGA-CN-6994	14	22053521	22072347	10	0
TCGA-CN-6994	14	22074959	28652147	2	0
TCGA-CN-6994	14	28663844	42343830	3	2
TCGA-CN-6994	14	42344822	42387480	4	3
TCGA-CN-6994	14	42389145	42670748	8	2
TCGA-CN-6994	14	42671745	47281800	22	1
TCGA-CN-6994	14	47298088	47894853	3	2
TCGA-CN-6994	14	47897129	48041781	5	2
TCGA-CN-6994	14	48043072	48189667	11	3
TCGA-CN-6994	14	48191610	50014592	3	2
TCGA-CN-6994	14	50016188	107285437	6	2
TCGA-CN-6994	15	20016328	87184386	2	2
TCGA-CN-6994	15	87185546	102469040	2	1
TCGA-CN-6994	16	60777	90287535	2	2
TCGA-CN-6994	17	526	67348164	2	2
TCGA-CN-6994	17	67348492	70005507	3	2
TCGA-CN-6994	17	70008921	81049726	2	2
TCGA-CN-6994	18	48133	9744353	2	0
TCGA-CN-6994	18	9746115	10121578	2	2
TCGA-CN-6994	18	10126166	10156213	6	2
TCGA-CN-6994	18	10157896	10991598	2	0
TCGA-CN-6994	18	10996422	12644663	5	2
TCGA-CN-6994	18	12647240	15359294	2	0
TCGA-CN-6994	18	15361214	78015057	2	1
TCGA-CN-6994	19	90910	35363090	2	1
TCGA-CN-6994	19	35365312	36301728	10	2
TCGA-CN-6994	19	36304623	59097854	2	1
TCGA-CN-6994	20	61305	29428523	2	1
TCGA-CN-6994	20	29436802	62956153	4	2
TCGA-CN-6994	21	10736871	48096957	1	1
TCGA-CN-6994	22	16052528	18305797	2	1
TCGA-CN-6994	22	18307634	50445654	4	1
TCGA-CN-6994	22	50445704	51234455	8	1
TCGA-CN-6994	X	168477	28781390	2	0
TCGA-CN-6994	X	28781812	28885322	1	0
TCGA-CN-6994	X	28887782	155233846	2	0
