sample	chr	startpos	endpos	nMajor	nMinor
TCGA-BC-A10U	1	61735	46026737	1	1
TCGA-BC-A10U	1	46035456	47007987	2	0
TCGA-BC-A10U	1	47010940	49221422	2	1
TCGA-BC-A10U	1	49221710	50661688	3	0
TCGA-BC-A10U	1	50661840	69120976	1	1
TCGA-BC-A10U	1	69121134	70079898	2	0
TCGA-BC-A10U	1	70080596	71377650	1	1
TCGA-BC-A10U	1	71382771	72283802	3	0
TCGA-BC-A10U	1	72284206	84140326	2	1
TCGA-BC-A10U	1	84142157	84930602	2	0
TCGA-BC-A10U	1	84931248	112558475	1	1
TCGA-BC-A10U	1	112558638	112775502	3	0
TCGA-BC-A10U	1	112775940	114551731	1	1
TCGA-BC-A10U	1	114552470	114778913	2	0
TCGA-BC-A10U	1	114780835	116074080	2	1
TCGA-BC-A10U	1	116074325	116373133	2	0
TCGA-BC-A10U	1	116373246	121482979	1	1
TCGA-BC-A10U	1	144007049	162621704	3	1
TCGA-BC-A10U	1	162623807	162742117	3	0
TCGA-BC-A10U	1	162742213	195996829	3	1
TCGA-BC-A10U	1	195996943	197303043	4	0
TCGA-BC-A10U	1	197303539	249224388	3	1
TCGA-BC-A10U	2	12784	3905179	1	1
TCGA-BC-A10U	2	3905982	4380792	2	0
TCGA-BC-A10U	2	4383283	7520946	1	1
TCGA-BC-A10U	2	7521105	7975534	2	0
TCGA-BC-A10U	2	7976333	26550229	1	1
TCGA-BC-A10U	2	26556164	28013667	2	0
TCGA-BC-A10U	2	28014319	34503013	1	1
TCGA-BC-A10U	2	34503263	34988392	2	0
TCGA-BC-A10U	2	34988474	41367520	1	1
TCGA-BC-A10U	2	41370378	42015142	2	0
TCGA-BC-A10U	2	42017861	57759115	1	1
TCGA-BC-A10U	2	57761775	58818488	2	0
TCGA-BC-A10U	2	58819002	74473738	1	1
TCGA-BC-A10U	2	74474057	75145151	2	0
TCGA-BC-A10U	2	75152500	82568106	1	1
TCGA-BC-A10U	2	82571206	83830009	2	0
TCGA-BC-A10U	2	83830505	86039205	1	1
TCGA-BC-A10U	2	86039791	86538070	2	0
TCGA-BC-A10U	2	86539002	99569333	1	1
TCGA-BC-A10U	2	99570392	101440664	2	0
TCGA-BC-A10U	2	101440837	102279389	2	1
TCGA-BC-A10U	2	102281807	109331640	1	1
TCGA-BC-A10U	2	109343738	111704423	2	0
TCGA-BC-A10U	2	111705427	115871029	1	1
TCGA-BC-A10U	2	115871266	116448528	2	0
TCGA-BC-A10U	2	116449196	129920258	1	1
TCGA-BC-A10U	2	129920630	130513464	2	0
TCGA-BC-A10U	2	130514951	137057264	1	1
TCGA-BC-A10U	2	137057966	137500391	2	0
TCGA-BC-A10U	2	137501022	141334737	1	1
TCGA-BC-A10U	2	141340626	141781441	1	0
TCGA-BC-A10U	2	141783763	152411167	1	1
TCGA-BC-A10U	2	152411943	153339823	2	0
TCGA-BC-A10U	2	153340721	157567992	1	1
TCGA-BC-A10U	2	157569826	158894753	2	0
TCGA-BC-A10U	2	158894887	159726269	1	1
TCGA-BC-A10U	2	159726490	160270288	2	0
TCGA-BC-A10U	2	160271007	163363786	1	1
TCGA-BC-A10U	2	163368279	163827849	2	0
TCGA-BC-A10U	2	163828115	181261484	1	1
TCGA-BC-A10U	2	181261617	182063950	2	0
TCGA-BC-A10U	2	182066848	188881350	1	1
TCGA-BC-A10U	2	188881417	189727896	2	0
TCGA-BC-A10U	2	189727991	195314722	1	1
TCGA-BC-A10U	2	195315579	197828818	2	0
TCGA-BC-A10U	2	197829981	205367650	1	1
TCGA-BC-A10U	2	205368458	205794137	2	0
TCGA-BC-A10U	2	205794531	208025957	1	1
TCGA-BC-A10U	2	208026259	208544296	2	0
TCGA-BC-A10U	2	208544582	217969435	1	1
TCGA-BC-A10U	2	217969552	218579990	2	0
TCGA-BC-A10U	2	218580550	236858918	1	1
TCGA-BC-A10U	2	236861826	237771034	2	0
TCGA-BC-A10U	2	237772740	243089456	1	1
TCGA-BC-A10U	3	60345	4420255	1	1
TCGA-BC-A10U	3	4420465	4708436	2	1
TCGA-BC-A10U	3	4711447	4733213	1	0
TCGA-BC-A10U	3	4737390	8820062	1	1
TCGA-BC-A10U	3	8820075	8946326	2	0
TCGA-BC-A10U	3	8948751	17210496	1	1
TCGA-BC-A10U	3	17211272	18206266	2	0
TCGA-BC-A10U	3	18207731	20922573	1	1
TCGA-BC-A10U	3	20922949	21752466	2	0
TCGA-BC-A10U	3	21752966	24803639	1	1
TCGA-BC-A10U	3	24803750	25347684	2	0
TCGA-BC-A10U	3	25349414	30735176	1	1
TCGA-BC-A10U	3	30736776	31309046	2	0
TCGA-BC-A10U	3	31309355	58091861	1	1
TCGA-BC-A10U	3	58092346	58604461	2	0
TCGA-BC-A10U	3	58605318	62895041	1	1
TCGA-BC-A10U	3	62898356	63321075	2	0
TCGA-BC-A10U	3	63321310	94540416	1	1
TCGA-BC-A10U	3	94540918	96058609	2	0
TCGA-BC-A10U	3	96059233	115582362	1	1
TCGA-BC-A10U	3	115586061	116459251	2	0
TCGA-BC-A10U	3	116460433	118619216	1	1
TCGA-BC-A10U	3	118620829	119293140	2	0
TCGA-BC-A10U	3	119295402	125395295	1	1
TCGA-BC-A10U	3	125396419	126111104	2	0
TCGA-BC-A10U	3	126111147	129711979	1	1
TCGA-BC-A10U	3	129715837	130563950	2	0
TCGA-BC-A10U	3	130565996	132661290	1	1
TCGA-BC-A10U	3	132662498	133190190	2	0
TCGA-BC-A10U	3	133192169	161130414	1	1
TCGA-BC-A10U	3	161131109	161469627	2	0
TCGA-BC-A10U	3	161469878	197896118	1	1
TCGA-BC-A10U	4	12281	45187283	1	1
TCGA-BC-A10U	4	45187527	46220453	2	0
TCGA-BC-A10U	4	46221709	53349317	1	1
TCGA-BC-A10U	4	53351205	54456051	2	0
TCGA-BC-A10U	4	54456146	58850931	1	1
TCGA-BC-A10U	4	58854314	61933311	1	0
TCGA-BC-A10U	4	61934391	62938259	1	1
TCGA-BC-A10U	4	62941039	115876808	1	0
TCGA-BC-A10U	4	115879860	115964084	2	1
TCGA-BC-A10U	4	115966157	116761279	1	0
TCGA-BC-A10U	4	116762101	117600348	1	1
TCGA-BC-A10U	4	117600984	118241589	2	0
TCGA-BC-A10U	4	118247859	122188858	1	1
TCGA-BC-A10U	4	122188893	122671387	2	0
TCGA-BC-A10U	4	122672970	146179639	1	1
TCGA-BC-A10U	4	146183433	146501756	2	0
TCGA-BC-A10U	4	146501892	167694645	1	1
TCGA-BC-A10U	4	167698191	168249889	2	0
TCGA-BC-A10U	4	168251111	191027923	1	1
TCGA-BC-A10U	5	15532	164193	2	0
TCGA-BC-A10U	5	169902	20997446	1	1
TCGA-BC-A10U	5	20998373	22261990	2	0
TCGA-BC-A10U	5	22265428	26357934	1	1
TCGA-BC-A10U	5	26358175	26942661	2	0
TCGA-BC-A10U	5	26942688	54259753	1	1
TCGA-BC-A10U	5	54259795	55191321	2	0
TCGA-BC-A10U	5	55193246	58834427	1	1
TCGA-BC-A10U	5	58834591	59635423	2	0
TCGA-BC-A10U	5	59637451	66498483	1	1
TCGA-BC-A10U	5	66498714	67193980	2	0
TCGA-BC-A10U	5	67194469	87095826	1	1
TCGA-BC-A10U	5	87095901	87964769	2	0
TCGA-BC-A10U	5	87965021	101280167	1	1
TCGA-BC-A10U	5	101281192	102134482	2	0
TCGA-BC-A10U	5	102134902	112687385	1	1
TCGA-BC-A10U	5	112689650	113118069	2	0
TCGA-BC-A10U	5	113118517	134968962	1	1
TCGA-BC-A10U	5	134970373	135338599	2	0
TCGA-BC-A10U	5	135338657	137021037	1	1
TCGA-BC-A10U	5	137021078	138472085	2	0
TCGA-BC-A10U	5	138476436	144691299	1	1
TCGA-BC-A10U	5	144692103	145453005	2	0
TCGA-BC-A10U	5	145453133	145949061	1	1
TCGA-BC-A10U	5	145949309	147189805	2	0
TCGA-BC-A10U	5	147192121	148172310	1	1
TCGA-BC-A10U	5	148172928	149258157	2	0
TCGA-BC-A10U	5	149261478	153982049	1	1
TCGA-BC-A10U	5	153982281	154744488	2	1
TCGA-BC-A10U	5	154744581	155729890	1	1
TCGA-BC-A10U	5	155737332	156451900	2	0
TCGA-BC-A10U	5	156454111	167059530	1	1
TCGA-BC-A10U	5	167059561	167323862	2	0
TCGA-BC-A10U	5	167336827	173767508	1	1
TCGA-BC-A10U	5	173767636	174044255	2	0
TCGA-BC-A10U	5	174045081	180790320	1	1
TCGA-BC-A10U	6	149661	31177915	4	1
TCGA-BC-A10U	6	31179033	31353689	4	0
TCGA-BC-A10U	6	31360095	44696147	4	1
TCGA-BC-A10U	6	44697113	45729804	5	0
TCGA-BC-A10U	6	45730188	46895158	1	1
TCGA-BC-A10U	6	46896237	47371107	2	0
TCGA-BC-A10U	6	47371458	53513540	1	1
TCGA-BC-A10U	6	53514024	54288169	2	0
TCGA-BC-A10U	6	54288463	56290873	1	1
TCGA-BC-A10U	6	56290923	57188202	2	0
TCGA-BC-A10U	6	57189484	73951438	1	1
TCGA-BC-A10U	6	73951987	75433508	2	0
TCGA-BC-A10U	6	75433572	75854760	2	1
TCGA-BC-A10U	6	75855880	76677243	2	0
TCGA-BC-A10U	6	76680208	77772576	1	1
TCGA-BC-A10U	6	77773287	78731974	2	0
TCGA-BC-A10U	6	78734182	88884166	1	1
TCGA-BC-A10U	6	88885938	89569571	2	0
TCGA-BC-A10U	6	89578459	101052641	1	1
TCGA-BC-A10U	6	101053726	102399370	2	0
TCGA-BC-A10U	6	102405010	106357034	1	1
TCGA-BC-A10U	6	106358412	106794159	2	0
TCGA-BC-A10U	6	106794861	118593308	1	1
TCGA-BC-A10U	6	118599800	119127224	2	0
TCGA-BC-A10U	6	119132164	123753258	1	1
TCGA-BC-A10U	6	123753606	124089475	2	0
TCGA-BC-A10U	6	124098436	128308503	1	1
TCGA-BC-A10U	6	128311479	128808076	2	0
TCGA-BC-A10U	6	128811058	158398336	1	1
TCGA-BC-A10U	6	158399002	158832810	2	0
TCGA-BC-A10U	6	158832854	161368666	1	1
TCGA-BC-A10U	6	161368847	161682384	2	0
TCGA-BC-A10U	6	161687430	162881103	1	1
TCGA-BC-A10U	6	162881462	163423932	2	0
TCGA-BC-A10U	6	163425034	171051005	1	1
TCGA-BC-A10U	7	43259	112783	4	0
TCGA-BC-A10U	7	113146	18677241	3	1
TCGA-BC-A10U	7	18677715	19659033	3	0
TCGA-BC-A10U	7	19660132	46166503	3	1
TCGA-BC-A10U	7	46166556	46694520	4	0
TCGA-BC-A10U	7	46698340	50720271	3	1
TCGA-BC-A10U	7	50720335	50882272	3	0
TCGA-BC-A10U	7	50883798	111629746	3	1
TCGA-BC-A10U	7	111632067	112243314	4	0
TCGA-BC-A10U	7	112244808	159127004	3	1
TCGA-BC-A10U	8	31254	31561664	1	0
TCGA-BC-A10U	8	31564184	32108495	4	0
TCGA-BC-A10U	8	32108939	67206902	3	1
TCGA-BC-A10U	8	67207124	68775230	4	0
TCGA-BC-A10U	8	68775817	123042548	3	1
TCGA-BC-A10U	8	123042814	123616778	3	0
TCGA-BC-A10U	8	123616875	146298155	3	1
TCGA-BC-A10U	9	46587	36025452	1	0
TCGA-BC-A10U	9	36029946	36229596	2	0
TCGA-BC-A10U	9	36230343	141091394	1	0
TCGA-BC-A10U	10	72759	21369004	1	1
TCGA-BC-A10U	10	21369034	22753194	2	0
TCGA-BC-A10U	10	22756927	35143359	1	1
TCGA-BC-A10U	10	35144465	36008435	2	0
TCGA-BC-A10U	10	36008493	60773378	1	1
TCGA-BC-A10U	10	60773610	61427573	2	0
TCGA-BC-A10U	10	61430374	65344449	1	1
TCGA-BC-A10U	10	65344511	65700801	2	0
TCGA-BC-A10U	10	65700822	83592443	1	1
TCGA-BC-A10U	10	83593209	84205137	2	0
TCGA-BC-A10U	10	84206002	90015625	1	1
TCGA-BC-A10U	10	90017861	90771864	2	0
TCGA-BC-A10U	10	90775087	106646974	1	1
TCGA-BC-A10U	10	106647318	107967788	2	1
TCGA-BC-A10U	10	107968384	110340652	1	1
TCGA-BC-A10U	10	110344755	111189264	2	0
TCGA-BC-A10U	10	111189815	112609973	1	1
TCGA-BC-A10U	10	112611576	113139357	2	0
TCGA-BC-A10U	10	113139813	115930776	1	1
TCGA-BC-A10U	10	115938936	116345702	2	0
TCGA-BC-A10U	10	116346194	134846626	1	1
TCGA-BC-A10U	10	134846716	135506704	2	0
TCGA-BC-A10U	11	198572	8694982	1	1
TCGA-BC-A10U	11	8695605	9142219	2	0
TCGA-BC-A10U	11	9142797	16862363	1	1
TCGA-BC-A10U	11	16864297	17325621	2	0
TCGA-BC-A10U	11	17326587	42328749	1	1
TCGA-BC-A10U	11	42329502	43186147	2	0
TCGA-BC-A10U	11	43189133	48138055	1	1
TCGA-BC-A10U	11	48142888	55277761	2	0
TCGA-BC-A10U	11	55278100	58655381	1	1
TCGA-BC-A10U	11	58657634	59645469	2	1
TCGA-BC-A10U	11	59645804	100874362	1	1
TCGA-BC-A10U	11	100874697	101601736	2	0
TCGA-BC-A10U	11	101601924	103461161	1	1
TCGA-BC-A10U	11	103464367	103859228	2	0
TCGA-BC-A10U	11	103859613	126440740	1	1
TCGA-BC-A10U	11	126443086	126788034	2	0
TCGA-BC-A10U	11	126788587	134944770	1	1
TCGA-BC-A10U	12	150442	254128	2	0
TCGA-BC-A10U	12	256220	14428118	1	1
TCGA-BC-A10U	12	14428118	15552703	2	0
TCGA-BC-A10U	12	15554030	32358331	1	1
TCGA-BC-A10U	12	32359619	32926752	2	0
TCGA-BC-A10U	12	32928833	44040068	1	1
TCGA-BC-A10U	12	44040150	44431028	2	0
TCGA-BC-A10U	12	44431493	74121534	1	1
TCGA-BC-A10U	12	74123302	74849771	2	0
TCGA-BC-A10U	12	74850206	80397687	1	1
TCGA-BC-A10U	12	80399826	81031055	2	0
TCGA-BC-A10U	12	81031272	81928972	1	1
TCGA-BC-A10U	12	81931378	82414458	2	0
TCGA-BC-A10U	12	82414956	83575993	1	1
TCGA-BC-A10U	12	83577845	83885856	2	0
TCGA-BC-A10U	12	83885937	88697358	1	1
TCGA-BC-A10U	12	88697433	89462335	2	0
TCGA-BC-A10U	12	89462738	108203819	1	1
TCGA-BC-A10U	12	108204424	108511428	2	0
TCGA-BC-A10U	12	108512754	113349686	1	1
TCGA-BC-A10U	12	113350796	114102782	2	0
TCGA-BC-A10U	12	114103180	133778189	1	1
TCGA-BC-A10U	13	19026949	42311859	1	1
TCGA-BC-A10U	13	42312482	42807734	2	0
TCGA-BC-A10U	13	42808007	45268270	1	1
TCGA-BC-A10U	13	45268293	46431021	2	0
TCGA-BC-A10U	13	46431562	55598455	1	1
TCGA-BC-A10U	13	55600889	56883163	2	0
TCGA-BC-A10U	13	56883438	57964280	1	1
TCGA-BC-A10U	13	57964877	59289995	2	0
TCGA-BC-A10U	13	59290020	78802402	1	1
TCGA-BC-A10U	13	78802963	79545513	2	0
TCGA-BC-A10U	13	79546979	93974556	1	1
TCGA-BC-A10U	13	93977240	94209916	2	0
TCGA-BC-A10U	13	94209956	100068648	1	1
TCGA-BC-A10U	13	100071486	100606001	2	0
TCGA-BC-A10U	13	100606135	114839980	1	1
TCGA-BC-A10U	13	114840719	115108397	2	0
TCGA-BC-A10U	14	19002124	23676581	1	1
TCGA-BC-A10U	14	23682635	23996816	2	0
TCGA-BC-A10U	14	24001391	37474849	1	1
TCGA-BC-A10U	14	37475265	38074204	2	0
TCGA-BC-A10U	14	38077148	40692142	1	1
TCGA-BC-A10U	14	40692191	41559686	2	0
TCGA-BC-A10U	14	41562175	59857590	1	1
TCGA-BC-A10U	14	59860438	61128677	2	0
TCGA-BC-A10U	14	61129834	63698270	1	1
TCGA-BC-A10U	14	63699185	64906265	2	0
TCGA-BC-A10U	14	64908845	74245607	1	1
TCGA-BC-A10U	14	74247410	74683937	2	0
TCGA-BC-A10U	14	74685613	88652164	1	1
TCGA-BC-A10U	14	88653381	89194517	2	0
TCGA-BC-A10U	14	89203432	107285437	1	1
TCGA-BC-A10U	15	20016328	50658897	1	1
TCGA-BC-A10U	15	50659834	51493019	2	0
TCGA-BC-A10U	15	51493098	53260712	1	1
TCGA-BC-A10U	15	53264234	54155454	2	0
TCGA-BC-A10U	15	54155564	69119963	1	1
TCGA-BC-A10U	15	69122290	69896772	2	0
TCGA-BC-A10U	15	69897999	71921019	1	1
TCGA-BC-A10U	15	71924210	73308967	2	0
TCGA-BC-A10U	15	73313691	87448557	1	1
TCGA-BC-A10U	15	87448849	89036197	2	0
TCGA-BC-A10U	15	89036291	99335033	1	1
TCGA-BC-A10U	15	99339209	99736690	2	0
TCGA-BC-A10U	15	99739048	102077775	1	1
TCGA-BC-A10U	15	102085600	102469040	2	0
TCGA-BC-A10U	16	60777	12327346	1	1
TCGA-BC-A10U	16	12327728	12628409	2	0
TCGA-BC-A10U	16	12628452	23008511	1	1
TCGA-BC-A10U	16	23008602	23889708	2	0
TCGA-BC-A10U	16	23890735	31948604	1	1
TCGA-BC-A10U	16	31955920	48189164	2	0
TCGA-BC-A10U	16	48192533	66487206	1	1
TCGA-BC-A10U	16	66493178	90287535	2	0
TCGA-BC-A10U	17	526	16185400	1	0
TCGA-BC-A10U	17	16186100	17690090	2	0
TCGA-BC-A10U	17	17704544	36909061	1	1
TCGA-BC-A10U	17	36909499	37296322	2	1
TCGA-BC-A10U	17	37298761	39308832	1	1
TCGA-BC-A10U	17	39308932	39624086	2	0
TCGA-BC-A10U	17	39624326	45263574	1	1
TCGA-BC-A10U	17	45266163	49489983	2	1
TCGA-BC-A10U	17	49490753	54426670	3	1
TCGA-BC-A10U	17	54426868	54962184	3	0
TCGA-BC-A10U	17	54963320	81049726	3	1
TCGA-BC-A10U	18	48133	22149138	1	1
TCGA-BC-A10U	18	22149347	22492365	2	0
TCGA-BC-A10U	18	22493852	26008338	1	1
TCGA-BC-A10U	18	26008561	49449914	1	0
TCGA-BC-A10U	18	49450206	63225174	1	1
TCGA-BC-A10U	18	63229157	64245496	2	0
TCGA-BC-A10U	18	64245718	69401114	1	1
TCGA-BC-A10U	18	69401163	70510907	2	0
TCGA-BC-A10U	18	70511143	77789392	1	1
TCGA-BC-A10U	18	77791216	78015057	2	0
TCGA-BC-A10U	19	90910	22781554	1	1
TCGA-BC-A10U	19	22782076	23756543	2	0
TCGA-BC-A10U	19	23756666	59097854	1	1
TCGA-BC-A10U	20	61305	255240	2	0
TCGA-BC-A10U	20	256107	1038912	1	1
TCGA-BC-A10U	20	1039416	1489630	2	0
TCGA-BC-A10U	20	1490028	16813149	1	1
TCGA-BC-A10U	20	16813235	17227654	2	0
TCGA-BC-A10U	20	17227669	24004662	1	1
TCGA-BC-A10U	20	24005369	24248344	2	0
TCGA-BC-A10U	20	24253264	38180510	1	1
TCGA-BC-A10U	20	38180529	38469221	2	0
TCGA-BC-A10U	20	38470523	45646622	1	1
TCGA-BC-A10U	20	45646903	45731111	2	0
TCGA-BC-A10U	20	45731209	47340175	1	1
TCGA-BC-A10U	20	47341312	47999162	2	0
TCGA-BC-A10U	20	48008281	62956153	1	1
TCGA-BC-A10U	21	10736871	48096957	1	0
TCGA-BC-A10U	22	16052528	17105712	2	0
TCGA-BC-A10U	22	17107107	31219869	1	1
TCGA-BC-A10U	22	31220604	32216908	2	0
TCGA-BC-A10U	22	32217162	51234455	1	1
TCGA-BC-A10U	X	168477	416482	2	0
TCGA-BC-A10U	X	420296	2462136	1	1
TCGA-BC-A10U	X	2462586	2703955	2	1
TCGA-BC-A10U	X	2706944	66639192	1	0
TCGA-BC-A10U	X	66639848	155233846	3	0
