sample	chr	startpos	endpos	nMajor	nMinor
TCGA-EE-A2M7	1	61735	121482979	2	1
TCGA-EE-A2M7	1	144007049	158324425	4	1
TCGA-EE-A2M7	1	158324442	249224388	6	1
TCGA-EE-A2M7	2	12784	187292364	2	2
TCGA-EE-A2M7	2	187293367	201804319	3	2
TCGA-EE-A2M7	2	201804866	204425598	5	2
TCGA-EE-A2M7	2	204426761	220726247	3	2
TCGA-EE-A2M7	2	220726301	232633927	2	2
TCGA-EE-A2M7	2	232634179	235710513	2	1
TCGA-EE-A2M7	2	235712372	239952664	2	2
TCGA-EE-A2M7	2	239952775	241793061	3	2
TCGA-EE-A2M7	2	241797074	243089456	2	2
TCGA-EE-A2M7	3	60345	47001496	2	0
TCGA-EE-A2M7	3	47001748	197896118	3	0
TCGA-EE-A2M7	4	12281	191027923	2	1
TCGA-EE-A2M7	5	15532	51798690	3	1
TCGA-EE-A2M7	5	51799255	54367318	2	1
TCGA-EE-A2M7	5	54367714	56363795	4	1
TCGA-EE-A2M7	5	56364007	58670074	5	1
TCGA-EE-A2M7	5	58670494	59201471	3	1
TCGA-EE-A2M7	5	59202287	61165446	4	1
TCGA-EE-A2M7	5	61166281	65134190	5	1
TCGA-EE-A2M7	5	65134321	66375845	2	1
TCGA-EE-A2M7	5	66376416	72015028	4	1
TCGA-EE-A2M7	5	72016236	77961175	2	1
TCGA-EE-A2M7	5	77961687	78621697	3	2
TCGA-EE-A2M7	5	78621876	79901480	3	1
TCGA-EE-A2M7	5	79902834	82986479	2	1
TCGA-EE-A2M7	5	82991746	84824796	2	2
TCGA-EE-A2M7	5	84825258	91093751	3	2
TCGA-EE-A2M7	5	91093966	92276485	2	2
TCGA-EE-A2M7	5	92280611	95028832	2	1
TCGA-EE-A2M7	5	95028846	97439028	3	1
TCGA-EE-A2M7	5	97439566	99907664	3	3
TCGA-EE-A2M7	5	99911855	100960068	2	2
TCGA-EE-A2M7	5	100962635	101650861	2	1
TCGA-EE-A2M7	5	101662158	105006167	3	0
TCGA-EE-A2M7	5	105007215	105683121	2	1
TCGA-EE-A2M7	5	105683476	106897919	4	1
TCGA-EE-A2M7	5	106897977	108007960	2	1
TCGA-EE-A2M7	5	108008236	108833523	2	0
TCGA-EE-A2M7	5	108836822	110149198	3	0
TCGA-EE-A2M7	5	110151791	110865486	3	2
TCGA-EE-A2M7	5	110866250	111820871	2	1
TCGA-EE-A2M7	5	111821649	111953971	5	1
TCGA-EE-A2M7	5	111956417	114789207	5	0
TCGA-EE-A2M7	5	114791736	116400441	3	0
TCGA-EE-A2M7	5	116403002	116939548	5	0
TCGA-EE-A2M7	5	116939972	118965170	4	0
TCGA-EE-A2M7	5	118967058	121403410	2	0
TCGA-EE-A2M7	5	121404787	126990589	4	0
TCGA-EE-A2M7	5	126992734	132244786	2	0
TCGA-EE-A2M7	5	132245943	133185535	3	0
TCGA-EE-A2M7	5	133185844	135611442	2	0
TCGA-EE-A2M7	5	135611442	140824129	3	0
TCGA-EE-A2M7	5	140827234	141280527	2	0
TCGA-EE-A2M7	5	141281467	141554982	4	0
TCGA-EE-A2M7	5	141555464	142373540	2	0
TCGA-EE-A2M7	5	142373804	143080697	4	0
TCGA-EE-A2M7	5	143081580	143346756	1	0
TCGA-EE-A2M7	5	143347232	145884853	3	0
TCGA-EE-A2M7	5	145885243	146360133	5	0
TCGA-EE-A2M7	5	146364385	149218847	3	0
TCGA-EE-A2M7	5	149221165	151830213	2	0
TCGA-EE-A2M7	5	151835334	153109912	4	0
TCGA-EE-A2M7	5	153110288	154053450	2	0
TCGA-EE-A2M7	5	154053643	162435179	3	0
TCGA-EE-A2M7	5	162440193	165711400	5	0
TCGA-EE-A2M7	5	165711426	168077262	2	0
TCGA-EE-A2M7	5	168078758	170680350	4	0
TCGA-EE-A2M7	5	170685454	171175270	2	0
TCGA-EE-A2M7	5	171175454	174499850	3	0
TCGA-EE-A2M7	5	174500104	176890416	4	0
TCGA-EE-A2M7	5	176890642	178067592	2	0
TCGA-EE-A2M7	5	178069547	178268926	2	1
TCGA-EE-A2M7	5	178270810	178804448	4	1
TCGA-EE-A2M7	5	178805612	178936605	2	1
TCGA-EE-A2M7	5	178936671	180790320	3	2
TCGA-EE-A2M7	6	149661	62249670	3	1
TCGA-EE-A2M7	6	62251073	65288632	1	1
TCGA-EE-A2M7	6	65288688	69185660	3	1
TCGA-EE-A2M7	6	69187092	171051005	1	1
TCGA-EE-A2M7	7	43259	760727	4	3
TCGA-EE-A2M7	7	762544	1924863	4	0
TCGA-EE-A2M7	7	1926244	2845013	4	1
TCGA-EE-A2M7	7	2845371	3580121	4	0
TCGA-EE-A2M7	7	3580861	7676343	5	1
TCGA-EE-A2M7	7	7677809	9128802	4	3
TCGA-EE-A2M7	7	9128941	9390287	4	1
TCGA-EE-A2M7	7	9391363	11853656	5	4
TCGA-EE-A2M7	7	11853670	12051898	5	1
TCGA-EE-A2M7	7	12051918	12291093	5	4
TCGA-EE-A2M7	7	12300822	13363605	5	2
TCGA-EE-A2M7	7	13364761	14236642	5	4
TCGA-EE-A2M7	7	14237240	16596651	5	2
TCGA-EE-A2M7	7	16596685	18296659	4	4
TCGA-EE-A2M7	7	18297125	19331464	5	1
TCGA-EE-A2M7	7	19333599	22933689	5	2
TCGA-EE-A2M7	7	22935963	26154288	4	1
TCGA-EE-A2M7	7	26154913	28635741	4	2
TCGA-EE-A2M7	7	28635759	29376450	4	1
TCGA-EE-A2M7	7	29377272	30067307	4	2
TCGA-EE-A2M7	7	30067348	35031741	4	0
TCGA-EE-A2M7	7	35039201	35741670	5	1
TCGA-EE-A2M7	7	35741697	46102732	4	0
TCGA-EE-A2M7	7	46104343	46575144	5	1
TCGA-EE-A2M7	7	46575491	47579014	4	0
TCGA-EE-A2M7	7	47579031	49669902	5	1
TCGA-EE-A2M7	7	49671143	51018802	4	0
TCGA-EE-A2M7	7	51019188	52558571	4	1
TCGA-EE-A2M7	7	52558722	55717942	4	0
TCGA-EE-A2M7	7	55724401	138791989	4	1
TCGA-EE-A2M7	7	138792150	141889307	6	1
TCGA-EE-A2M7	7	141890049	159127004	4	1
TCGA-EE-A2M7	8	31254	146298155	3	1
TCGA-EE-A2M7	9	46587	9022772	2	1
TCGA-EE-A2M7	9	9025146	9239154	2	0
TCGA-EE-A2M7	9	9246647	141091394	2	1
TCGA-EE-A2M7	10	72759	135506704	1	1
TCGA-EE-A2M7	11	198572	134944770	2	1
TCGA-EE-A2M7	12	150442	133778189	2	1
TCGA-EE-A2M7	13	19026949	115108397	2	2
TCGA-EE-A2M7	14	19002124	83004244	2	0
TCGA-EE-A2M7	14	83004929	84203177	2	2
TCGA-EE-A2M7	14	84203208	107285437	2	0
TCGA-EE-A2M7	15	20016328	25697648	3	1
TCGA-EE-A2M7	15	25698430	26070826	3	0
TCGA-EE-A2M7	15	26071352	102469040	3	1
TCGA-EE-A2M7	16	60777	78961106	3	1
TCGA-EE-A2M7	16	78961183	79126550	2	1
TCGA-EE-A2M7	16	79126670	90287535	3	1
TCGA-EE-A2M7	17	526	81049726	2	2
TCGA-EE-A2M7	18	48133	78015057	2	1
TCGA-EE-A2M7	19	90910	59097854	2	2
TCGA-EE-A2M7	20	61305	62956153	2	2
TCGA-EE-A2M7	21	10736871	48096957	2	1
TCGA-EE-A2M7	22	16052528	51234455	2	2
TCGA-EE-A2M7	X	168477	2703955	2	1
TCGA-EE-A2M7	X	2706944	154492713	2	0
TCGA-EE-A2M7	X	154496659	155233846	3	0
