sample	chr	startpos	endpos	nMajor	nMinor
TCGA-EK-A2RJ	1	61735	37941953	3	0
TCGA-EK-A2RJ	1	37946855	50845219	6	0
TCGA-EK-A2RJ	1	50848473	121482979	8	0
TCGA-EK-A2RJ	1	144007049	155900135	15	0
TCGA-EK-A2RJ	1	155901696	249224388	6	0
TCGA-EK-A2RJ	2	12784	92275652	6	1
TCGA-EK-A2RJ	2	92280951	243089456	2	1
TCGA-EK-A2RJ	3	60345	75427107	3	2
TCGA-EK-A2RJ	3	75428983	193489484	2	2
TCGA-EK-A2RJ	3	193490749	197896118	3	2
TCGA-EK-A2RJ	4	12281	18693802	2	2
TCGA-EK-A2RJ	4	18694002	19562507	1	0
TCGA-EK-A2RJ	4	19564920	191027923	2	2
TCGA-EK-A2RJ	5	15532	46377327	7	2
TCGA-EK-A2RJ	5	46381782	58333808	2	0
TCGA-EK-A2RJ	5	58334313	58943460	1	0
TCGA-EK-A2RJ	5	58943644	124623613	2	0
TCGA-EK-A2RJ	5	124624113	180790320	4	0
TCGA-EK-A2RJ	6	149661	25488801	6	0
TCGA-EK-A2RJ	6	25492364	31605167	7	0
TCGA-EK-A2RJ	6	31611777	37175679	5	2
TCGA-EK-A2RJ	6	37178168	63865697	4	2
TCGA-EK-A2RJ	6	63866926	171051005	2	2
TCGA-EK-A2RJ	7	43259	75308473	3	3
TCGA-EK-A2RJ	7	75308494	159127004	7	2
TCGA-EK-A2RJ	8	31254	146298155	3	2
TCGA-EK-A2RJ	9	46587	141091394	3	2
TCGA-EK-A2RJ	10	72759	42501934	4	3
TCGA-EK-A2RJ	10	42502346	65031569	3	2
TCGA-EK-A2RJ	10	65038347	67759072	3	0
TCGA-EK-A2RJ	10	67759125	73189599	3	2
TCGA-EK-A2RJ	10	73189672	135506704	3	0
TCGA-EK-A2RJ	11	198572	73192532	3	2
TCGA-EK-A2RJ	11	73194063	134944770	5	2
TCGA-EK-A2RJ	12	150442	133778189	3	2
TCGA-EK-A2RJ	13	19026949	33968831	3	3
TCGA-EK-A2RJ	13	33970651	36095722	6	2
TCGA-EK-A2RJ	13	36095732	73811471	3	3
TCGA-EK-A2RJ	13	73814441	73866061	42	7
TCGA-EK-A2RJ	13	73872614	115108397	3	3
TCGA-EK-A2RJ	14	19002124	107285437	4	0
TCGA-EK-A2RJ	15	20016328	58611543	2	2
TCGA-EK-A2RJ	15	58611797	81535242	4	1
TCGA-EK-A2RJ	15	81543469	102469040	2	1
TCGA-EK-A2RJ	16	60777	4796146	3	2
TCGA-EK-A2RJ	16	4798072	90287535	2	2
TCGA-EK-A2RJ	17	526	25557283	2	2
TCGA-EK-A2RJ	17	25557550	28033395	3	3
TCGA-EK-A2RJ	17	28036350	71637827	4	0
TCGA-EK-A2RJ	17	71642057	81049726	5	0
TCGA-EK-A2RJ	18	48133	78015057	3	2
TCGA-EK-A2RJ	19	90910	1186533	3	0
TCGA-EK-A2RJ	19	1189540	23010919	3	2
TCGA-EK-A2RJ	19	23015032	32319924	7	2
TCGA-EK-A2RJ	19	32320393	45458146	9	2
TCGA-EK-A2RJ	19	45458235	59097854	7	1
TCGA-EK-A2RJ	20	61305	17478558	7	1
TCGA-EK-A2RJ	20	17478869	62956153	5	1
TCGA-EK-A2RJ	21	10736871	37471878	2	2
TCGA-EK-A2RJ	21	37475489	48096957	4	0
TCGA-EK-A2RJ	22	16052528	51234455	4	0
TCGA-EK-A2RJ	X	168477	155233846	4	3
