sample	chr	startpos	endpos	nMajor	nMinor
TCGA-BA-5555	1	61735	121482979	2	1
TCGA-BA-5555	1	144007049	210455365	3	2
TCGA-BA-5555	1	210456524	249224388	3	1
TCGA-BA-5555	2	12784	132116629	2	2
TCGA-BA-5555	2	132125233	174491805	2	1
TCGA-BA-5555	2	174491998	175339693	2	2
TCGA-BA-5555	2	175340606	177509295	3	2
TCGA-BA-5555	2	177509647	224492606	2	1
TCGA-BA-5555	2	224494579	225840707	1	0
TCGA-BA-5555	2	225840782	243089456	2	1
TCGA-BA-5555	3	60345	79556625	2	0
TCGA-BA-5555	3	79556978	84572545	1	0
TCGA-BA-5555	3	84574306	130609279	2	0
TCGA-BA-5555	3	130611421	178197021	7	0
TCGA-BA-5555	3	178198052	178373665	0	0
TCGA-BA-5555	3	178374095	183427828	7	0
TCGA-BA-5555	3	183431061	189854518	10	0
TCGA-BA-5555	3	189862384	197896118	4	0
TCGA-BA-5555	4	12281	184344540	2	0
TCGA-BA-5555	4	184345714	184471255	5	0
TCGA-BA-5555	4	184473301	191027923	2	0
TCGA-BA-5555	5	15532	49432831	5	2
TCGA-BA-5555	5	49441958	50112712	2	0
TCGA-BA-5555	5	50116456	51418797	5	2
TCGA-BA-5555	5	51422666	180790320	2	0
TCGA-BA-5555	6	149661	30725841	6	0
TCGA-BA-5555	6	30726748	44525989	4	2
TCGA-BA-5555	6	44526440	57299024	5	2
TCGA-BA-5555	6	57299309	58082951	2	0
TCGA-BA-5555	6	58140300	58774716	5	2
TCGA-BA-5555	6	61886440	171051005	2	0
TCGA-BA-5555	7	43259	51775685	2	2
TCGA-BA-5555	7	51778850	62080741	3	2
TCGA-BA-5555	7	62103378	159127004	2	1
TCGA-BA-5555	8	31254	46847534	2	1
TCGA-BA-5555	8	46863535	49536687	7	2
TCGA-BA-5555	8	49536901	50768023	7	1
TCGA-BA-5555	8	50772267	51927771	5	2
TCGA-BA-5555	8	51928856	128253820	4	0
TCGA-BA-5555	8	128255861	128924101	6	0
TCGA-BA-5555	8	128924740	146298155	4	0
TCGA-BA-5555	9	46587	47217176	2	0
TCGA-BA-5555	9	65616971	141091394	2	2
TCGA-BA-5555	10	72759	36283091	2	2
TCGA-BA-5555	10	36286446	38677869	3	2
TCGA-BA-5555	10	38679109	129081738	2	0
TCGA-BA-5555	10	129082632	129208186	4	0
TCGA-BA-5555	10	129208552	135506704	2	0
TCGA-BA-5555	11	198572	18243392	2	0
TCGA-BA-5555	11	18243589	48437937	2	1
TCGA-BA-5555	11	48444149	66477155	2	2
TCGA-BA-5555	11	66481139	95159358	3	2
TCGA-BA-5555	11	95160514	134944770	2	0
TCGA-BA-5555	12	150442	37969194	2	2
TCGA-BA-5555	12	37969625	90953474	2	1
TCGA-BA-5555	12	90954507	91317953	5	1
TCGA-BA-5555	12	91318336	133778189	2	1
TCGA-BA-5555	13	19026949	115108397	2	0
TCGA-BA-5555	14	19002124	107285437	2	2
TCGA-BA-5555	15	20016328	96265932	2	0
TCGA-BA-5555	15	96266269	102469040	3	0
TCGA-BA-5555	16	60777	35283226	2	2
TCGA-BA-5555	16	46463782	57748881	2	1
TCGA-BA-5555	16	57752661	61148353	2	0
TCGA-BA-5555	16	61148650	90287535	2	1
TCGA-BA-5555	17	526	81049726	3	0
TCGA-BA-5555	18	48133	78015057	2	2
TCGA-BA-5555	19	90910	29991778	2	1
TCGA-BA-5555	19	29991870	59097854	2	0
TCGA-BA-5555	20	61305	26271308	2	0
TCGA-BA-5555	20	26274834	62956153	3	0
TCGA-BA-5555	21	10736871	48096957	3	0
TCGA-BA-5555	22	16052528	51234455	3	2
TCGA-BA-5555	X	168477	154787567	2	0
TCGA-BA-5555	X	154789183	155233846	1	0
