sample	chr	startpos	endpos	nMajor	nMinor
TCGA-64-5774	1	61735	63614044	2	0
TCGA-64-5774	1	63614428	63640514	1	0
TCGA-64-5774	1	63642406	64068336	5	0
TCGA-64-5774	1	64068386	76492190	3	0
TCGA-64-5774	1	76492293	77826496	2	0
TCGA-64-5774	1	77826732	79519427	5	0
TCGA-64-5774	1	79519555	89325702	3	0
TCGA-64-5774	1	89325899	97700646	2	0
TCGA-64-5774	1	97700885	98173284	2	1
TCGA-64-5774	1	98178315	101482538	2	0
TCGA-64-5774	1	101483512	105370881	2	1
TCGA-64-5774	1	105373218	121482979	2	0
TCGA-64-5774	1	144007049	145235251	3	0
TCGA-64-5774	1	145243516	249224388	2	2
TCGA-64-5774	2	12784	115121095	2	2
TCGA-64-5774	2	115121512	243089456	2	1
TCGA-64-5774	3	60345	197896118	2	0
TCGA-64-5774	4	12281	9663663	2	0
TCGA-64-5774	4	9668706	16184793	2	1
TCGA-64-5774	4	16189201	21755706	6	2
TCGA-64-5774	4	21759157	23703968	2	1
TCGA-64-5774	4	23707836	24470717	7	2
TCGA-64-5774	4	24470847	27783081	8	2
TCGA-64-5774	4	27783913	30953547	2	1
TCGA-64-5774	4	30954027	53712543	2	2
TCGA-64-5774	4	53715417	136436788	2	1
TCGA-64-5774	4	136437337	137168189	1	1
TCGA-64-5774	4	137168762	191027923	2	1
TCGA-64-5774	5	15532	9530028	2	2
TCGA-64-5774	5	9530323	10804399	2	1
TCGA-64-5774	5	10804419	61298763	2	2
TCGA-64-5774	5	61300069	64647811	2	1
TCGA-64-5774	5	64649318	66389788	2	2
TCGA-64-5774	5	66390574	70704077	2	1
TCGA-64-5774	5	70704359	79697932	2	2
TCGA-64-5774	5	79700854	148836628	2	1
TCGA-64-5774	5	148837036	180790320	1	1
TCGA-64-5774	6	149661	2230064	3	1
TCGA-64-5774	6	2230354	4910473	2	1
TCGA-64-5774	6	4911436	5376870	1	1
TCGA-64-5774	6	5377347	6565712	4	1
TCGA-64-5774	6	6566619	7738931	2	2
TCGA-64-5774	6	7738959	8071562	1	1
TCGA-64-5774	6	8071672	8748352	2	1
TCGA-64-5774	6	8749360	10459598	3	1
TCGA-64-5774	6	10460090	10745066	2	1
TCGA-64-5774	6	10745082	12264487	3	1
TCGA-64-5774	6	12264625	57309659	2	1
TCGA-64-5774	6	57312757	65676573	2	2
TCGA-64-5774	6	65679245	133413907	2	0
TCGA-64-5774	6	133417675	171051005	1	0
TCGA-64-5774	7	43259	138809447	2	1
TCGA-64-5774	7	138809635	149098397	2	2
TCGA-64-5774	7	149099314	159127004	4	0
TCGA-64-5774	8	31254	5142665	2	2
TCGA-64-5774	8	5145903	5309157	2	1
TCGA-64-5774	8	5311654	5920480	2	2
TCGA-64-5774	8	5920629	6031188	2	1
TCGA-64-5774	8	6031585	13514161	2	2
TCGA-64-5774	8	13516520	16526132	2	1
TCGA-64-5774	8	16532877	18375317	2	2
TCGA-64-5774	8	18375827	46912027	2	1
TCGA-64-5774	8	46912314	47415957	2	0
TCGA-64-5774	8	47416228	49898045	2	1
TCGA-64-5774	8	49899100	58110155	1	1
TCGA-64-5774	8	58111602	72493289	2	1
TCGA-64-5774	8	72510144	72536699	5	1
TCGA-64-5774	8	72539350	72575801	2	1
TCGA-64-5774	8	72583559	83401377	5	1
TCGA-64-5774	8	83401656	99020949	2	1
TCGA-64-5774	8	99030280	103298754	5	1
TCGA-64-5774	8	103313980	110962113	4	0
TCGA-64-5774	8	110962650	112081655	7	0
TCGA-64-5774	8	112083820	121624692	4	0
TCGA-64-5774	8	121627029	123609651	2	0
TCGA-64-5774	8	123610089	132795452	4	0
TCGA-64-5774	8	132795778	142915264	2	0
TCGA-64-5774	8	142921869	143003723	0	0
TCGA-64-5774	8	143005062	146298155	2	0
TCGA-64-5774	9	46587	14324740	2	1
TCGA-64-5774	9	14326303	16001121	1	1
TCGA-64-5774	9	16001203	23293240	3	1
TCGA-64-5774	9	23295433	25151710	1	1
TCGA-64-5774	9	25152966	47217176	2	1
TCGA-64-5774	9	65616971	141091394	1	1
TCGA-64-5774	10	72759	28637554	2	0
TCGA-64-5774	10	28639169	30364134	2	2
TCGA-64-5774	10	30369560	33097562	7	2
TCGA-64-5774	10	33103440	42787842	2	2
TCGA-64-5774	10	42790028	135506704	2	0
TCGA-64-5774	11	198572	38175300	2	0
TCGA-64-5774	11	38175688	39031711	2	1
TCGA-64-5774	11	39032464	51205162	1	0
TCGA-64-5774	11	51215436	51447727	5	1
TCGA-64-5774	11	51449422	54757943	6	0
TCGA-64-5774	11	54758291	59094892	1	0
TCGA-64-5774	11	59095780	66058188	1	1
TCGA-64-5774	11	66060399	80726364	3	1
TCGA-64-5774	11	80726444	87353616	2	2
TCGA-64-5774	11	87353818	134944770	2	0
TCGA-64-5774	12	150442	133778189	2	1
TCGA-64-5774	13	19026949	20091266	0	0
TCGA-64-5774	13	20095309	47083758	2	0
TCGA-64-5774	13	47085665	49645010	1	0
TCGA-64-5774	13	49652577	63252612	3	0
TCGA-64-5774	13	63259102	84292290	4	0
TCGA-64-5774	13	84294333	86637199	1	0
TCGA-64-5774	13	86639464	115108397	3	0
TCGA-64-5774	14	19002124	22325471	2	2
TCGA-64-5774	14	22326860	22988571	3	2
TCGA-64-5774	14	22993720	107285437	2	2
TCGA-64-5774	15	20016328	102469040	2	0
TCGA-64-5774	16	60777	21090253	1	1
TCGA-64-5774	16	21092051	21379451	1	0
TCGA-64-5774	16	21389970	23795547	3	1
TCGA-64-5774	16	23798597	24746654	2	1
TCGA-64-5774	16	24747142	25985224	3	1
TCGA-64-5774	16	25985528	34323421	2	1
TCGA-64-5774	16	34325043	89591156	1	1
TCGA-64-5774	16	89591773	89679052	2	1
TCGA-64-5774	16	89683801	90287535	1	1
TCGA-64-5774	17	526	21547737	1	1
TCGA-64-5774	17	21549157	81049726	3	1
TCGA-64-5774	18	48133	78015057	2	1
TCGA-64-5774	19	90910	24507167	2	0
TCGA-64-5774	19	24507172	59097854	2	1
TCGA-64-5774	20	61305	17978068	2	1
TCGA-64-5774	20	17980586	62956153	2	2
TCGA-64-5774	21	10736871	23744087	2	0
TCGA-64-5774	21	23748065	24798454	3	0
TCGA-64-5774	21	24799215	24842723	1	0
TCGA-64-5774	21	24843144	29715043	2	0
TCGA-64-5774	21	29718140	30259084	1	0
TCGA-64-5774	21	30260966	48096957	2	0
TCGA-64-5774	22	16052528	51234455	1	1
TCGA-64-5774	X	168477	2694240	2	1
TCGA-64-5774	X	2703391	155233846	2	0
