sample	chr	startpos	endpos	nMajor	nMinor
TCGA-A6-A5ZU	1	61735	249224388	4	0
TCGA-A6-A5ZU	2	12784	243089456	4	0
TCGA-A6-A5ZU	3	60345	61155297	3	0
TCGA-A6-A5ZU	3	61155891	61371671	6	0
TCGA-A6-A5ZU	3	61373797	119839869	3	0
TCGA-A6-A5ZU	3	119840359	197896118	5	0
TCGA-A6-A5ZU	4	12281	191027923	3	0
TCGA-A6-A5ZU	5	15532	180790320	3	0
TCGA-A6-A5ZU	6	149661	144331491	4	0
TCGA-A6-A5ZU	6	144333814	151121110	3	1
TCGA-A6-A5ZU	6	151121196	171051005	4	0
TCGA-A6-A5ZU	7	43259	159127004	5	2
TCGA-A6-A5ZU	8	31254	31506801	2	0
TCGA-A6-A5ZU	8	31509494	146298155	6	0
TCGA-A6-A5ZU	9	46587	141091394	4	0
TCGA-A6-A5ZU	10	72759	135506704	3	0
TCGA-A6-A5ZU	11	198572	134944770	4	0
TCGA-A6-A5ZU	12	150442	133778189	3	0
TCGA-A6-A5ZU	13	19026949	32226399	9	4
TCGA-A6-A5ZU	13	32226455	71319749	7	4
TCGA-A6-A5ZU	13	71320130	79332055	11	0
TCGA-A6-A5ZU	13	79332130	112824589	7	4
TCGA-A6-A5ZU	13	112828325	115108397	9	4
TCGA-A6-A5ZU	14	19002124	107285437	4	0
TCGA-A6-A5ZU	15	20016328	102469040	4	0
TCGA-A6-A5ZU	16	60777	5416663	4	0
TCGA-A6-A5ZU	16	5417715	5807878	0	0
TCGA-A6-A5ZU	16	5808520	6694146	4	0
TCGA-A6-A5ZU	16	6697125	6874659	0	0
TCGA-A6-A5ZU	16	6875404	90287535	4	0
TCGA-A6-A5ZU	17	526	81049726	4	0
TCGA-A6-A5ZU	18	48133	78015057	3	0
TCGA-A6-A5ZU	19	90910	59097854	4	0
TCGA-A6-A5ZU	20	61305	62956153	6	3
TCGA-A6-A5ZU	21	10736871	48096957	3	0
TCGA-A6-A5ZU	22	16052528	25726959	3	0
TCGA-A6-A5ZU	22	25727053	25918709	6	1
TCGA-A6-A5ZU	22	25922342	51234455	3	0
TCGA-A6-A5ZU	X	168477	7929502	3	0
TCGA-A6-A5ZU	X	7929624	8620830	4	0
TCGA-A6-A5ZU	X	8621755	155233846	3	0
