sample	chr	startpos	endpos	nMajor	nMinor
TCGA-92-8063	1	61735	8966334	1	1
TCGA-92-8063	1	8968963	9094498	1	0
TCGA-92-8063	1	9094531	121482979	1	1
TCGA-92-8063	1	144007049	155874223	2	1
TCGA-92-8063	1	155874568	249224388	2	0
TCGA-92-8063	2	12784	13637459	1	1
TCGA-92-8063	2	13643723	90023507	2	1
TCGA-92-8063	2	90025710	243089456	1	1
TCGA-92-8063	3	60345	89966372	1	0
TCGA-92-8063	3	89971396	90025806	3	1
TCGA-92-8063	3	90027468	197896118	2	1
TCGA-92-8063	4	12281	45913615	1	0
TCGA-92-8063	4	45915453	48975472	1	1
TCGA-92-8063	4	48976409	189890196	1	0
TCGA-92-8063	4	189898682	191027923	2	1
TCGA-92-8063	5	15532	56364007	1	1
TCGA-92-8063	5	56376026	56833744	3	1
TCGA-92-8063	5	56835401	171718699	1	0
TCGA-92-8063	5	171719508	173022413	2	0
TCGA-92-8063	5	173023217	180790320	1	0
TCGA-92-8063	6	149661	27616301	1	0
TCGA-92-8063	6	27622354	33250476	1	1
TCGA-92-8063	6	33252115	41945550	1	0
TCGA-92-8063	6	41946616	171051005	1	1
TCGA-92-8063	7	43259	54631403	2	0
TCGA-92-8063	7	54634830	55406200	3	0
TCGA-92-8063	7	55412405	57595542	2	0
TCGA-92-8063	7	57597142	67410466	1	1
TCGA-92-8063	7	67412401	76712801	2	1
TCGA-92-8063	7	76720582	78711469	2	2
TCGA-92-8063	7	78711493	82581291	2	1
TCGA-92-8063	7	82587044	82857169	9	1
TCGA-92-8063	7	82857198	84212822	3	1
TCGA-92-8063	7	84218035	85095193	10	1
TCGA-92-8063	7	85098599	86713369	3	1
TCGA-92-8063	7	86713453	89362531	6	1
TCGA-92-8063	7	89363018	97786779	6	2
TCGA-92-8063	7	97791141	98319924	3	2
TCGA-92-8063	7	98324091	98573774	2	0
TCGA-92-8063	7	98577659	105931877	3	2
TCGA-92-8063	7	105933203	142274968	2	0
TCGA-92-8063	7	142275144	142275836	1	0
TCGA-92-8063	7	142326486	145298986	3	2
TCGA-92-8063	7	145302947	150136862	3	0
TCGA-92-8063	7	150136897	154207042	4	2
TCGA-92-8063	7	154207233	159127004	3	2
TCGA-92-8063	8	31254	47398258	1	0
TCGA-92-8063	8	47411311	79552509	1	1
TCGA-92-8063	8	79552643	82276774	2	1
TCGA-92-8063	8	82277028	146298155	1	1
TCGA-92-8063	9	46587	47217176	1	0
TCGA-92-8063	9	65616971	141091394	1	1
TCGA-92-8063	10	72759	25114741	1	0
TCGA-92-8063	10	25117741	27267617	2	0
TCGA-92-8063	10	27269249	38921403	1	0
TCGA-92-8063	10	38938661	135506704	1	1
TCGA-92-8063	11	198572	3855757	1	0
TCGA-92-8063	11	3858616	7077521	2	1
TCGA-92-8063	11	7078184	73044243	1	1
TCGA-92-8063	11	73044351	74820146	2	1
TCGA-92-8063	11	74820158	122733817	1	1
TCGA-92-8063	11	122734138	134944770	1	0
TCGA-92-8063	12	150442	107706372	1	1
TCGA-92-8063	12	107708020	107975957	1	0
TCGA-92-8063	12	107976368	133778189	1	1
TCGA-92-8063	13	19026949	115108397	1	0
TCGA-92-8063	14	19002124	22602557	1	1
TCGA-92-8063	14	22605156	22999918	2	1
TCGA-92-8063	14	23000062	107285437	1	1
TCGA-92-8063	15	20016328	88523116	1	1
TCGA-92-8063	15	88523321	102469040	2	1
TCGA-92-8063	16	60777	8025032	1	1
TCGA-92-8063	16	8032459	9172992	2	1
TCGA-92-8063	16	9174181	90287535	1	1
TCGA-92-8063	17	526	5047076	2	0
TCGA-92-8063	17	5047732	6217209	1	0
TCGA-92-8063	17	6217327	7794487	2	0
TCGA-92-8063	17	7796683	10048351	1	0
TCGA-92-8063	17	10051068	10591151	2	0
TCGA-92-8063	17	10591573	11209792	4	0
TCGA-92-8063	17	11209951	11526743	2	0
TCGA-92-8063	17	11526804	81049726	1	0
TCGA-92-8063	18	48133	15175018	1	1
TCGA-92-8063	18	15177772	28091724	1	0
TCGA-92-8063	18	28092600	30320889	1	1
TCGA-92-8063	18	30321752	55812970	1	0
TCGA-92-8063	18	55818124	55860062	0	0
TCGA-92-8063	18	55863159	78015057	1	0
TCGA-92-8063	19	90910	24451229	1	0
TCGA-92-8063	19	24454781	59097854	2	1
TCGA-92-8063	20	61305	62956153	1	1
TCGA-92-8063	21	10736871	32973106	1	1
TCGA-92-8063	21	32973672	34681950	2	1
TCGA-92-8063	21	34688914	48096957	1	1
TCGA-92-8063	22	16052528	51234455	1	0
TCGA-92-8063	X	168477	50265702	1	0
TCGA-92-8063	X	50265825	55277218	2	0
TCGA-92-8063	X	55277339	99521133	1	0
TCGA-92-8063	X	99527566	101766694	2	0
TCGA-92-8063	X	101767254	107204248	5	0
TCGA-92-8063	X	107206657	107429521	15	0
TCGA-92-8063	X	107432957	108795376	10	0
TCGA-92-8063	X	108799623	155233846	1	0
