sample	chr	startpos	endpos	nMajor	nMinor
TCGA-CV-7421	1	61735	76747576	2	2
TCGA-CV-7421	1	76750646	121172329	2	0
TCGA-CV-7421	1	121172840	121482979	2	2
TCGA-CV-7421	1	144007049	170007652	2	1
TCGA-CV-7421	1	170007869	191438650	2	2
TCGA-CV-7421	1	191440077	191654783	1	0
TCGA-CV-7421	1	191655945	237692034	2	2
TCGA-CV-7421	1	237692051	241003402	3	2
TCGA-CV-7421	1	241003474	249224388	2	2
TCGA-CV-7421	2	12784	46633930	2	2
TCGA-CV-7421	2	46634385	52169005	5	2
TCGA-CV-7421	2	52175003	54857011	3	2
TCGA-CV-7421	2	54857292	79358785	5	2
TCGA-CV-7421	2	79364374	85129346	2	0
TCGA-CV-7421	2	85135480	179465548	2	1
TCGA-CV-7421	2	179467974	180226735	3	2
TCGA-CV-7421	2	180232128	243089456	2	1
TCGA-CV-7421	3	60345	60456884	2	0
TCGA-CV-7421	3	60456954	60491103	0	0
TCGA-CV-7421	3	60492926	90502862	2	0
TCGA-CV-7421	3	93519478	197896118	3	3
TCGA-CV-7421	4	12281	53269394	2	1
TCGA-CV-7421	4	53271281	55428719	2	2
TCGA-CV-7421	4	55430030	59588371	2	1
TCGA-CV-7421	4	59591916	60185463	10	2
TCGA-CV-7421	4	60186304	60578262	6	2
TCGA-CV-7421	4	60578593	187263711	2	1
TCGA-CV-7421	4	187263824	191027923	2	2
TCGA-CV-7421	5	15532	3761064	5	2
TCGA-CV-7421	5	3761311	8254985	4	2
TCGA-CV-7421	5	8259642	13658608	3	3
TCGA-CV-7421	5	13658926	14363436	5	2
TCGA-CV-7421	5	14363727	39706359	3	3
TCGA-CV-7421	5	39707555	41815120	5	2
TCGA-CV-7421	5	41816616	46389273	3	3
TCGA-CV-7421	5	49432831	180790320	2	0
TCGA-CV-7421	6	149661	51064520	2	1
TCGA-CV-7421	6	51064695	52018948	3	2
TCGA-CV-7421	6	52019284	66167770	2	1
TCGA-CV-7421	6	66168229	67168166	2	2
TCGA-CV-7421	6	67170349	70699675	2	1
TCGA-CV-7421	6	70699793	71532106	3	2
TCGA-CV-7421	6	71532355	171051005	2	1
TCGA-CV-7421	7	43259	38823574	2	0
TCGA-CV-7421	7	38824315	68535372	2	2
TCGA-CV-7421	7	68538900	75164510	3	2
TCGA-CV-7421	7	75165018	78897484	5	2
TCGA-CV-7421	7	78900016	81055270	8	2
TCGA-CV-7421	7	81055988	88387960	6	2
TCGA-CV-7421	7	88387997	89227018	10	3
TCGA-CV-7421	7	89230054	91712689	8	3
TCGA-CV-7421	7	91712698	96369613	7	3
TCGA-CV-7421	7	96369721	99678622	5	3
TCGA-CV-7421	7	99679896	107077941	5	2
TCGA-CV-7421	7	107078037	111862748	3	2
TCGA-CV-7421	7	111863020	159127004	2	1
TCGA-CV-7421	8	31254	31778017	2	0
TCGA-CV-7421	8	31778618	32147740	4	2
TCGA-CV-7421	8	32148136	36010579	2	0
TCGA-CV-7421	8	36011507	37075448	3	3
TCGA-CV-7421	8	37080834	38016907	2	0
TCGA-CV-7421	8	38018852	39653983	3	3
TCGA-CV-7421	8	39658219	41947814	2	1
TCGA-CV-7421	8	41951085	49718692	6	2
TCGA-CV-7421	8	49719321	51490921	7	1
TCGA-CV-7421	8	51493707	52661793	7	2
TCGA-CV-7421	8	52667603	53810264	7	4
TCGA-CV-7421	8	53810437	58211781	7	1
TCGA-CV-7421	8	58212591	60022371	9	1
TCGA-CV-7421	8	60024449	62579893	9	3
TCGA-CV-7421	8	62580258	94729738	4	4
TCGA-CV-7421	8	94734354	124610208	7	3
TCGA-CV-7421	8	124612824	124845179	4	4
TCGA-CV-7421	8	124845645	132345529	7	3
TCGA-CV-7421	8	132345698	132778071	5	4
TCGA-CV-7421	8	132778758	136468250	10	3
TCGA-CV-7421	8	136468534	146298155	11	3
TCGA-CV-7421	9	46587	47217176	2	0
TCGA-CV-7421	9	65616971	139121257	2	1
TCGA-CV-7421	9	139134981	139590934	1	0
TCGA-CV-7421	9	139593195	141091394	2	1
TCGA-CV-7421	10	72759	38951201	3	2
TCGA-CV-7421	10	38951420	57406587	2	1
TCGA-CV-7421	10	57410334	67469333	1	1
TCGA-CV-7421	10	67469362	71707185	3	1
TCGA-CV-7421	10	71709472	72403807	1	1
TCGA-CV-7421	10	72407151	73865905	4	1
TCGA-CV-7421	10	73866648	78044354	2	1
TCGA-CV-7421	10	78045086	82037215	1	1
TCGA-CV-7421	10	82040052	82721005	3	2
TCGA-CV-7421	10	82721670	83444902	2	1
TCGA-CV-7421	10	83446145	84416688	6	2
TCGA-CV-7421	10	84423164	86449027	2	2
TCGA-CV-7421	10	86449416	86962827	2	0
TCGA-CV-7421	10	86963217	87711767	2	2
TCGA-CV-7421	10	87711856	103197768	2	1
TCGA-CV-7421	10	103203629	107181258	2	2
TCGA-CV-7421	10	107182008	125098566	2	1
TCGA-CV-7421	10	125099273	135310333	3	1
TCGA-CV-7421	10	135313182	135506704	4	1
TCGA-CV-7421	11	198572	49445359	2	0
TCGA-CV-7421	11	49448529	57602178	2	2
TCGA-CV-7421	11	57602469	69281227	2	1
TCGA-CV-7421	11	69281829	81009132	2	0
TCGA-CV-7421	11	81011295	118472447	1	0
TCGA-CV-7421	11	118477367	119823549	2	1
TCGA-CV-7421	11	119823587	120589494	3	1
TCGA-CV-7421	11	120591841	121634406	5	1
TCGA-CV-7421	11	121634447	122732872	11	1
TCGA-CV-7421	11	122733817	123856794	5	1
TCGA-CV-7421	11	123856811	125580730	1	0
TCGA-CV-7421	11	125581639	126877714	1	1
TCGA-CV-7421	11	126879026	134247187	1	0
TCGA-CV-7421	11	134247842	134902067	5	1
TCGA-CV-7421	11	134902536	134944770	2	0
TCGA-CV-7421	12	150442	1475804	3	2
TCGA-CV-7421	12	1477895	2805632	6	2
TCGA-CV-7421	12	2806335	9155661	3	2
TCGA-CV-7421	12	9158320	53466669	2	2
TCGA-CV-7421	12	53466991	53894465	2	0
TCGA-CV-7421	12	53896586	58521760	2	1
TCGA-CV-7421	12	58522133	127406108	2	2
TCGA-CV-7421	12	127406208	133778189	2	1
TCGA-CV-7421	13	19026949	115108397	2	0
TCGA-CV-7421	14	19002124	22308249	2	1
TCGA-CV-7421	14	22308350	22543590	2	2
TCGA-CV-7421	14	22545787	22978516	5	2
TCGA-CV-7421	14	22978577	78766814	2	1
TCGA-CV-7421	14	78768796	88434041	2	2
TCGA-CV-7421	14	88434557	104213269	2	1
TCGA-CV-7421	14	104216180	107285437	4	1
TCGA-CV-7421	15	20016328	102469040	2	2
TCGA-CV-7421	16	60777	61867896	2	1
TCGA-CV-7421	16	61868269	65214467	3	2
TCGA-CV-7421	16	65214550	88068386	2	2
TCGA-CV-7421	16	88069651	88304379	2	0
TCGA-CV-7421	16	88304433	90287535	2	2
TCGA-CV-7421	17	526	1121847	2	0
TCGA-CV-7421	17	1123682	25589184	3	0
TCGA-CV-7421	17	25589813	81049726	4	0
TCGA-CV-7421	18	48133	14594167	2	1
TCGA-CV-7421	18	14598128	78015057	2	2
TCGA-CV-7421	19	90910	3020691	2	2
TCGA-CV-7421	19	3021435	17655123	2	0
TCGA-CV-7421	19	17655722	21002106	10	2
TCGA-CV-7421	19	21007718	24582577	5	2
TCGA-CV-7421	19	24583312	30940153	2	1
TCGA-CV-7421	19	30943936	38195231	2	2
TCGA-CV-7421	19	38200672	41665044	6	2
TCGA-CV-7421	19	41667273	59097854	2	2
TCGA-CV-7421	20	61305	19179840	2	1
TCGA-CV-7421	20	19186224	25219277	3	1
TCGA-CV-7421	20	25219551	29651749	2	1
TCGA-CV-7421	20	29835049	30316023	18	1
TCGA-CV-7421	20	30318827	31020245	4	2
TCGA-CV-7421	20	31023756	32278943	2	2
TCGA-CV-7421	20	32283674	34163726	6	1
TCGA-CV-7421	20	34170555	35296258	8	3
TCGA-CV-7421	20	35306102	48633736	4	1
TCGA-CV-7421	20	48634777	62956153	3	1
TCGA-CV-7421	21	10736871	17529258	3	2
TCGA-CV-7421	21	17529844	18346423	5	2
TCGA-CV-7421	21	18346630	18821898	2	2
TCGA-CV-7421	21	18821964	24858930	2	1
TCGA-CV-7421	21	24859760	25244455	3	2
TCGA-CV-7421	21	25244936	25470291	6	3
TCGA-CV-7421	21	25476297	48096957	2	1
TCGA-CV-7421	22	16052528	19496757	4	2
TCGA-CV-7421	22	19496882	20776843	7	2
TCGA-CV-7421	22	20777672	23101783	5	2
TCGA-CV-7421	22	23102759	23535821	2	2
TCGA-CV-7421	22	23541488	35721276	2	0
TCGA-CV-7421	22	35721761	36375237	2	2
TCGA-CV-7421	22	36390884	37406334	5	2
TCGA-CV-7421	22	37406401	38533971	2	2
TCGA-CV-7421	22	38538246	41856536	4	2
TCGA-CV-7421	22	41860478	51234455	2	0
TCGA-CV-7421	X	168477	73437080	2	0
TCGA-CV-7421	X	73448124	74124057	3	0
TCGA-CV-7421	X	74131751	155233846	2	0
