sample	chr	startpos	endpos	nMajor	nMinor
TCGA-36-2539	1	61735	25774082	2	0
TCGA-36-2539	1	25889422	31006306	2	1
TCGA-36-2539	1	31006621	45800156	1	1
TCGA-36-2539	1	45802061	49346443	2	1
TCGA-36-2539	1	49346828	54532638	1	1
TCGA-36-2539	1	54533901	55210467	2	1
TCGA-36-2539	1	55210960	58851258	1	1
TCGA-36-2539	1	58851448	58963634	2	1
TCGA-36-2539	1	58972610	174165747	1	1
TCGA-36-2539	1	174166540	197277913	1	0
TCGA-36-2539	1	197281037	206290889	1	1
TCGA-36-2539	1	206291511	215367780	1	0
TCGA-36-2539	1	215370570	249224388	1	1
TCGA-36-2539	2	12784	37242981	1	1
TCGA-36-2539	2	37246489	46237209	1	0
TCGA-36-2539	2	46245180	46685278	0	0
TCGA-36-2539	2	46689048	60323975	1	0
TCGA-36-2539	2	60324127	122258891	1	1
TCGA-36-2539	2	122259363	156941187	1	0
TCGA-36-2539	2	156941274	175654807	1	1
TCGA-36-2539	2	175662453	175893333	1	0
TCGA-36-2539	2	175894062	232823390	1	1
TCGA-36-2539	2	232833503	234140838	1	0
TCGA-36-2539	2	234145080	236665477	1	1
TCGA-36-2539	2	236668436	243089456	1	0
TCGA-36-2539	3	60345	27523674	1	1
TCGA-36-2539	3	27524546	58292131	1	0
TCGA-36-2539	3	58295076	58578077	2	0
TCGA-36-2539	3	58584575	58774131	2	1
TCGA-36-2539	3	58777018	60864123	1	1
TCGA-36-2539	3	60864253	61049572	1	0
TCGA-36-2539	3	61051511	75881273	1	1
TCGA-36-2539	3	75891921	83684226	1	0
TCGA-36-2539	3	83687282	116039842	1	1
TCGA-36-2539	3	116040284	116488035	1	0
TCGA-36-2539	3	116488499	123393133	1	1
TCGA-36-2539	3	123394836	139034049	1	0
TCGA-36-2539	3	139037832	148058326	1	1
TCGA-36-2539	3	148061047	152326738	1	0
TCGA-36-2539	3	152327018	152805309	1	1
TCGA-36-2539	3	152805600	174550758	2	1
TCGA-36-2539	3	174551338	189530990	2	0
TCGA-36-2539	3	189532288	197896118	1	0
TCGA-36-2539	4	12281	8522221	1	0
TCGA-36-2539	4	8527263	8616224	2	0
TCGA-36-2539	4	8617560	19244498	1	0
TCGA-36-2539	4	19248154	26064636	1	1
TCGA-36-2539	4	26068770	26581454	2	1
TCGA-36-2539	4	26583227	31230664	1	1
TCGA-36-2539	4	31233375	31357836	2	1
TCGA-36-2539	4	31358413	41302599	1	1
TCGA-36-2539	4	41306775	48975472	1	0
TCGA-36-2539	4	48976409	87172098	1	1
TCGA-36-2539	4	87182436	87737413	1	0
TCGA-36-2539	4	87737858	110052853	1	1
TCGA-36-2539	4	110053336	119637762	2	1
TCGA-36-2539	4	119639701	148403629	1	1
TCGA-36-2539	4	148403692	182463644	1	0
TCGA-36-2539	4	182465245	182503992	0	0
TCGA-36-2539	4	182504315	191027923	1	0
TCGA-36-2539	5	15532	40830153	2	1
TCGA-36-2539	5	40831202	56389805	1	1
TCGA-36-2539	5	56399677	63056320	1	0
TCGA-36-2539	5	63056986	63874626	2	0
TCGA-36-2539	5	63874668	122204086	1	0
TCGA-36-2539	5	122204772	122501620	2	0
TCGA-36-2539	5	122502448	127823081	1	0
TCGA-36-2539	5	127824981	147844449	2	0
TCGA-36-2539	5	147845815	149549797	1	0
TCGA-36-2539	5	149552699	168996008	1	1
TCGA-36-2539	5	168998579	180790320	2	1
TCGA-36-2539	6	149661	42369820	2	1
TCGA-36-2539	6	42377137	47555273	1	0
TCGA-36-2539	6	47559926	50426273	1	1
TCGA-36-2539	6	50430080	124771233	1	0
TCGA-36-2539	6	124771368	132268040	1	1
TCGA-36-2539	6	132268964	132357671	1	0
TCGA-36-2539	6	132359165	135596832	1	1
TCGA-36-2539	6	135597127	141045763	2	1
TCGA-36-2539	6	141049386	171051005	1	0
TCGA-36-2539	7	43259	24434388	1	0
TCGA-36-2539	7	24434409	62162274	1	1
TCGA-36-2539	7	62181110	63146277	0	0
TCGA-36-2539	7	63150615	64595118	1	0
TCGA-36-2539	7	64595698	67089083	1	1
TCGA-36-2539	7	67094469	75535365	1	0
TCGA-36-2539	7	75546892	79763793	1	1
TCGA-36-2539	7	79768978	79910402	1	0
TCGA-36-2539	7	79910867	95316871	1	1
TCGA-36-2539	7	95320949	97612048	1	0
TCGA-36-2539	7	97613771	99679896	2	0
TCGA-36-2539	7	99680676	100409125	4	0
TCGA-36-2539	7	100409850	132478539	2	0
TCGA-36-2539	7	132480367	133182759	4	0
TCGA-36-2539	7	133182892	152191372	2	0
TCGA-36-2539	7	152191515	159127004	3	0
TCGA-36-2539	8	31254	39605764	1	0
TCGA-36-2539	8	39608631	98110438	1	1
TCGA-36-2539	8	98110463	146298155	2	1
TCGA-36-2539	9	46587	124805624	1	1
TCGA-36-2539	9	124807076	126202551	2	1
TCGA-36-2539	9	126203429	141091394	1	1
TCGA-36-2539	10	72759	20586743	2	0
TCGA-36-2539	10	20586779	20688932	1	0
TCGA-36-2539	10	20689123	27514736	2	0
TCGA-36-2539	10	27514875	34737778	3	0
TCGA-36-2539	10	34749145	35338699	2	0
TCGA-36-2539	10	35339324	36704786	1	0
TCGA-36-2539	10	36706221	42787842	1	1
TCGA-36-2539	10	42790028	44801309	1	0
TCGA-36-2539	10	44801673	46256368	2	0
TCGA-36-2539	10	46256781	69280033	1	0
TCGA-36-2539	10	69281495	89069796	1	1
TCGA-36-2539	10	89070745	122302153	1	0
TCGA-36-2539	10	122302242	135506704	1	1
TCGA-36-2539	11	198572	13129269	1	0
TCGA-36-2539	11	13129282	14551206	2	0
TCGA-36-2539	11	14554391	35326870	2	1
TCGA-36-2539	11	35327041	69978638	1	1
TCGA-36-2539	11	69981129	73219417	3	1
TCGA-36-2539	11	73219766	95016298	4	1
TCGA-36-2539	11	95018911	102099151	2	1
TCGA-36-2539	11	102103098	106014181	4	1
TCGA-36-2539	11	106017076	107929962	6	1
TCGA-36-2539	11	107933398	108353797	6	0
TCGA-36-2539	11	108359161	111957912	4	1
TCGA-36-2539	11	111961835	127815468	1	1
TCGA-36-2539	11	127818348	129529082	2	1
TCGA-36-2539	11	129532354	134944770	1	1
TCGA-36-2539	12	150442	6604354	1	1
TCGA-36-2539	12	6605105	7246721	2	1
TCGA-36-2539	12	7254669	47866013	1	1
TCGA-36-2539	12	47868469	133778189	1	0
TCGA-36-2539	13	19026949	70839182	1	0
TCGA-36-2539	13	70839742	70958550	0	0
TCGA-36-2539	13	70958708	115108397	1	0
TCGA-36-2539	14	19002124	23725147	1	1
TCGA-36-2539	14	23725239	24217893	2	1
TCGA-36-2539	14	24219341	91389490	1	1
TCGA-36-2539	14	91389662	92292769	2	1
TCGA-36-2539	14	92292910	107285437	1	1
TCGA-36-2539	15	20016328	56484363	1	0
TCGA-36-2539	15	56485981	59678773	2	0
TCGA-36-2539	15	59681049	102469040	1	0
TCGA-36-2539	16	60777	2146459	1	0
TCGA-36-2539	16	2178575	5765907	1	1
TCGA-36-2539	16	5770213	6588802	1	0
TCGA-36-2539	16	6588852	30859770	1	1
TCGA-36-2539	16	30867828	31303519	1	0
TCGA-36-2539	16	31309652	76090877	1	1
TCGA-36-2539	16	76091746	90287535	1	0
TCGA-36-2539	17	526	36447363	1	0
TCGA-36-2539	17	36456523	77104323	2	0
TCGA-36-2539	17	77104793	81049726	3	0
TCGA-36-2539	18	48133	326691	3	0
TCGA-36-2539	18	329586	21447180	1	0
TCGA-36-2539	18	21453851	49993386	2	0
TCGA-36-2539	18	49993847	58884338	2	1
TCGA-36-2539	18	58884792	78015057	1	0
TCGA-36-2539	19	90910	9599638	1	0
TCGA-36-2539	19	9600664	59097854	1	1
TCGA-36-2539	20	61305	22040943	1	0
TCGA-36-2539	20	22041577	22445643	1	1
TCGA-36-2539	20	22447898	26288307	1	0
TCGA-36-2539	20	26288535	30942598	2	1
TCGA-36-2539	20	30942895	59276028	2	0
TCGA-36-2539	20	59277091	62956153	3	0
TCGA-36-2539	21	10736871	35050225	1	1
TCGA-36-2539	21	35050853	48096957	2	1
TCGA-36-2539	22	16052528	33678784	1	1
TCGA-36-2539	22	33679005	33978311	1	0
TCGA-36-2539	22	33978458	51234455	1	1
TCGA-36-2539	X	168477	32816505	1	0
TCGA-36-2539	X	32817602	32874006	0	0
TCGA-36-2539	X	32878667	35598591	1	0
TCGA-36-2539	X	35605128	119473634	1	1
TCGA-36-2539	X	119476347	155233846	2	1
