sample	chr	startpos	endpos	nMajor	nMinor
TCGA-BR-8485	1	61735	29142992	1	1
TCGA-BR-8485	1	29145188	29480420	1	0
TCGA-BR-8485	1	29483481	59363619	1	1
TCGA-BR-8485	1	59366052	59554415	4	1
TCGA-BR-8485	1	59557809	119012342	1	1
TCGA-BR-8485	1	119013403	249224388	2	1
TCGA-BR-8485	2	12784	10308959	1	1
TCGA-BR-8485	2	10314390	174888878	3	1
TCGA-BR-8485	2	174888891	177873848	3	2
TCGA-BR-8485	2	177873962	184914900	3	1
TCGA-BR-8485	2	184924431	186193281	4	0
TCGA-BR-8485	2	186197787	216980500	3	1
TCGA-BR-8485	2	216982370	217811905	3	2
TCGA-BR-8485	2	217812377	231600716	3	1
TCGA-BR-8485	2	231601699	243089456	3	0
TCGA-BR-8485	3	60345	47575568	2	0
TCGA-BR-8485	3	47578838	59814968	3	0
TCGA-BR-8485	3	59814988	60124388	1	0
TCGA-BR-8485	3	60125570	60756977	3	0
TCGA-BR-8485	3	60757500	61166365	1	0
TCGA-BR-8485	3	61168215	197896118	3	0
TCGA-BR-8485	4	12281	137500406	3	0
TCGA-BR-8485	4	137500497	138340137	1	0
TCGA-BR-8485	4	138343415	140794537	2	0
TCGA-BR-8485	4	140797656	141142788	1	0
TCGA-BR-8485	4	141145493	191027923	2	0
TCGA-BR-8485	5	15532	54686961	2	2
TCGA-BR-8485	5	54692208	74772248	1	0
TCGA-BR-8485	5	74775323	93143795	1	1
TCGA-BR-8485	5	93150853	93831868	2	0
TCGA-BR-8485	5	93839603	101723435	1	1
TCGA-BR-8485	5	101723544	102895124	2	0
TCGA-BR-8485	5	102899161	127123824	1	1
TCGA-BR-8485	5	127134659	127324308	6	1
TCGA-BR-8485	5	127325206	139720400	1	1
TCGA-BR-8485	5	139720831	139843853	5	2
TCGA-BR-8485	5	139846947	149026348	2	1
TCGA-BR-8485	5	149026402	149176349	3	3
TCGA-BR-8485	5	149179725	180790320	2	1
TCGA-BR-8485	6	149661	1731692	2	1
TCGA-BR-8485	6	1731743	2208360	0	0
TCGA-BR-8485	6	2209577	19321967	2	1
TCGA-BR-8485	6	19322289	20570039	2	2
TCGA-BR-8485	6	20577769	36776631	2	1
TCGA-BR-8485	6	36776677	48562561	2	2
TCGA-BR-8485	6	48565881	52147023	4	2
TCGA-BR-8485	6	52147363	69769580	2	2
TCGA-BR-8485	6	69771935	74270574	3	1
TCGA-BR-8485	6	74275405	99687655	2	2
TCGA-BR-8485	6	99688554	100609707	3	0
TCGA-BR-8485	6	100610101	102497020	2	1
TCGA-BR-8485	6	102497420	103873408	2	2
TCGA-BR-8485	6	103875945	108448611	3	2
TCGA-BR-8485	6	108449845	171051005	2	1
TCGA-BR-8485	7	43259	110737090	3	0
TCGA-BR-8485	7	110738345	110980590	1	0
TCGA-BR-8485	7	110981267	157004534	3	0
TCGA-BR-8485	7	157004790	157038820	0	0
TCGA-BR-8485	7	157039482	157523216	3	0
TCGA-BR-8485	7	157523801	157827569	1	0
TCGA-BR-8485	7	157827587	159127004	3	0
TCGA-BR-8485	8	31254	26218069	1	0
TCGA-BR-8485	8	26218275	43662756	1	1
TCGA-BR-8485	8	43663675	52262004	2	2
TCGA-BR-8485	8	52264985	80986416	4	1
TCGA-BR-8485	8	80986578	81585523	6	1
TCGA-BR-8485	8	81590696	115007177	4	1
TCGA-BR-8485	8	115007395	115995381	5	0
TCGA-BR-8485	8	115999185	128558990	4	1
TCGA-BR-8485	8	128559027	128644955	4	3
TCGA-BR-8485	8	128645670	129109891	3	0
TCGA-BR-8485	8	129110843	144093928	3	1
TCGA-BR-8485	8	144094150	144755065	1	1
TCGA-BR-8485	8	144761410	146298155	3	1
TCGA-BR-8485	9	46587	75481773	2	0
TCGA-BR-8485	9	75483931	75671543	6	0
TCGA-BR-8485	9	75673656	75689321	5	0
TCGA-BR-8485	9	75689557	141091394	2	0
TCGA-BR-8485	10	72759	9965228	2	2
TCGA-BR-8485	10	9967519	10123893	2	0
TCGA-BR-8485	10	10128924	25133720	2	2
TCGA-BR-8485	10	25137772	77388993	2	1
TCGA-BR-8485	10	77391103	77613776	1	0
TCGA-BR-8485	10	77613809	82476947	2	1
TCGA-BR-8485	10	82477257	100267283	2	0
TCGA-BR-8485	10	100270836	135506704	3	0
TCGA-BR-8485	11	198572	30055799	3	0
TCGA-BR-8485	11	30060365	33813956	3	1
TCGA-BR-8485	11	33814061	35270601	6	1
TCGA-BR-8485	11	35271419	36065675	4	1
TCGA-BR-8485	11	36065695	48054794	3	1
TCGA-BR-8485	11	48055376	51507946	4	0
TCGA-BR-8485	11	51508611	134944770	3	1
TCGA-BR-8485	12	150442	33304583	2	1
TCGA-BR-8485	12	33306754	39058608	3	0
TCGA-BR-8485	12	39059375	124539062	2	1
TCGA-BR-8485	12	124541531	125010707	1	0
TCGA-BR-8485	12	125014242	133778189	2	1
TCGA-BR-8485	13	19026949	57530062	2	1
TCGA-BR-8485	13	57530286	59381279	4	0
TCGA-BR-8485	13	59381906	115108397	2	1
TCGA-BR-8485	14	19002124	107285437	2	0
TCGA-BR-8485	15	20016328	102469040	2	1
TCGA-BR-8485	16	60777	56787288	2	1
TCGA-BR-8485	16	56787682	73258621	2	0
TCGA-BR-8485	16	73262118	79973895	2	2
TCGA-BR-8485	16	79974309	80299842	4	0
TCGA-BR-8485	16	80300001	89857700	2	2
TCGA-BR-8485	16	89857964	90287535	4	0
TCGA-BR-8485	17	526	81049726	2	0
TCGA-BR-8485	18	48133	78015057	2	1
TCGA-BR-8485	19	90910	28418686	2	0
TCGA-BR-8485	19	28419388	59097854	2	2
TCGA-BR-8485	20	61305	14837831	5	0
TCGA-BR-8485	20	14837965	14949201	3	0
TCGA-BR-8485	20	14952322	29997048	5	0
TCGA-BR-8485	20	29998985	62956153	6	0
TCGA-BR-8485	21	10736871	48096957	2	1
TCGA-BR-8485	22	16052528	30876861	2	1
TCGA-BR-8485	22	30883229	31006004	3	1
TCGA-BR-8485	22	31006436	51234455	2	1
TCGA-BR-8485	X	168477	7336724	2	0
TCGA-BR-8485	X	7337312	7458791	1	0
TCGA-BR-8485	X	7460816	10813683	2	0
TCGA-BR-8485	X	10816321	11016975	1	0
TCGA-BR-8485	X	11025835	155233846	2	0
