sample	chr	startpos	endpos	nMajor	nMinor
TCGA-06-2561	1	61735	17352635	1	1
TCGA-06-2561	1	17355239	17562798	1	0
TCGA-06-2561	1	17564847	21823629	1	1
TCGA-06-2561	1	21824108	27187816	1	0
TCGA-06-2561	1	27188081	48535934	1	1
TCGA-06-2561	1	48536671	52973210	1	0
TCGA-06-2561	1	52973526	52984668	2	1
TCGA-06-2561	1	52985111	243343226	1	1
TCGA-06-2561	1	243345906	244622250	6	1
TCGA-06-2561	1	244626060	249224388	1	1
TCGA-06-2561	2	12784	133535060	1	1
TCGA-06-2561	2	133535250	133854338	1	0
TCGA-06-2561	2	133854446	243089456	1	1
TCGA-06-2561	3	60345	9041795	1	1
TCGA-06-2561	3	9041929	9861905	1	0
TCGA-06-2561	3	9862341	10516936	1	1
TCGA-06-2561	3	10517836	11041308	1	0
TCGA-06-2561	3	11041606	143685231	1	1
TCGA-06-2561	3	143685330	145750528	1	0
TCGA-06-2561	3	145755923	197896118	1	1
TCGA-06-2561	4	12281	191027923	1	1
TCGA-06-2561	5	15532	4006452	1	1
TCGA-06-2561	5	4012303	5332846	1	0
TCGA-06-2561	5	5333766	180790320	1	1
TCGA-06-2561	6	149661	102253059	1	0
TCGA-06-2561	6	102253340	102399370	0	0
TCGA-06-2561	6	102405010	168339995	1	0
TCGA-06-2561	6	168340688	168873053	2	0
TCGA-06-2561	6	168874449	171051005	1	0
TCGA-06-2561	7	43259	159127004	2	1
TCGA-06-2561	8	31254	146298155	1	1
TCGA-06-2561	9	46587	21716997	1	0
TCGA-06-2561	9	21720481	22125503	0	0
TCGA-06-2561	9	22128709	22463201	1	0
TCGA-06-2561	9	22465257	23563421	0	0
TCGA-06-2561	9	23563522	25587832	1	0
TCGA-06-2561	9	25589186	25704049	0	0
TCGA-06-2561	9	25709706	141091394	1	0
TCGA-06-2561	10	72759	135506704	1	0
TCGA-06-2561	11	198572	68207933	1	1
TCGA-06-2561	11	68211620	72536247	1	0
TCGA-06-2561	11	72542267	134944770	1	1
TCGA-06-2561	12	150442	20817317	2	1
TCGA-06-2561	12	20818116	33780091	5	1
TCGA-06-2561	12	33780135	42084157	3	1
TCGA-06-2561	12	42085447	133778189	2	1
TCGA-06-2561	13	19026949	43277296	1	1
TCGA-06-2561	13	43280445	43698252	1	0
TCGA-06-2561	13	43698338	98838828	1	1
TCGA-06-2561	13	98839869	99141208	1	0
TCGA-06-2561	13	99141272	115108397	1	1
TCGA-06-2561	14	19002124	107285437	1	0
TCGA-06-2561	15	20016328	102469040	1	1
TCGA-06-2561	16	60777	90287535	1	1
TCGA-06-2561	17	526	22145506	1	0
TCGA-06-2561	17	22159899	81049726	1	1
TCGA-06-2561	18	48133	3778593	1	1
TCGA-06-2561	18	3779526	5471765	1	0
TCGA-06-2561	18	5472021	78015057	1	1
TCGA-06-2561	19	90910	8517386	1	1
TCGA-06-2561	19	8518415	10485581	1	0
TCGA-06-2561	19	10490402	22695657	1	1
TCGA-06-2561	19	22701461	59097854	1	0
TCGA-06-2561	20	61305	62956153	1	1
TCGA-06-2561	21	10736871	48096957	1	1
TCGA-06-2561	22	16052528	51234455	1	1
TCGA-06-2561	X	168477	155233846	1	1
