sample	chr	startpos	endpos	nMajor	nMinor
TCGA-24-1614	1	61735	15006363	2	0
TCGA-24-1614	1	15010447	15297175	0	0
TCGA-24-1614	1	15297249	29110232	2	0
TCGA-24-1614	1	29117980	51603572	4	0
TCGA-24-1614	1	51604023	65898001	4	2
TCGA-24-1614	1	65903445	98671566	2	2
TCGA-24-1614	1	98672308	117472938	2	0
TCGA-24-1614	1	117472999	249224388	2	2
TCGA-24-1614	2	12784	27729480	2	0
TCGA-24-1614	2	27729866	27757150	6	0
TCGA-24-1614	2	27760560	27760560	5	0
TCGA-24-1614	2	27761000	33074499	4	2
TCGA-24-1614	2	33078484	33839509	4	0
TCGA-24-1614	2	33840024	38968497	2	0
TCGA-24-1614	2	38972281	102478220	2	2
TCGA-24-1614	2	102478352	189407719	2	0
TCGA-24-1614	2	189416523	213387563	2	2
TCGA-24-1614	2	213387900	213835124	5	3
TCGA-24-1614	2	213836206	243089456	2	2
TCGA-24-1614	3	60345	4645916	2	0
TCGA-24-1614	3	4647026	141568737	2	2
TCGA-24-1614	3	141569648	145941020	4	2
TCGA-24-1614	3	145941891	146288414	6	2
TCGA-24-1614	3	146288590	147262943	5	2
TCGA-24-1614	3	147265991	162447630	4	2
TCGA-24-1614	3	162447684	195446597	4	0
TCGA-24-1614	3	195446742	197896118	2	0
TCGA-24-1614	4	12281	15693258	2	1
TCGA-24-1614	4	15695497	40967942	2	0
TCGA-24-1614	4	40968999	77446681	2	2
TCGA-24-1614	4	77446905	77664590	1	1
TCGA-24-1614	4	77666725	83536805	2	2
TCGA-24-1614	4	83537169	83559578	2	1
TCGA-24-1614	4	83559631	109582581	2	0
TCGA-24-1614	4	109586178	111575846	4	0
TCGA-24-1614	4	111577814	171956323	2	0
TCGA-24-1614	4	171962509	191027923	2	2
TCGA-24-1614	5	15532	38042764	2	2
TCGA-24-1614	5	38043560	50121236	4	2
TCGA-24-1614	5	50121623	130837063	2	0
TCGA-24-1614	5	130840385	155840486	4	0
TCGA-24-1614	5	155844176	156066227	0	0
TCGA-24-1614	5	156066227	180790320	4	0
TCGA-24-1614	6	149661	28213458	2	1
TCGA-24-1614	6	28214698	37116064	2	2
TCGA-24-1614	6	37116078	37845358	4	2
TCGA-24-1614	6	37847327	73173514	2	2
TCGA-24-1614	6	73175327	73782376	4	2
TCGA-24-1614	6	73783648	140694337	2	2
TCGA-24-1614	6	140701883	161113371	2	0
TCGA-24-1614	6	161114791	171051005	2	2
TCGA-24-1614	7	43259	26823625	3	2
TCGA-24-1614	7	26823963	64047366	2	2
TCGA-24-1614	7	64052358	75224311	4	2
TCGA-24-1614	7	75226007	84086924	2	2
TCGA-24-1614	7	84087254	85563375	4	2
TCGA-24-1614	7	85563711	126649433	2	2
TCGA-24-1614	7	126649863	127758183	4	2
TCGA-24-1614	7	127759126	159127004	2	2
TCGA-24-1614	8	31254	3504433	2	0
TCGA-24-1614	8	3504575	3525985	4	0
TCGA-24-1614	8	3527105	34832375	2	0
TCGA-24-1614	8	34838312	52820165	2	2
TCGA-24-1614	8	52820274	69142573	2	1
TCGA-24-1614	8	69142792	74439200	2	0
TCGA-24-1614	8	74439771	122486259	2	1
TCGA-24-1614	8	122488499	122515651	4	2
TCGA-24-1614	8	122515681	124158414	5	2
TCGA-24-1614	8	124158850	128568359	7	2
TCGA-24-1614	8	128568550	132357308	5	2
TCGA-24-1614	8	132358549	137301684	4	2
TCGA-24-1614	8	137302592	146298155	3	2
TCGA-24-1614	9	46587	6638130	5	0
TCGA-24-1614	9	6641324	8227771	4	0
TCGA-24-1614	9	8228166	13495361	2	0
TCGA-24-1614	9	13496905	14983786	2	2
TCGA-24-1614	9	14986602	21303883	2	0
TCGA-24-1614	9	21310588	47217176	3	2
TCGA-24-1614	9	65616971	93303146	2	1
TCGA-24-1614	9	93309082	113010850	4	1
TCGA-24-1614	9	113011039	115410069	4	3
TCGA-24-1614	9	115415500	117043107	3	0
TCGA-24-1614	9	117043352	141091394	2	0
TCGA-24-1614	10	72759	73940110	2	2
TCGA-24-1614	10	73946574	86235393	2	0
TCGA-24-1614	10	86237767	87097108	4	0
TCGA-24-1614	10	87099099	87132338	2	0
TCGA-24-1614	10	87133028	87133028	1	0
TCGA-24-1614	10	87135504	135506704	2	0
TCGA-24-1614	11	198572	3751160	1	0
TCGA-24-1614	11	3755053	134944770	2	1
TCGA-24-1614	12	150442	11915361	6	0
TCGA-24-1614	12	11915375	15125620	6	2
TCGA-24-1614	12	15125838	34854498	4	2
TCGA-24-1614	12	37857751	41365640	2	2
TCGA-24-1614	12	41365868	55895812	2	0
TCGA-24-1614	12	55896521	57586068	4	0
TCGA-24-1614	12	57592557	133778189	2	0
TCGA-24-1614	13	19026949	115108397	2	0
TCGA-24-1614	14	19002124	30686570	2	1
TCGA-24-1614	14	30686953	49377705	2	2
TCGA-24-1614	14	49384464	90259276	2	0
TCGA-24-1614	14	90263311	92310603	1	0
TCGA-24-1614	14	92315990	100587939	2	1
TCGA-24-1614	14	100592278	100774793	2	0
TCGA-24-1614	14	100777248	107285437	2	1
TCGA-24-1614	15	20016328	37146635	1	0
TCGA-24-1614	15	37146818	61236247	2	0
TCGA-24-1614	15	61236796	80345506	4	0
TCGA-24-1614	15	80345844	84861346	4	1
TCGA-24-1614	15	84861411	94712873	4	0
TCGA-24-1614	15	94717817	102469040	2	0
TCGA-24-1614	16	60777	14402715	5	2
TCGA-24-1614	16	14402843	22702837	3	2
TCGA-24-1614	16	22703751	73117297	2	2
TCGA-24-1614	16	73120941	90287535	2	0
TCGA-24-1614	17	526	44079199	2	0
TCGA-24-1614	17	44081064	49791052	4	0
TCGA-24-1614	17	49791175	81049726	6	0
TCGA-24-1614	18	48133	15401763	2	0
TCGA-24-1614	18	15402408	34005579	2	2
TCGA-24-1614	18	34005693	43958151	3	2
TCGA-24-1614	18	43958173	54319099	2	2
TCGA-24-1614	18	54322419	78015057	2	0
TCGA-24-1614	19	90910	1728501	1	0
TCGA-24-1614	19	1731831	6584989	2	0
TCGA-24-1614	19	6588501	19494058	2	2
TCGA-24-1614	19	19501000	24507172	3	1
TCGA-24-1614	19	24521623	27881186	10	0
TCGA-24-1614	19	27909876	27965515	9	4
TCGA-24-1614	19	27998566	35772899	10	1
TCGA-24-1614	19	35774556	38705142	7	1
TCGA-24-1614	19	38706989	45410473	6	1
TCGA-24-1614	19	45416967	47596677	1	0
TCGA-24-1614	19	47597260	59097854	2	0
TCGA-24-1614	20	61305	52827268	2	1
TCGA-24-1614	20	52827293	62956153	2	2
TCGA-24-1614	21	10736871	34007098	2	0
TCGA-24-1614	21	34008532	42220707	4	0
TCGA-24-1614	21	42221152	44690135	2	0
TCGA-24-1614	21	44690856	48096957	4	0
TCGA-24-1614	22	16052528	46496023	2	0
TCGA-24-1614	22	46502072	46830549	4	0
TCGA-24-1614	22	46842147	51234455	4	3
TCGA-24-1614	X	168477	8371588	2	2
TCGA-24-1614	X	8373069	8886538	4	2
TCGA-24-1614	X	8888338	28033767	2	2
TCGA-24-1614	X	28034665	31737563	4	2
TCGA-24-1614	X	31737905	32342930	3	0
TCGA-24-1614	X	32343256	53411942	4	2
TCGA-24-1614	X	53418509	126206201	2	2
TCGA-24-1614	X	126206597	126878784	4	2
TCGA-24-1614	X	126879271	155233846	2	2
