sample	chr	startpos	endpos	nMajor	nMinor
TCGA-76-6662	1	61735	203534371	1	1
TCGA-76-6662	1	203538470	205428638	28	0
TCGA-76-6662	1	205433435	234908088	1	1
TCGA-76-6662	1	234908170	235409493	22	9
TCGA-76-6662	1	235421100	249224388	1	1
TCGA-76-6662	2	12784	243089456	1	1
TCGA-76-6662	3	60345	197896118	1	1
TCGA-76-6662	4	12281	191027923	1	1
TCGA-76-6662	5	15532	180790320	1	1
TCGA-76-6662	6	149661	171051005	1	1
TCGA-76-6662	7	43259	159127004	3	1
TCGA-76-6662	8	31254	146298155	1	1
TCGA-76-6662	9	46587	15453052	1	1
TCGA-76-6662	9	15457801	16887483	3	1
TCGA-76-6662	9	16888479	141091394	1	1
TCGA-76-6662	10	72759	36863519	1	0
TCGA-76-6662	10	36863599	37113302	1	1
TCGA-76-6662	10	37117282	135506704	1	0
TCGA-76-6662	11	198572	134944770	1	1
TCGA-76-6662	12	150442	133778189	1	1
TCGA-76-6662	13	19026949	36887739	1	1
TCGA-76-6662	13	36889591	42105710	1	0
TCGA-76-6662	13	42107238	46619718	1	1
TCGA-76-6662	13	46627439	55970733	1	0
TCGA-76-6662	13	55970877	57426120	1	1
TCGA-76-6662	13	57431497	60040234	1	0
TCGA-76-6662	13	60044409	60341864	1	1
TCGA-76-6662	13	60344705	61307366	1	0
TCGA-76-6662	13	61307706	115108397	1	1
TCGA-76-6662	14	19002124	79854832	1	1
TCGA-76-6662	14	79855009	80351766	1	0
TCGA-76-6662	14	80353402	107285437	1	1
TCGA-76-6662	15	20016328	22558425	2	0
TCGA-76-6662	15	22560362	102469040	1	1
TCGA-76-6662	16	60777	90287535	1	1
TCGA-76-6662	17	526	15155057	1	0
TCGA-76-6662	17	15155295	81049726	1	1
TCGA-76-6662	18	48133	62090971	1	1
TCGA-76-6662	18	62093480	62430665	1	0
TCGA-76-6662	18	62432519	65091983	1	1
TCGA-76-6662	18	65094544	65838741	20	9
TCGA-76-6662	18	65844715	66512010	1	1
TCGA-76-6662	18	66512143	67788395	1	0
TCGA-76-6662	18	67788599	67912630	7	1
TCGA-76-6662	18	67913141	67915300	28	8
TCGA-76-6662	18	67923283	68882835	1	0
TCGA-76-6662	18	68885374	69422113	1	1
TCGA-76-6662	18	69422625	70322632	1	0
TCGA-76-6662	18	70327978	70361635	24	1
TCGA-76-6662	18	70364642	70423296	3	0
TCGA-76-6662	18	70423552	70619745	31	0
TCGA-76-6662	18	70619936	70673545	2	1
TCGA-76-6662	18	70673725	71901652	1	0
TCGA-76-6662	18	71904385	72394789	1	1
TCGA-76-6662	18	72395492	72474115	21	7
TCGA-76-6662	18	72475047	73329817	1	0
TCGA-76-6662	18	73330186	73386480	20	10
TCGA-76-6662	18	73387573	73684562	1	0
TCGA-76-6662	18	73688825	73804148	20	7
TCGA-76-6662	18	73806052	74123216	1	1
TCGA-76-6662	18	74126146	74209391	18	8
TCGA-76-6662	18	74212318	74870972	1	1
TCGA-76-6662	18	74871482	75057537	1	0
TCGA-76-6662	18	75064861	75090371	28	0
TCGA-76-6662	18	75092473	77370973	1	0
TCGA-76-6662	18	77373296	78015057	1	1
TCGA-76-6662	19	90910	31423621	1	1
TCGA-76-6662	19	31423894	59097854	1	0
TCGA-76-6662	20	61305	62956153	1	1
TCGA-76-6662	21	10736871	48096957	1	1
TCGA-76-6662	22	16052528	51234455	1	1
TCGA-76-6662	X	168477	2694240	1	1
TCGA-76-6662	X	2703391	155233846	1	0
