sample	chr	startpos	endpos	nMajor	nMinor
TCGA-ZB-A96E	1	61735	249224388	1	1
TCGA-ZB-A96E	2	12784	243089456	1	1
TCGA-ZB-A96E	3	60345	197896118	1	1
TCGA-ZB-A96E	4	12281	191027923	1	1
TCGA-ZB-A96E	5	15532	180790320	1	1
TCGA-ZB-A96E	6	149661	171051005	1	1
TCGA-ZB-A96E	7	43259	38303144	1	1
TCGA-ZB-A96E	7	38303434	38371711	1	0
TCGA-ZB-A96E	7	38377925	159127004	1	1
TCGA-ZB-A96E	8	31254	146298155	1	1
TCGA-ZB-A96E	9	46587	141091394	1	1
TCGA-ZB-A96E	10	72759	135506704	1	1
TCGA-ZB-A96E	11	198572	134944770	1	1
TCGA-ZB-A96E	12	150442	133778189	1	1
TCGA-ZB-A96E	13	19026949	115108397	1	1
TCGA-ZB-A96E	14	19002124	22855683	1	1
TCGA-ZB-A96E	14	22858234	22930787	1	0
TCGA-ZB-A96E	14	22930808	107285437	1	1
TCGA-ZB-A96E	15	20016328	102469040	1	1
TCGA-ZB-A96E	16	60777	90287535	1	1
TCGA-ZB-A96E	17	526	81049726	1	1
TCGA-ZB-A96E	18	48133	78015057	1	1
TCGA-ZB-A96E	19	90910	59097854	1	1
TCGA-ZB-A96E	20	61305	62956153	1	1
TCGA-ZB-A96E	21	10736871	48096957	1	1
TCGA-ZB-A96E	22	16052528	51234455	1	1
TCGA-ZB-A96E	X	168477	2694240	1	1
TCGA-ZB-A96E	X	2703391	155233846	1	0
