sample	chr	startpos	endpos	nMajor	nMinor
TCGA-J4-A83K	1	61735	249224388	1	1
TCGA-J4-A83K	2	12784	243089456	1	1
TCGA-J4-A83K	3	60345	197896118	1	1
TCGA-J4-A83K	4	12281	191027923	1	1
TCGA-J4-A83K	5	15532	180790320	1	1
TCGA-J4-A83K	6	149661	171051005	1	1
TCGA-J4-A83K	7	43259	159127004	1	1
TCGA-J4-A83K	8	31254	21670177	1	1
TCGA-J4-A83K	8	21672255	26210730	1	0
TCGA-J4-A83K	8	26212413	146298155	1	1
TCGA-J4-A83K	9	46587	141091394	1	1
TCGA-J4-A83K	10	72759	135506704	1	1
TCGA-J4-A83K	11	198572	134944770	1	1
TCGA-J4-A83K	12	150442	133778189	1	1
TCGA-J4-A83K	13	19026949	115108397	1	1
TCGA-J4-A83K	14	19002124	107285437	1	1
TCGA-J4-A83K	15	20016328	102469040	1	1
TCGA-J4-A83K	16	60777	90287535	1	1
TCGA-J4-A83K	17	526	81049726	1	1
TCGA-J4-A83K	18	48133	78015057	1	1
TCGA-J4-A83K	19	90910	59097854	1	1
TCGA-J4-A83K	20	61305	2868716	1	1
TCGA-J4-A83K	20	2869421	3391448	1	0
TCGA-J4-A83K	20	3391483	62956153	1	1
TCGA-J4-A83K	21	10736871	39831796	1	1
TCGA-J4-A83K	21	39832829	40676690	1	0
TCGA-J4-A83K	21	40677315	48096957	1	1
TCGA-J4-A83K	22	16052528	51234455	1	1
TCGA-J4-A83K	X	168477	2693175	1	1
TCGA-J4-A83K	X	2693624	154929498	1	0
TCGA-J4-A83K	X	154963439	155233846	1	1
