sample	chr	startpos	endpos	nMajor	nMinor
TCGA-B0-5690	1	61735	77392750	1	1
TCGA-B0-5690	1	77393184	79256884	2	0
TCGA-B0-5690	1	79258288	118974636	1	1
TCGA-B0-5690	1	118975209	119864586	2	0
TCGA-B0-5690	1	119864770	179569402	1	1
TCGA-B0-5690	1	179579038	180597001	2	0
TCGA-B0-5690	1	180597577	193960241	1	1
TCGA-B0-5690	1	193960641	194718327	2	0
TCGA-B0-5690	1	194720180	238066352	1	1
TCGA-B0-5690	1	238066613	238506546	2	0
TCGA-B0-5690	1	238506666	242930420	1	1
TCGA-B0-5690	1	242930622	244084914	2	0
TCGA-B0-5690	1	244085344	249224388	1	1
TCGA-B0-5690	2	12784	9355318	1	1
TCGA-B0-5690	2	9355743	9760223	2	0
TCGA-B0-5690	2	9761935	23865109	1	1
TCGA-B0-5690	2	23865176	25923407	2	0
TCGA-B0-5690	2	25924188	82263317	1	1
TCGA-B0-5690	2	82265028	83604796	2	0
TCGA-B0-5690	2	83608066	130106489	1	1
TCGA-B0-5690	2	130106874	130373789	2	0
TCGA-B0-5690	2	130373977	152475298	1	1
TCGA-B0-5690	2	152475317	153296161	2	0
TCGA-B0-5690	2	153296210	189884931	1	1
TCGA-B0-5690	2	189889742	190497586	2	0
TCGA-B0-5690	2	190497896	243089456	1	1
TCGA-B0-5690	3	60345	70174590	1	0
TCGA-B0-5690	3	70175261	71871268	1	1
TCGA-B0-5690	3	71872388	73895735	1	0
TCGA-B0-5690	3	73896439	98729785	1	1
TCGA-B0-5690	3	98729907	99382536	2	0
TCGA-B0-5690	3	99383411	115684970	1	1
TCGA-B0-5690	3	115685149	116327439	2	0
TCGA-B0-5690	3	116327831	125734272	1	1
TCGA-B0-5690	3	125737621	130567790	2	1
TCGA-B0-5690	3	130567906	131332854	3	0
TCGA-B0-5690	3	131335762	145902682	2	1
TCGA-B0-5690	3	145906697	147353064	3	0
TCGA-B0-5690	3	147356784	197896118	2	1
TCGA-B0-5690	4	12281	12963933	1	1
TCGA-B0-5690	4	12964150	13282967	2	0
TCGA-B0-5690	4	13282975	32405883	1	1
TCGA-B0-5690	4	32407720	34847547	2	0
TCGA-B0-5690	4	34847676	96405795	1	1
TCGA-B0-5690	4	96405913	96845030	2	0
TCGA-B0-5690	4	96846724	134623284	1	1
TCGA-B0-5690	4	134624972	135768224	2	0
TCGA-B0-5690	4	135769014	171842284	1	1
TCGA-B0-5690	4	171844461	172235925	2	0
TCGA-B0-5690	4	172236468	191027923	1	1
TCGA-B0-5690	5	15532	58579722	1	1
TCGA-B0-5690	5	58580092	59668398	2	0
TCGA-B0-5690	5	59670614	119664783	1	1
TCGA-B0-5690	5	119665338	120515028	2	0
TCGA-B0-5690	5	120515118	129050541	1	1
TCGA-B0-5690	5	129050648	131801726	2	0
TCGA-B0-5690	5	131801947	141870200	1	1
TCGA-B0-5690	5	141870609	142565658	2	0
TCGA-B0-5690	5	142565826	180790320	1	1
TCGA-B0-5690	6	149661	13226844	1	1
TCGA-B0-5690	6	13228642	13737505	2	0
TCGA-B0-5690	6	13738442	28648083	1	1
TCGA-B0-5690	6	28648271	30093364	2	0
TCGA-B0-5690	6	30093744	67848659	1	1
TCGA-B0-5690	6	67848931	68508945	2	0
TCGA-B0-5690	6	68509030	93825963	1	1
TCGA-B0-5690	6	93826168	94846228	2	0
TCGA-B0-5690	6	94846606	169895260	1	1
TCGA-B0-5690	6	169895362	170559546	2	0
TCGA-B0-5690	6	170559969	171051005	1	1
TCGA-B0-5690	7	43259	78748004	1	1
TCGA-B0-5690	7	78751230	79771143	2	0
TCGA-B0-5690	7	79772012	94328070	1	1
TCGA-B0-5690	7	94329212	94892203	2	0
TCGA-B0-5690	7	94893033	108105835	1	1
TCGA-B0-5690	7	108105883	109101556	2	0
TCGA-B0-5690	7	109101823	119421382	1	1
TCGA-B0-5690	7	119424298	120469629	2	0
TCGA-B0-5690	7	120474574	133767165	1	1
TCGA-B0-5690	7	133770607	134114296	2	0
TCGA-B0-5690	7	134117873	159127004	1	1
TCGA-B0-5690	8	31254	346294	2	0
TCGA-B0-5690	8	346523	23770162	1	1
TCGA-B0-5690	8	23770414	24837756	2	0
TCGA-B0-5690	8	24838329	30580127	1	1
TCGA-B0-5690	8	30580615	32080541	2	0
TCGA-B0-5690	8	32081463	52536828	1	1
TCGA-B0-5690	8	52537205	53318644	2	0
TCGA-B0-5690	8	53320710	64618026	1	1
TCGA-B0-5690	8	64618629	65793214	2	0
TCGA-B0-5690	8	65793541	79134097	1	1
TCGA-B0-5690	8	79134826	80402239	2	0
TCGA-B0-5690	8	80402269	106778214	1	1
TCGA-B0-5690	8	106778526	107407997	2	0
TCGA-B0-5690	8	107412205	110330127	1	1
TCGA-B0-5690	8	110331967	112596839	2	0
TCGA-B0-5690	8	112597231	146013925	1	1
TCGA-B0-5690	8	146015749	146298155	2	0
TCGA-B0-5690	9	46587	47217176	1	1
TCGA-B0-5690	9	65616971	71189502	1	0
TCGA-B0-5690	9	71193270	76295749	1	1
TCGA-B0-5690	9	76295880	76973984	2	0
TCGA-B0-5690	9	76974920	141091394	1	1
TCGA-B0-5690	10	72759	36885562	1	1
TCGA-B0-5690	10	36885746	44481625	1	0
TCGA-B0-5690	10	44482457	45177821	2	0
TCGA-B0-5690	10	45177834	92322842	1	1
TCGA-B0-5690	10	92322854	92871894	2	0
TCGA-B0-5690	10	92871987	135506704	1	1
TCGA-B0-5690	11	198572	277099	2	0
TCGA-B0-5690	11	283928	46928345	1	1
TCGA-B0-5690	11	46934154	56221406	2	0
TCGA-B0-5690	11	56228448	134944770	1	1
TCGA-B0-5690	12	150442	41695906	1	1
TCGA-B0-5690	12	41696122	41998201	2	0
TCGA-B0-5690	12	42000487	104208868	1	1
TCGA-B0-5690	12	104210038	104971574	2	0
TCGA-B0-5690	12	104972207	133778189	1	1
TCGA-B0-5690	13	19026949	115108397	2	1
TCGA-B0-5690	14	19002124	64486554	1	1
TCGA-B0-5690	14	64491695	65253796	2	0
TCGA-B0-5690	14	65254054	107285437	1	1
TCGA-B0-5690	15	20016328	22836897	2	0
TCGA-B0-5690	15	22837457	43256227	1	1
TCGA-B0-5690	15	43260407	45968535	2	0
TCGA-B0-5690	15	45968855	56069775	1	1
TCGA-B0-5690	15	56069794	57606873	2	0
TCGA-B0-5690	15	57608304	74546676	1	1
TCGA-B0-5690	15	74555097	75474936	2	0
TCGA-B0-5690	15	75478474	87474628	1	1
TCGA-B0-5690	15	87477584	88109932	2	0
TCGA-B0-5690	15	88111005	102469040	1	1
TCGA-B0-5690	16	60777	90287535	1	1
TCGA-B0-5690	17	526	81049726	1	1
TCGA-B0-5690	18	48133	1349113	1	1
TCGA-B0-5690	18	1349622	1898350	2	0
TCGA-B0-5690	18	1900057	78015057	1	1
TCGA-B0-5690	19	90910	58614021	1	1
TCGA-B0-5690	19	58614089	59097854	2	0
TCGA-B0-5690	20	61305	21019305	1	1
TCGA-B0-5690	20	21021551	22215722	2	0
TCGA-B0-5690	20	22219533	24648255	1	1
TCGA-B0-5690	20	24648410	24938195	2	0
TCGA-B0-5690	20	24938752	36922183	1	1
TCGA-B0-5690	20	36923682	38429773	2	0
TCGA-B0-5690	20	38435302	62956153	1	1
TCGA-B0-5690	21	10736871	48096957	1	1
TCGA-B0-5690	22	16052528	51234455	1	1
TCGA-B0-5690	X	168477	3942684	1	1
TCGA-B0-5690	X	3944402	4576808	2	0
TCGA-B0-5690	X	4576866	5745268	1	1
TCGA-B0-5690	X	5746442	8488569	2	1
TCGA-B0-5690	X	8491028	24767694	1	1
TCGA-B0-5690	X	24767868	25692600	2	0
TCGA-B0-5690	X	25698948	35704072	1	1
TCGA-B0-5690	X	35710820	37790464	2	0
TCGA-B0-5690	X	37792159	49106272	1	1
TCGA-B0-5690	X	49109391	50512905	2	0
TCGA-B0-5690	X	50513027	56357864	1	1
TCGA-B0-5690	X	56359452	65111011	2	0
TCGA-B0-5690	X	65113338	83488040	1	1
TCGA-B0-5690	X	83488699	85061942	2	0
TCGA-B0-5690	X	85062739	86645024	1	1
TCGA-B0-5690	X	86645539	87454721	2	0
TCGA-B0-5690	X	87455171	94732131	1	1
TCGA-B0-5690	X	94735002	95734511	2	0
TCGA-B0-5690	X	95735406	107429521	1	1
TCGA-B0-5690	X	107432957	111448754	2	0
TCGA-B0-5690	X	111450015	124843287	1	1
TCGA-B0-5690	X	124844306	125925093	2	0
TCGA-B0-5690	X	125927624	132348827	1	1
TCGA-B0-5690	X	132353216	135107008	2	0
TCGA-B0-5690	X	135107071	155233846	1	1
