sample	chr	startpos	endpos	nMajor	nMinor
TCGA-HZ-A49I	1	61735	249224388	2	2
TCGA-HZ-A49I	2	12784	33331778	1	1
TCGA-HZ-A49I	2	33333871	35833642	2	2
TCGA-HZ-A49I	2	35833914	96214802	2	0
TCGA-HZ-A49I	2	96218511	243089456	2	2
TCGA-HZ-A49I	3	60345	197896118	2	2
TCGA-HZ-A49I	4	12281	22181664	2	0
TCGA-HZ-A49I	4	22182872	30774308	2	2
TCGA-HZ-A49I	4	30774359	46372483	2	0
TCGA-HZ-A49I	4	46372566	95068177	2	2
TCGA-HZ-A49I	4	95071399	96240018	1	1
TCGA-HZ-A49I	4	96240141	105493321	2	2
TCGA-HZ-A49I	4	105493491	106760931	1	1
TCGA-HZ-A49I	4	106765124	110694252	2	2
TCGA-HZ-A49I	4	110694376	113445699	2	1
TCGA-HZ-A49I	4	113452037	159334522	2	2
TCGA-HZ-A49I	4	159343944	164276613	2	0
TCGA-HZ-A49I	4	164277270	164988919	2	2
TCGA-HZ-A49I	4	164991752	165661151	2	0
TCGA-HZ-A49I	4	165661477	184189841	2	2
TCGA-HZ-A49I	4	184190233	185211323	1	1
TCGA-HZ-A49I	4	185211829	191027923	2	2
TCGA-HZ-A49I	5	15532	180790320	2	2
TCGA-HZ-A49I	6	149661	6307443	2	0
TCGA-HZ-A49I	6	6307578	11702281	2	2
TCGA-HZ-A49I	6	11703500	26955750	2	0
TCGA-HZ-A49I	6	26958784	66132509	2	2
TCGA-HZ-A49I	6	66132548	67212912	3	0
TCGA-HZ-A49I	6	67212998	67654372	3	3
TCGA-HZ-A49I	6	67654492	69360603	2	2
TCGA-HZ-A49I	6	69361836	80388268	2	0
TCGA-HZ-A49I	6	80390061	98257705	2	2
TCGA-HZ-A49I	6	98258442	100337956	2	1
TCGA-HZ-A49I	6	100338714	171051005	2	2
TCGA-HZ-A49I	7	43259	159127004	2	2
TCGA-HZ-A49I	8	31254	9601313	2	2
TCGA-HZ-A49I	8	9601367	10331551	2	0
TCGA-HZ-A49I	8	10331636	100293567	2	2
TCGA-HZ-A49I	8	100293743	113936492	2	0
TCGA-HZ-A49I	8	113942244	146298155	2	2
TCGA-HZ-A49I	9	46587	47217176	1	1
TCGA-HZ-A49I	9	65616971	88769857	2	2
TCGA-HZ-A49I	9	88777735	90779262	2	0
TCGA-HZ-A49I	9	90780151	141091394	2	2
TCGA-HZ-A49I	10	72759	135506704	2	2
TCGA-HZ-A49I	11	198572	134944770	2	2
TCGA-HZ-A49I	12	150442	22728641	1	1
TCGA-HZ-A49I	12	22731644	24290997	3	2
TCGA-HZ-A49I	12	24291232	24799174	12	2
TCGA-HZ-A49I	12	24800775	25126588	8	2
TCGA-HZ-A49I	12	25131905	25976551	3	3
TCGA-HZ-A49I	12	25982441	28817150	2	2
TCGA-HZ-A49I	12	28817752	39138472	2	1
TCGA-HZ-A49I	12	39150601	40601708	13	3
TCGA-HZ-A49I	12	40601808	41587972	20	2
TCGA-HZ-A49I	12	41588124	43138045	4	4
TCGA-HZ-A49I	12	43142996	49348512	2	2
TCGA-HZ-A49I	12	49349005	52516410	2	1
TCGA-HZ-A49I	12	52516466	53340393	1	1
TCGA-HZ-A49I	12	53344830	57138373	3	2
TCGA-HZ-A49I	12	57148441	63528815	2	2
TCGA-HZ-A49I	12	63529248	65519266	3	3
TCGA-HZ-A49I	12	65522110	70905258	3	2
TCGA-HZ-A49I	12	70905354	71675002	7	2
TCGA-HZ-A49I	12	71675574	75839070	2	2
TCGA-HZ-A49I	12	75843903	133778189	1	1
TCGA-HZ-A49I	13	19026949	115108397	2	2
TCGA-HZ-A49I	14	19002124	107285437	2	2
TCGA-HZ-A49I	15	20016328	102469040	2	2
TCGA-HZ-A49I	16	60777	90287535	2	2
TCGA-HZ-A49I	17	526	14983894	2	0
TCGA-HZ-A49I	17	14984330	16278567	60	2
TCGA-HZ-A49I	17	16279572	16477969	36	2
TCGA-HZ-A49I	17	16481933	19093560	5	1
TCGA-HZ-A49I	17	19130231	25316443	1	1
TCGA-HZ-A49I	17	25316463	81049726	2	2
TCGA-HZ-A49I	18	48133	20141946	2	2
TCGA-HZ-A49I	18	20142641	78015057	1	1
TCGA-HZ-A49I	19	90910	24521623	2	2
TCGA-HZ-A49I	19	24582577	29244985	1	1
TCGA-HZ-A49I	19	29247283	34165667	3	3
TCGA-HZ-A49I	19	34165774	37481153	2	2
TCGA-HZ-A49I	19	37482151	41733145	8	2
TCGA-HZ-A49I	19	41734059	59097854	1	1
TCGA-HZ-A49I	20	61305	21984428	1	1
TCGA-HZ-A49I	20	21987823	62956153	2	2
TCGA-HZ-A49I	21	10736871	48096957	2	2
TCGA-HZ-A49I	22	16052528	51234455	2	2
TCGA-HZ-A49I	X	168477	2686502	4	2
TCGA-HZ-A49I	X	2688542	2706944	4	0
TCGA-HZ-A49I	X	2707734	155233846	2	0
