sample	chr	startpos	endpos	nMajor	nMinor
TCGA-P3-A6T0	1	61735	249224388	1	1
TCGA-P3-A6T0	2	12784	133500508	1	1
TCGA-P3-A6T0	2	133501302	133689273	1	0
TCGA-P3-A6T0	2	133689378	243089456	1	1
TCGA-P3-A6T0	3	60345	197896118	1	1
TCGA-P3-A6T0	4	12281	169491209	1	1
TCGA-P3-A6T0	4	169496704	191027923	2	0
TCGA-P3-A6T0	5	15532	180790320	1	1
TCGA-P3-A6T0	6	149661	171051005	1	1
TCGA-P3-A6T0	7	43259	159127004	1	1
TCGA-P3-A6T0	8	31254	305218	2	0
TCGA-P3-A6T0	8	306476	146298155	1	1
TCGA-P3-A6T0	9	46587	19913609	2	0
TCGA-P3-A6T0	9	19914526	21996996	0	0
TCGA-P3-A6T0	9	21997723	31102362	2	0
TCGA-P3-A6T0	9	31104367	141091394	1	1
TCGA-P3-A6T0	10	72759	9876837	2	1
TCGA-P3-A6T0	10	9881580	10763798	1	1
TCGA-P3-A6T0	10	10764397	16477166	2	1
TCGA-P3-A6T0	10	16478392	16852667	1	1
TCGA-P3-A6T0	10	16853076	18555673	2	1
TCGA-P3-A6T0	10	18555987	42501934	1	1
TCGA-P3-A6T0	10	42502346	44207709	1	0
TCGA-P3-A6T0	10	44208251	45052108	1	1
TCGA-P3-A6T0	10	45053011	135506704	1	0
TCGA-P3-A6T0	11	198572	134944770	1	1
TCGA-P3-A6T0	12	150442	133778189	1	1
TCGA-P3-A6T0	13	19026949	115108397	1	1
TCGA-P3-A6T0	14	19002124	107285437	1	1
TCGA-P3-A6T0	15	20016328	102469040	1	1
TCGA-P3-A6T0	16	60777	90287535	1	1
TCGA-P3-A6T0	17	526	81049726	1	1
TCGA-P3-A6T0	18	48133	78015057	1	1
TCGA-P3-A6T0	19	90910	20318738	2	0
TCGA-P3-A6T0	19	20319941	59097854	1	1
TCGA-P3-A6T0	20	61305	62956153	2	1
TCGA-P3-A6T0	21	10736871	48096957	1	1
TCGA-P3-A6T0	22	16052528	18644701	1	0
TCGA-P3-A6T0	22	18648880	20994037	2	1
TCGA-P3-A6T0	22	20994186	22298378	4	1
TCGA-P3-A6T0	22	22303413	23112751	1	1
TCGA-P3-A6T0	22	23113092	51234455	1	0
TCGA-P3-A6T0	X	168477	155233846	1	1
