sample	chr	startpos	endpos	nMajor	nMinor
TCGA-3A-A9J0	1	61735	7058085	2	1
TCGA-3A-A9J0	1	7058753	10731208	1	1
TCGA-3A-A9J0	1	10731260	16943613	2	1
TCGA-3A-A9J0	1	16943638	23156289	1	1
TCGA-3A-A9J0	1	23158122	27545379	2	1
TCGA-3A-A9J0	1	27547878	30839895	1	1
TCGA-3A-A9J0	1	30841692	55865582	2	1
TCGA-3A-A9J0	1	55865791	56151009	3	1
TCGA-3A-A9J0	1	56151474	118281929	2	1
TCGA-3A-A9J0	1	118282300	121482979	3	2
TCGA-3A-A9J0	1	144007049	194320491	2	2
TCGA-3A-A9J0	1	194321627	221718224	2	0
TCGA-3A-A9J0	1	221718577	249224388	2	2
TCGA-3A-A9J0	2	12784	4952078	2	1
TCGA-3A-A9J0	2	4952545	171130071	2	2
TCGA-3A-A9J0	2	171135402	171621385	2	0
TCGA-3A-A9J0	2	171629905	243089456	2	2
TCGA-3A-A9J0	3	60345	82168314	2	2
TCGA-3A-A9J0	3	82175389	82958087	21	1
TCGA-3A-A9J0	3	82960316	197896118	2	2
TCGA-3A-A9J0	4	12281	183048894	2	1
TCGA-3A-A9J0	4	183048903	191027923	1	1
TCGA-3A-A9J0	5	15532	2491809	3	1
TCGA-3A-A9J0	5	2492890	25886915	3	0
TCGA-3A-A9J0	5	25894989	25924003	0	0
TCGA-3A-A9J0	5	25928963	180790320	3	0
TCGA-3A-A9J0	6	149661	171051005	2	1
TCGA-3A-A9J0	7	43259	159127004	2	2
TCGA-3A-A9J0	8	31254	2502576	1	0
TCGA-3A-A9J0	8	2502827	61558678	1	1
TCGA-3A-A9J0	8	61559253	62373954	1	0
TCGA-3A-A9J0	8	62377604	77631295	1	1
TCGA-3A-A9J0	8	77631769	81705467	2	1
TCGA-3A-A9J0	8	81710379	146298155	1	1
TCGA-3A-A9J0	9	46587	11982922	1	0
TCGA-3A-A9J0	9	11984852	21312166	2	0
TCGA-3A-A9J0	9	21314987	22020523	0	0
TCGA-3A-A9J0	9	22023795	95463238	2	0
TCGA-3A-A9J0	9	95471738	95688099	0	0
TCGA-3A-A9J0	9	95689158	141091394	2	0
TCGA-3A-A9J0	10	72759	3390506	2	0
TCGA-3A-A9J0	10	3390575	135506704	3	0
TCGA-3A-A9J0	11	198572	2306026	2	1
TCGA-3A-A9J0	11	2306168	3687985	2	0
TCGA-3A-A9J0	11	3690183	50302244	2	1
TCGA-3A-A9J0	11	50343842	51238712	6	3
TCGA-3A-A9J0	11	51267021	79555631	2	1
TCGA-3A-A9J0	11	79556810	80743018	3	1
TCGA-3A-A9J0	11	80743059	134944770	2	1
TCGA-3A-A9J0	12	150442	24051070	2	0
TCGA-3A-A9J0	12	24052008	24358653	4	0
TCGA-3A-A9J0	12	24358865	133778189	2	0
TCGA-3A-A9J0	13	19026949	115108397	3	2
TCGA-3A-A9J0	14	19002124	21153299	3	1
TCGA-3A-A9J0	14	21153788	29331662	1	0
TCGA-3A-A9J0	14	29334451	34377716	2	0
TCGA-3A-A9J0	14	34378886	107285437	3	2
TCGA-3A-A9J0	15	20016328	24181808	1	0
TCGA-3A-A9J0	15	24181808	24879332	3	0
TCGA-3A-A9J0	15	24886177	29900104	2	0
TCGA-3A-A9J0	15	29900518	47483688	4	0
TCGA-3A-A9J0	15	47485203	48118961	5	1
TCGA-3A-A9J0	15	48119168	76011147	4	2
TCGA-3A-A9J0	15	76015315	86416814	3	2
TCGA-3A-A9J0	15	86420195	88592472	4	3
TCGA-3A-A9J0	15	88594095	98969618	3	3
TCGA-3A-A9J0	15	98971032	102162908	6	2
TCGA-3A-A9J0	15	102165080	102469040	2	0
TCGA-3A-A9J0	16	60777	64430766	2	2
TCGA-3A-A9J0	16	64431811	66294764	3	2
TCGA-3A-A9J0	16	66294804	78798236	2	2
TCGA-3A-A9J0	16	78798367	79007413	2	1
TCGA-3A-A9J0	16	79007875	90287535	2	2
TCGA-3A-A9J0	17	526	12021284	2	0
TCGA-3A-A9J0	17	12021821	12464282	0	0
TCGA-3A-A9J0	17	12470459	25316463	2	0
TCGA-3A-A9J0	17	25317154	29274341	2	2
TCGA-3A-A9J0	17	29277114	29574700	13	3
TCGA-3A-A9J0	17	29578360	37726765	2	1
TCGA-3A-A9J0	17	37736785	38047471	54	13
TCGA-3A-A9J0	17	38052565	38070001	3	0
TCGA-3A-A9J0	17	38077601	60401324	2	1
TCGA-3A-A9J0	17	60404906	73343945	3	1
TCGA-3A-A9J0	17	73344711	77507897	3	2
TCGA-3A-A9J0	17	77509815	81049726	3	1
TCGA-3A-A9J0	18	48133	19882028	1	1
TCGA-3A-A9J0	18	19882403	48374127	1	0
TCGA-3A-A9J0	18	48374186	48522269	0	0
TCGA-3A-A9J0	18	48523064	71660793	1	0
TCGA-3A-A9J0	18	71662418	78015057	0	0
TCGA-3A-A9J0	19	90910	24356260	2	0
TCGA-3A-A9J0	19	24356307	59097854	3	0
TCGA-3A-A9J0	20	61305	62956153	3	1
TCGA-3A-A9J0	21	10736871	48096957	2	0
TCGA-3A-A9J0	22	16052528	27376530	3	0
TCGA-3A-A9J0	22	27377569	27779409	2	0
TCGA-3A-A9J0	22	27782226	34259910	3	0
TCGA-3A-A9J0	22	34259921	48324828	4	0
TCGA-3A-A9J0	22	48325524	51234455	3	0
TCGA-3A-A9J0	X	168477	2694240	1	1
TCGA-3A-A9J0	X	2703391	155233846	1	0
