sample	chr	startpos	endpos	nMajor	nMinor
TCGA-CD-5800	1	61735	16795201	1	1
TCGA-CD-5800	1	16796721	42105218	2	1
TCGA-CD-5800	1	42108750	42826154	2	0
TCGA-CD-5800	1	42826347	119875105	2	1
TCGA-CD-5800	1	119875521	187794952	3	2
TCGA-CD-5800	1	187795853	234809732	2	2
TCGA-CD-5800	1	234812024	235128860	5	2
TCGA-CD-5800	1	235130526	239699830	3	2
TCGA-CD-5800	1	239700321	246300348	2	1
TCGA-CD-5800	1	246303128	246428951	1	0
TCGA-CD-5800	1	246429058	249224388	2	1
TCGA-CD-5800	2	12784	20260548	3	1
TCGA-CD-5800	2	20270027	21084332	3	3
TCGA-CD-5800	2	21084737	24230020	2	2
TCGA-CD-5800	2	24230839	45681165	3	1
TCGA-CD-5800	2	45682271	46080228	4	1
TCGA-CD-5800	2	46082870	54654846	3	1
TCGA-CD-5800	2	54658234	54896019	4	1
TCGA-CD-5800	2	54897588	64319528	3	1
TCGA-CD-5800	2	64319946	86653699	2	1
TCGA-CD-5800	2	86654891	120311353	2	2
TCGA-CD-5800	2	120314715	232835410	2	1
TCGA-CD-5800	2	232835711	243089456	1	1
TCGA-CD-5800	3	60345	1843015	1	1
TCGA-CD-5800	3	1847356	4230309	3	1
TCGA-CD-5800	3	4230372	51276349	2	1
TCGA-CD-5800	3	51279929	60253361	1	1
TCGA-CD-5800	3	60253587	60464180	1	0
TCGA-CD-5800	3	60464275	73340078	1	1
TCGA-CD-5800	3	73340114	111942867	2	1
TCGA-CD-5800	3	111943216	118772951	2	0
TCGA-CD-5800	3	118773475	177117485	2	1
TCGA-CD-5800	3	177120180	193428567	3	2
TCGA-CD-5800	3	193428878	193975868	4	4
TCGA-CD-5800	3	193976071	197896118	3	2
TCGA-CD-5800	4	12281	37784700	2	1
TCGA-CD-5800	4	37785525	38477280	3	2
TCGA-CD-5800	4	38477590	90478997	2	1
TCGA-CD-5800	4	90484894	91547985	3	2
TCGA-CD-5800	4	91549215	191027923	2	1
TCGA-CD-5800	5	15532	256459	2	1
TCGA-CD-5800	5	265631	1744484	8	1
TCGA-CD-5800	5	1749215	11807041	4	1
TCGA-CD-5800	5	11807088	36808966	3	1
TCGA-CD-5800	5	36809746	49561228	2	1
TCGA-CD-5800	5	49564628	114043749	1	1
TCGA-CD-5800	5	114044147	114721081	2	1
TCGA-CD-5800	5	114722966	180790320	1	1
TCGA-CD-5800	6	149661	1715726	3	0
TCGA-CD-5800	6	1716710	2167421	1	0
TCGA-CD-5800	6	2175354	19435682	3	1
TCGA-CD-5800	6	19436035	26663727	3	2
TCGA-CD-5800	6	26664532	38130315	2	0
TCGA-CD-5800	6	38133030	54290821	3	0
TCGA-CD-5800	6	54299470	124035283	3	1
TCGA-CD-5800	6	124037062	125333673	2	0
TCGA-CD-5800	6	125333797	132793957	3	1
TCGA-CD-5800	6	132797666	133241209	4	1
TCGA-CD-5800	6	133243132	138910102	3	1
TCGA-CD-5800	6	138920190	148030438	4	1
TCGA-CD-5800	6	148031484	148661881	2	1
TCGA-CD-5800	6	148662696	149286598	4	1
TCGA-CD-5800	6	149286682	154462179	2	1
TCGA-CD-5800	6	154462378	157144643	3	2
TCGA-CD-5800	6	157145425	171051005	2	0
TCGA-CD-5800	7	43259	55174598	2	1
TCGA-CD-5800	7	55174690	75354843	3	2
TCGA-CD-5800	7	75357339	88413385	1	1
TCGA-CD-5800	7	88413578	159127004	2	2
TCGA-CD-5800	8	31254	43767226	2	0
TCGA-CD-5800	8	43778914	66491676	4	2
TCGA-CD-5800	8	66493742	69124249	6	2
TCGA-CD-5800	8	69124264	146298155	4	2
TCGA-CD-5800	9	46587	2214608	1	1
TCGA-CD-5800	9	2216737	47217176	2	1
TCGA-CD-5800	9	65616971	76226370	2	0
TCGA-CD-5800	9	76227214	114898918	2	1
TCGA-CD-5800	9	114899783	114968200	2	0
TCGA-CD-5800	9	114969523	141091394	2	2
TCGA-CD-5800	10	72759	42819950	2	1
TCGA-CD-5800	10	42820285	63442235	2	0
TCGA-CD-5800	10	63447289	63974229	3	0
TCGA-CD-5800	10	63978200	75415416	2	0
TCGA-CD-5800	10	75416789	108078037	2	2
TCGA-CD-5800	10	108079088	135506704	2	1
TCGA-CD-5800	11	198572	5853643	1	1
TCGA-CD-5800	11	5857232	13060337	2	1
TCGA-CD-5800	11	13061030	13317236	3	1
TCGA-CD-5800	11	13317553	57416323	2	1
TCGA-CD-5800	11	57418324	81582595	3	1
TCGA-CD-5800	11	81582739	85214349	2	2
TCGA-CD-5800	11	85218589	134944770	3	0
TCGA-CD-5800	12	150442	1077860	4	0
TCGA-CD-5800	12	1078103	41711796	2	0
TCGA-CD-5800	12	41711998	133778189	2	1
TCGA-CD-5800	13	19026949	42309974	2	1
TCGA-CD-5800	13	42310883	60050288	2	2
TCGA-CD-5800	13	60052744	109338155	4	2
TCGA-CD-5800	13	109339449	115108397	6	2
TCGA-CD-5800	14	19002124	26161873	2	1
TCGA-CD-5800	14	26164336	26289947	8	0
TCGA-CD-5800	14	26295400	26345433	4	2
TCGA-CD-5800	14	26345649	27631006	18	2
TCGA-CD-5800	14	27633647	66312838	2	1
TCGA-CD-5800	14	66321184	68410199	2	2
TCGA-CD-5800	14	68414034	69235489	7	3
TCGA-CD-5800	14	69237208	73032750	2	0
TCGA-CD-5800	14	73032814	75540946	2	1
TCGA-CD-5800	14	75541575	75987710	4	1
TCGA-CD-5800	14	75989256	107285437	2	1
TCGA-CD-5800	15	20016328	59221108	2	1
TCGA-CD-5800	15	59223205	59829749	2	0
TCGA-CD-5800	15	59830770	84653796	2	1
TCGA-CD-5800	15	84658455	86148313	10	2
TCGA-CD-5800	15	86148390	86761347	6	2
TCGA-CD-5800	15	86764487	102469040	4	2
TCGA-CD-5800	16	60777	3731347	2	0
TCGA-CD-5800	16	3741562	5539008	2	1
TCGA-CD-5800	16	5539511	11535788	3	1
TCGA-CD-5800	16	11535939	18643217	2	2
TCGA-CD-5800	16	18665840	35283226	2	1
TCGA-CD-5800	16	46463782	78517164	1	1
TCGA-CD-5800	16	78518682	78622688	1	0
TCGA-CD-5800	16	78622887	78712398	0	0
TCGA-CD-5800	16	78712617	90287535	1	1
TCGA-CD-5800	17	526	2311629	2	0
TCGA-CD-5800	17	2312354	2840608	1	0
TCGA-CD-5800	17	2840790	13086037	2	0
TCGA-CD-5800	17	13090326	13732426	1	0
TCGA-CD-5800	17	13733806	18899418	3	0
TCGA-CD-5800	17	18901586	22214014	2	0
TCGA-CD-5800	17	22216940	35330277	3	2
TCGA-CD-5800	17	35330382	37708841	3	3
TCGA-CD-5800	17	37709522	37992018	8	8
TCGA-CD-5800	17	37992064	40305758	5	2
TCGA-CD-5800	17	40318734	43141756	3	0
TCGA-CD-5800	17	43142664	45303079	3	1
TCGA-CD-5800	17	45303508	46990058	3	2
TCGA-CD-5800	17	46991937	57157567	2	1
TCGA-CD-5800	17	57159747	76754178	5	1
TCGA-CD-5800	17	76755027	81049726	3	1
TCGA-CD-5800	18	48133	1359325	5	1
TCGA-CD-5800	18	1359989	1794581	1	1
TCGA-CD-5800	18	1796710	4499017	5	1
TCGA-CD-5800	18	4501095	6796191	1	1
TCGA-CD-5800	18	6800474	7943335	5	1
TCGA-CD-5800	18	7944800	8161470	9	1
TCGA-CD-5800	18	8162026	8823080	5	1
TCGA-CD-5800	18	8823119	10460164	1	1
TCGA-CD-5800	18	10463468	10632787	5	1
TCGA-CD-5800	18	10636500	13516802	1	1
TCGA-CD-5800	18	13518546	13638962	15	3
TCGA-CD-5800	18	13638962	13697293	10	6
TCGA-CD-5800	18	13702794	14960409	2	1
TCGA-CD-5800	18	14961870	22238154	5	1
TCGA-CD-5800	18	22239376	22787466	1	1
TCGA-CD-5800	18	22791049	23006549	4	1
TCGA-CD-5800	18	23007589	23198706	8	1
TCGA-CD-5800	18	23198863	24701822	5	1
TCGA-CD-5800	18	24702388	24982471	1	1
TCGA-CD-5800	18	24983381	27353980	5	1
TCGA-CD-5800	18	27355474	28263850	8	1
TCGA-CD-5800	18	28264855	30899261	4	1
TCGA-CD-5800	18	30902494	36913825	12	1
TCGA-CD-5800	18	36914328	39531350	8	1
TCGA-CD-5800	18	39534663	40674927	12	1
TCGA-CD-5800	18	40675690	41216721	6	1
TCGA-CD-5800	18	41219278	62499687	1	1
TCGA-CD-5800	18	62499778	78015057	3	1
TCGA-CD-5800	19	90910	4742552	1	1
TCGA-CD-5800	19	4743014	5545344	2	1
TCGA-CD-5800	19	5556913	6226006	7	1
TCGA-CD-5800	19	6228217	10125147	1	0
TCGA-CD-5800	19	10125582	10355515	3	1
TCGA-CD-5800	19	10356312	11411898	6	1
TCGA-CD-5800	19	11414351	12352553	20	1
TCGA-CD-5800	19	12353830	14356899	1	0
TCGA-CD-5800	19	14365437	16089418	6	1
TCGA-CD-5800	19	16095454	19526732	2	2
TCGA-CD-5800	19	19527312	20725609	7	1
TCGA-CD-5800	19	20726622	21145394	3	2
TCGA-CD-5800	19	21145752	21495775	1	0
TCGA-CD-5800	19	21495804	23345279	5	2
TCGA-CD-5800	19	23353024	23382959	3	0
TCGA-CD-5800	19	23382990	23383723	1	0
TCGA-CD-5800	19	23387840	28072959	2	1
TCGA-CD-5800	19	28080422	29124524	2	0
TCGA-CD-5800	19	29126636	30326294	42	3
TCGA-CD-5800	19	30326771	30906979	17	2
TCGA-CD-5800	19	30907789	44633157	2	0
TCGA-CD-5800	19	44635834	59097854	3	0
TCGA-CD-5800	20	61305	12041678	2	2
TCGA-CD-5800	20	12043071	14035748	3	2
TCGA-CD-5800	20	14040458	14542681	2	0
TCGA-CD-5800	20	14542859	15018622	3	2
TCGA-CD-5800	20	15020018	15201680	2	0
TCGA-CD-5800	20	15205396	16116624	3	2
TCGA-CD-5800	20	16118290	24630360	2	2
TCGA-CD-5800	20	24636082	48648548	3	2
TCGA-CD-5800	20	48657747	49259815	4	3
TCGA-CD-5800	20	49261044	62956153	3	2
TCGA-CD-5800	21	10736871	16982550	2	2
TCGA-CD-5800	21	16984743	29707417	2	1
TCGA-CD-5800	21	29708824	30060474	1	1
TCGA-CD-5800	21	30060546	35423738	2	1
TCGA-CD-5800	21	35425083	43656084	2	2
TCGA-CD-5800	21	43657248	44077237	3	3
TCGA-CD-5800	21	44078102	45341732	2	2
TCGA-CD-5800	21	45341921	46159279	2	1
TCGA-CD-5800	21	46159682	48096957	2	2
TCGA-CD-5800	22	16052528	51234455	2	0
TCGA-CD-5800	X	168477	72844995	2	1
TCGA-CD-5800	X	72854130	155233846	2	0
