sample	chr	startpos	endpos	nMajor	nMinor
TCGA-CV-6961-a	1	61735	121482979	1	1
TCGA-CV-6961-a	1	144007049	249224388	2	0
TCGA-CV-6961-a	2	12784	142641628	1	1
TCGA-CV-6961-a	2	142643778	142705429	1	0
TCGA-CV-6961-a	2	142707597	243089456	1	1
TCGA-CV-6961-a	3	60345	16631439	1	0
TCGA-CV-6961-a	3	16636180	16814758	1	1
TCGA-CV-6961-a	3	16817456	28041057	1	0
TCGA-CV-6961-a	3	28042322	28106892	1	1
TCGA-CV-6961-a	3	28108616	34840553	1	0
TCGA-CV-6961-a	3	34841244	34940818	1	1
TCGA-CV-6961-a	3	34941006	54304191	1	0
TCGA-CV-6961-a	3	54307163	54444039	1	1
TCGA-CV-6961-a	3	54455806	71217055	1	0
TCGA-CV-6961-a	3	71219794	71414365	0	0
TCGA-CV-6961-a	3	71417200	93523357	1	0
TCGA-CV-6961-a	3	93526657	167086796	3	0
TCGA-CV-6961-a	3	167087001	197896118	5	0
TCGA-CV-6961-a	4	12281	39328870	1	0
TCGA-CV-6961-a	4	39342478	191027923	1	1
TCGA-CV-6961-a	5	15532	46389273	3	1
TCGA-CV-6961-a	5	49432831	50095022	2	0
TCGA-CV-6961-a	5	50095760	177910253	1	1
TCGA-CV-6961-a	5	177910387	180790320	2	1
TCGA-CV-6961-a	6	149661	171051005	1	1
TCGA-CV-6961-a	7	43259	11733818	2	1
TCGA-CV-6961-a	7	11734831	17356710	1	1
TCGA-CV-6961-a	7	17358244	17629917	2	1
TCGA-CV-6961-a	7	17629998	101729795	1	1
TCGA-CV-6961-a	7	101730011	159127004	1	0
TCGA-CV-6961-a	8	31254	4663171	1	1
TCGA-CV-6961-a	8	4663337	4813626	1	0
TCGA-CV-6961-a	8	4817188	145705382	1	1
TCGA-CV-6961-a	8	145708472	146298155	2	1
TCGA-CV-6961-a	9	46587	141091394	1	1
TCGA-CV-6961-a	10	72759	135506704	1	0
TCGA-CV-6961-a	11	198572	12794946	1	1
TCGA-CV-6961-a	11	12795662	13297297	2	1
TCGA-CV-6961-a	11	13301921	77746069	1	1
TCGA-CV-6961-a	11	77746118	80646345	2	1
TCGA-CV-6961-a	11	80646430	134944770	1	0
TCGA-CV-6961-a	12	150442	133778189	1	1
TCGA-CV-6961-a	13	19026949	93958705	1	1
TCGA-CV-6961-a	13	93961478	115108397	2	1
TCGA-CV-6961-a	14	19002124	107285437	1	1
TCGA-CV-6961-a	15	20016328	63203168	1	0
TCGA-CV-6961-a	15	63203544	102469040	1	1
TCGA-CV-6961-a	16	60777	90287535	1	1
TCGA-CV-6961-a	17	526	25270411	1	0
TCGA-CV-6961-a	17	25270517	28505024	1	1
TCGA-CV-6961-a	17	28505392	81049726	2	0
TCGA-CV-6961-a	18	48133	14980156	1	0
TCGA-CV-6961-a	18	14980540	47393991	1	1
TCGA-CV-6961-a	18	47394395	78015057	1	0
TCGA-CV-6961-a	19	90910	10184879	1	0
TCGA-CV-6961-a	19	10185007	59097854	1	1
TCGA-CV-6961-a	20	61305	41972448	1	1
TCGA-CV-6961-a	20	41972461	42210558	1	0
TCGA-CV-6961-a	20	42216542	62956153	1	1
TCGA-CV-6961-a	21	10736871	23315686	1	1
TCGA-CV-6961-a	21	23315891	40036497	1	0
TCGA-CV-6961-a	21	40038361	40294334	3	0
TCGA-CV-6961-a	21	40294355	48096957	1	0
TCGA-CV-6961-a	22	16052528	51234455	1	1
TCGA-CV-6961-a	X	168477	581882	1	0
TCGA-CV-6961-a	X	582003	2694240	1	1
TCGA-CV-6961-a	X	2703391	29130835	1	0
TCGA-CV-6961-a	X	29133710	29215817	0	0
TCGA-CV-6961-a	X	29216156	126035026	1	0
TCGA-CV-6961-a	X	126036718	126113652	3	0
TCGA-CV-6961-a	X	126121178	154929498	1	0
TCGA-CV-6961-a	X	154963439	154973412	2	1
TCGA-CV-6961-a	X	154977448	155233846	1	1
