sample	chr	startpos	endpos	nMajor	nMinor
TCGA-D9-A1X3	1	61735	22504272	4	0
TCGA-D9-A1X3	1	22507423	25774082	23	0
TCGA-D9-A1X3	1	25889422	117251563	4	0
TCGA-D9-A1X3	1	117252307	121482979	3	2
TCGA-D9-A1X3	1	144007049	174294948	2	1
TCGA-D9-A1X3	1	174300721	174703630	1	0
TCGA-D9-A1X3	1	174711391	249224388	2	1
TCGA-D9-A1X3	2	12784	243089456	2	1
TCGA-D9-A1X3	3	60345	78178850	2	1
TCGA-D9-A1X3	3	78181024	79750585	2	2
TCGA-D9-A1X3	3	79750825	86154047	2	1
TCGA-D9-A1X3	3	86155485	90307877	2	2
TCGA-D9-A1X3	3	90311056	197896118	2	1
TCGA-D9-A1X3	4	12281	1539392	3	1
TCGA-D9-A1X3	4	1551597	1653352	11	1
TCGA-D9-A1X3	4	1660651	1778796	2	0
TCGA-D9-A1X3	4	1778801	2202674	17	5
TCGA-D9-A1X3	4	2210065	2308255	3	1
TCGA-D9-A1X3	4	2314910	3176510	2	2
TCGA-D9-A1X3	4	3179535	3276343	16	1
TCGA-D9-A1X3	4	3276491	3943984	2	0
TCGA-D9-A1X3	4	3950060	5702167	3	2
TCGA-D9-A1X3	4	5705089	5769950	2	2
TCGA-D9-A1X3	4	5770110	6161964	2	0
TCGA-D9-A1X3	4	6165640	8227639	6	2
TCGA-D9-A1X3	4	8227652	9850127	14	1
TCGA-D9-A1X3	4	9850220	10980707	18	1
TCGA-D9-A1X3	4	10981163	11121092	5	1
TCGA-D9-A1X3	4	11126084	12079343	2	0
TCGA-D9-A1X3	4	12079534	14874745	22	1
TCGA-D9-A1X3	4	14876290	16743050	2	2
TCGA-D9-A1X3	4	16743262	18111059	3	2
TCGA-D9-A1X3	4	18111823	18762691	2	1
TCGA-D9-A1X3	4	18763132	19105934	4	2
TCGA-D9-A1X3	4	19110954	21866683	2	2
TCGA-D9-A1X3	4	21870453	22721284	4	2
TCGA-D9-A1X3	4	22721823	25987065	6	2
TCGA-D9-A1X3	4	25987863	26234442	2	2
TCGA-D9-A1X3	4	26238674	26609625	4	2
TCGA-D9-A1X3	4	26610123	28703662	2	2
TCGA-D9-A1X3	4	28704016	28771148	7	1
TCGA-D9-A1X3	4	28776140	29151664	2	0
TCGA-D9-A1X3	4	29160809	32031296	2	2
TCGA-D9-A1X3	4	32036925	32194980	9	5
TCGA-D9-A1X3	4	32195062	182113620	2	2
TCGA-D9-A1X3	4	182114214	182272560	1	0
TCGA-D9-A1X3	4	182272630	191027923	2	2
TCGA-D9-A1X3	5	15532	1315343	12	1
TCGA-D9-A1X3	5	1321873	1790001	2	0
TCGA-D9-A1X3	5	1790419	1955837	4	2
TCGA-D9-A1X3	5	1956359	2882812	2	0
TCGA-D9-A1X3	5	2883581	2930485	4	2
TCGA-D9-A1X3	5	2934666	3056048	2	0
TCGA-D9-A1X3	5	3057392	3060489	10	1
TCGA-D9-A1X3	5	3060604	3076720	12	1
TCGA-D9-A1X3	5	3076853	5554116	2	0
TCGA-D9-A1X3	5	5555917	5630181	4	2
TCGA-D9-A1X3	5	5632566	7331564	2	0
TCGA-D9-A1X3	5	7334666	7392933	10	1
TCGA-D9-A1X3	5	7394550	7717042	2	0
TCGA-D9-A1X3	5	7719005	8425503	20	2
TCGA-D9-A1X3	5	8429498	8655624	2	0
TCGA-D9-A1X3	5	8655690	8931518	12	2
TCGA-D9-A1X3	5	8933130	9553882	2	0
TCGA-D9-A1X3	5	9556382	9565293	13	2
TCGA-D9-A1X3	5	9565894	11322374	2	0
TCGA-D9-A1X3	5	11324531	11573037	4	2
TCGA-D9-A1X3	5	11573514	12183983	2	0
TCGA-D9-A1X3	5	12198381	12311932	16	2
TCGA-D9-A1X3	5	12315052	13217809	2	0
TCGA-D9-A1X3	5	13218017	13335289	18	2
TCGA-D9-A1X3	5	13340904	14113089	2	0
TCGA-D9-A1X3	5	14113444	14844271	13	2
TCGA-D9-A1X3	5	14844420	15493071	20	1
TCGA-D9-A1X3	5	15494621	15956288	2	0
TCGA-D9-A1X3	5	15966297	16008356	13	0
TCGA-D9-A1X3	5	16014341	18117292	2	0
TCGA-D9-A1X3	5	18117384	18152056	13	2
TCGA-D9-A1X3	5	18156018	19375302	2	0
TCGA-D9-A1X3	5	19382924	19604072	8	2
TCGA-D9-A1X3	5	19604389	20017195	20	2
TCGA-D9-A1X3	5	20018501	20398366	7	2
TCGA-D9-A1X3	5	20399201	20459827	2	1
TCGA-D9-A1X3	5	20462452	20486190	18	2
TCGA-D9-A1X3	5	20486599	20586597	2	1
TCGA-D9-A1X3	5	20587359	27480475	2	0
TCGA-D9-A1X3	5	27486426	27800883	5	2
TCGA-D9-A1X3	5	27801234	30413844	2	2
TCGA-D9-A1X3	5	30421536	30434780	5	5
TCGA-D9-A1X3	5	30435207	30632846	6	5
TCGA-D9-A1X3	5	30638409	32053197	2	2
TCGA-D9-A1X3	5	32053321	35525162	4	2
TCGA-D9-A1X3	5	35527013	38290396	13	2
TCGA-D9-A1X3	5	38291976	38388593	4	2
TCGA-D9-A1X3	5	38389202	77513387	2	2
TCGA-D9-A1X3	5	77515636	180790320	2	0
TCGA-D9-A1X3	6	149661	111214927	2	2
TCGA-D9-A1X3	6	111216910	113451279	2	0
TCGA-D9-A1X3	6	113451328	113497970	3	1
TCGA-D9-A1X3	6	113502071	113585740	2	0
TCGA-D9-A1X3	6	113586168	171051005	2	2
TCGA-D9-A1X3	7	43259	159127004	2	2
TCGA-D9-A1X3	8	31254	146298155	2	2
TCGA-D9-A1X3	9	46587	12847724	2	2
TCGA-D9-A1X3	9	12847826	136845848	2	0
TCGA-D9-A1X3	9	136849851	141091394	2	2
TCGA-D9-A1X3	10	72759	135506704	2	1
TCGA-D9-A1X3	11	198572	134944770	2	2
TCGA-D9-A1X3	12	150442	67671902	2	1
TCGA-D9-A1X3	12	67672870	67693898	2	0
TCGA-D9-A1X3	12	67698174	68036924	1	0
TCGA-D9-A1X3	12	68037088	69127774	2	1
TCGA-D9-A1X3	12	69128146	69367391	52	1
TCGA-D9-A1X3	12	69370438	69598150	23	0
TCGA-D9-A1X3	12	69598436	69734316	27	0
TCGA-D9-A1X3	12	69734375	69965299	48	0
TCGA-D9-A1X3	12	69966048	70415822	26	0
TCGA-D9-A1X3	12	70417293	70838114	46	0
TCGA-D9-A1X3	12	70839406	72839822	29	1
TCGA-D9-A1X3	12	72842971	72961592	63	0
TCGA-D9-A1X3	12	72975347	133778189	2	1
TCGA-D9-A1X3	13	19026949	91529676	2	2
TCGA-D9-A1X3	13	91530253	92076970	5	2
TCGA-D9-A1X3	13	92077367	115108397	2	2
TCGA-D9-A1X3	14	19002124	107285437	2	2
TCGA-D9-A1X3	15	20016328	31999645	2	2
TCGA-D9-A1X3	15	32011489	32961533	2	1
TCGA-D9-A1X3	15	32961790	102469040	2	2
TCGA-D9-A1X3	16	60777	90287535	2	2
TCGA-D9-A1X3	17	526	81049726	4	0
TCGA-D9-A1X3	18	48133	78015057	2	1
TCGA-D9-A1X3	19	90910	19075995	2	1
TCGA-D9-A1X3	19	19079393	19464817	1	0
TCGA-D9-A1X3	19	19478820	28497091	2	2
TCGA-D9-A1X3	19	28497890	28941891	2	0
TCGA-D9-A1X3	19	28946302	59097854	2	1
TCGA-D9-A1X3	20	61305	62956153	2	2
TCGA-D9-A1X3	21	10736871	48096957	4	0
TCGA-D9-A1X3	22	16052528	51234455	2	2
TCGA-D9-A1X3	X	168477	2703633	2	2
TCGA-D9-A1X3	X	2703955	154913205	2	0
TCGA-D9-A1X3	X	154915975	154929034	3	0
TCGA-D9-A1X3	X	154929105	155233846	4	1
