sample	chr	startpos	endpos	nMajor	nMinor
TCGA-26-1442	1	61735	249224388	2	2
TCGA-26-1442	2	12784	243089456	2	2
TCGA-26-1442	3	60345	197896118	2	2
TCGA-26-1442	4	12281	65903949	2	2
TCGA-26-1442	4	65904605	191027923	2	1
TCGA-26-1442	5	15532	180790320	2	2
TCGA-26-1442	6	149661	171051005	2	2
TCGA-26-1442	7	43259	159127004	2	2
TCGA-26-1442	8	31254	146298155	2	2
TCGA-26-1442	9	46587	35770655	2	0
TCGA-26-1442	9	35776190	141091394	2	2
TCGA-26-1442	10	72759	135506704	2	2
TCGA-26-1442	11	198572	134944770	2	2
TCGA-26-1442	12	150442	11147018	9	2
TCGA-26-1442	12	11152029	12675854	7	2
TCGA-26-1442	12	12677613	13281424	2	2
TCGA-26-1442	12	13284030	13876850	7	2
TCGA-26-1442	12	13885445	133778189	2	2
TCGA-26-1442	13	19026949	115108397	2	2
TCGA-26-1442	14	19002124	107285437	2	2
TCGA-26-1442	15	20016328	102469040	2	2
TCGA-26-1442	16	60777	90287535	2	2
TCGA-26-1442	17	526	18696073	2	0
TCGA-26-1442	17	18699071	25309463	4	2
TCGA-26-1442	17	25310045	81049726	2	2
TCGA-26-1442	18	48133	78015057	2	2
TCGA-26-1442	19	90910	3412035	2	1
TCGA-26-1442	19	3412057	53780197	2	2
TCGA-26-1442	19	53780432	59097854	2	0
TCGA-26-1442	20	61305	62956153	2	2
TCGA-26-1442	21	10736871	48096957	2	2
TCGA-26-1442	22	16052528	42623826	2	2
TCGA-26-1442	22	42624445	51234455	2	1
TCGA-26-1442	X	168477	2703955	2	2
TCGA-26-1442	X	2706944	154859729	2	0
TCGA-26-1442	X	154860087	155233846	2	1
