sample	chr	startpos	endpos	nMajor	nMinor
TCGA-LN-A5U6	1	61735	103680042	1	1
TCGA-LN-A5U6	1	103686716	109747635	2	1
TCGA-LN-A5U6	1	109747819	110960748	3	1
TCGA-LN-A5U6	1	110961596	113645868	1	1
TCGA-LN-A5U6	1	113652496	116251766	1	0
TCGA-LN-A5U6	1	116252079	119246934	4	1
TCGA-LN-A5U6	1	119252219	249224388	2	1
TCGA-LN-A5U6	2	12784	78681528	2	1
TCGA-LN-A5U6	2	78684142	80270722	3	2
TCGA-LN-A5U6	2	80271143	80494712	6	2
TCGA-LN-A5U6	2	80501998	89049146	2	1
TCGA-LN-A5U6	2	89051122	106218371	2	2
TCGA-LN-A5U6	2	106222837	106612731	5	2
TCGA-LN-A5U6	2	106613135	106705985	3	2
TCGA-LN-A5U6	2	106707977	106859920	6	2
TCGA-LN-A5U6	2	106860109	117937519	2	1
TCGA-LN-A5U6	2	117937902	120105319	8	2
TCGA-LN-A5U6	2	120108230	122371438	4	2
TCGA-LN-A5U6	2	122371510	141841999	2	1
TCGA-LN-A5U6	2	141846001	142061358	1	0
TCGA-LN-A5U6	2	142062178	157641526	2	1
TCGA-LN-A5U6	2	157641879	162997878	1	1
TCGA-LN-A5U6	2	162997960	163865002	2	1
TCGA-LN-A5U6	2	163866863	171277794	1	1
TCGA-LN-A5U6	2	171281840	173078317	8	1
TCGA-LN-A5U6	2	173078461	174542878	10	1
TCGA-LN-A5U6	2	174543198	175969995	3	1
TCGA-LN-A5U6	2	175974068	179232801	6	1
TCGA-LN-A5U6	2	179233041	186777727	1	1
TCGA-LN-A5U6	2	186779078	187604763	2	2
TCGA-LN-A5U6	2	187610279	189368466	4	2
TCGA-LN-A5U6	2	189372265	243089456	2	1
TCGA-LN-A5U6	3	60345	8697372	2	0
TCGA-LN-A5U6	3	8700126	9200375	3	0
TCGA-LN-A5U6	3	9200561	20680805	2	0
TCGA-LN-A5U6	3	20681708	23567468	3	0
TCGA-LN-A5U6	3	23567980	60516181	2	0
TCGA-LN-A5U6	3	60516256	60556368	1	0
TCGA-LN-A5U6	3	60557852	107967464	2	0
TCGA-LN-A5U6	3	107968044	108223075	3	0
TCGA-LN-A5U6	3	108223932	108827420	3	1
TCGA-LN-A5U6	3	108828469	134369716	3	0
TCGA-LN-A5U6	3	134370556	134830030	5	2
TCGA-LN-A5U6	3	134832128	136160466	3	0
TCGA-LN-A5U6	3	136160590	136920389	3	1
TCGA-LN-A5U6	3	136921564	143241871	3	0
TCGA-LN-A5U6	3	143242401	146824317	4	0
TCGA-LN-A5U6	3	146824810	148812504	3	0
TCGA-LN-A5U6	3	148819553	154360368	10	3
TCGA-LN-A5U6	3	154361091	164136653	7	3
TCGA-LN-A5U6	3	164139903	167158600	8	4
TCGA-LN-A5U6	3	167158870	170253807	7	3
TCGA-LN-A5U6	3	170254678	173515549	8	3
TCGA-LN-A5U6	3	173516032	189155408	6	3
TCGA-LN-A5U6	3	189155465	192351783	7	4
TCGA-LN-A5U6	3	192351814	197896118	5	3
TCGA-LN-A5U6	4	12281	298772	2	1
TCGA-LN-A5U6	4	302934	429659	2	0
TCGA-LN-A5U6	4	429720	21687997	1	0
TCGA-LN-A5U6	4	21690997	21959082	0	0
TCGA-LN-A5U6	4	21960470	34778860	1	0
TCGA-LN-A5U6	4	34778962	35276618	2	1
TCGA-LN-A5U6	4	35277645	37684465	1	0
TCGA-LN-A5U6	4	37684896	37726997	0	0
TCGA-LN-A5U6	4	37727622	47635174	1	0
TCGA-LN-A5U6	4	47637220	49620885	3	0
TCGA-LN-A5U6	4	49643763	57636305	1	0
TCGA-LN-A5U6	4	57640405	91157028	1	1
TCGA-LN-A5U6	4	91157988	91371416	1	0
TCGA-LN-A5U6	4	91371993	118149018	1	1
TCGA-LN-A5U6	4	118152458	130656243	2	1
TCGA-LN-A5U6	4	130661401	131474601	3	2
TCGA-LN-A5U6	4	131480201	191027923	2	0
TCGA-LN-A5U6	5	15532	1957337	4	1
TCGA-LN-A5U6	5	1957393	4243226	5	1
TCGA-LN-A5U6	5	4243292	31944445	4	1
TCGA-LN-A5U6	5	31944869	32660917	2	1
TCGA-LN-A5U6	5	32662689	44800665	3	1
TCGA-LN-A5U6	5	44806003	44890056	5	2
TCGA-LN-A5U6	5	44890193	45396705	8	0
TCGA-LN-A5U6	5	45397007	46136832	5	2
TCGA-LN-A5U6	5	46151831	46224024	6	2
TCGA-LN-A5U6	5	46246513	49432831	5	0
TCGA-LN-A5U6	5	49441958	129241823	2	0
TCGA-LN-A5U6	5	129245919	135169553	3	0
TCGA-LN-A5U6	5	135173772	135191859	1	0
TCGA-LN-A5U6	5	135194223	136826886	4	0
TCGA-LN-A5U6	5	136828322	180790320	3	0
TCGA-LN-A5U6	6	149661	15414664	2	0
TCGA-LN-A5U6	6	15418306	15496122	1	0
TCGA-LN-A5U6	6	15500920	34699179	2	0
TCGA-LN-A5U6	6	34700776	39364028	1	0
TCGA-LN-A5U6	6	39365546	39418928	2	0
TCGA-LN-A5U6	6	39419252	42682170	1	0
TCGA-LN-A5U6	6	42684316	44124665	3	0
TCGA-LN-A5U6	6	44125996	48676907	1	0
TCGA-LN-A5U6	6	48677610	52818646	3	0
TCGA-LN-A5U6	6	52819451	55225084	1	0
TCGA-LN-A5U6	6	55237723	55685495	2	0
TCGA-LN-A5U6	6	55687314	57312892	1	0
TCGA-LN-A5U6	6	57323779	58082951	3	1
TCGA-LN-A5U6	6	58140300	58484986	1	0
TCGA-LN-A5U6	6	58492049	61963621	5	1
TCGA-LN-A5U6	6	61967862	63284497	2	2
TCGA-LN-A5U6	6	63285366	64593024	2	1
TCGA-LN-A5U6	6	64593687	66514251	1	0
TCGA-LN-A5U6	6	66514303	67353438	1	1
TCGA-LN-A5U6	6	67353662	67556820	4	1
TCGA-LN-A5U6	6	67557893	70650540	2	0
TCGA-LN-A5U6	6	70652015	81777917	2	1
TCGA-LN-A5U6	6	81778014	82310321	8	1
TCGA-LN-A5U6	6	82310707	83080540	7	0
TCGA-LN-A5U6	6	83088818	85874430	4	0
TCGA-LN-A5U6	6	85876520	85917522	0	0
TCGA-LN-A5U6	6	85926386	92207997	4	0
TCGA-LN-A5U6	6	92208884	94947091	0	0
TCGA-LN-A5U6	6	94947862	116440142	1	0
TCGA-LN-A5U6	6	116440210	118347874	1	1
TCGA-LN-A5U6	6	118348880	120742455	3	1
TCGA-LN-A5U6	6	120748728	121358699	1	0
TCGA-LN-A5U6	6	121359913	171051005	2	1
TCGA-LN-A5U6	7	43259	79263	3	2
TCGA-LN-A5U6	7	81400	66115883	2	1
TCGA-LN-A5U6	7	66116056	67532953	2	2
TCGA-LN-A5U6	7	67535164	81159637	2	1
TCGA-LN-A5U6	7	81159992	82445683	2	2
TCGA-LN-A5U6	7	82446018	110610837	2	1
TCGA-LN-A5U6	7	110611438	110831168	2	0
TCGA-LN-A5U6	7	110831588	113313136	2	1
TCGA-LN-A5U6	7	113315659	115076429	3	1
TCGA-LN-A5U6	7	115080356	123314710	2	1
TCGA-LN-A5U6	7	123315174	159127004	3	1
TCGA-LN-A5U6	8	31254	3597586	1	0
TCGA-LN-A5U6	8	3598802	3811135	0	0
TCGA-LN-A5U6	8	3811706	32092536	1	0
TCGA-LN-A5U6	8	32096976	34576353	2	0
TCGA-LN-A5U6	8	34580938	37011465	1	0
TCGA-LN-A5U6	8	37013947	43664195	2	0
TCGA-LN-A5U6	8	43673388	64744847	1	1
TCGA-LN-A5U6	8	64748418	96880643	2	1
TCGA-LN-A5U6	8	96881703	100203566	3	1
TCGA-LN-A5U6	8	100204508	100711434	1	0
TCGA-LN-A5U6	8	100711906	106586379	3	1
TCGA-LN-A5U6	8	106587829	120001663	4	1
TCGA-LN-A5U6	8	120001753	146128847	3	1
TCGA-LN-A5U6	8	146134390	146298155	3	0
TCGA-LN-A5U6	9	46587	15829542	2	0
TCGA-LN-A5U6	9	15830018	15909350	0	0
TCGA-LN-A5U6	9	15913444	21518193	2	0
TCGA-LN-A5U6	9	21518953	28347679	0	0
TCGA-LN-A5U6	9	28355725	29565993	5	0
TCGA-LN-A5U6	9	29569154	32454288	3	0
TCGA-LN-A5U6	9	32458053	34382016	1	0
TCGA-LN-A5U6	9	34382817	91570938	2	0
TCGA-LN-A5U6	9	91571882	141091394	3	0
TCGA-LN-A5U6	10	72759	2436138	2	1
TCGA-LN-A5U6	10	2440084	2822800	1	0
TCGA-LN-A5U6	10	2823120	4334578	5	0
TCGA-LN-A5U6	10	4337211	5164051	6	0
TCGA-LN-A5U6	10	5164385	34988455	3	0
TCGA-LN-A5U6	10	34992669	42523441	2	0
TCGA-LN-A5U6	10	42523461	52956444	2	1
TCGA-LN-A5U6	10	52959255	135506704	1	1
TCGA-LN-A5U6	11	198572	48791169	1	1
TCGA-LN-A5U6	11	48791516	54833108	4	1
TCGA-LN-A5U6	11	54835386	68731956	2	0
TCGA-LN-A5U6	11	68732026	69025466	4	0
TCGA-LN-A5U6	11	69025553	71068320	8	0
TCGA-LN-A5U6	11	71068752	72138578	5	0
TCGA-LN-A5U6	11	72139055	73676553	3	0
TCGA-LN-A5U6	11	73678945	134944770	1	0
TCGA-LN-A5U6	12	150442	24017175	2	1
TCGA-LN-A5U6	12	24022160	24375950	2	0
TCGA-LN-A5U6	12	24376511	39592360	2	1
TCGA-LN-A5U6	12	39595245	82064647	1	1
TCGA-LN-A5U6	12	82068639	133778189	2	1
TCGA-LN-A5U6	13	19026949	20324779	1	0
TCGA-LN-A5U6	13	20327716	68611543	1	1
TCGA-LN-A5U6	13	68612044	69515068	2	1
TCGA-LN-A5U6	13	69515224	81842627	1	1
TCGA-LN-A5U6	13	81855580	84141379	2	1
TCGA-LN-A5U6	13	84141707	108937963	1	1
TCGA-LN-A5U6	13	108948063	115108397	3	1
TCGA-LN-A5U6	14	19002124	39705926	2	1
TCGA-LN-A5U6	14	39705960	47272658	3	1
TCGA-LN-A5U6	14	47275276	51756882	4	1
TCGA-LN-A5U6	14	51756999	51903439	9	1
TCGA-LN-A5U6	14	51904952	64029781	4	1
TCGA-LN-A5U6	14	64030046	92617964	3	1
TCGA-LN-A5U6	14	92618382	107285437	3	0
TCGA-LN-A5U6	15	20016328	22673399	3	1
TCGA-LN-A5U6	15	22681076	59375331	2	0
TCGA-LN-A5U6	15	59375445	59507679	0	0
TCGA-LN-A5U6	15	59508309	102469040	2	0
TCGA-LN-A5U6	16	60777	8054713	2	1
TCGA-LN-A5U6	16	8055738	35283226	1	1
TCGA-LN-A5U6	16	46463782	48484201	2	1
TCGA-LN-A5U6	16	48484530	57312909	1	1
TCGA-LN-A5U6	16	57313584	72315130	2	1
TCGA-LN-A5U6	16	72315441	73008354	2	0
TCGA-LN-A5U6	16	73009024	82983067	2	1
TCGA-LN-A5U6	16	82984573	83384814	1	1
TCGA-LN-A5U6	16	83385118	90287535	2	1
TCGA-LN-A5U6	17	526	1009463	1	0
TCGA-LN-A5U6	17	1024394	30823007	2	0
TCGA-LN-A5U6	17	30823382	32365777	3	0
TCGA-LN-A5U6	17	32366000	32700349	4	0
TCGA-LN-A5U6	17	32700797	33014979	2	0
TCGA-LN-A5U6	17	33014996	36782185	1	0
TCGA-LN-A5U6	17	36783365	39430186	2	0
TCGA-LN-A5U6	17	39430450	48580257	3	0
TCGA-LN-A5U6	17	48580446	52391028	2	0
TCGA-LN-A5U6	17	52406927	78142300	3	0
TCGA-LN-A5U6	17	78142528	81049726	2	0
TCGA-LN-A5U6	18	48133	4071425	2	0
TCGA-LN-A5U6	18	4072843	6559406	2	2
TCGA-LN-A5U6	18	6559611	13246168	2	1
TCGA-LN-A5U6	18	13246266	15215871	2	0
TCGA-LN-A5U6	18	15220915	20563132	1	1
TCGA-LN-A5U6	18	20566113	22242820	6	1
TCGA-LN-A5U6	18	22243885	25557762	3	3
TCGA-LN-A5U6	18	25558198	27231371	4	1
TCGA-LN-A5U6	18	27231692	29121488	5	1
TCGA-LN-A5U6	18	29121521	32240008	4	1
TCGA-LN-A5U6	18	32240117	33853896	4	4
TCGA-LN-A5U6	18	33859681	42595339	4	1
TCGA-LN-A5U6	18	42595844	42602104	6	1
TCGA-LN-A5U6	18	42602166	42720049	4	1
TCGA-LN-A5U6	18	42725662	46787110	7	1
TCGA-LN-A5U6	18	46794815	77909944	1	0
TCGA-LN-A5U6	18	77910539	78015057	0	0
TCGA-LN-A5U6	19	90910	3251219	1	0
TCGA-LN-A5U6	19	3252810	3912903	4	1
TCGA-LN-A5U6	19	3918047	6031985	2	1
TCGA-LN-A5U6	19	6032176	7011362	1	0
TCGA-LN-A5U6	19	7011560	7284832	0	0
TCGA-LN-A5U6	19	7287162	10641730	2	0
TCGA-LN-A5U6	19	10645495	11991218	3	0
TCGA-LN-A5U6	19	11991638	14830695	2	0
TCGA-LN-A5U6	19	14832048	15780747	4	0
TCGA-LN-A5U6	19	15780870	16296180	2	0
TCGA-LN-A5U6	19	16296771	16522446	4	0
TCGA-LN-A5U6	19	16526014	19313667	2	0
TCGA-LN-A5U6	19	19315180	22639557	3	0
TCGA-LN-A5U6	19	22639801	23814087	2	0
TCGA-LN-A5U6	19	23814464	28314030	1	0
TCGA-LN-A5U6	19	28316272	28321670	2	0
TCGA-LN-A5U6	19	28321827	31727678	1	1
TCGA-LN-A5U6	19	31729835	33154311	2	1
TCGA-LN-A5U6	19	33161179	36079936	2	0
TCGA-LN-A5U6	19	36084338	37478711	3	0
TCGA-LN-A5U6	19	37481153	40708395	2	0
TCGA-LN-A5U6	19	40711333	44029744	1	0
TCGA-LN-A5U6	19	44030998	46099967	1	1
TCGA-LN-A5U6	19	46106908	47114496	2	1
TCGA-LN-A5U6	19	47119403	58064704	1	1
TCGA-LN-A5U6	19	58067770	58294986	1	0
TCGA-LN-A5U6	19	58300066	59045193	1	1
TCGA-LN-A5U6	19	59058083	59097854	1	0
TCGA-LN-A5U6	20	61305	21774338	3	2
TCGA-LN-A5U6	20	21774842	24423937	3	3
TCGA-LN-A5U6	20	24424256	29651749	3	2
TCGA-LN-A5U6	20	29835049	62956153	2	1
TCGA-LN-A5U6	21	10736871	48096957	2	0
TCGA-LN-A5U6	22	16052528	19485134	1	1
TCGA-LN-A5U6	22	19486391	49985339	2	1
TCGA-LN-A5U6	22	49988574	51234455	3	2
TCGA-LN-A5U6	X	168477	19454586	1	0
TCGA-LN-A5U6	X	19455408	19542117	0	0
TCGA-LN-A5U6	X	19544364	32515117	1	0
TCGA-LN-A5U6	X	32515356	32818605	0	0
TCGA-LN-A5U6	X	32827465	34128674	1	0
TCGA-LN-A5U6	X	34130965	34298871	3	0
TCGA-LN-A5U6	X	34299125	34364713	2	0
TCGA-LN-A5U6	X	34365103	50309179	1	0
TCGA-LN-A5U6	X	50314492	50492276	2	0
TCGA-LN-A5U6	X	50499676	54558729	1	0
TCGA-LN-A5U6	X	54558843	58561930	2	0
TCGA-LN-A5U6	X	61728829	92434906	1	0
TCGA-LN-A5U6	X	92435815	95706420	2	0
TCGA-LN-A5U6	X	95713148	96003759	4	0
TCGA-LN-A5U6	X	96009252	97279252	2	0
TCGA-LN-A5U6	X	97281887	99060452	1	0
TCGA-LN-A5U6	X	99068946	99430417	9	0
TCGA-LN-A5U6	X	99436357	100103177	4	0
TCGA-LN-A5U6	X	100108452	100495721	2	0
TCGA-LN-A5U6	X	100496399	155233846	1	0
