sample	chr	startpos	endpos	nMajor	nMinor
TCGA-FG-8185	1	61735	121482979	1	1
TCGA-FG-8185	1	144007049	175892157	2	1
TCGA-FG-8185	1	175892396	249224388	1	1
TCGA-FG-8185	2	12784	124147407	1	1
TCGA-FG-8185	2	124148057	125847370	2	1
TCGA-FG-8185	2	125847626	242924333	1	1
TCGA-FG-8185	2	242927035	243089456	1	0
TCGA-FG-8185	3	60345	197896118	1	1
TCGA-FG-8185	4	12281	18461178	1	1
TCGA-FG-8185	4	18463972	24030181	2	1
TCGA-FG-8185	4	24030446	133751003	1	1
TCGA-FG-8185	4	133751721	191027923	1	0
TCGA-FG-8185	5	15532	180790320	1	1
TCGA-FG-8185	6	149661	171051005	1	1
TCGA-FG-8185	7	43259	51542362	1	1
TCGA-FG-8185	7	51544056	54418837	2	1
TCGA-FG-8185	7	54419021	159127004	1	1
TCGA-FG-8185	8	31254	143233571	1	1
TCGA-FG-8185	8	143234817	143528400	2	0
TCGA-FG-8185	8	143536179	146298155	1	0
TCGA-FG-8185	9	46587	27652394	1	0
TCGA-FG-8185	9	27652540	141091394	1	1
TCGA-FG-8185	10	72759	1827684	3	1
TCGA-FG-8185	10	1829825	2704422	5	1
TCGA-FG-8185	10	2711274	4271872	4	1
TCGA-FG-8185	10	4274407	8348888	3	1
TCGA-FG-8185	10	8349075	10865213	4	1
TCGA-FG-8185	10	10865439	15129225	3	1
TCGA-FG-8185	10	15129402	21249215	5	1
TCGA-FG-8185	10	21251482	22969641	4	1
TCGA-FG-8185	10	22970379	24372305	2	1
TCGA-FG-8185	10	24372757	26478615	1	1
TCGA-FG-8185	10	26482965	27319258	2	1
TCGA-FG-8185	10	27319465	29461164	1	1
TCGA-FG-8185	10	29462290	34474154	2	1
TCGA-FG-8185	10	34474822	34885048	1	0
TCGA-FG-8185	10	34887423	36061143	2	1
TCGA-FG-8185	10	36061337	37029134	3	1
TCGA-FG-8185	10	37030076	135506704	1	1
TCGA-FG-8185	11	198572	134944770	1	1
TCGA-FG-8185	12	150442	8843713	3	1
TCGA-FG-8185	12	8848929	133778189	1	1
TCGA-FG-8185	13	19026949	23755788	1	0
TCGA-FG-8185	13	23758237	115108397	1	1
TCGA-FG-8185	14	19002124	107285437	1	1
TCGA-FG-8185	15	20016328	102469040	1	1
TCGA-FG-8185	16	60777	58918423	1	1
TCGA-FG-8185	16	58918839	65957615	2	1
TCGA-FG-8185	16	65957819	90287535	1	1
TCGA-FG-8185	17	526	81049726	1	1
TCGA-FG-8185	18	48133	76184045	1	1
TCGA-FG-8185	18	76184554	77791289	1	0
TCGA-FG-8185	18	77794810	78015057	0	0
TCGA-FG-8185	19	90910	59097854	1	1
TCGA-FG-8185	20	61305	62956153	1	1
TCGA-FG-8185	21	10736871	48096957	1	1
TCGA-FG-8185	22	16052528	51234455	1	1
TCGA-FG-8185	X	168477	155233846	1	0
