sample	chr	startpos	endpos	nMajor	nMinor
TCGA-HC-7820-b	1	61735	93272725	1	1
TCGA-HC-7820-b	1	93277926	95517521	1	0
TCGA-HC-7820-b	1	95519086	249224388	1	1
TCGA-HC-7820-b	2	12784	243089456	1	1
TCGA-HC-7820-b	3	60345	70078584	1	1
TCGA-HC-7820-b	3	70079145	71828420	1	0
TCGA-HC-7820-b	3	71829242	191291092	1	1
TCGA-HC-7820-b	3	191291423	192220133	2	1
TCGA-HC-7820-b	3	192221847	197896118	1	1
TCGA-HC-7820-b	4	12281	152768002	1	1
TCGA-HC-7820-b	4	152768161	154828061	1	0
TCGA-HC-7820-b	4	154829156	156373096	1	1
TCGA-HC-7820-b	4	156375974	156562738	1	0
TCGA-HC-7820-b	4	156563407	191027923	1	1
TCGA-HC-7820-b	5	15532	180790320	1	1
TCGA-HC-7820-b	6	149661	171051005	1	1
TCGA-HC-7820-b	7	43259	159127004	1	1
TCGA-HC-7820-b	8	31254	17406779	1	1
TCGA-HC-7820-b	8	17411457	29925581	1	0
TCGA-HC-7820-b	8	29925721	146298155	1	1
TCGA-HC-7820-b	9	46587	141091394	1	1
TCGA-HC-7820-b	10	72759	21961928	1	1
TCGA-HC-7820-b	10	21964233	33408209	1	0
TCGA-HC-7820-b	10	33411435	135506704	1	1
TCGA-HC-7820-b	11	198572	134944770	1	1
TCGA-HC-7820-b	12	150442	133778189	1	1
TCGA-HC-7820-b	13	19026949	115108397	1	1
TCGA-HC-7820-b	14	19002124	107285437	1	1
TCGA-HC-7820-b	15	20016328	102469040	1	1
TCGA-HC-7820-b	16	60777	90287535	1	1
TCGA-HC-7820-b	17	526	38470977	1	1
TCGA-HC-7820-b	17	38471034	42426505	1	0
TCGA-HC-7820-b	17	42432767	81049726	1	1
TCGA-HC-7820-b	18	48133	78015057	1	0
TCGA-HC-7820-b	19	90910	59097854	1	1
TCGA-HC-7820-b	20	61305	62956153	1	1
TCGA-HC-7820-b	21	10736871	48096957	1	1
TCGA-HC-7820-b	22	16052528	51234455	1	1
TCGA-HC-7820-b	X	168477	2703391	1	1
TCGA-HC-7820-b	X	2703633	155233846	1	0
