sample	chr	startpos	endpos	nMajor	nMinor
TCGA-55-6982	1	61735	8905032	4	1
TCGA-55-6982	1	8905085	18202325	2	2
TCGA-55-6982	1	18203300	28048735	2	1
TCGA-55-6982	1	28049534	42866126	2	2
TCGA-55-6982	1	42866795	58137279	4	1
TCGA-55-6982	1	58140874	102229799	1	1
TCGA-55-6982	1	102230824	106094720	2	2
TCGA-55-6982	1	106094778	121482979	1	1
TCGA-55-6982	1	144007049	169555230	2	2
TCGA-55-6982	1	169557958	240011910	3	2
TCGA-55-6982	1	240015166	249224388	5	1
TCGA-55-6982	2	12784	243089456	2	2
TCGA-55-6982	3	60345	197896118	1	1
TCGA-55-6982	4	12281	191027923	2	2
TCGA-55-6982	5	15532	1040494	23	0
TCGA-55-6982	5	1049539	2468375	12	1
TCGA-55-6982	5	2469415	3743669	16	1
TCGA-55-6982	5	3747875	4266715	9	1
TCGA-55-6982	5	4267126	5063331	23	0
TCGA-55-6982	5	5065525	7011885	18	1
TCGA-55-6982	5	7015359	7263618	34	1
TCGA-55-6982	5	7267057	9010383	14	1
TCGA-55-6982	5	9012855	9248345	13	6
TCGA-55-6982	5	9249041	9530028	1	1
TCGA-55-6982	5	9530323	10244496	16	0
TCGA-55-6982	5	10245114	11030164	2	1
TCGA-55-6982	5	11031468	11757963	16	2
TCGA-55-6982	5	11759513	12068877	3	0
TCGA-55-6982	5	12080257	12254786	23	1
TCGA-55-6982	5	12254834	12734104	7	1
TCGA-55-6982	5	12736902	14503841	14	4
TCGA-55-6982	5	14503870	16655712	18	0
TCGA-55-6982	5	16656506	18777293	32	0
TCGA-55-6982	5	18777746	19107392	8	0
TCGA-55-6982	5	19107892	24110353	0	0
TCGA-55-6982	5	24111090	28578785	4	0
TCGA-55-6982	5	28581733	28740578	29	2
TCGA-55-6982	5	28742978	30647141	4	0
TCGA-55-6982	5	30650940	32566691	10	0
TCGA-55-6982	5	32570997	40906862	4	0
TCGA-55-6982	5	40910365	43502846	1	0
TCGA-55-6982	5	43516618	43751069	23	4
TCGA-55-6982	5	43751732	52110676	1	0
TCGA-55-6982	5	52110710	52193237	21	3
TCGA-55-6982	5	52193518	54698320	1	0
TCGA-55-6982	5	54698520	141623022	1	1
TCGA-55-6982	5	141625408	180790320	2	2
TCGA-55-6982	6	149661	62098282	2	2
TCGA-55-6982	6	62101283	171051005	1	1
TCGA-55-6982	7	43259	69149423	3	2
TCGA-55-6982	7	69153321	71853391	2	2
TCGA-55-6982	7	71854104	75879864	4	3
TCGA-55-6982	7	75880198	104756582	2	0
TCGA-55-6982	7	104757845	106565620	3	3
TCGA-55-6982	7	106567359	159127004	2	0
TCGA-55-6982	8	31254	42539218	2	1
TCGA-55-6982	8	42543338	146298155	3	3
TCGA-55-6982	9	46587	11837288	1	0
TCGA-55-6982	9	11837596	15252036	1	1
TCGA-55-6982	9	15253034	22130344	1	0
TCGA-55-6982	9	22130515	141091394	1	1
TCGA-55-6982	10	72759	135506704	1	1
TCGA-55-6982	11	198572	134944770	2	2
TCGA-55-6982	12	150442	33680350	2	2
TCGA-55-6982	12	33681889	44040150	3	0
TCGA-55-6982	12	44041317	45351330	4	3
TCGA-55-6982	12	45351444	57064545	2	0
TCGA-55-6982	12	57065713	57918002	7	2
TCGA-55-6982	12	57921188	58365774	30	1
TCGA-55-6982	12	58369933	58665129	12	2
TCGA-55-6982	12	58665217	67254085	2	2
TCGA-55-6982	12	67254171	67564678	12	2
TCGA-55-6982	12	67573954	71534324	29	2
TCGA-55-6982	12	71544674	79974663	3	3
TCGA-55-6982	12	79981224	84222209	2	0
TCGA-55-6982	12	84222543	87474113	3	3
TCGA-55-6982	12	87474624	104849368	2	0
TCGA-55-6982	12	104853467	105023827	3	3
TCGA-55-6982	12	105026939	133778189	2	0
TCGA-55-6982	13	19026949	115108397	1	1
TCGA-55-6982	14	19002124	79375346	2	2
TCGA-55-6982	14	79377276	86617616	2	0
TCGA-55-6982	14	86619215	92567000	1	0
TCGA-55-6982	14	92567869	107285437	2	0
TCGA-55-6982	15	20016328	102469040	1	1
TCGA-55-6982	16	60777	35283226	4	0
TCGA-55-6982	16	46463782	90287535	2	2
TCGA-55-6982	17	526	22167804	1	0
TCGA-55-6982	17	22168795	37830900	2	2
TCGA-55-6982	17	37833600	81049726	3	2
TCGA-55-6982	18	48133	4159850	2	2
TCGA-55-6982	18	4161599	6518281	1	1
TCGA-55-6982	18	6520095	40516405	2	1
TCGA-55-6982	18	40517186	48124763	1	0
TCGA-55-6982	18	48125586	49880909	0	0
TCGA-55-6982	18	49881326	78015057	1	0
TCGA-55-6982	19	90910	59097854	2	1
TCGA-55-6982	20	61305	62956153	2	1
TCGA-55-6982	21	10736871	48096957	2	1
TCGA-55-6982	22	16052528	22115151	2	1
TCGA-55-6982	22	22117434	27970334	4	1
TCGA-55-6982	22	27970568	51234455	2	2
TCGA-55-6982	X	168477	5474472	3	0
TCGA-55-6982	X	5477906	92108537	1	1
TCGA-55-6982	X	92115383	108088625	1	0
TCGA-55-6982	X	108100407	155233846	1	1
