sample	chr	startpos	endpos	nMajor	nMinor
TCGA-E2-A106	1	61735	35369304	1	1
TCGA-E2-A106	1	35369997	72763370	1	0
TCGA-E2-A106	1	72768418	72811148	12	0
TCGA-E2-A106	1	72811904	77052125	1	0
TCGA-E2-A106	1	77052596	80310958	1	1
TCGA-E2-A106	1	80311033	80418825	2	1
TCGA-E2-A106	1	80421784	80454346	2	2
TCGA-E2-A106	1	80454564	80531616	2	1
TCGA-E2-A106	1	80531794	104128336	1	0
TCGA-E2-A106	1	104128618	121482979	1	1
TCGA-E2-A106	1	144007049	249224388	2	1
TCGA-E2-A106	2	12784	26864607	1	0
TCGA-E2-A106	2	26865646	36848380	1	1
TCGA-E2-A106	2	36849220	39868986	1	0
TCGA-E2-A106	2	39869167	243089456	1	1
TCGA-E2-A106	3	60345	197896118	1	1
TCGA-E2-A106	4	12281	169050589	1	1
TCGA-E2-A106	4	169050792	182337204	1	0
TCGA-E2-A106	4	182337520	191027923	1	1
TCGA-E2-A106	5	15532	57321646	1	1
TCGA-E2-A106	5	57326027	57332955	19	0
TCGA-E2-A106	5	57333293	180790320	1	1
TCGA-E2-A106	6	149661	69107568	1	1
TCGA-E2-A106	6	69108473	103728225	1	0
TCGA-E2-A106	6	103730493	103754572	11	0
TCGA-E2-A106	6	103754587	171051005	1	0
TCGA-E2-A106	7	43259	159127004	1	0
TCGA-E2-A106	8	31254	36482123	1	0
TCGA-E2-A106	8	36485855	43780295	2	0
TCGA-E2-A106	8	43783984	146298155	2	1
TCGA-E2-A106	9	46587	141091394	1	1
TCGA-E2-A106	10	72759	135506704	1	1
TCGA-E2-A106	11	198572	67215205	1	1
TCGA-E2-A106	11	67224594	134944770	1	0
TCGA-E2-A106	12	150442	13612619	2	0
TCGA-E2-A106	12	13613118	104464988	1	1
TCGA-E2-A106	12	104469985	105809061	1	0
TCGA-E2-A106	12	105809197	110352361	2	1
TCGA-E2-A106	12	110353820	133778189	1	0
TCGA-E2-A106	13	19026949	115108397	1	1
TCGA-E2-A106	14	19002124	107285437	1	1
TCGA-E2-A106	15	20016328	102469040	1	1
TCGA-E2-A106	16	60777	35283226	2	1
TCGA-E2-A106	16	46463782	90287535	1	1
TCGA-E2-A106	17	526	22075374	1	0
TCGA-E2-A106	17	22076257	81049726	1	1
TCGA-E2-A106	18	48133	78015057	1	1
TCGA-E2-A106	19	90910	59097854	1	1
TCGA-E2-A106	20	61305	1560999	1	1
TCGA-E2-A106	20	1561580	1597946	13	0
TCGA-E2-A106	20	1598106	40857725	1	1
TCGA-E2-A106	20	40858916	40963115	1	0
TCGA-E2-A106	20	40963296	45102358	1	1
TCGA-E2-A106	20	45102533	47722985	3	1
TCGA-E2-A106	20	47725570	51743816	1	1
TCGA-E2-A106	20	51744157	57547945	5	1
TCGA-E2-A106	20	57556969	62956153	2	1
TCGA-E2-A106	21	10736871	25246860	1	0
TCGA-E2-A106	21	25247299	25310357	1	1
TCGA-E2-A106	21	25317259	25824698	1	0
TCGA-E2-A106	21	25834114	29799879	1	1
TCGA-E2-A106	21	29800382	30007411	1	0
TCGA-E2-A106	21	30008050	48096957	1	1
TCGA-E2-A106	22	16052528	51234455	1	0
TCGA-E2-A106	X	168477	155233846	1	1
