sample	chr	startpos	endpos	nMajor	nMinor
TCGA-A6-6652	1	61735	83067503	1	1
TCGA-A6-6652	1	83069232	83438119	1	0
TCGA-A6-6652	1	83441556	121482979	1	1
TCGA-A6-6652	1	144007049	249224388	3	1
TCGA-A6-6652	2	12784	243089456	2	1
TCGA-A6-6652	3	60345	197896118	1	1
TCGA-A6-6652	4	12281	35991604	1	1
TCGA-A6-6652	4	35991740	36066470	1	0
TCGA-A6-6652	4	36070349	190744328	1	1
TCGA-A6-6652	4	190745892	191027923	2	0
TCGA-A6-6652	5	15532	58555881	1	1
TCGA-A6-6652	5	58558806	59223661	1	0
TCGA-A6-6652	5	59228053	180790320	1	1
TCGA-A6-6652	6	149661	171051005	1	1
TCGA-A6-6652	7	43259	159127004	2	1
TCGA-A6-6652	8	31254	34879154	1	0
TCGA-A6-6652	8	34886175	49718679	1	1
TCGA-A6-6652	8	49718692	76641492	2	1
TCGA-A6-6652	8	76642180	81705467	5	1
TCGA-A6-6652	8	81710379	82134207	13	1
TCGA-A6-6652	8	82139850	83198957	8	1
TCGA-A6-6652	8	83200033	83478595	2	1
TCGA-A6-6652	8	83480693	87517962	5	1
TCGA-A6-6652	8	87524497	146298155	2	1
TCGA-A6-6652	9	46587	141091394	1	1
TCGA-A6-6652	10	72759	135506704	1	1
TCGA-A6-6652	11	198572	134944770	1	1
TCGA-A6-6652	12	150442	4541951	1	1
TCGA-A6-6652	12	4543361	25226090	1	0
TCGA-A6-6652	12	25227302	133778189	1	1
TCGA-A6-6652	13	19026949	115108397	2	2
TCGA-A6-6652	14	19002124	107285437	1	0
TCGA-A6-6652	15	20016328	102469040	1	1
TCGA-A6-6652	16	60777	70839157	1	1
TCGA-A6-6652	16	70839337	71202489	2	1
TCGA-A6-6652	16	71202797	90287535	1	1
TCGA-A6-6652	17	526	180832	3	0
TCGA-A6-6652	17	181082	503944	1	0
TCGA-A6-6652	17	504459	1047229	3	0
TCGA-A6-6652	17	1047246	9479877	2	0
TCGA-A6-6652	17	9481684	10942156	4	0
TCGA-A6-6652	17	10942706	25287061	1	0
TCGA-A6-6652	17	25297153	40737756	2	1
TCGA-A6-6652	17	40752136	41181057	1	0
TCGA-A6-6652	17	41188342	63624947	2	1
TCGA-A6-6652	17	63631310	63690208	5	1
TCGA-A6-6652	17	63692258	81049726	2	1
TCGA-A6-6652	18	48133	15081797	1	0
TCGA-A6-6652	18	15082667	78015057	1	1
TCGA-A6-6652	19	90910	59097854	1	1
TCGA-A6-6652	20	61305	62956153	3	1
TCGA-A6-6652	21	10736871	48096957	1	1
TCGA-A6-6652	22	16052528	51234455	1	1
TCGA-A6-6652	X	168477	2694240	1	1
TCGA-A6-6652	X	2703391	9640618	1	0
TCGA-A6-6652	X	9644593	9743991	0	0
TCGA-A6-6652	X	9745276	154929498	1	0
TCGA-A6-6652	X	154963439	155233846	1	1
