sample	chr	startpos	endpos	nMajor	nMinor
TCGA-23-1021	1	61735	35314841	2	0
TCGA-23-1021	1	35315737	88741916	2	1
TCGA-23-1021	1	88742010	150970668	2	2
TCGA-23-1021	1	150971499	177843620	3	2
TCGA-23-1021	1	177847802	216346148	3	0
TCGA-23-1021	1	216346578	222357392	3	1
TCGA-23-1021	1	222357810	249224388	3	3
TCGA-23-1021	2	12784	446942	3	1
TCGA-23-1021	2	447970	240300706	2	2
TCGA-23-1021	2	240301592	243089456	3	2
TCGA-23-1021	3	60345	47980338	3	0
TCGA-23-1021	3	47981631	86731331	2	0
TCGA-23-1021	3	86733332	87365727	4	0
TCGA-23-1021	3	87367945	196964038	2	2
TCGA-23-1021	3	196969779	197896118	5	3
TCGA-23-1021	4	12281	191027923	2	0
TCGA-23-1021	5	15532	15333012	2	0
TCGA-23-1021	5	15333338	21787961	2	1
TCGA-23-1021	5	21788367	33170517	3	2
TCGA-23-1021	5	33170823	56170876	2	2
TCGA-23-1021	5	56179212	104035648	2	0
TCGA-23-1021	5	104035967	138540841	2	2
TCGA-23-1021	5	138540898	152920205	3	2
TCGA-23-1021	5	152920769	153012733	4	1
TCGA-23-1021	5	153013320	180790320	3	0
TCGA-23-1021	6	149661	43172430	2	0
TCGA-23-1021	6	43178361	43268890	0	0
TCGA-23-1021	6	43269063	171051005	2	0
TCGA-23-1021	7	43259	12340224	2	0
TCGA-23-1021	7	12340669	116911391	2	2
TCGA-23-1021	7	116913915	147365490	3	2
TCGA-23-1021	7	147368736	153747353	2	1
TCGA-23-1021	7	153752963	159127004	2	0
TCGA-23-1021	8	31254	20771704	2	0
TCGA-23-1021	8	20774711	32562443	1	0
TCGA-23-1021	8	32563353	83992779	2	0
TCGA-23-1021	8	83993238	103234979	3	0
TCGA-23-1021	8	103237414	120071898	5	0
TCGA-23-1021	8	120071939	146298155	9	0
TCGA-23-1021	9	46587	28388367	2	0
TCGA-23-1021	9	28388957	32077548	1	0
TCGA-23-1021	9	32077595	138744273	2	0
TCGA-23-1021	9	138744327	141091394	4	0
TCGA-23-1021	10	72759	2660546	3	2
TCGA-23-1021	10	2660816	9676613	5	2
TCGA-23-1021	10	9677444	10179752	5	0
TCGA-23-1021	10	10183510	21024607	4	2
TCGA-23-1021	10	21030580	23393678	4	1
TCGA-23-1021	10	23394202	27815356	2	1
TCGA-23-1021	10	27820210	57721832	2	2
TCGA-23-1021	10	57721862	81572804	3	2
TCGA-23-1021	10	81580717	88337078	2	1
TCGA-23-1021	10	88337100	135506704	2	0
TCGA-23-1021	11	198572	20253885	2	0
TCGA-23-1021	11	20264331	118293225	2	2
TCGA-23-1021	11	118296077	134944770	2	1
TCGA-23-1021	12	150442	91230622	2	2
TCGA-23-1021	12	91235986	111264415	2	0
TCGA-23-1021	12	111264484	133778189	3	0
TCGA-23-1021	13	19026949	115108397	2	0
TCGA-23-1021	14	19002124	24240684	2	2
TCGA-23-1021	14	24241845	60831577	2	1
TCGA-23-1021	14	60835737	62175950	2	2
TCGA-23-1021	14	62177821	99249815	2	0
TCGA-23-1021	14	99259368	107285437	2	2
TCGA-23-1021	15	20016328	54248134	4	0
TCGA-23-1021	15	54248930	54365055	0	0
TCGA-23-1021	15	54366928	102469040	4	0
TCGA-23-1021	16	60777	612684	3	1
TCGA-23-1021	16	612782	35283226	2	2
TCGA-23-1021	16	46463782	47478944	3	1
TCGA-23-1021	16	47483387	66501860	2	2
TCGA-23-1021	16	66506267	75514258	2	0
TCGA-23-1021	16	75516145	88251032	3	0
TCGA-23-1021	16	88253715	90287535	4	2
TCGA-23-1021	17	526	81049726	2	0
TCGA-23-1021	18	48133	78015057	2	0
TCGA-23-1021	19	90910	38056821	2	2
TCGA-23-1021	19	38057402	38078349	3	0
TCGA-23-1021	19	38079297	38282158	4	0
TCGA-23-1021	19	38282360	59097854	2	0
TCGA-23-1021	20	61305	62956153	2	2
TCGA-23-1021	21	10736871	18546059	2	0
TCGA-23-1021	21	18547842	48096957	2	1
TCGA-23-1021	22	16052528	51234455	2	0
TCGA-23-1021	X	168477	115310081	2	1
TCGA-23-1021	X	115312237	115383122	1	0
TCGA-23-1021	X	115383200	137569539	2	1
TCGA-23-1021	X	137570471	155233846	1	1
