sample	chr	startpos	endpos	nMajor	nMinor
TCGA-DX-A1KW	1	61735	249224388	2	1
TCGA-DX-A1KW	2	12784	106828160	2	2
TCGA-DX-A1KW	2	106828667	108543300	3	1
TCGA-DX-A1KW	2	108543314	134069494	2	2
TCGA-DX-A1KW	2	134069562	138027100	2	1
TCGA-DX-A1KW	2	138027117	243089456	2	2
TCGA-DX-A1KW	3	60345	90502862	2	2
TCGA-DX-A1KW	3	93519478	159599211	2	0
TCGA-DX-A1KW	3	159606945	163694975	2	1
TCGA-DX-A1KW	3	163696031	197896118	2	0
TCGA-DX-A1KW	4	12281	1971685	2	1
TCGA-DX-A1KW	4	1971847	2743898	2	2
TCGA-DX-A1KW	4	2743983	191027923	2	1
TCGA-DX-A1KW	5	15532	1308552	8	2
TCGA-DX-A1KW	5	1309074	1922758	3	2
TCGA-DX-A1KW	5	1922870	4101370	9	3
TCGA-DX-A1KW	5	4101569	4987404	14	3
TCGA-DX-A1KW	5	4988348	5864529	7	3
TCGA-DX-A1KW	5	5865100	6539917	3	2
TCGA-DX-A1KW	5	6540593	6747277	9	3
TCGA-DX-A1KW	5	6748518	7512421	3	3
TCGA-DX-A1KW	5	7516555	8135922	2	0
TCGA-DX-A1KW	5	8137969	10563045	3	3
TCGA-DX-A1KW	5	10565976	13284944	6	3
TCGA-DX-A1KW	5	13287359	18076713	5	3
TCGA-DX-A1KW	5	18077763	20555114	9	3
TCGA-DX-A1KW	5	20555350	28460264	6	3
TCGA-DX-A1KW	5	28460440	29402690	8	3
TCGA-DX-A1KW	5	29403387	32370777	3	2
TCGA-DX-A1KW	5	32371114	32378894	4	0
TCGA-DX-A1KW	5	32380019	34712536	2	0
TCGA-DX-A1KW	5	34713806	38794681	3	3
TCGA-DX-A1KW	5	38795238	43188447	6	3
TCGA-DX-A1KW	5	43190799	46097059	2	0
TCGA-DX-A1KW	5	46097647	50172804	2	2
TCGA-DX-A1KW	5	50175821	50584804	2	0
TCGA-DX-A1KW	5	50590006	50788898	3	3
TCGA-DX-A1KW	5	50792458	51941547	2	0
TCGA-DX-A1KW	5	51947011	52019350	3	2
TCGA-DX-A1KW	5	52020252	53130447	2	0
TCGA-DX-A1KW	5	53131807	53635882	2	1
TCGA-DX-A1KW	5	53639912	60871157	2	0
TCGA-DX-A1KW	5	60873831	61410679	3	2
TCGA-DX-A1KW	5	61410921	61925726	2	0
TCGA-DX-A1KW	5	61926784	61926784	3	0
TCGA-DX-A1KW	5	61931877	62238612	4	2
TCGA-DX-A1KW	5	62242087	63409310	2	1
TCGA-DX-A1KW	5	63412492	63947182	3	3
TCGA-DX-A1KW	5	63949069	71004577	2	0
TCGA-DX-A1KW	5	71007759	71138813	5	1
TCGA-DX-A1KW	5	71138882	71393086	3	0
TCGA-DX-A1KW	5	71394115	71508763	4	2
TCGA-DX-A1KW	5	71517475	72006796	2	0
TCGA-DX-A1KW	5	72009418	72795560	3	2
TCGA-DX-A1KW	5	72797466	75322642	2	0
TCGA-DX-A1KW	5	75323769	75426863	3	1
TCGA-DX-A1KW	5	75427518	91308082	2	0
TCGA-DX-A1KW	5	91311567	96246022	3	2
TCGA-DX-A1KW	5	96255017	117114374	2	0
TCGA-DX-A1KW	5	117114791	132380767	3	3
TCGA-DX-A1KW	5	132391292	133150511	2	0
TCGA-DX-A1KW	5	133154281	137573637	3	3
TCGA-DX-A1KW	5	137573725	154029977	2	0
TCGA-DX-A1KW	5	154033419	160416600	3	3
TCGA-DX-A1KW	5	160423452	160657194	2	0
TCGA-DX-A1KW	5	160672014	162579820	3	3
TCGA-DX-A1KW	5	162582428	169089458	2	0
TCGA-DX-A1KW	5	169092879	170161231	2	1
TCGA-DX-A1KW	5	170162666	177101851	2	0
TCGA-DX-A1KW	5	177107790	178006997	3	2
TCGA-DX-A1KW	5	178008827	178025087	3	0
TCGA-DX-A1KW	5	178032845	180639329	2	0
TCGA-DX-A1KW	5	180645101	180790320	2	1
TCGA-DX-A1KW	6	149661	150642796	2	2
TCGA-DX-A1KW	6	150644384	171051005	2	1
TCGA-DX-A1KW	7	43259	159127004	2	1
TCGA-DX-A1KW	8	31254	30789923	2	0
TCGA-DX-A1KW	8	30790005	37996327	2	1
TCGA-DX-A1KW	8	37998655	55577518	2	2
TCGA-DX-A1KW	8	55579352	57035299	2	1
TCGA-DX-A1KW	8	57043782	59930264	3	3
TCGA-DX-A1KW	8	59930555	66772391	2	1
TCGA-DX-A1KW	8	66779961	67193868	3	2
TCGA-DX-A1KW	8	67194171	72546645	2	1
TCGA-DX-A1KW	8	72548538	77655501	2	2
TCGA-DX-A1KW	8	77659134	81228826	2	1
TCGA-DX-A1KW	8	81232382	83579862	3	2
TCGA-DX-A1KW	8	83581894	87367148	2	1
TCGA-DX-A1KW	8	87367934	89224844	4	1
TCGA-DX-A1KW	8	89225254	90648570	1	1
TCGA-DX-A1KW	8	90648728	92500026	2	1
TCGA-DX-A1KW	8	92501858	101366389	3	1
TCGA-DX-A1KW	8	101368080	137390131	1	1
TCGA-DX-A1KW	8	137390569	146298155	2	1
TCGA-DX-A1KW	9	46587	35743278	3	1
TCGA-DX-A1KW	9	35751950	47217176	3	2
TCGA-DX-A1KW	9	65616971	126064635	3	3
TCGA-DX-A1KW	9	126069689	141091394	3	2
TCGA-DX-A1KW	10	72759	1693901	2	0
TCGA-DX-A1KW	10	1694750	2126016	0	0
TCGA-DX-A1KW	10	2126066	3315107	2	0
TCGA-DX-A1KW	10	3315391	7815599	2	1
TCGA-DX-A1KW	10	7815772	9483517	2	0
TCGA-DX-A1KW	10	9483795	9839181	0	0
TCGA-DX-A1KW	10	9844936	38501936	2	0
TCGA-DX-A1KW	10	38502333	135506704	2	1
TCGA-DX-A1KW	11	198572	55474194	2	0
TCGA-DX-A1KW	11	55474227	55603469	0	0
TCGA-DX-A1KW	11	55603568	134944770	2	0
TCGA-DX-A1KW	12	150442	48670864	2	0
TCGA-DX-A1KW	12	48672306	49052795	34	4
TCGA-DX-A1KW	12	49054491	49956814	2	0
TCGA-DX-A1KW	12	49957176	50120058	8	3
TCGA-DX-A1KW	12	50124039	50884925	2	0
TCGA-DX-A1KW	12	50887418	51145981	36	4
TCGA-DX-A1KW	12	51146511	52184977	2	0
TCGA-DX-A1KW	12	52189371	52293500	15	2
TCGA-DX-A1KW	12	52295142	52773130	2	0
TCGA-DX-A1KW	12	52773682	53250461	14	3
TCGA-DX-A1KW	12	53251409	53451952	3	2
TCGA-DX-A1KW	12	53455853	58094293	2	0
TCGA-DX-A1KW	12	58101331	59203643	37	3
TCGA-DX-A1KW	12	59209270	61433710	2	0
TCGA-DX-A1KW	12	61434095	61610007	4	3
TCGA-DX-A1KW	12	61610022	61712606	11	3
TCGA-DX-A1KW	12	61716472	61796388	2	0
TCGA-DX-A1KW	12	61796388	62341370	3	3
TCGA-DX-A1KW	12	62341787	62555595	9	3
TCGA-DX-A1KW	12	62560011	63792080	3	2
TCGA-DX-A1KW	12	63793085	64999842	2	0
TCGA-DX-A1KW	12	65001458	66120308	21	3
TCGA-DX-A1KW	12	66127861	66150209	4	1
TCGA-DX-A1KW	12	66150445	66234812	6	2
TCGA-DX-A1KW	12	66235464	67066115	30	3
TCGA-DX-A1KW	12	67066139	67309298	3	0
TCGA-DX-A1KW	12	67311144	67402021	18	4
TCGA-DX-A1KW	12	67404872	67843704	31	3
TCGA-DX-A1KW	12	67846264	68479213	15	3
TCGA-DX-A1KW	12	68479806	69043436	2	0
TCGA-DX-A1KW	12	69043606	69340426	48	6
TCGA-DX-A1KW	12	69340777	70106879	25	3
TCGA-DX-A1KW	12	70107646	71360416	40	3
TCGA-DX-A1KW	12	71361775	72313134	2	0
TCGA-DX-A1KW	12	72314406	72374530	45	6
TCGA-DX-A1KW	12	72377312	73828956	2	0
TCGA-DX-A1KW	12	73833281	73955199	42	0
TCGA-DX-A1KW	12	73962006	74211498	6	2
TCGA-DX-A1KW	12	74213442	74473965	2	0
TCGA-DX-A1KW	12	74479164	74852148	25	2
TCGA-DX-A1KW	12	74857292	76357606	54	4
TCGA-DX-A1KW	12	76357686	76473772	25	3
TCGA-DX-A1KW	12	76519960	76744844	2	0
TCGA-DX-A1KW	12	76745172	77473523	15	2
TCGA-DX-A1KW	12	77475782	90401013	2	0
TCGA-DX-A1KW	12	90402097	90889704	41	4
TCGA-DX-A1KW	12	90892317	91316844	2	0
TCGA-DX-A1KW	12	91317953	91344427	17	0
TCGA-DX-A1KW	12	91344988	91381324	49	2
TCGA-DX-A1KW	12	91381685	91833640	2	0
TCGA-DX-A1KW	12	91834588	91938831	20	3
TCGA-DX-A1KW	12	91939549	92806977	2	0
TCGA-DX-A1KW	12	92810294	93024780	51	4
TCGA-DX-A1KW	12	93024984	93224603	23	4
TCGA-DX-A1KW	12	93227704	96459342	2	0
TCGA-DX-A1KW	12	96459967	96708634	27	4
TCGA-DX-A1KW	12	96719397	98152987	2	0
TCGA-DX-A1KW	12	98154299	98339414	18	3
TCGA-DX-A1KW	12	98339867	101472285	2	0
TCGA-DX-A1KW	12	101474174	102015161	2	2
TCGA-DX-A1KW	12	102017147	102097943	38	3
TCGA-DX-A1KW	12	102100180	108050876	2	0
TCGA-DX-A1KW	12	108052396	108125241	6	1
TCGA-DX-A1KW	12	108126840	111321839	2	0
TCGA-DX-A1KW	12	111323862	111834239	9	2
TCGA-DX-A1KW	12	111836577	112900219	28	3
TCGA-DX-A1KW	12	112900689	118040313	2	0
TCGA-DX-A1KW	12	118042303	118123761	21	4
TCGA-DX-A1KW	12	118123800	118229049	11	2
TCGA-DX-A1KW	12	118233114	118268465	3	0
TCGA-DX-A1KW	12	118269348	118341430	10	2
TCGA-DX-A1KW	12	118346763	118808681	2	0
TCGA-DX-A1KW	12	118809303	119185719	19	3
TCGA-DX-A1KW	12	119187946	121722979	2	0
TCGA-DX-A1KW	12	121730307	122234191	35	4
TCGA-DX-A1KW	12	122247282	122744173	20	2
TCGA-DX-A1KW	12	122747256	123073416	8	2
TCGA-DX-A1KW	12	123079766	126532318	2	0
TCGA-DX-A1KW	12	126534862	126705377	30	3
TCGA-DX-A1KW	12	126711318	132100524	2	0
TCGA-DX-A1KW	12	132101077	132181808	18	1
TCGA-DX-A1KW	12	132182209	133778189	2	0
TCGA-DX-A1KW	13	19026949	22601735	1	1
TCGA-DX-A1KW	13	22604817	23585382	2	1
TCGA-DX-A1KW	13	23586809	27543401	1	1
TCGA-DX-A1KW	13	27543757	70052464	2	1
TCGA-DX-A1KW	13	70058619	110758332	1	1
TCGA-DX-A1KW	13	110758354	115108397	2	1
TCGA-DX-A1KW	14	19002124	107285437	1	1
TCGA-DX-A1KW	15	20016328	25074767	3	2
TCGA-DX-A1KW	15	25076893	29518284	2	0
TCGA-DX-A1KW	15	29521322	40651838	2	1
TCGA-DX-A1KW	15	40654038	42129512	2	0
TCGA-DX-A1KW	15	42138456	45171939	2	2
TCGA-DX-A1KW	15	45176050	45884679	2	0
TCGA-DX-A1KW	15	45884854	48712057	2	1
TCGA-DX-A1KW	15	48713780	50000419	2	0
TCGA-DX-A1KW	15	50001765	51078480	2	2
TCGA-DX-A1KW	15	51083292	59971032	2	1
TCGA-DX-A1KW	15	59971512	102469040	2	2
TCGA-DX-A1KW	16	60777	90287535	2	2
TCGA-DX-A1KW	17	526	76831783	2	2
TCGA-DX-A1KW	17	76840914	81049726	2	1
TCGA-DX-A1KW	18	48133	25151789	3	2
TCGA-DX-A1KW	18	25152667	28007034	2	2
TCGA-DX-A1KW	18	28007258	28097491	2	0
TCGA-DX-A1KW	18	28097568	78015057	2	1
TCGA-DX-A1KW	19	90910	15702685	3	2
TCGA-DX-A1KW	19	15703927	19097610	2	2
TCGA-DX-A1KW	19	19099979	23021337	3	2
TCGA-DX-A1KW	19	23021400	31125229	3	3
TCGA-DX-A1KW	19	31125691	34327755	2	2
TCGA-DX-A1KW	19	34327809	59097854	2	1
TCGA-DX-A1KW	20	61305	6542869	3	3
TCGA-DX-A1KW	20	6543704	62956153	3	1
TCGA-DX-A1KW	21	10736871	48096957	2	2
TCGA-DX-A1KW	22	16052528	51234455	2	1
TCGA-DX-A1KW	X	168477	155233846	2	0
