sample	chr	startpos	endpos	nMajor	nMinor
TCGA-KF-A41W-b	1	61735	72014193	2	2
TCGA-KF-A41W-b	1	72014816	96203497	3	2
TCGA-KF-A41W-b	1	96210228	104436329	2	2
TCGA-KF-A41W-b	1	104437902	156221547	2	1
TCGA-KF-A41W-b	1	156222016	249224388	2	0
TCGA-KF-A41W-b	2	12784	200535861	2	1
TCGA-KF-A41W-b	2	200536748	221566081	1	1
TCGA-KF-A41W-b	2	221570900	222402104	3	1
TCGA-KF-A41W-b	2	222407398	228258857	2	1
TCGA-KF-A41W-b	2	228259021	233958736	1	0
TCGA-KF-A41W-b	2	233959439	234118727	0	0
TCGA-KF-A41W-b	2	234118882	243089456	1	0
TCGA-KF-A41W-b	3	60345	5973010	1	1
TCGA-KF-A41W-b	3	5976031	115462771	2	1
TCGA-KF-A41W-b	3	115462865	116152958	1	1
TCGA-KF-A41W-b	3	116156313	197896118	2	1
TCGA-KF-A41W-b	4	12281	47122866	2	1
TCGA-KF-A41W-b	4	47126263	49291355	2	2
TCGA-KF-A41W-b	4	49297220	59640300	2	1
TCGA-KF-A41W-b	4	59647968	135016486	1	1
TCGA-KF-A41W-b	4	135016672	135158930	1	0
TCGA-KF-A41W-b	4	135177556	142677910	1	1
TCGA-KF-A41W-b	4	142678032	143172994	2	1
TCGA-KF-A41W-b	4	143173023	149665602	1	1
TCGA-KF-A41W-b	4	149665666	149952029	1	0
TCGA-KF-A41W-b	4	149952676	163446280	1	1
TCGA-KF-A41W-b	4	163448777	181647206	1	0
TCGA-KF-A41W-b	4	181648742	182384186	2	0
TCGA-KF-A41W-b	4	182384993	191027923	1	0
TCGA-KF-A41W-b	5	15532	25113752	1	1
TCGA-KF-A41W-b	5	25120762	43454074	3	1
TCGA-KF-A41W-b	5	43457899	59514896	2	1
TCGA-KF-A41W-b	5	59515334	59825479	1	1
TCGA-KF-A41W-b	5	59837540	106813637	2	1
TCGA-KF-A41W-b	5	106813693	129361609	2	0
TCGA-KF-A41W-b	5	129364239	132807672	1	0
TCGA-KF-A41W-b	5	132809147	140576190	2	0
TCGA-KF-A41W-b	5	140576241	157553602	2	1
TCGA-KF-A41W-b	5	157553683	159941425	2	0
TCGA-KF-A41W-b	5	159941886	163372747	1	0
TCGA-KF-A41W-b	5	163377139	164871936	1	1
TCGA-KF-A41W-b	5	164873147	166524110	1	0
TCGA-KF-A41W-b	5	166525026	166994390	1	1
TCGA-KF-A41W-b	5	167001064	168496817	2	1
TCGA-KF-A41W-b	5	168498677	171475689	1	1
TCGA-KF-A41W-b	5	171477265	173683720	2	1
TCGA-KF-A41W-b	5	173683914	174996216	2	2
TCGA-KF-A41W-b	5	174997396	180790320	2	1
TCGA-KF-A41W-b	6	149661	22077592	2	1
TCGA-KF-A41W-b	6	22078499	22466952	2	2
TCGA-KF-A41W-b	6	22467214	161753326	2	1
TCGA-KF-A41W-b	6	161763312	163487872	1	0
TCGA-KF-A41W-b	6	163492382	169386884	2	1
TCGA-KF-A41W-b	6	169387273	171051005	1	0
TCGA-KF-A41W-b	7	43259	79025396	2	0
TCGA-KF-A41W-b	7	79027620	79252889	3	0
TCGA-KF-A41W-b	7	79252962	89790873	2	0
TCGA-KF-A41W-b	7	89792520	159127004	3	0
TCGA-KF-A41W-b	8	31254	13083569	2	1
TCGA-KF-A41W-b	8	13086531	13307223	1	1
TCGA-KF-A41W-b	8	13309067	14578709	1	0
TCGA-KF-A41W-b	8	14578805	14700962	1	1
TCGA-KF-A41W-b	8	14703423	17487956	1	0
TCGA-KF-A41W-b	8	17491134	19399162	2	1
TCGA-KF-A41W-b	8	19406353	21373744	1	0
TCGA-KF-A41W-b	8	21375413	22248920	2	1
TCGA-KF-A41W-b	8	22252310	32285736	1	0
TCGA-KF-A41W-b	8	32291142	33713343	1	1
TCGA-KF-A41W-b	8	33713382	34832375	1	0
TCGA-KF-A41W-b	8	34838312	38597727	2	1
TCGA-KF-A41W-b	8	38602617	38942504	1	0
TCGA-KF-A41W-b	8	38943291	40530102	2	1
TCGA-KF-A41W-b	8	40533909	46863535	1	1
TCGA-KF-A41W-b	8	46912027	50378985	2	2
TCGA-KF-A41W-b	8	50379250	112264415	2	0
TCGA-KF-A41W-b	8	112266844	113942244	1	0
TCGA-KF-A41W-b	8	113953316	133318347	2	0
TCGA-KF-A41W-b	8	133321373	133825798	1	0
TCGA-KF-A41W-b	8	133828139	146298155	2	0
TCGA-KF-A41W-b	9	46587	47217176	1	1
TCGA-KF-A41W-b	9	65616971	105133083	3	1
TCGA-KF-A41W-b	9	105134416	105474559	3	0
TCGA-KF-A41W-b	9	105477570	105507320	0	0
TCGA-KF-A41W-b	9	105507381	141091394	3	0
TCGA-KF-A41W-b	10	72759	6781338	1	0
TCGA-KF-A41W-b	10	6781607	7143430	2	0
TCGA-KF-A41W-b	10	7144174	10510613	1	0
TCGA-KF-A41W-b	10	10514599	10655180	2	0
TCGA-KF-A41W-b	10	10657176	15456033	1	0
TCGA-KF-A41W-b	10	15460982	15617055	2	0
TCGA-KF-A41W-b	10	15618142	17335010	1	0
TCGA-KF-A41W-b	10	17335156	18701249	2	0
TCGA-KF-A41W-b	10	18701320	24879389	1	0
TCGA-KF-A41W-b	10	24879755	25759067	2	0
TCGA-KF-A41W-b	10	25764413	26002856	1	0
TCGA-KF-A41W-b	10	26007962	29157518	2	0
TCGA-KF-A41W-b	10	29159328	31857752	1	0
TCGA-KF-A41W-b	10	31862335	33211470	2	0
TCGA-KF-A41W-b	10	33216075	36412580	1	0
TCGA-KF-A41W-b	10	36413062	106922625	2	0
TCGA-KF-A41W-b	10	106927283	108256850	1	0
TCGA-KF-A41W-b	10	108259586	110585420	2	0
TCGA-KF-A41W-b	10	110586679	110784566	3	0
TCGA-KF-A41W-b	10	110784974	111142854	2	0
TCGA-KF-A41W-b	10	111143172	118172249	1	0
TCGA-KF-A41W-b	10	118173200	135506704	2	0
TCGA-KF-A41W-b	11	198572	22443540	2	1
TCGA-KF-A41W-b	11	22445120	23773031	3	2
TCGA-KF-A41W-b	11	23773848	24521117	2	1
TCGA-KF-A41W-b	11	24521666	25020512	3	2
TCGA-KF-A41W-b	11	25020561	107496966	2	1
TCGA-KF-A41W-b	11	107497067	134944770	1	0
TCGA-KF-A41W-b	12	150442	66120308	2	0
TCGA-KF-A41W-b	12	66127861	71411561	4	0
TCGA-KF-A41W-b	12	71412932	71503289	3	0
TCGA-KF-A41W-b	12	71504214	133778189	2	0
TCGA-KF-A41W-b	13	19026949	20678645	4	0
TCGA-KF-A41W-b	13	20678731	47083758	3	0
TCGA-KF-A41W-b	13	47085665	47311715	0	0
TCGA-KF-A41W-b	13	47312143	47512546	3	0
TCGA-KF-A41W-b	13	47517452	48017770	0	0
TCGA-KF-A41W-b	13	48019223	48707704	2	0
TCGA-KF-A41W-b	13	48711164	50316114	0	0
TCGA-KF-A41W-b	13	50322333	50847950	3	0
TCGA-KF-A41W-b	13	50849536	51006246	0	0
TCGA-KF-A41W-b	13	51006690	51251411	2	0
TCGA-KF-A41W-b	13	51255932	51474549	0	0
TCGA-KF-A41W-b	13	51480790	51618160	3	0
TCGA-KF-A41W-b	13	51621783	52278668	0	0
TCGA-KF-A41W-b	13	52280328	52340721	2	0
TCGA-KF-A41W-b	13	52341155	52341155	1	0
TCGA-KF-A41W-b	13	52341181	55959453	2	0
TCGA-KF-A41W-b	13	55960862	56558733	3	0
TCGA-KF-A41W-b	13	56565971	56858916	0	0
TCGA-KF-A41W-b	13	56861783	60295752	3	0
TCGA-KF-A41W-b	13	60296388	113367952	2	0
TCGA-KF-A41W-b	13	113369402	114141599	51	0
TCGA-KF-A41W-b	13	114142061	114202592	51	1
TCGA-KF-A41W-b	13	114205241	114495479	15	0
TCGA-KF-A41W-b	13	114511044	115108397	2	0
TCGA-KF-A41W-b	14	19002124	39982427	2	1
TCGA-KF-A41W-b	14	39982933	41339129	1	1
TCGA-KF-A41W-b	14	41339753	68688906	2	1
TCGA-KF-A41W-b	14	68689813	81790267	2	0
TCGA-KF-A41W-b	14	81791099	83300766	3	0
TCGA-KF-A41W-b	14	83300822	97835751	2	0
TCGA-KF-A41W-b	14	97836280	105227249	3	0
TCGA-KF-A41W-b	14	105227788	107285437	1	0
TCGA-KF-A41W-b	15	20016328	36398660	4	2
TCGA-KF-A41W-b	15	36399245	62101559	2	0
TCGA-KF-A41W-b	15	62101982	71366467	3	0
TCGA-KF-A41W-b	15	71367283	83809184	1	0
TCGA-KF-A41W-b	15	83811144	95663933	4	1
TCGA-KF-A41W-b	15	95664778	99617233	1	0
TCGA-KF-A41W-b	15	99617697	99667686	4	1
TCGA-KF-A41W-b	15	99667726	102469040	1	0
TCGA-KF-A41W-b	16	60777	35283226	1	1
TCGA-KF-A41W-b	16	46463782	89798667	2	0
TCGA-KF-A41W-b	16	89804855	90287535	1	0
TCGA-KF-A41W-b	17	526	6903537	3	1
TCGA-KF-A41W-b	17	6907170	8489075	1	0
TCGA-KF-A41W-b	17	8492833	8553598	3	1
TCGA-KF-A41W-b	17	8553853	9202743	1	0
TCGA-KF-A41W-b	17	9203254	22235650	3	1
TCGA-KF-A41W-b	17	25270411	32363959	2	1
TCGA-KF-A41W-b	17	32365777	32721781	2	0
TCGA-KF-A41W-b	17	32721803	34465460	2	1
TCGA-KF-A41W-b	17	34465860	35231714	2	0
TCGA-KF-A41W-b	17	35231827	35546724	2	1
TCGA-KF-A41W-b	17	35549754	38770286	2	0
TCGA-KF-A41W-b	17	38770965	44231326	2	1
TCGA-KF-A41W-b	17	44233776	45023307	2	0
TCGA-KF-A41W-b	17	45024403	50719823	2	1
TCGA-KF-A41W-b	17	50728859	52904548	2	0
TCGA-KF-A41W-b	17	52906403	53600307	1	0
TCGA-KF-A41W-b	17	53601168	59307636	2	0
TCGA-KF-A41W-b	17	59319332	61936710	1	0
TCGA-KF-A41W-b	17	61936749	63106124	1	1
TCGA-KF-A41W-b	17	63106144	67633139	1	0
TCGA-KF-A41W-b	17	67633172	68557959	1	1
TCGA-KF-A41W-b	17	68558333	69547843	2	0
TCGA-KF-A41W-b	17	69548753	70341246	2	1
TCGA-KF-A41W-b	17	70342087	77042348	2	0
TCGA-KF-A41W-b	17	77045401	78604201	2	1
TCGA-KF-A41W-b	17	78604814	81049726	2	0
TCGA-KF-A41W-b	18	48133	3170633	1	1
TCGA-KF-A41W-b	18	3171190	5991270	1	0
TCGA-KF-A41W-b	18	5991480	7770211	1	1
TCGA-KF-A41W-b	18	7770326	15390947	2	1
TCGA-KF-A41W-b	18	15396945	20365163	1	1
TCGA-KF-A41W-b	18	20373798	28551532	1	0
TCGA-KF-A41W-b	18	28552307	29069643	1	1
TCGA-KF-A41W-b	18	29070473	30140024	1	0
TCGA-KF-A41W-b	18	30140496	30689825	1	1
TCGA-KF-A41W-b	18	30693539	33888423	1	0
TCGA-KF-A41W-b	18	33889536	38445750	1	1
TCGA-KF-A41W-b	18	38445839	38478646	0	0
TCGA-KF-A41W-b	18	38478813	38905723	2	1
TCGA-KF-A41W-b	18	38916287	40927515	1	0
TCGA-KF-A41W-b	18	40932006	40960304	4	1
TCGA-KF-A41W-b	18	40963594	41327210	1	0
TCGA-KF-A41W-b	18	41331071	45077679	3	1
TCGA-KF-A41W-b	18	45079633	45222886	1	0
TCGA-KF-A41W-b	18	45226645	46020772	3	1
TCGA-KF-A41W-b	18	46024225	46159476	1	0
TCGA-KF-A41W-b	18	46160209	46491888	3	1
TCGA-KF-A41W-b	18	46495298	70377310	1	0
TCGA-KF-A41W-b	18	70379204	70433630	3	1
TCGA-KF-A41W-b	18	70433645	70479930	1	0
TCGA-KF-A41W-b	18	70484496	70885074	3	1
TCGA-KF-A41W-b	18	70889845	71092951	1	0
TCGA-KF-A41W-b	18	71093730	71870380	2	1
TCGA-KF-A41W-b	18	71872678	72457958	1	0
TCGA-KF-A41W-b	18	72461235	72931164	3	1
TCGA-KF-A41W-b	18	72933187	73362142	1	0
TCGA-KF-A41W-b	18	73362253	73868302	3	1
TCGA-KF-A41W-b	18	73868446	78015057	1	0
TCGA-KF-A41W-b	19	90910	28127634	2	0
TCGA-KF-A41W-b	19	28127664	37139870	2	2
TCGA-KF-A41W-b	19	37140555	48689430	2	0
TCGA-KF-A41W-b	19	48690341	50416257	2	2
TCGA-KF-A41W-b	19	50417490	50891924	2	0
TCGA-KF-A41W-b	19	50892804	59097854	3	0
TCGA-KF-A41W-b	20	61305	59608025	2	2
TCGA-KF-A41W-b	20	59612539	60054945	2	0
TCGA-KF-A41W-b	20	60055924	62264325	2	2
TCGA-KF-A41W-b	20	62264378	62956153	2	0
TCGA-KF-A41W-b	21	10736871	17030594	2	2
TCGA-KF-A41W-b	21	17030610	48096957	2	0
TCGA-KF-A41W-b	22	16052528	51234455	2	0
TCGA-KF-A41W-b	X	168477	4567010	2	0
TCGA-KF-A41W-b	X	4568176	4700068	0	0
TCGA-KF-A41W-b	X	4702035	12777059	1	0
TCGA-KF-A41W-b	X	12779691	13789369	2	0
TCGA-KF-A41W-b	X	13790333	20347370	1	0
TCGA-KF-A41W-b	X	20352289	138031202	2	0
TCGA-KF-A41W-b	X	138031265	138515500	1	0
TCGA-KF-A41W-b	X	138523585	155233846	2	0
