sample	chr	startpos	endpos	nMajor	nMinor
TCGA-GF-A769	1	61735	183737901	1	1
TCGA-GF-A769	1	183739083	249224388	2	1
TCGA-GF-A769	2	12784	238236921	2	1
TCGA-GF-A769	2	238239441	238400702	2	0
TCGA-GF-A769	2	238401784	243089456	2	1
TCGA-GF-A769	3	60345	3373172	2	0
TCGA-GF-A769	3	3373925	4618323	2	1
TCGA-GF-A769	3	4624402	7900855	2	0
TCGA-GF-A769	3	7902049	7925498	3	1
TCGA-GF-A769	3	7925967	8028326	2	0
TCGA-GF-A769	3	8028682	8491185	3	2
TCGA-GF-A769	3	8492724	10857067	2	0
TCGA-GF-A769	3	10860230	11307339	2	1
TCGA-GF-A769	3	11309358	20344412	2	0
TCGA-GF-A769	3	20344453	20653349	2	1
TCGA-GF-A769	3	20656774	26304315	2	0
TCGA-GF-A769	3	26305489	26591288	2	1
TCGA-GF-A769	3	26595809	46023061	2	0
TCGA-GF-A769	3	46023540	46602656	2	1
TCGA-GF-A769	3	46607255	58108515	2	0
TCGA-GF-A769	3	58109162	69318503	2	1
TCGA-GF-A769	3	69321203	70564742	5	1
TCGA-GF-A769	3	70566813	90455162	2	1
TCGA-GF-A769	3	90485636	106769015	2	0
TCGA-GF-A769	3	106769904	107050997	1	0
TCGA-GF-A769	3	107051017	178748758	2	0
TCGA-GF-A769	3	178754916	179397649	2	1
TCGA-GF-A769	3	179399570	184256948	2	0
TCGA-GF-A769	3	184259492	185607389	2	1
TCGA-GF-A769	3	185607842	186644565	2	0
TCGA-GF-A769	3	186646757	187270731	2	1
TCGA-GF-A769	3	187274595	189411881	2	0
TCGA-GF-A769	3	189419681	189947244	2	1
TCGA-GF-A769	3	189947664	190321456	2	0
TCGA-GF-A769	3	190323175	193109257	2	1
TCGA-GF-A769	3	193111865	197896118	2	0
TCGA-GF-A769	4	12281	20666840	1	0
TCGA-GF-A769	4	20666987	20806697	1	1
TCGA-GF-A769	4	20807569	25080088	1	0
TCGA-GF-A769	4	25082411	25632044	1	1
TCGA-GF-A769	4	25637296	27474668	1	0
TCGA-GF-A769	4	27475210	30867649	1	1
TCGA-GF-A769	4	30869504	31172106	1	0
TCGA-GF-A769	4	31173807	35965603	1	1
TCGA-GF-A769	4	35968457	36347492	2	1
TCGA-GF-A769	4	36347605	37312226	1	1
TCGA-GF-A769	4	37319998	38537071	1	0
TCGA-GF-A769	4	38542474	42626762	1	1
TCGA-GF-A769	4	42632486	43326387	1	0
TCGA-GF-A769	4	43328309	43916029	1	1
TCGA-GF-A769	4	43916126	46530245	1	0
TCGA-GF-A769	4	46531718	47706349	1	1
TCGA-GF-A769	4	47706607	49057827	1	0
TCGA-GF-A769	4	49057912	100299102	1	1
TCGA-GF-A769	4	100299664	100789031	1	0
TCGA-GF-A769	4	100791458	185077740	1	1
TCGA-GF-A769	4	185077779	185387974	1	0
TCGA-GF-A769	4	185390076	191027923	1	1
TCGA-GF-A769	5	15532	180790320	1	1
TCGA-GF-A769	6	149661	28365211	2	1
TCGA-GF-A769	6	28365515	105738261	1	1
TCGA-GF-A769	6	105739171	105883053	2	0
TCGA-GF-A769	6	105885200	171051005	1	0
TCGA-GF-A769	7	43259	124006940	2	1
TCGA-GF-A769	7	124007114	136550126	2	0
TCGA-GF-A769	7	136557350	159127004	2	1
TCGA-GF-A769	8	31254	28612724	1	0
TCGA-GF-A769	8	28613527	29015398	1	1
TCGA-GF-A769	8	29017453	31813810	1	0
TCGA-GF-A769	8	31814994	32777643	1	1
TCGA-GF-A769	8	32777962	34048131	1	0
TCGA-GF-A769	8	34048490	34256562	2	1
TCGA-GF-A769	8	34259056	34394665	1	1
TCGA-GF-A769	8	34405438	36342053	1	0
TCGA-GF-A769	8	36350027	36956397	1	1
TCGA-GF-A769	8	36962608	37646928	1	0
TCGA-GF-A769	8	37649883	38330202	4	1
TCGA-GF-A769	8	38332318	42675923	1	0
TCGA-GF-A769	8	42677453	92244685	1	1
TCGA-GF-A769	8	92247648	93015706	2	1
TCGA-GF-A769	8	93015722	94108214	1	1
TCGA-GF-A769	8	94118250	94605532	2	1
TCGA-GF-A769	8	94608325	107011025	1	1
TCGA-GF-A769	8	107013793	110655229	2	1
TCGA-GF-A769	8	110655337	114318572	1	1
TCGA-GF-A769	8	114319721	115537209	2	1
TCGA-GF-A769	8	115539015	116124649	1	1
TCGA-GF-A769	8	116124691	116879432	2	1
TCGA-GF-A769	8	116879508	119883856	1	1
TCGA-GF-A769	8	119885836	120377227	2	1
TCGA-GF-A769	8	120380592	125607276	1	1
TCGA-GF-A769	8	125608818	146298155	3	1
TCGA-GF-A769	9	46587	21819477	2	0
TCGA-GF-A769	9	21828110	21860428	1	1
TCGA-GF-A769	9	21864535	22329735	0	0
TCGA-GF-A769	9	22333067	141091394	2	0
TCGA-GF-A769	10	72759	53741737	2	1
TCGA-GF-A769	10	53742120	54077930	2	0
TCGA-GF-A769	10	54079054	54309362	3	1
TCGA-GF-A769	10	54310211	56456787	2	0
TCGA-GF-A769	10	56457173	56558666	3	1
TCGA-GF-A769	10	56559303	89657885	2	0
TCGA-GF-A769	10	89657908	89993484	0	0
TCGA-GF-A769	10	89997160	135506704	2	0
TCGA-GF-A769	11	198572	109316784	1	1
TCGA-GF-A769	11	109316978	109680887	1	0
TCGA-GF-A769	11	109681375	134944770	1	1
TCGA-GF-A769	12	150442	55176932	2	0
TCGA-GF-A769	12	55188850	55261053	0	0
TCGA-GF-A769	12	55268100	55343316	1	0
TCGA-GF-A769	12	55343628	129156926	2	0
TCGA-GF-A769	12	129157292	129239725	0	0
TCGA-GF-A769	12	129242824	129281788	1	0
TCGA-GF-A769	12	129291255	133778189	2	0
TCGA-GF-A769	13	19026949	70865571	1	1
TCGA-GF-A769	13	70865893	70924030	1	0
TCGA-GF-A769	13	70924474	115108397	1	1
TCGA-GF-A769	14	19002124	107285437	2	1
TCGA-GF-A769	15	20016328	77443704	1	1
TCGA-GF-A769	15	77450221	101612563	2	1
TCGA-GF-A769	15	101616332	102469040	1	1
TCGA-GF-A769	16	60777	90287535	1	1
TCGA-GF-A769	17	526	1235317	2	1
TCGA-GF-A769	17	1238861	1774592	4	1
TCGA-GF-A769	17	1776374	42455228	2	1
TCGA-GF-A769	17	42455334	50228735	3	1
TCGA-GF-A769	17	50229284	51929857	4	1
TCGA-GF-A769	17	51930056	75060895	3	1
TCGA-GF-A769	17	75063019	75483528	3	0
TCGA-GF-A769	17	75487202	81049726	3	1
TCGA-GF-A769	18	48133	78015057	1	1
TCGA-GF-A769	19	90910	59097854	1	1
TCGA-GF-A769	20	61305	62956153	2	1
TCGA-GF-A769	21	10736871	15404514	2	0
TCGA-GF-A769	21	15407516	48096957	1	1
TCGA-GF-A769	22	16052528	51234455	2	1
TCGA-GF-A769	X	168477	2703391	1	1
TCGA-GF-A769	X	2703633	155233846	1	0
