sample	chr	startpos	endpos	nMajor	nMinor
TCGA-02-0116	1	61735	249224388	1	1
TCGA-02-0116	2	12784	99073511	1	1
TCGA-02-0116	2	99075545	121395930	1	0
TCGA-02-0116	2	121396215	243089456	1	1
TCGA-02-0116	3	60345	28816843	1	1
TCGA-02-0116	3	28819123	34391319	1	0
TCGA-02-0116	3	34393102	197896118	1	1
TCGA-02-0116	4	12281	6673462	1	1
TCGA-02-0116	4	6677063	15144996	1	0
TCGA-02-0116	4	15145929	191027923	1	1
TCGA-02-0116	5	15532	134354738	1	1
TCGA-02-0116	5	134355800	135050965	2	1
TCGA-02-0116	5	135051361	180790320	1	1
TCGA-02-0116	6	149661	96365139	1	1
TCGA-02-0116	6	96365166	96700767	1	0
TCGA-02-0116	6	96701611	109545592	1	1
TCGA-02-0116	6	109550190	169921379	1	0
TCGA-02-0116	6	169923130	171051005	1	1
TCGA-02-0116	7	43259	38294996	2	1
TCGA-02-0116	7	38297835	38358227	5	2
TCGA-02-0116	7	38358412	54788690	2	1
TCGA-02-0116	7	54793954	55710744	28	1
TCGA-02-0116	7	55714282	58019983	16	1
TCGA-02-0116	7	61063974	159127004	2	1
TCGA-02-0116	8	31254	2118988	1	1
TCGA-02-0116	8	2120087	2163888	1	0
TCGA-02-0116	8	2164581	146298155	1	1
TCGA-02-0116	9	46587	2235668	1	1
TCGA-02-0116	9	2236315	2409198	1	0
TCGA-02-0116	9	2409451	2731791	1	1
TCGA-02-0116	9	2734667	20977934	1	0
TCGA-02-0116	9	20981127	23283062	0	0
TCGA-02-0116	9	23283198	23916132	1	0
TCGA-02-0116	9	23919026	26025520	1	1
TCGA-02-0116	9	26027346	26581540	1	0
TCGA-02-0116	9	26583226	33467940	1	1
TCGA-02-0116	9	33468682	47217176	1	0
TCGA-02-0116	9	65616971	141091394	1	1
TCGA-02-0116	10	72759	135506704	1	0
TCGA-02-0116	11	198572	134944770	1	1
TCGA-02-0116	12	150442	133778189	1	1
TCGA-02-0116	13	19026949	115108397	1	1
TCGA-02-0116	14	19002124	22627498	1	1
TCGA-02-0116	14	22627848	22978775	2	2
TCGA-02-0116	14	22983223	107285437	1	1
TCGA-02-0116	15	20016328	102469040	1	1
TCGA-02-0116	16	60777	1127342	1	0
TCGA-02-0116	16	1134267	14718980	1	1
TCGA-02-0116	16	14744986	29517711	1	0
TCGA-02-0116	16	29567309	90287535	1	1
TCGA-02-0116	17	526	81049726	1	1
TCGA-02-0116	18	48133	78015057	1	1
TCGA-02-0116	19	90910	59097854	2	1
TCGA-02-0116	20	61305	62956153	2	1
TCGA-02-0116	21	10736871	48096957	1	1
TCGA-02-0116	22	16052528	43749262	1	1
TCGA-02-0116	22	43750704	43851485	1	0
TCGA-02-0116	22	43853697	51234455	1	1
TCGA-02-0116	X	168477	2694240	1	1
TCGA-02-0116	X	2703391	155233846	1	0
