sample	chr	startpos	endpos	nMajor	nMinor
TCGA-UZ-A9PL	1	61735	249224388	1	1
TCGA-UZ-A9PL	2	12784	243089456	1	1
TCGA-UZ-A9PL	3	60345	197896118	1	1
TCGA-UZ-A9PL	4	12281	191027923	1	1
TCGA-UZ-A9PL	5	15532	180790320	1	1
TCGA-UZ-A9PL	6	149661	171051005	1	1
TCGA-UZ-A9PL	7	43259	56595193	1	1
TCGA-UZ-A9PL	7	56596683	57563417	8	1
TCGA-UZ-A9PL	7	57564632	61987173	5	1
TCGA-UZ-A9PL	7	61987244	66219344	1	1
TCGA-UZ-A9PL	7	66224196	73839548	5	1
TCGA-UZ-A9PL	7	73843316	114865172	1	1
TCGA-UZ-A9PL	7	114865947	116190693	5	1
TCGA-UZ-A9PL	7	116191301	116792747	9	1
TCGA-UZ-A9PL	7	116799014	129605563	1	1
TCGA-UZ-A9PL	7	129605834	135928415	5	1
TCGA-UZ-A9PL	7	135929406	139378566	4	1
TCGA-UZ-A9PL	7	139408942	159127004	1	1
TCGA-UZ-A9PL	8	31254	146298155	1	1
TCGA-UZ-A9PL	9	46587	141091394	1	1
TCGA-UZ-A9PL	10	72759	135506704	1	1
TCGA-UZ-A9PL	11	198572	134944770	1	1
TCGA-UZ-A9PL	12	150442	133778189	2	1
TCGA-UZ-A9PL	13	19026949	115108397	1	1
TCGA-UZ-A9PL	14	19002124	22379132	1	1
TCGA-UZ-A9PL	14	22380003	22999617	2	1
TCGA-UZ-A9PL	14	22999918	107285437	1	1
TCGA-UZ-A9PL	15	20016328	102469040	1	1
TCGA-UZ-A9PL	16	60777	90287535	1	1
TCGA-UZ-A9PL	17	526	81049726	2	1
TCGA-UZ-A9PL	18	48133	78015057	1	1
TCGA-UZ-A9PL	19	90910	59097854	1	1
TCGA-UZ-A9PL	20	61305	62956153	2	1
TCGA-UZ-A9PL	21	10736871	48096957	1	1
TCGA-UZ-A9PL	22	16052528	51234455	1	1
TCGA-UZ-A9PL	X	168477	155233846	1	0
