sample	chr	startpos	endpos	nMajor	nMinor
TCGA-13-2066	1	61735	57299240	5	0
TCGA-13-2066	1	57299853	57376050	3	0
TCGA-13-2066	1	57376624	62034341	4	0
TCGA-13-2066	1	62034663	78474253	5	0
TCGA-13-2066	1	78481921	146630916	5	1
TCGA-13-2066	1	146636137	151018861	7	1
TCGA-13-2066	1	151019180	213104584	4	1
TCGA-13-2066	1	213106178	214029935	3	1
TCGA-13-2066	1	214031302	214084689	2	0
TCGA-13-2066	1	214084837	249224388	4	1
TCGA-13-2066	2	12784	2215168	5	4
TCGA-13-2066	2	2215203	16687496	4	3
TCGA-13-2066	2	16688159	30229633	3	3
TCGA-13-2066	2	30230116	45933642	4	3
TCGA-13-2066	2	45933951	70564097	3	3
TCGA-13-2066	2	70565862	74686379	5	2
TCGA-13-2066	2	74686977	75656480	3	2
TCGA-13-2066	2	75658300	75669444	7	4
TCGA-13-2066	2	75670483	75764957	11	2
TCGA-13-2066	2	75765570	76068710	4	2
TCGA-13-2066	2	76073362	76100564	9	0
TCGA-13-2066	2	76102704	77790599	14	2
TCGA-13-2066	2	77791967	79241810	6	2
TCGA-13-2066	2	79241897	96791272	3	2
TCGA-13-2066	2	96792636	97830623	5	2
TCGA-13-2066	2	97834082	112631033	3	2
TCGA-13-2066	2	112632326	126129476	3	1
TCGA-13-2066	2	126132066	126807651	4	2
TCGA-13-2066	2	126808935	128728390	3	1
TCGA-13-2066	2	128729199	129101388	3	2
TCGA-13-2066	2	129106110	133439396	3	1
TCGA-13-2066	2	133439518	147116194	2	1
TCGA-13-2066	2	147116314	171127929	3	1
TCGA-13-2066	2	171127960	178103916	8	1
TCGA-13-2066	2	178107413	213691259	3	1
TCGA-13-2066	2	213691765	214624238	5	1
TCGA-13-2066	2	214633969	243089456	3	1
TCGA-13-2066	3	60345	5924840	2	2
TCGA-13-2066	3	5925183	5964793	6	3
TCGA-13-2066	3	5965084	6928648	3	2
TCGA-13-2066	3	6935145	8660494	2	1
TCGA-13-2066	3	8661522	30190938	2	2
TCGA-13-2066	3	30191106	31511289	2	1
TCGA-13-2066	3	31511691	89337009	2	2
TCGA-13-2066	3	89338152	114071058	3	1
TCGA-13-2066	3	114071430	118514833	2	1
TCGA-13-2066	3	118515016	179786726	3	1
TCGA-13-2066	3	179792584	189156047	5	1
TCGA-13-2066	3	189159352	193451449	6	1
TCGA-13-2066	3	193451757	197896118	3	1
TCGA-13-2066	4	12281	10143801	3	2
TCGA-13-2066	4	10144459	10361901	1	1
TCGA-13-2066	4	10373810	173003798	2	2
TCGA-13-2066	4	173004584	182804463	3	2
TCGA-13-2066	4	182805092	183556430	3	1
TCGA-13-2066	4	183556869	191027923	3	2
TCGA-13-2066	5	15532	3825701	3	1
TCGA-13-2066	5	3831972	169772326	2	1
TCGA-13-2066	5	169773596	180790320	3	1
TCGA-13-2066	6	149661	4010708	7	2
TCGA-13-2066	6	4011895	4546551	13	2
TCGA-13-2066	6	4546916	6094407	6	2
TCGA-13-2066	6	6098275	11973402	2	1
TCGA-13-2066	6	11973611	14171651	2	2
TCGA-13-2066	6	14175866	15420231	13	2
TCGA-13-2066	6	15424287	18196896	7	2
TCGA-13-2066	6	18200644	18611735	24	2
TCGA-13-2066	6	18613028	20479167	12	2
TCGA-13-2066	6	20479251	22361416	25	2
TCGA-13-2066	6	22361476	22811275	8	2
TCGA-13-2066	6	22813359	22909880	28	6
TCGA-13-2066	6	22909917	25149550	8	2
TCGA-13-2066	6	25151373	32192560	2	1
TCGA-13-2066	6	32194392	32741742	3	2
TCGA-13-2066	6	32741868	36019188	2	1
TCGA-13-2066	6	36019227	37095872	9	2
TCGA-13-2066	6	37095947	41848150	3	2
TCGA-13-2066	6	41852755	44645943	2	1
TCGA-13-2066	6	44645974	45752855	4	2
TCGA-13-2066	6	45754462	46814446	6	2
TCGA-13-2066	6	46814991	49651493	3	1
TCGA-13-2066	6	49651750	50601707	12	1
TCGA-13-2066	6	50601722	51515201	4	2
TCGA-13-2066	6	51515499	51829044	5	1
TCGA-13-2066	6	51829707	52910002	2	1
TCGA-13-2066	6	52910698	53561837	3	2
TCGA-13-2066	6	53562103	82614489	2	1
TCGA-13-2066	6	82614505	82728279	1	1
TCGA-13-2066	6	82728535	132974736	2	1
TCGA-13-2066	6	132974820	141721907	2	2
TCGA-13-2066	6	141722118	147021119	2	1
TCGA-13-2066	6	147023650	161176256	2	2
TCGA-13-2066	6	161185325	171051005	3	2
TCGA-13-2066	7	43259	43549592	4	3
TCGA-13-2066	7	43550037	56246365	5	3
TCGA-13-2066	7	56247391	70157882	4	3
TCGA-13-2066	7	70162914	71033837	10	4
TCGA-13-2066	7	71035420	71860739	6	4
TCGA-13-2066	7	71861002	75640034	4	4
TCGA-13-2066	7	75640967	77076408	7	2
TCGA-13-2066	7	77077122	80524212	4	3
TCGA-13-2066	7	80524722	83734593	5	4
TCGA-13-2066	7	83734625	135850699	3	3
TCGA-13-2066	7	135851460	135910733	9	5
TCGA-13-2066	7	135912395	159127004	4	3
TCGA-13-2066	8	31254	2549981	2	1
TCGA-13-2066	8	2550492	3988435	1	1
TCGA-13-2066	8	3994059	4731719	20	1
TCGA-13-2066	8	4739275	4896943	4	1
TCGA-13-2066	8	4900089	5270371	1	1
TCGA-13-2066	8	5272777	5990511	9	1
TCGA-13-2066	8	5991351	8766959	11	1
TCGA-13-2066	8	8768043	9898241	8	1
TCGA-13-2066	8	9899255	10491684	18	1
TCGA-13-2066	8	10493690	10526446	9	1
TCGA-13-2066	8	10526742	10683016	12	2
TCGA-13-2066	8	10685575	12419427	7	1
TCGA-13-2066	8	12419667	13791808	12	1
TCGA-13-2066	8	13796041	15370415	1	1
TCGA-13-2066	8	15372868	16448713	27	1
TCGA-13-2066	8	16449546	19992985	5	1
TCGA-13-2066	8	19996141	20708335	3	1
TCGA-13-2066	8	20709001	20809616	17	2
TCGA-13-2066	8	20811024	42246932	1	1
TCGA-13-2066	8	42247251	62144391	4	1
TCGA-13-2066	8	62144933	97549700	3	1
TCGA-13-2066	8	97554264	98533604	2	1
TCGA-13-2066	8	98534637	121680857	6	1
TCGA-13-2066	8	121684187	122317736	4	1
TCGA-13-2066	8	122318257	122369453	8	0
TCGA-13-2066	8	122377649	123029967	9	1
TCGA-13-2066	8	123029980	128026128	6	1
TCGA-13-2066	8	128026203	130286175	4	1
TCGA-13-2066	8	130289225	140112718	5	1
TCGA-13-2066	8	140112841	140608759	4	1
TCGA-13-2066	8	140608845	146298155	6	1
TCGA-13-2066	9	46587	16786930	2	2
TCGA-13-2066	9	16787262	16841370	4	3
TCGA-13-2066	9	16841515	16913795	5	4
TCGA-13-2066	9	16914008	16986862	3	3
TCGA-13-2066	9	16987005	85883879	2	2
TCGA-13-2066	9	85885051	86216008	2	1
TCGA-13-2066	9	86216100	103516484	3	2
TCGA-13-2066	9	103518490	104660223	2	1
TCGA-13-2066	9	104661645	141091394	2	2
TCGA-13-2066	10	72759	4619787	6	1
TCGA-13-2066	10	4620457	5578172	5	1
TCGA-13-2066	10	5580628	5877213	8	1
TCGA-13-2066	10	5879281	10882622	5	1
TCGA-13-2066	10	10883019	42955051	6	1
TCGA-13-2066	10	42955993	53257127	3	1
TCGA-13-2066	10	53261451	65677927	2	1
TCGA-13-2066	10	65682806	66087527	32	3
TCGA-13-2066	10	66095774	67708359	4	1
TCGA-13-2066	10	67709586	72981102	3	1
TCGA-13-2066	10	72981241	73679192	5	1
TCGA-13-2066	10	73679645	135506704	3	1
TCGA-13-2066	11	198572	2762500	12	0
TCGA-13-2066	11	2764949	6265776	5	0
TCGA-13-2066	11	6269732	9813308	8	0
TCGA-13-2066	11	9815426	10904067	13	0
TCGA-13-2066	11	10909175	11337002	9	0
TCGA-13-2066	11	11337567	15357837	5	0
TCGA-13-2066	11	15358648	19313016	7	0
TCGA-13-2066	11	19313530	21264300	6	0
TCGA-13-2066	11	21265022	24707709	5	0
TCGA-13-2066	11	24711207	30907235	3	0
TCGA-13-2066	11	30907755	33170823	4	0
TCGA-13-2066	11	33174044	34210057	22	0
TCGA-13-2066	11	34211285	36738042	14	0
TCGA-13-2066	11	36738257	43287399	3	0
TCGA-13-2066	11	43290350	45470202	4	0
TCGA-13-2066	11	45470767	60192915	3	0
TCGA-13-2066	11	60193191	79244715	4	0
TCGA-13-2066	11	79245991	107047996	3	0
TCGA-13-2066	11	107049000	134944770	4	0
TCGA-13-2066	12	150442	1750597	6	2
TCGA-13-2066	12	1753290	9223375	5	2
TCGA-13-2066	12	9223953	11803856	4	2
TCGA-13-2066	12	11807184	20775707	2	2
TCGA-13-2066	12	20778693	22366544	5	2
TCGA-13-2066	12	22366655	24654179	4	2
TCGA-13-2066	12	24656656	25108286	13	2
TCGA-13-2066	12	25109640	26227589	23	2
TCGA-13-2066	12	26227684	26241079	16	1
TCGA-13-2066	12	26241127	26284946	18	2
TCGA-13-2066	12	26285006	27293163	11	2
TCGA-13-2066	12	27293775	29115605	4	2
TCGA-13-2066	12	29122650	31796881	10	2
TCGA-13-2066	12	31797042	39045916	2	1
TCGA-13-2066	12	39045983	114536763	2	2
TCGA-13-2066	12	114536857	114637456	1	1
TCGA-13-2066	12	114637848	115291938	2	2
TCGA-13-2066	12	115291968	116270080	2	1
TCGA-13-2066	12	116272267	133778189	3	2
TCGA-13-2066	13	19026949	23339944	4	3
TCGA-13-2066	13	23340011	23396277	5	4
TCGA-13-2066	13	23396326	75328649	3	3
TCGA-13-2066	13	75336985	75788793	2	2
TCGA-13-2066	13	75789488	93313476	3	3
TCGA-13-2066	13	93314968	95217852	3	2
TCGA-13-2066	13	95218014	104509548	3	3
TCGA-13-2066	13	104509913	115108397	4	3
TCGA-13-2066	14	19002124	33549714	2	2
TCGA-13-2066	14	33549937	34046396	2	1
TCGA-13-2066	14	34046844	53702279	2	2
TCGA-13-2066	14	53702355	55235808	2	1
TCGA-13-2066	14	55236323	57943846	3	2
TCGA-13-2066	14	57948008	87385104	2	2
TCGA-13-2066	14	87385605	88833929	2	1
TCGA-13-2066	14	88843774	99160057	2	2
TCGA-13-2066	14	99162181	107285437	3	2
TCGA-13-2066	15	20016328	37458794	2	1
TCGA-13-2066	15	37460595	46236465	2	2
TCGA-13-2066	15	46240713	53397625	2	1
TCGA-13-2066	15	53398691	53690091	1	1
TCGA-13-2066	15	53691966	95523940	2	2
TCGA-13-2066	15	95524174	98949704	2	1
TCGA-13-2066	15	98949946	102469040	2	2
TCGA-13-2066	16	60777	5355350	3	0
TCGA-13-2066	16	5355667	27156079	2	0
TCGA-13-2066	16	27157612	51761360	3	0
TCGA-13-2066	16	51761571	52914749	2	0
TCGA-13-2066	16	52915751	64067338	3	0
TCGA-13-2066	16	64067989	66272772	2	0
TCGA-13-2066	16	66273164	71143067	3	0
TCGA-13-2066	16	71143487	71205908	5	0
TCGA-13-2066	16	71207728	90287535	3	0
TCGA-13-2066	17	526	10763716	4	0
TCGA-13-2066	17	10764005	14884349	3	0
TCGA-13-2066	17	14886657	31213143	4	0
TCGA-13-2066	17	31213538	33206806	3	0
TCGA-13-2066	17	33210585	49632921	4	0
TCGA-13-2066	17	49633445	54639134	3	0
TCGA-13-2066	17	54643354	81049726	4	0
TCGA-13-2066	18	48133	23547029	3	1
TCGA-13-2066	18	23547384	25776080	2	2
TCGA-13-2066	18	25783077	37970522	3	1
TCGA-13-2066	18	37971405	56156067	2	1
TCGA-13-2066	18	56156628	71894434	3	2
TCGA-13-2066	18	71895668	74218509	3	1
TCGA-13-2066	18	74223886	78015057	3	3
TCGA-13-2066	19	90910	4870930	3	0
TCGA-13-2066	19	4873144	5603665	3	1
TCGA-13-2066	19	5606720	7797612	4	0
TCGA-13-2066	19	7799597	9259416	4	1
TCGA-13-2066	19	9260637	10027470	4	0
TCGA-13-2066	19	10031253	15683228	3	3
TCGA-13-2066	19	15683729	18470050	3	2
TCGA-13-2066	19	18472643	20461652	3	1
TCGA-13-2066	19	20462595	24383962	3	0
TCGA-13-2066	19	24385071	29110067	2	2
TCGA-13-2066	19	29118229	29577230	5	2
TCGA-13-2066	19	29577569	29919866	11	1
TCGA-13-2066	19	29921038	32033958	28	1
TCGA-13-2066	19	32034645	34561192	9	2
TCGA-13-2066	19	34562089	39931059	4	2
TCGA-13-2066	19	39939991	51546642	3	2
TCGA-13-2066	19	51548900	59097854	4	2
TCGA-13-2066	20	61305	12130190	3	2
TCGA-13-2066	20	12132323	13552567	2	2
TCGA-13-2066	20	13557052	37928499	3	3
TCGA-13-2066	20	37928899	54485972	3	2
TCGA-13-2066	20	54489916	54902398	2	2
TCGA-13-2066	20	54902468	62956153	3	3
TCGA-13-2066	21	10736871	17822099	3	2
TCGA-13-2066	21	17822236	17959166	4	3
TCGA-13-2066	21	17959539	29602524	3	2
TCGA-13-2066	21	29610917	48096957	2	2
TCGA-13-2066	22	16052528	19879938	1	1
TCGA-13-2066	22	19881425	20903382	3	1
TCGA-13-2066	22	20906732	28649413	1	1
TCGA-13-2066	22	28650928	28663301	3	0
TCGA-13-2066	22	28663405	29817519	3	1
TCGA-13-2066	22	29818384	30854078	12	1
TCGA-13-2066	22	30854360	31578715	6	1
TCGA-13-2066	22	31579233	32055476	4	1
TCGA-13-2066	22	32055494	33863218	2	1
TCGA-13-2066	22	33863676	35058119	3	1
TCGA-13-2066	22	35058252	35526281	5	1
TCGA-13-2066	22	35528502	36596652	21	1
TCGA-13-2066	22	36600758	38028456	1	1
TCGA-13-2066	22	38048034	40090874	3	1
TCGA-13-2066	22	40091547	43473249	1	1
TCGA-13-2066	22	43473662	43786019	2	1
TCGA-13-2066	22	43786418	51234455	1	1
TCGA-13-2066	X	168477	32493177	2	0
TCGA-13-2066	X	32498606	36651365	3	0
TCGA-13-2066	X	36653984	39428682	2	0
TCGA-13-2066	X	39429875	50032376	3	0
TCGA-13-2066	X	50032473	50203402	1	0
TCGA-13-2066	X	50208239	155233846	2	0
