sample	chr	startpos	endpos	nMajor	nMinor
TCGA-BC-A10T	1	61735	33725524	1	0
TCGA-BC-A10T	1	33726019	39196898	1	1
TCGA-BC-A10T	1	39197064	40620076	2	1
TCGA-BC-A10T	1	40620669	43559428	1	1
TCGA-BC-A10T	1	43559587	43994165	2	1
TCGA-BC-A10T	1	44002622	57126756	1	1
TCGA-BC-A10T	1	57126875	57481284	2	1
TCGA-BC-A10T	1	57481828	65790389	1	1
TCGA-BC-A10T	1	65792462	66088370	2	1
TCGA-BC-A10T	1	66101275	120182137	1	1
TCGA-BC-A10T	1	120184881	121482979	2	1
TCGA-BC-A10T	1	144007049	154903047	1	1
TCGA-BC-A10T	1	154904840	155215997	3	2
TCGA-BC-A10T	1	155218793	205324894	2	1
TCGA-BC-A10T	1	205333969	211438212	2	0
TCGA-BC-A10T	1	211442098	211893655	3	0
TCGA-BC-A10T	1	211900267	232753254	2	0
TCGA-BC-A10T	1	232753553	234510596	2	1
TCGA-BC-A10T	1	234511213	234813476	3	2
TCGA-BC-A10T	1	234813877	249224388	2	1
TCGA-BC-A10T	2	12784	70969157	2	1
TCGA-BC-A10T	2	70969549	112796095	1	1
TCGA-BC-A10T	2	112802910	113364076	2	1
TCGA-BC-A10T	2	113366011	120104443	1	1
TCGA-BC-A10T	2	120104860	121348472	2	1
TCGA-BC-A10T	2	121349814	173617669	1	1
TCGA-BC-A10T	2	173620425	173985310	2	1
TCGA-BC-A10T	2	173990984	206693923	1	1
TCGA-BC-A10T	2	206693963	206882396	2	1
TCGA-BC-A10T	2	206884428	216813647	1	1
TCGA-BC-A10T	2	216815508	217153080	2	1
TCGA-BC-A10T	2	217153197	243089456	1	1
TCGA-BC-A10T	3	60345	50625150	1	1
TCGA-BC-A10T	3	50626657	53317230	2	1
TCGA-BC-A10T	3	53318266	100038252	1	1
TCGA-BC-A10T	3	100038590	100521853	2	1
TCGA-BC-A10T	3	100523949	125844981	1	1
TCGA-BC-A10T	3	125846168	126369203	2	1
TCGA-BC-A10T	3	126369898	132904067	1	1
TCGA-BC-A10T	3	132904453	134013685	2	1
TCGA-BC-A10T	3	134013685	148870345	1	1
TCGA-BC-A10T	3	148870738	172116635	2	1
TCGA-BC-A10T	3	172120847	172449817	6	1
TCGA-BC-A10T	3	172450296	187212948	2	1
TCGA-BC-A10T	3	187216158	192298888	3	1
TCGA-BC-A10T	3	192299189	197896118	2	1
TCGA-BC-A10T	4	12281	74479397	1	1
TCGA-BC-A10T	4	74483570	186799632	1	0
TCGA-BC-A10T	4	186800102	191027923	1	1
TCGA-BC-A10T	5	15532	34372083	1	1
TCGA-BC-A10T	5	34374547	34616036	3	1
TCGA-BC-A10T	5	34616166	57974102	1	1
TCGA-BC-A10T	5	57974316	78918677	1	0
TCGA-BC-A10T	5	78920847	79189570	2	0
TCGA-BC-A10T	5	79189682	88798980	1	0
TCGA-BC-A10T	5	88804412	90028159	1	1
TCGA-BC-A10T	5	90028405	90320810	2	1
TCGA-BC-A10T	5	90321195	94904522	1	1
TCGA-BC-A10T	5	94904618	95638946	2	1
TCGA-BC-A10T	5	95639072	96725813	1	1
TCGA-BC-A10T	5	96726935	101383723	2	1
TCGA-BC-A10T	5	101383803	104289566	1	1
TCGA-BC-A10T	5	104289640	112365572	2	1
TCGA-BC-A10T	5	112365632	112788405	4	1
TCGA-BC-A10T	5	112788540	115030122	2	1
TCGA-BC-A10T	5	115030818	115194328	5	1
TCGA-BC-A10T	5	115203512	167768114	2	1
TCGA-BC-A10T	5	167768442	168311675	2	2
TCGA-BC-A10T	5	168312139	180790320	2	1
TCGA-BC-A10T	6	149661	13339679	1	1
TCGA-BC-A10T	6	13340151	13716592	2	1
TCGA-BC-A10T	6	13716626	52447335	1	1
TCGA-BC-A10T	6	52449875	52800648	3	1
TCGA-BC-A10T	6	52800854	166513965	1	1
TCGA-BC-A10T	6	166514150	166997159	2	1
TCGA-BC-A10T	6	166997177	171051005	1	1
TCGA-BC-A10T	7	43259	29145214	1	1
TCGA-BC-A10T	7	29146845	29336941	2	1
TCGA-BC-A10T	7	29337821	87007955	1	1
TCGA-BC-A10T	7	87008509	87049161	3	3
TCGA-BC-A10T	7	87049956	159127004	1	1
TCGA-BC-A10T	8	31254	11547620	1	0
TCGA-BC-A10T	8	11547790	11768907	2	0
TCGA-BC-A10T	8	11769328	17494886	1	0
TCGA-BC-A10T	8	17497874	18029277	2	0
TCGA-BC-A10T	8	18029586	42476061	1	0
TCGA-BC-A10T	8	42477297	59057526	1	1
TCGA-BC-A10T	8	59058018	59556065	2	1
TCGA-BC-A10T	8	59562656	101248363	1	1
TCGA-BC-A10T	8	101250384	101294839	5	0
TCGA-BC-A10T	8	101295456	101340213	2	1
TCGA-BC-A10T	8	101341277	101602235	5	2
TCGA-BC-A10T	8	101604669	101689111	2	2
TCGA-BC-A10T	8	101690190	118416172	2	1
TCGA-BC-A10T	8	118416828	118861367	3	2
TCGA-BC-A10T	8	118861467	126093444	2	1
TCGA-BC-A10T	8	126093882	126704256	4	1
TCGA-BC-A10T	8	126705162	134024909	2	1
TCGA-BC-A10T	8	134027897	134572579	4	1
TCGA-BC-A10T	8	134572773	146298155	2	1
TCGA-BC-A10T	9	46587	116814661	1	1
TCGA-BC-A10T	9	116815777	117136833	2	1
TCGA-BC-A10T	9	117137302	136754076	1	1
TCGA-BC-A10T	9	136759587	137244737	3	1
TCGA-BC-A10T	9	137248091	141091394	2	0
TCGA-BC-A10T	10	72759	99072507	1	1
TCGA-BC-A10T	10	99075396	99561930	2	1
TCGA-BC-A10T	10	99562211	100820860	1	1
TCGA-BC-A10T	10	100825274	101905521	2	1
TCGA-BC-A10T	10	101912064	135506704	1	1
TCGA-BC-A10T	11	198572	6233517	1	1
TCGA-BC-A10T	11	6234688	6475664	2	1
TCGA-BC-A10T	11	6475939	27052793	1	1
TCGA-BC-A10T	11	27053357	27681221	2	1
TCGA-BC-A10T	11	27681388	34141528	1	1
TCGA-BC-A10T	11	34141747	34653008	2	1
TCGA-BC-A10T	11	34653023	68910642	1	1
TCGA-BC-A10T	11	68910854	69921017	2	1
TCGA-BC-A10T	11	69921329	114002439	1	1
TCGA-BC-A10T	11	114005414	114071814	4	1
TCGA-BC-A10T	11	114072365	115240581	1	1
TCGA-BC-A10T	11	115244900	115787791	2	1
TCGA-BC-A10T	11	115788173	116324211	1	1
TCGA-BC-A10T	11	116328380	116854371	2	1
TCGA-BC-A10T	11	116854806	134944770	1	1
TCGA-BC-A10T	12	150442	9047890	1	1
TCGA-BC-A10T	12	9047991	9615854	2	1
TCGA-BC-A10T	12	9616921	12332842	1	1
TCGA-BC-A10T	12	12337874	12675290	5	0
TCGA-BC-A10T	12	12675854	12752236	2	1
TCGA-BC-A10T	12	12761659	53875535	1	1
TCGA-BC-A10T	12	53879641	110609714	2	1
TCGA-BC-A10T	12	110619349	112817783	3	0
TCGA-BC-A10T	12	112817847	133778189	2	0
TCGA-BC-A10T	13	19026949	27342821	1	1
TCGA-BC-A10T	13	27343244	27743080	2	1
TCGA-BC-A10T	13	27746711	42696896	1	1
TCGA-BC-A10T	13	42697807	115108397	1	0
TCGA-BC-A10T	14	19002124	75906573	1	1
TCGA-BC-A10T	14	75906938	94757499	1	0
TCGA-BC-A10T	14	94757552	94852423	2	0
TCGA-BC-A10T	14	94853965	107285437	1	0
TCGA-BC-A10T	15	20016328	102469040	1	1
TCGA-BC-A10T	16	60777	57583796	1	1
TCGA-BC-A10T	16	57585432	58022370	3	1
TCGA-BC-A10T	16	58026365	90103035	1	1
TCGA-BC-A10T	16	90103117	90287535	1	0
TCGA-BC-A10T	17	526	1343700	1	1
TCGA-BC-A10T	17	1353900	1922782	3	2
TCGA-BC-A10T	17	1932316	7397790	1	1
TCGA-BC-A10T	17	7398909	16194053	1	0
TCGA-BC-A10T	17	16196099	18142669	2	1
TCGA-BC-A10T	17	18142740	48706319	1	1
TCGA-BC-A10T	17	48708922	49294768	2	1
TCGA-BC-A10T	17	49295989	72935457	1	1
TCGA-BC-A10T	17	72936025	80510711	2	1
TCGA-BC-A10T	17	80520632	81049726	1	1
TCGA-BC-A10T	18	48133	2935456	1	1
TCGA-BC-A10T	18	2941450	3268535	2	1
TCGA-BC-A10T	18	3268550	46815445	1	1
TCGA-BC-A10T	18	46816577	47214935	3	1
TCGA-BC-A10T	18	47221491	71710183	1	1
TCGA-BC-A10T	18	71711039	72034039	2	1
TCGA-BC-A10T	18	72034616	78015057	1	1
TCGA-BC-A10T	19	90910	2380712	1	1
TCGA-BC-A10T	19	2384341	2535729	3	1
TCGA-BC-A10T	19	2536861	17777508	1	1
TCGA-BC-A10T	19	17782851	18533793	2	1
TCGA-BC-A10T	19	18543353	30211821	1	1
TCGA-BC-A10T	19	30212103	30552109	2	1
TCGA-BC-A10T	19	30555841	59097854	1	1
TCGA-BC-A10T	20	61305	20415132	1	1
TCGA-BC-A10T	20	20416336	20823515	2	1
TCGA-BC-A10T	20	20823718	30611379	1	1
TCGA-BC-A10T	20	30613817	31079257	3	1
TCGA-BC-A10T	20	31079948	48094086	1	1
TCGA-BC-A10T	20	48094358	48467013	2	1
TCGA-BC-A10T	20	48467716	57575706	1	1
TCGA-BC-A10T	20	57578508	57756636	3	1
TCGA-BC-A10T	20	57758080	62956153	1	1
TCGA-BC-A10T	21	10736871	48096957	1	1
TCGA-BC-A10T	22	16052528	35177205	1	0
TCGA-BC-A10T	22	35178241	37970695	1	1
TCGA-BC-A10T	22	37971766	38169851	3	1
TCGA-BC-A10T	22	38170046	42153653	1	1
TCGA-BC-A10T	22	42154218	51234455	1	0
TCGA-BC-A10T	X	168477	2694240	1	1
TCGA-BC-A10T	X	2703391	16826565	1	0
TCGA-BC-A10T	X	16826893	17126231	2	0
TCGA-BC-A10T	X	17129420	154929308	1	0
TCGA-BC-A10T	X	154929498	155233846	2	1
