sample	chr	startpos	endpos	nMajor	nMinor
TCGA-FG-6691	1	61735	249224388	1	1
TCGA-FG-6691	2	12784	243089456	1	1
TCGA-FG-6691	3	60345	195051660	1	1
TCGA-FG-6691	3	195051895	197896118	1	0
TCGA-FG-6691	4	12281	191027923	1	1
TCGA-FG-6691	5	15532	180790320	1	1
TCGA-FG-6691	6	149661	171051005	1	1
TCGA-FG-6691	7	43259	159127004	2	1
TCGA-FG-6691	8	31254	54371221	1	1
TCGA-FG-6691	8	54376243	146298155	2	1
TCGA-FG-6691	9	46587	141091394	1	1
TCGA-FG-6691	10	72759	135506704	1	1
TCGA-FG-6691	11	198572	134944770	1	1
TCGA-FG-6691	12	150442	303143	1	0
TCGA-FG-6691	12	305613	17508277	2	1
TCGA-FG-6691	12	17509122	27497502	1	1
TCGA-FG-6691	12	27498107	28934251	2	1
TCGA-FG-6691	12	28935217	66774815	1	1
TCGA-FG-6691	12	66775189	67287096	1	0
TCGA-FG-6691	12	67288260	133778189	1	1
TCGA-FG-6691	13	19026949	115108397	1	1
TCGA-FG-6691	14	19002124	107285437	1	1
TCGA-FG-6691	15	20016328	102469040	1	1
TCGA-FG-6691	16	60777	90287535	1	1
TCGA-FG-6691	17	526	8207839	2	0
TCGA-FG-6691	17	8208155	81049726	1	1
TCGA-FG-6691	18	48133	78015057	1	1
TCGA-FG-6691	19	90910	59097854	1	1
TCGA-FG-6691	20	61305	62956153	1	1
TCGA-FG-6691	21	10736871	48096957	1	1
TCGA-FG-6691	22	16052528	51234455	1	1
TCGA-FG-6691	X	168477	155233846	1	0
