sample	chr	startpos	endpos	nMajor	nMinor
TCGA-CQ-5326	1	61735	249224388	1	1
TCGA-CQ-5326	2	12784	121945933	1	1
TCGA-CQ-5326	2	121947365	125612417	1	0
TCGA-CQ-5326	2	125613206	243089456	1	1
TCGA-CQ-5326	3	60345	93548499	1	0
TCGA-CQ-5326	3	93551545	197896118	1	1
TCGA-CQ-5326	4	12281	48963887	1	0
TCGA-CQ-5326	4	48967889	183261526	1	1
TCGA-CQ-5326	4	183261785	191027923	1	0
TCGA-CQ-5326	5	15532	180790320	1	1
TCGA-CQ-5326	6	149661	171051005	1	1
TCGA-CQ-5326	7	43259	77545477	1	1
TCGA-CQ-5326	7	77548646	78430093	3	1
TCGA-CQ-5326	7	78430176	78467721	6	2
TCGA-CQ-5326	7	78469638	79931758	3	1
TCGA-CQ-5326	7	79934804	80817550	5	1
TCGA-CQ-5326	7	80817913	91410070	1	1
TCGA-CQ-5326	7	91416531	94361274	4	1
TCGA-CQ-5326	7	94364483	114658965	2	1
TCGA-CQ-5326	7	114663470	116154831	6	1
TCGA-CQ-5326	7	116161947	159127004	1	0
TCGA-CQ-5326	8	31254	34230497	1	0
TCGA-CQ-5326	8	34231198	109122676	1	1
TCGA-CQ-5326	8	109123030	146298155	2	1
TCGA-CQ-5326	9	46587	47217176	1	0
TCGA-CQ-5326	9	65616971	141091394	2	0
TCGA-CQ-5326	10	72759	38502361	1	0
TCGA-CQ-5326	10	38502717	91762684	1	1
TCGA-CQ-5326	10	91763106	135506704	1	0
TCGA-CQ-5326	11	198572	12097628	1	0
TCGA-CQ-5326	11	12097827	12420170	4	1
TCGA-CQ-5326	11	12422758	34006522	2	1
TCGA-CQ-5326	11	34008779	36489030	7	1
TCGA-CQ-5326	11	36491469	39255128	2	1
TCGA-CQ-5326	11	39255398	62589371	1	1
TCGA-CQ-5326	11	62591747	68687433	2	1
TCGA-CQ-5326	11	68692071	76629451	5	2
TCGA-CQ-5326	11	76629867	76660938	7	0
TCGA-CQ-5326	11	76667172	78689126	14	2
TCGA-CQ-5326	11	78689698	124370476	2	0
TCGA-CQ-5326	11	124372304	127095382	3	0
TCGA-CQ-5326	11	127100917	134944770	1	0
TCGA-CQ-5326	12	150442	133778189	1	1
TCGA-CQ-5326	13	19026949	115108397	1	1
TCGA-CQ-5326	14	19002124	46216814	1	1
TCGA-CQ-5326	14	46217649	107285437	2	1
TCGA-CQ-5326	15	20016328	102469040	1	1
TCGA-CQ-5326	16	60777	5761402	2	1
TCGA-CQ-5326	16	5761537	8581799	2	2
TCGA-CQ-5326	16	8583305	17383052	2	1
TCGA-CQ-5326	16	17383298	24297682	1	1
TCGA-CQ-5326	16	24298532	35283226	1	0
TCGA-CQ-5326	16	46463782	90287535	1	1
TCGA-CQ-5326	17	526	30030866	1	0
TCGA-CQ-5326	17	30033822	81049726	1	1
TCGA-CQ-5326	18	48133	23422306	1	1
TCGA-CQ-5326	18	23422579	28410741	1	0
TCGA-CQ-5326	18	28417364	31581301	1	1
TCGA-CQ-5326	18	31582513	78015057	1	0
TCGA-CQ-5326	19	90910	11141939	1	0
TCGA-CQ-5326	19	11143019	12227235	4	1
TCGA-CQ-5326	19	12227625	13890017	2	1
TCGA-CQ-5326	19	13890205	59097854	1	1
TCGA-CQ-5326	20	61305	62956153	1	1
TCGA-CQ-5326	21	10736871	17658668	1	1
TCGA-CQ-5326	21	17659073	34883798	1	0
TCGA-CQ-5326	21	34885261	36234107	2	1
TCGA-CQ-5326	21	36234200	48096957	1	0
TCGA-CQ-5326	22	16052528	51234455	2	1
TCGA-CQ-5326	X	168477	154856601	1	0
TCGA-CQ-5326	X	154859729	155233846	0	0
