sample	chr	startpos	endpos	nMajor	nMinor
TCGA-EE-A2GB	1	61735	47272531	2	2
TCGA-EE-A2GB	1	47274913	115779745	2	1
TCGA-EE-A2GB	1	115782068	121482979	2	2
TCGA-EE-A2GB	1	144007049	158985135	3	2
TCGA-EE-A2GB	1	158985231	188946362	3	1
TCGA-EE-A2GB	1	188946453	194436856	2	1
TCGA-EE-A2GB	1	194436856	195726983	3	1
TCGA-EE-A2GB	1	195731318	229339710	2	1
TCGA-EE-A2GB	1	229339775	234795863	2	2
TCGA-EE-A2GB	1	234796958	249224388	3	2
TCGA-EE-A2GB	2	12784	243089456	2	1
TCGA-EE-A2GB	3	60345	76655040	2	1
TCGA-EE-A2GB	3	76658834	76873152	2	0
TCGA-EE-A2GB	3	76878679	197896118	2	1
TCGA-EE-A2GB	4	12281	43057528	2	2
TCGA-EE-A2GB	4	43058884	43927023	4	2
TCGA-EE-A2GB	4	43927834	143140989	3	2
TCGA-EE-A2GB	4	143143730	182184887	2	1
TCGA-EE-A2GB	4	182184951	182597040	1	1
TCGA-EE-A2GB	4	182597939	189608461	2	1
TCGA-EE-A2GB	4	189609562	191027923	2	2
TCGA-EE-A2GB	5	15532	180790320	2	1
TCGA-EE-A2GB	6	149661	74783902	2	2
TCGA-EE-A2GB	6	74785264	75748737	3	1
TCGA-EE-A2GB	6	75750356	91106315	3	2
TCGA-EE-A2GB	6	91106979	91308912	2	2
TCGA-EE-A2GB	6	91310855	171051005	2	0
TCGA-EE-A2GB	7	43259	65183508	3	3
TCGA-EE-A2GB	7	65184339	159127004	3	1
TCGA-EE-A2GB	8	31254	64775334	2	1
TCGA-EE-A2GB	8	64777393	65083284	2	0
TCGA-EE-A2GB	8	65084215	146298155	2	1
TCGA-EE-A2GB	9	46587	8693234	2	0
TCGA-EE-A2GB	9	8693432	10255922	1	0
TCGA-EE-A2GB	9	10261746	138199467	2	0
TCGA-EE-A2GB	9	138209270	141091394	2	1
TCGA-EE-A2GB	10	72759	52908166	2	0
TCGA-EE-A2GB	10	52914210	54102005	1	0
TCGA-EE-A2GB	10	54102851	57910095	2	0
TCGA-EE-A2GB	10	57913435	64268155	1	0
TCGA-EE-A2GB	10	64268345	64500937	2	0
TCGA-EE-A2GB	10	64503349	66304899	1	0
TCGA-EE-A2GB	10	66305239	68721410	2	0
TCGA-EE-A2GB	10	68723515	68962036	1	0
TCGA-EE-A2GB	10	68970046	70338920	2	0
TCGA-EE-A2GB	10	70338978	77760411	3	0
TCGA-EE-A2GB	10	77760482	78494055	2	0
TCGA-EE-A2GB	10	78497444	83124105	3	0
TCGA-EE-A2GB	10	83124636	84236001	2	0
TCGA-EE-A2GB	10	84236702	89153570	3	0
TCGA-EE-A2GB	10	89164708	89603424	2	0
TCGA-EE-A2GB	10	89604732	90569723	1	0
TCGA-EE-A2GB	10	90570304	96151215	2	0
TCGA-EE-A2GB	10	96152086	96794489	1	0
TCGA-EE-A2GB	10	96794734	97831093	2	0
TCGA-EE-A2GB	10	97836823	107903546	3	0
TCGA-EE-A2GB	10	107907810	111116729	2	0
TCGA-EE-A2GB	10	111119002	117928004	3	0
TCGA-EE-A2GB	10	117928218	135506704	2	0
TCGA-EE-A2GB	11	198572	40332970	2	2
TCGA-EE-A2GB	11	40336531	41021382	2	1
TCGA-EE-A2GB	11	41021414	77371510	2	2
TCGA-EE-A2GB	11	77371804	134568942	2	0
TCGA-EE-A2GB	11	134569068	134944770	2	2
TCGA-EE-A2GB	12	150442	133778189	2	2
TCGA-EE-A2GB	13	19026949	115108397	2	2
TCGA-EE-A2GB	14	19002124	92774800	2	1
TCGA-EE-A2GB	14	92776162	107285437	2	0
TCGA-EE-A2GB	15	20016328	102469040	2	1
TCGA-EE-A2GB	16	60777	69887010	2	2
TCGA-EE-A2GB	16	69888085	90287535	2	1
TCGA-EE-A2GB	17	526	48534532	2	1
TCGA-EE-A2GB	17	48537122	81049726	2	2
TCGA-EE-A2GB	18	48133	1324288	5	3
TCGA-EE-A2GB	18	1326068	7826057	5	2
TCGA-EE-A2GB	18	7826072	12602644	5	3
TCGA-EE-A2GB	18	12603432	18529353	4	2
TCGA-EE-A2GB	18	18541659	19398983	2	0
TCGA-EE-A2GB	18	19403436	26618345	2	1
TCGA-EE-A2GB	18	26618394	54730962	3	2
TCGA-EE-A2GB	18	54736445	78015057	2	1
TCGA-EE-A2GB	19	90910	59097854	2	1
TCGA-EE-A2GB	20	61305	62956153	2	2
TCGA-EE-A2GB	21	10736871	48096957	2	0
TCGA-EE-A2GB	22	16052528	51234455	2	2
TCGA-EE-A2GB	X	168477	31627534	2	0
TCGA-EE-A2GB	X	31627902	31897253	1	0
TCGA-EE-A2GB	X	31897448	155233846	2	0
