sample	chr	startpos	endpos	nMajor	nMinor
TCGA-FG-5962	1	61735	121482979	1	0
TCGA-FG-5962	1	144007049	144987312	2	0
TCGA-FG-5962	1	144987445	249224388	1	1
TCGA-FG-5962	2	12784	243089456	1	1
TCGA-FG-5962	3	60345	197896118	1	1
TCGA-FG-5962	4	12281	191027923	1	0
TCGA-FG-5962	5	15532	180790320	1	1
TCGA-FG-5962	6	149661	171051005	1	1
TCGA-FG-5962	7	43259	159127004	1	1
TCGA-FG-5962	8	31254	146298155	1	1
TCGA-FG-5962	9	46587	141091394	1	1
TCGA-FG-5962	10	72759	135506704	1	1
TCGA-FG-5962	11	198572	134944770	1	1
TCGA-FG-5962	12	150442	133778189	1	1
TCGA-FG-5962	13	19026949	115108397	1	0
TCGA-FG-5962	14	19002124	107285437	1	1
TCGA-FG-5962	15	20016328	102469040	1	1
TCGA-FG-5962	16	60777	90287535	1	1
TCGA-FG-5962	17	526	81049726	1	1
TCGA-FG-5962	18	48133	78015057	1	1
TCGA-FG-5962	19	90910	27998566	1	1
TCGA-FG-5962	19	28000838	59097854	1	0
TCGA-FG-5962	20	61305	62956153	1	1
TCGA-FG-5962	21	10736871	48096957	1	1
TCGA-FG-5962	22	16052528	51234455	1	1
TCGA-FG-5962	X	168477	2703391	1	1
TCGA-FG-5962	X	2703633	155233846	1	0
