sample	chr	startpos	endpos	nMajor	nMinor
TCGA-A8-A06Y	1	61735	121482979	1	0
TCGA-A8-A06Y	1	144007049	249224388	3	1
TCGA-A8-A06Y	2	12784	243089456	2	0
TCGA-A8-A06Y	3	60345	197896118	1	1
TCGA-A8-A06Y	4	12281	191027923	1	1
TCGA-A8-A06Y	5	15532	180790320	1	1
TCGA-A8-A06Y	6	149661	171051005	1	1
TCGA-A8-A06Y	7	43259	159127004	1	1
TCGA-A8-A06Y	8	31254	146298155	2	1
TCGA-A8-A06Y	9	46587	20883970	1	1
TCGA-A8-A06Y	9	20887712	21161950	1	0
TCGA-A8-A06Y	9	21171267	22164991	0	0
TCGA-A8-A06Y	9	22167974	24375619	1	0
TCGA-A8-A06Y	9	24381517	47217176	1	1
TCGA-A8-A06Y	9	65616971	87107385	1	0
TCGA-A8-A06Y	9	87108041	92837775	1	1
TCGA-A8-A06Y	9	92838827	95909429	1	0
TCGA-A8-A06Y	9	95910147	96959110	1	1
TCGA-A8-A06Y	9	96959415	100335946	1	0
TCGA-A8-A06Y	9	100340639	105487844	1	1
TCGA-A8-A06Y	9	105488636	108657010	1	0
TCGA-A8-A06Y	9	108663414	111883684	1	1
TCGA-A8-A06Y	9	111887219	114238430	1	0
TCGA-A8-A06Y	9	114238515	141091394	1	1
TCGA-A8-A06Y	10	72759	135506704	1	1
TCGA-A8-A06Y	11	198572	134944770	1	1
TCGA-A8-A06Y	12	150442	119023992	1	1
TCGA-A8-A06Y	12	119025696	119462367	1	0
TCGA-A8-A06Y	12	119465735	119827726	1	1
TCGA-A8-A06Y	12	119829588	120153748	1	0
TCGA-A8-A06Y	12	120154552	133778189	1	1
TCGA-A8-A06Y	13	19026949	115108397	1	1
TCGA-A8-A06Y	14	19002124	22378542	1	1
TCGA-A8-A06Y	14	22378708	22978516	2	1
TCGA-A8-A06Y	14	22978577	107285437	1	1
TCGA-A8-A06Y	15	20016328	102469040	1	0
TCGA-A8-A06Y	16	60777	90287535	2	1
TCGA-A8-A06Y	17	526	81049726	1	1
TCGA-A8-A06Y	18	48133	78015057	1	0
TCGA-A8-A06Y	19	90910	58899056	1	1
TCGA-A8-A06Y	19	58899182	59097854	1	0
TCGA-A8-A06Y	20	61305	62956153	2	1
TCGA-A8-A06Y	21	10736871	48096957	1	1
TCGA-A8-A06Y	22	16052528	51234455	1	0
TCGA-A8-A06Y	X	168477	155233846	1	1
