sample	chr	startpos	endpos	nMajor	nMinor
TCGA-DQ-5624	1	61735	42285762	3	1
TCGA-DQ-5624	1	42285999	67203984	2	1
TCGA-DQ-5624	1	67204293	106340981	3	1
TCGA-DQ-5624	1	106341133	111820644	2	2
TCGA-DQ-5624	1	111820804	165421258	2	1
TCGA-DQ-5624	1	165421320	195548140	1	1
TCGA-DQ-5624	1	195548179	199093350	2	1
TCGA-DQ-5624	1	199093876	249224388	2	2
TCGA-DQ-5624	2	12784	20491321	2	1
TCGA-DQ-5624	2	20491430	95361888	3	1
TCGA-DQ-5624	2	95362252	141656931	2	2
TCGA-DQ-5624	2	141656955	142272528	1	0
TCGA-DQ-5624	2	142272556	243089456	2	2
TCGA-DQ-5624	3	60345	60235256	3	0
TCGA-DQ-5624	3	60235607	60615680	2	0
TCGA-DQ-5624	3	60616153	90154546	3	0
TCGA-DQ-5624	3	90162205	114257868	5	2
TCGA-DQ-5624	3	114257956	168431096	5	1
TCGA-DQ-5624	3	168434014	197896118	5	2
TCGA-DQ-5624	4	12281	149596900	2	2
TCGA-DQ-5624	4	149597093	159947951	3	2
TCGA-DQ-5624	4	159948180	191027923	2	1
TCGA-DQ-5624	5	15532	22012301	4	1
TCGA-DQ-5624	5	22013293	24639070	3	1
TCGA-DQ-5624	5	24646826	24791007	13	3
TCGA-DQ-5624	5	24791039	26186804	7	3
TCGA-DQ-5624	5	26188775	36483958	3	1
TCGA-DQ-5624	5	36485194	40107174	3	3
TCGA-DQ-5624	5	40108949	45636413	3	1
TCGA-DQ-5624	5	45637264	46224024	4	4
TCGA-DQ-5624	5	46246513	52540105	2	2
TCGA-DQ-5624	5	52540848	55348701	2	1
TCGA-DQ-5624	5	55348815	56707404	3	2
TCGA-DQ-5624	5	56708111	88397836	2	1
TCGA-DQ-5624	5	88404319	93367074	2	2
TCGA-DQ-5624	5	93367172	93788753	2	0
TCGA-DQ-5624	5	93791082	180790320	2	2
TCGA-DQ-5624	6	149661	6568572	2	0
TCGA-DQ-5624	6	6568762	7197951	26	1
TCGA-DQ-5624	6	7198973	7918368	21	1
TCGA-DQ-5624	6	7918405	8269155	7	2
TCGA-DQ-5624	6	8269304	8305128	6	2
TCGA-DQ-5624	6	8306014	38109462	2	0
TCGA-DQ-5624	6	38111339	49485266	1	0
TCGA-DQ-5624	6	49488055	54249571	4	1
TCGA-DQ-5624	6	54253930	54972735	1	1
TCGA-DQ-5624	6	54978540	56879162	3	3
TCGA-DQ-5624	6	56879938	57681575	3	1
TCGA-DQ-5624	6	57681966	64963579	3	2
TCGA-DQ-5624	6	64963599	162875706	1	1
TCGA-DQ-5624	6	162876205	171051005	3	1
TCGA-DQ-5624	7	43259	12498539	3	1
TCGA-DQ-5624	7	12498634	24463962	2	1
TCGA-DQ-5624	7	24464343	28668502	2	2
TCGA-DQ-5624	7	28668780	53576507	4	1
TCGA-DQ-5624	7	53586003	54457974	6	5
TCGA-DQ-5624	7	54458362	54488242	16	3
TCGA-DQ-5624	7	54493204	55793010	19	3
TCGA-DQ-5624	7	55798100	56718499	34	2
TCGA-DQ-5624	7	56720006	57589803	15	3
TCGA-DQ-5624	7	57590500	61987244	6	2
TCGA-DQ-5624	7	61987257	67506972	1	1
TCGA-DQ-5624	7	67507151	159127004	2	2
TCGA-DQ-5624	8	31254	3403501	1	0
TCGA-DQ-5624	8	3405578	3849139	0	0
TCGA-DQ-5624	8	3849209	37075448	1	0
TCGA-DQ-5624	8	37080834	40273504	3	1
TCGA-DQ-5624	8	40278197	43253265	2	1
TCGA-DQ-5624	8	43253798	74061025	4	3
TCGA-DQ-5624	8	74061293	146298155	5	4
TCGA-DQ-5624	9	46587	21047633	3	0
TCGA-DQ-5624	9	21047733	24019436	2	0
TCGA-DQ-5624	9	24019508	102809724	3	0
TCGA-DQ-5624	9	102810914	141091394	4	0
TCGA-DQ-5624	10	72759	36549441	2	2
TCGA-DQ-5624	10	36551131	36774685	18	1
TCGA-DQ-5624	10	36777576	38266712	13	2
TCGA-DQ-5624	10	38266870	38751921	7	2
TCGA-DQ-5624	10	38755674	71903017	2	2
TCGA-DQ-5624	10	71903254	75670003	2	1
TCGA-DQ-5624	10	75673101	135506704	2	2
TCGA-DQ-5624	11	198572	15365795	2	1
TCGA-DQ-5624	11	15369048	28744454	1	1
TCGA-DQ-5624	11	28744783	30222413	3	1
TCGA-DQ-5624	11	30222637	31010853	1	1
TCGA-DQ-5624	11	31010962	32122020	2	2
TCGA-DQ-5624	11	32125855	36001891	4	1
TCGA-DQ-5624	11	36002216	36868865	1	1
TCGA-DQ-5624	11	36869798	37214067	3	1
TCGA-DQ-5624	11	37216139	44319657	1	1
TCGA-DQ-5624	11	44319814	44915348	6	1
TCGA-DQ-5624	11	44916390	49809004	1	1
TCGA-DQ-5624	11	49821342	50590077	6	1
TCGA-DQ-5624	11	50596337	74365778	3	1
TCGA-DQ-5624	11	74366331	95376480	2	1
TCGA-DQ-5624	11	95377259	100368928	3	1
TCGA-DQ-5624	11	100369896	103418158	2	2
TCGA-DQ-5624	11	103418177	134944770	2	1
TCGA-DQ-5624	12	150442	38876522	3	3
TCGA-DQ-5624	12	38879117	53332801	2	1
TCGA-DQ-5624	12	53335064	55662144	3	1
TCGA-DQ-5624	12	55667526	58275176	8	1
TCGA-DQ-5624	12	58276475	62334654	13	1
TCGA-DQ-5624	12	62341370	63795218	3	1
TCGA-DQ-5624	12	63800617	66518616	12	1
TCGA-DQ-5624	12	66521687	80563694	2	1
TCGA-DQ-5624	12	80566913	121605189	3	1
TCGA-DQ-5624	12	121605355	133778189	2	1
TCGA-DQ-5624	13	19026949	27194273	3	2
TCGA-DQ-5624	13	27196387	71347258	2	1
TCGA-DQ-5624	13	71347587	71621124	13	2
TCGA-DQ-5624	13	71621716	73958109	9	2
TCGA-DQ-5624	13	73961080	77123824	6	2
TCGA-DQ-5624	13	77125587	78720302	19	2
TCGA-DQ-5624	13	78724705	81137267	4	2
TCGA-DQ-5624	13	81137320	115108397	2	1
TCGA-DQ-5624	14	19002124	25100933	4	1
TCGA-DQ-5624	14	25101629	32720343	2	1
TCGA-DQ-5624	14	32722190	107285437	2	2
TCGA-DQ-5624	15	20016328	102469040	2	1
TCGA-DQ-5624	16	60777	10840847	3	1
TCGA-DQ-5624	16	10841533	19209610	2	1
TCGA-DQ-5624	16	19209719	35283226	1	1
TCGA-DQ-5624	16	46463782	90287535	3	1
TCGA-DQ-5624	17	526	13832462	4	0
TCGA-DQ-5624	17	13833633	14975455	6	0
TCGA-DQ-5624	17	14975562	20804010	3	0
TCGA-DQ-5624	17	20805784	27812106	4	0
TCGA-DQ-5624	17	27812225	32829372	3	0
TCGA-DQ-5624	17	32829408	33397782	11	0
TCGA-DQ-5624	17	33402164	45769294	3	0
TCGA-DQ-5624	17	45781264	49217451	5	0
TCGA-DQ-5624	17	49219447	49974016	2	0
TCGA-DQ-5624	17	49977113	51652204	4	0
TCGA-DQ-5624	17	51652320	53605307	3	0
TCGA-DQ-5624	17	53607749	53904453	5	0
TCGA-DQ-5624	17	53904453	56384022	4	0
TCGA-DQ-5624	17	56388683	56693640	17	0
TCGA-DQ-5624	17	56698827	59603264	5	0
TCGA-DQ-5624	17	59604170	69407249	2	0
TCGA-DQ-5624	17	69407931	81049726	4	0
TCGA-DQ-5624	18	48133	7954301	2	0
TCGA-DQ-5624	18	7956629	22459712	2	1
TCGA-DQ-5624	18	22460040	60050461	1	1
TCGA-DQ-5624	18	60053265	78015057	2	1
TCGA-DQ-5624	19	90910	24279318	3	0
TCGA-DQ-5624	19	24279802	59097854	4	0
TCGA-DQ-5624	20	61305	33719636	3	3
TCGA-DQ-5624	20	33719929	39107492	4	2
TCGA-DQ-5624	20	39108504	44141331	3	2
TCGA-DQ-5624	20	44142395	62956153	3	3
TCGA-DQ-5624	21	10736871	48096957	2	1
TCGA-DQ-5624	22	16052528	24212406	5	2
TCGA-DQ-5624	22	24218545	51234455	2	2
TCGA-DQ-5624	X	168477	141089324	2	2
TCGA-DQ-5624	X	141089587	155233846	2	1
