sample	chr	startpos	endpos	nMajor	nMinor
TCGA-EE-A182	1	61735	20426906	1	0
TCGA-EE-A182	1	20428432	121482979	1	1
TCGA-EE-A182	1	144007049	145792064	1	0
TCGA-EE-A182	1	145932468	150856391	2	1
TCGA-EE-A182	1	150859142	152503776	3	1
TCGA-EE-A182	1	152507156	152903120	2	1
TCGA-EE-A182	1	152905707	157405406	4	1
TCGA-EE-A182	1	157406190	158214482	2	1
TCGA-EE-A182	1	158217900	158902742	1	0
TCGA-EE-A182	1	158904656	160919664	3	1
TCGA-EE-A182	1	160920688	160948447	2	1
TCGA-EE-A182	1	160949114	162106150	1	0
TCGA-EE-A182	1	162106525	162369410	2	1
TCGA-EE-A182	1	162374724	162695676	1	0
TCGA-EE-A182	1	162699052	162726974	2	1
TCGA-EE-A182	1	162731233	163059010	3	1
TCGA-EE-A182	1	163063719	165368440	1	1
TCGA-EE-A182	1	165371715	168932500	2	1
TCGA-EE-A182	1	168932614	169584545	1	1
TCGA-EE-A182	1	169585550	171356344	1	0
TCGA-EE-A182	1	171363432	172775202	1	1
TCGA-EE-A182	1	172777357	179742819	1	0
TCGA-EE-A182	1	179746501	182305166	2	1
TCGA-EE-A182	1	182306544	182404269	3	1
TCGA-EE-A182	1	182404479	185370033	1	1
TCGA-EE-A182	1	185372105	195900590	1	0
TCGA-EE-A182	1	195902372	197167731	0	0
TCGA-EE-A182	1	197167797	198396048	1	0
TCGA-EE-A182	1	198400006	200050286	2	1
TCGA-EE-A182	1	200054304	201422201	4	1
TCGA-EE-A182	1	201423658	201670591	2	1
TCGA-EE-A182	1	201676312	205271485	4	1
TCGA-EE-A182	1	205274174	205634161	2	1
TCGA-EE-A182	1	205637173	205746591	1	0
TCGA-EE-A182	1	205747351	206583637	2	1
TCGA-EE-A182	1	206594903	206795849	4	1
TCGA-EE-A182	1	206796165	211572519	2	1
TCGA-EE-A182	1	211573545	214387772	3	1
TCGA-EE-A182	1	214389524	214670762	1	0
TCGA-EE-A182	1	214670873	222477635	1	1
TCGA-EE-A182	1	222478000	224051637	4	1
TCGA-EE-A182	1	224052718	228224255	1	0
TCGA-EE-A182	1	228234814	232501318	2	1
TCGA-EE-A182	1	232501458	232822202	1	1
TCGA-EE-A182	1	232823163	234179865	3	1
TCGA-EE-A182	1	234185621	234673913	1	1
TCGA-EE-A182	1	234674427	234743492	1	0
TCGA-EE-A182	1	234750123	237109826	2	1
TCGA-EE-A182	1	237114031	237352738	1	0
TCGA-EE-A182	1	237358233	241882855	1	1
TCGA-EE-A182	1	241884729	243643034	1	0
TCGA-EE-A182	1	243648056	244092578	2	1
TCGA-EE-A182	1	244097969	247491143	4	1
TCGA-EE-A182	1	247492647	248533629	2	1
TCGA-EE-A182	1	248535323	249224388	1	1
TCGA-EE-A182	2	12784	243089456	1	1
TCGA-EE-A182	3	60345	89671333	1	1
TCGA-EE-A182	3	89671347	197896118	2	1
TCGA-EE-A182	4	12281	191027923	1	1
TCGA-EE-A182	5	15532	10941988	1	1
TCGA-EE-A182	5	10946240	19807710	1	0
TCGA-EE-A182	5	19812903	165588791	1	1
TCGA-EE-A182	5	165589106	165794726	1	0
TCGA-EE-A182	5	165798675	174938995	1	1
TCGA-EE-A182	5	174939214	180790320	2	1
TCGA-EE-A182	6	149661	57266510	2	0
TCGA-EE-A182	6	57273156	58059386	1	0
TCGA-EE-A182	6	58069872	61931989	2	0
TCGA-EE-A182	6	61949118	171051005	1	0
TCGA-EE-A182	7	43259	110355786	1	1
TCGA-EE-A182	7	110355841	159127004	2	1
TCGA-EE-A182	8	31254	146298155	1	1
TCGA-EE-A182	9	46587	2768771	1	0
TCGA-EE-A182	9	2770144	8242208	1	1
TCGA-EE-A182	9	8244354	10845791	1	0
TCGA-EE-A182	9	10847158	11228018	1	1
TCGA-EE-A182	9	11228369	47217176	1	0
TCGA-EE-A182	9	65616971	141091394	1	1
TCGA-EE-A182	10	72759	123161664	1	1
TCGA-EE-A182	10	123166326	135506704	2	0
TCGA-EE-A182	11	198572	134944770	1	0
TCGA-EE-A182	12	150442	133778189	1	1
TCGA-EE-A182	13	19026949	115108397	1	1
TCGA-EE-A182	14	19002124	107285437	1	1
TCGA-EE-A182	15	20016328	102469040	1	1
TCGA-EE-A182	16	60777	90287535	1	1
TCGA-EE-A182	17	526	81049726	1	1
TCGA-EE-A182	18	48133	78015057	1	1
TCGA-EE-A182	19	90910	59097854	1	1
TCGA-EE-A182	20	61305	62956153	1	1
TCGA-EE-A182	21	10736871	48096957	1	1
TCGA-EE-A182	22	16052528	51234455	1	1
TCGA-EE-A182	X	168477	155233846	1	1
