sample	chr	startpos	endpos	nMajor	nMinor
TCGA-24-2035	1	61735	66566338	1	1
TCGA-24-2035	1	66566837	96462717	1	0
TCGA-24-2035	1	96470908	160412994	1	1
TCGA-24-2035	1	160413090	180250160	1	0
TCGA-24-2035	1	180250697	249224388	1	1
TCGA-24-2035	2	12784	343588	2	0
TCGA-24-2035	2	346269	20291041	1	1
TCGA-24-2035	2	20292925	26429451	1	0
TCGA-24-2035	2	26429628	137641933	1	1
TCGA-24-2035	2	137643190	138240298	1	0
TCGA-24-2035	2	138241091	141000839	1	1
TCGA-24-2035	2	141003389	142077308	2	0
TCGA-24-2035	2	142077884	145229230	1	0
TCGA-24-2035	2	145229857	243089456	1	1
TCGA-24-2035	3	60345	22614642	1	0
TCGA-24-2035	3	22617273	197896118	1	1
TCGA-24-2035	4	12281	18615106	2	1
TCGA-24-2035	4	18616177	66569307	1	1
TCGA-24-2035	4	66569703	87983116	2	1
TCGA-24-2035	4	87984059	88792621	4	1
TCGA-24-2035	4	88792621	105257809	2	1
TCGA-24-2035	4	105261155	183433311	2	0
TCGA-24-2035	4	183437132	191027923	1	0
TCGA-24-2035	5	15532	27568069	2	1
TCGA-24-2035	5	27568671	50343218	1	1
TCGA-24-2035	5	50343516	95930564	1	0
TCGA-24-2035	5	95930928	146007951	1	1
TCGA-24-2035	5	146008818	173252306	1	0
TCGA-24-2035	5	173252357	180790320	2	0
TCGA-24-2035	6	149661	29247565	1	1
TCGA-24-2035	6	29256318	56507153	1	0
TCGA-24-2035	6	56507489	81150078	1	1
TCGA-24-2035	6	81150165	98249247	2	1
TCGA-24-2035	6	98253211	171051005	2	0
TCGA-24-2035	7	43259	31976351	1	1
TCGA-24-2035	7	31978397	32101835	1	0
TCGA-24-2035	7	32103632	101673917	1	1
TCGA-24-2035	7	101674257	112261192	2	1
TCGA-24-2035	7	112262811	131346273	2	2
TCGA-24-2035	7	131348325	151791158	2	1
TCGA-24-2035	7	151791170	159127004	1	1
TCGA-24-2035	8	31254	43487671	1	0
TCGA-24-2035	8	43499029	51666123	1	1
TCGA-24-2035	8	51669735	52888148	2	1
TCGA-24-2035	8	52891075	95895931	3	1
TCGA-24-2035	8	95895976	100658607	2	1
TCGA-24-2035	8	100660251	119412451	3	2
TCGA-24-2035	8	119412856	130091908	2	2
TCGA-24-2035	8	130093098	146298155	3	2
TCGA-24-2035	9	46587	10428670	1	0
TCGA-24-2035	9	10428743	11245402	2	0
TCGA-24-2035	9	11245830	72821306	1	0
TCGA-24-2035	9	72826078	87710847	1	1
TCGA-24-2035	9	87710866	111943276	1	0
TCGA-24-2035	9	111944009	141091394	1	1
TCGA-24-2035	10	72759	135506704	1	1
TCGA-24-2035	11	198572	58855046	1	1
TCGA-24-2035	11	58858898	75576413	2	1
TCGA-24-2035	11	75576613	108690252	2	2
TCGA-24-2035	11	108691263	110183408	2	1
TCGA-24-2035	11	110183441	113913390	1	1
TCGA-24-2035	11	113915584	124692835	1	0
TCGA-24-2035	11	124693870	134944770	1	1
TCGA-24-2035	12	150442	86764590	1	1
TCGA-24-2035	12	86769978	133778189	1	0
TCGA-24-2035	13	19026949	78923648	1	1
TCGA-24-2035	13	78923820	98327870	1	0
TCGA-24-2035	13	98331540	100081752	1	1
TCGA-24-2035	13	100081766	115108397	1	0
TCGA-24-2035	14	19002124	78035619	1	1
TCGA-24-2035	14	78035811	107285437	2	1
TCGA-24-2035	15	20016328	30243355	1	1
TCGA-24-2035	15	30245854	47488521	1	0
TCGA-24-2035	15	47489021	102469040	1	1
TCGA-24-2035	16	60777	66900860	1	1
TCGA-24-2035	16	66900905	90287535	1	0
TCGA-24-2035	17	526	10403809	1	0
TCGA-24-2035	17	10404046	13360764	2	0
TCGA-24-2035	17	13363661	28349069	1	0
TCGA-24-2035	17	28349095	28529142	3	1
TCGA-24-2035	17	28530058	28538532	3	0
TCGA-24-2035	17	28538715	29283603	3	1
TCGA-24-2035	17	29283724	35947226	1	0
TCGA-24-2035	17	35949970	38770286	2	0
TCGA-24-2035	17	38770965	48318351	1	0
TCGA-24-2035	17	48320115	75761949	2	0
TCGA-24-2035	17	75762006	81049726	3	0
TCGA-24-2035	18	48133	20689948	2	0
TCGA-24-2035	18	20696684	78015057	1	0
TCGA-24-2035	19	90910	7824472	1	0
TCGA-24-2035	19	7824718	11138188	1	1
TCGA-24-2035	19	11139636	14626197	2	1
TCGA-24-2035	19	14633679	59097854	1	1
TCGA-24-2035	20	61305	609592	1	1
TCGA-24-2035	20	609605	8753268	2	1
TCGA-24-2035	20	8753736	62956153	1	1
TCGA-24-2035	21	10736871	36837545	1	1
TCGA-24-2035	21	36838236	48096957	1	0
TCGA-24-2035	22	16052528	51234455	1	1
TCGA-24-2035	X	168477	17847286	2	1
TCGA-24-2035	X	17854292	34261276	1	1
TCGA-24-2035	X	34261326	155233846	1	0
