sample	chr	startpos	endpos	nMajor	nMinor
TCGA-CN-6023	1	61735	16075200	3	0
TCGA-CN-6023	1	16080171	119439144	2	0
TCGA-CN-6023	1	119439315	121482979	20	2
TCGA-CN-6023	1	144007049	144337929	8	0
TCGA-CN-6023	1	144471986	144995257	8	1
TCGA-CN-6023	1	144997257	213659901	5	0
TCGA-CN-6023	1	213659931	249224388	6	0
TCGA-CN-6023	2	12784	95576922	2	2
TCGA-CN-6023	2	95577094	126612745	3	2
TCGA-CN-6023	2	126612795	141542811	2	0
TCGA-CN-6023	2	141543563	142372263	0	0
TCGA-CN-6023	2	142372298	147914729	2	0
TCGA-CN-6023	2	147916603	148474612	1	0
TCGA-CN-6023	2	148476118	243089456	2	0
TCGA-CN-6023	3	60345	74053652	2	0
TCGA-CN-6023	3	74053768	86219051	0	0
TCGA-CN-6023	3	86222845	90425991	4	0
TCGA-CN-6023	3	90432675	105566565	1	1
TCGA-CN-6023	3	105567658	135041394	2	1
TCGA-CN-6023	3	135041455	153776628	5	2
TCGA-CN-6023	3	153777246	157470771	5	1
TCGA-CN-6023	3	157470885	168380664	6	1
TCGA-CN-6023	3	168380780	197259709	5	5
TCGA-CN-6023	3	197260879	197896118	9	4
TCGA-CN-6023	4	12281	21555445	2	0
TCGA-CN-6023	4	21556506	21759912	0	0
TCGA-CN-6023	4	21761746	191027923	2	0
TCGA-CN-6023	5	15532	2725813	4	1
TCGA-CN-6023	5	2725974	6034515	2	2
TCGA-CN-6023	5	6034845	17732728	3	2
TCGA-CN-6023	5	17732806	23455371	3	3
TCGA-CN-6023	5	23457592	25197287	2	2
TCGA-CN-6023	5	25201264	30830597	3	3
TCGA-CN-6023	5	30830655	46386392	3	2
TCGA-CN-6023	5	46389273	171474120	2	0
TCGA-CN-6023	5	171475689	180790320	3	0
TCGA-CN-6023	6	149661	58344756	3	0
TCGA-CN-6023	6	58348169	64753462	4	1
TCGA-CN-6023	6	64754240	96107243	3	0
TCGA-CN-6023	6	96107681	106113443	2	0
TCGA-CN-6023	6	106113608	146402212	2	1
TCGA-CN-6023	6	146406317	148008880	2	0
TCGA-CN-6023	6	148014547	148808412	2	1
TCGA-CN-6023	6	148809711	156701870	2	0
TCGA-CN-6023	6	156702000	161070039	2	1
TCGA-CN-6023	6	161070092	161771350	2	0
TCGA-CN-6023	6	161772739	161974862	0	0
TCGA-CN-6023	6	161974956	171051005	2	0
TCGA-CN-6023	7	43259	57830400	3	2
TCGA-CN-6023	7	57832042	143047135	2	1
TCGA-CN-6023	7	143047550	147017892	3	1
TCGA-CN-6023	7	147021458	159127004	2	1
TCGA-CN-6023	8	31254	1423129	3	0
TCGA-CN-6023	8	1424147	2349916	2	0
TCGA-CN-6023	8	2350097	3070647	4	0
TCGA-CN-6023	8	3073800	3325727	1	1
TCGA-CN-6023	8	3325928	3565945	2	0
TCGA-CN-6023	8	3566009	4041820	0	0
TCGA-CN-6023	8	4042746	5939820	3	0
TCGA-CN-6023	8	5939849	86553142	2	0
TCGA-CN-6023	8	86557413	89215148	3	1
TCGA-CN-6023	8	89217711	89649065	1	1
TCGA-CN-6023	8	89649320	128853816	3	1
TCGA-CN-6023	8	128856132	129073458	1	0
TCGA-CN-6023	8	129073475	146298155	3	1
TCGA-CN-6023	9	46587	9000033	6	0
TCGA-CN-6023	9	9000476	9666083	3	0
TCGA-CN-6023	9	9666565	33406609	6	0
TCGA-CN-6023	9	33407120	47217176	6	2
TCGA-CN-6023	9	65616971	141091394	2	2
TCGA-CN-6023	10	72759	20546337	2	0
TCGA-CN-6023	10	20546850	42635518	3	2
TCGA-CN-6023	10	42636271	135506704	2	1
TCGA-CN-6023	11	198572	134944770	2	0
TCGA-CN-6023	12	150442	38627219	2	2
TCGA-CN-6023	12	38628692	72777694	4	1
TCGA-CN-6023	12	72779722	74253855	2	2
TCGA-CN-6023	12	74255000	108601116	4	1
TCGA-CN-6023	12	108601672	133778189	2	1
TCGA-CN-6023	13	19026949	21297238	2	0
TCGA-CN-6023	13	21302862	22788306	3	0
TCGA-CN-6023	13	22791159	76467127	2	0
TCGA-CN-6023	13	76467157	79398288	4	0
TCGA-CN-6023	13	79401439	115108397	2	0
TCGA-CN-6023	14	19002124	25423870	2	0
TCGA-CN-6023	14	25423947	30772363	3	0
TCGA-CN-6023	14	30773671	107285437	2	0
TCGA-CN-6023	15	20016328	102469040	2	0
TCGA-CN-6023	16	60777	90287535	1	1
TCGA-CN-6023	17	526	7207780	2	2
TCGA-CN-6023	17	7208197	7944609	2	0
TCGA-CN-6023	17	7951149	81049726	3	2
TCGA-CN-6023	18	48133	78015057	1	1
TCGA-CN-6023	19	90910	59097854	2	1
TCGA-CN-6023	20	61305	34572172	3	2
TCGA-CN-6023	20	34574914	62956153	2	1
TCGA-CN-6023	21	10736871	48096957	2	0
TCGA-CN-6023	22	16052528	51234455	2	0
TCGA-CN-6023	X	168477	2703391	1	1
TCGA-CN-6023	X	2703633	7483860	1	0
TCGA-CN-6023	X	7484729	7770155	0	0
TCGA-CN-6023	X	7770460	27662579	1	0
TCGA-CN-6023	X	27665127	27676641	2	0
TCGA-CN-6023	X	27677458	33056693	3	0
TCGA-CN-6023	X	33056712	33760870	1	0
TCGA-CN-6023	X	33762941	33850241	2	0
TCGA-CN-6023	X	33858874	154929105	3	0
TCGA-CN-6023	X	154929308	155233846	2	0
