sample	chr	startpos	endpos	nMajor	nMinor
TCGA-B0-4817	1	61735	249224388	1	1
TCGA-B0-4817	2	12784	243089456	1	1
TCGA-B0-4817	3	60345	90170536	1	0
TCGA-B0-4817	3	90173693	197896118	2	0
TCGA-B0-4817	4	12281	191027923	1	1
TCGA-B0-4817	5	15532	180790320	1	1
TCGA-B0-4817	6	149661	171051005	1	1
TCGA-B0-4817	7	43259	159127004	1	1
TCGA-B0-4817	8	31254	146298155	1	1
TCGA-B0-4817	9	46587	114732087	1	0
TCGA-B0-4817	9	114732385	138375872	2	0
TCGA-B0-4817	9	138376145	141091394	3	0
TCGA-B0-4817	10	72759	46247367	1	1
TCGA-B0-4817	10	46252086	47743501	2	0
TCGA-B0-4817	10	47743516	135506704	1	1
TCGA-B0-4817	11	198572	134944770	1	1
TCGA-B0-4817	12	150442	133778189	1	1
TCGA-B0-4817	13	19026949	115108397	1	1
TCGA-B0-4817	14	19002124	104798785	1	0
TCGA-B0-4817	14	104799026	107285437	1	1
TCGA-B0-4817	15	20016328	93234393	1	1
TCGA-B0-4817	15	93235340	102469040	1	0
TCGA-B0-4817	16	60777	90287535	1	1
TCGA-B0-4817	17	526	45425115	1	0
TCGA-B0-4817	17	45425115	81049726	1	1
TCGA-B0-4817	18	48133	78015057	1	1
TCGA-B0-4817	19	90910	59097854	1	1
TCGA-B0-4817	20	61305	62956153	1	1
TCGA-B0-4817	21	10736871	48096957	1	1
TCGA-B0-4817	22	16052528	25619098	1	1
TCGA-B0-4817	22	25619182	25931355	2	0
TCGA-B0-4817	22	25931372	51234455	1	1
TCGA-B0-4817	X	168477	2689575	1	0
TCGA-B0-4817	X	2689886	2703391	0	0
TCGA-B0-4817	X	2703633	154929308	1	0
TCGA-B0-4817	X	154929498	155233846	2	0
