sample	chr	startpos	endpos	nMajor	nMinor
TCGA-CQ-6225	1	61735	146479430	2	0
TCGA-CQ-6225	1	146479610	238015727	4	0
TCGA-CQ-6225	1	238015805	240625735	5	0
TCGA-CQ-6225	1	240625982	245988395	4	0
TCGA-CQ-6225	1	245989007	246024836	0	0
TCGA-CQ-6225	1	246024919	249224388	4	0
TCGA-CQ-6225	2	12784	189201222	2	2
TCGA-CQ-6225	2	189202876	189495871	13	5
TCGA-CQ-6225	2	189495882	191387483	6	2
TCGA-CQ-6225	2	191394553	192162186	10	2
TCGA-CQ-6225	2	192162841	206248040	8	2
TCGA-CQ-6225	2	206250056	243089456	2	0
TCGA-CQ-6225	3	60345	93543202	2	0
TCGA-CQ-6225	3	93547195	116945297	4	2
TCGA-CQ-6225	3	116952326	117023727	2	2
TCGA-CQ-6225	3	117027742	197896118	4	2
TCGA-CQ-6225	4	12281	41821292	2	0
TCGA-CQ-6225	4	41832644	42609964	9	1
TCGA-CQ-6225	4	42614803	43613601	6	2
TCGA-CQ-6225	4	43617164	43623584	2	0
TCGA-CQ-6225	4	43625214	132715466	2	1
TCGA-CQ-6225	4	132719145	141147730	4	1
TCGA-CQ-6225	4	141152657	148403692	2	1
TCGA-CQ-6225	4	148408946	167099341	1	0
TCGA-CQ-6225	4	167099687	186346239	2	0
TCGA-CQ-6225	4	186354723	189362292	0	0
TCGA-CQ-6225	4	189365383	191027923	2	0
TCGA-CQ-6225	5	15532	2125330	2	2
TCGA-CQ-6225	5	2125940	31182792	3	2
TCGA-CQ-6225	5	31183213	34213174	2	2
TCGA-CQ-6225	5	34221589	36749568	2	0
TCGA-CQ-6225	5	36752979	49441958	2	2
TCGA-CQ-6225	5	49447306	79991816	2	0
TCGA-CQ-6225	5	79992418	80114465	0	0
TCGA-CQ-6225	5	80114781	180790320	2	0
TCGA-CQ-6225	6	149661	50368099	2	1
TCGA-CQ-6225	6	50370337	62332566	2	2
TCGA-CQ-6225	6	62333985	65617595	2	1
TCGA-CQ-6225	6	65619526	84829156	2	0
TCGA-CQ-6225	6	84829622	171051005	2	1
TCGA-CQ-6225	7	43259	38630433	3	2
TCGA-CQ-6225	7	38630446	82375159	2	2
TCGA-CQ-6225	7	82375372	87859564	3	2
TCGA-CQ-6225	7	87859956	88946891	4	2
TCGA-CQ-6225	7	88947030	159127004	2	2
TCGA-CQ-6225	8	31254	37773543	2	0
TCGA-CQ-6225	8	37775531	38450131	10	2
TCGA-CQ-6225	8	38454017	41264427	2	0
TCGA-CQ-6225	8	41267344	146298155	2	2
TCGA-CQ-6225	9	46587	38767942	2	0
TCGA-CQ-6225	9	38768083	47217176	2	1
TCGA-CQ-6225	9	65616971	77408665	2	2
TCGA-CQ-6225	9	77409405	79788484	2	1
TCGA-CQ-6225	9	79788526	105104949	2	2
TCGA-CQ-6225	9	105105382	106028657	2	1
TCGA-CQ-6225	9	106028952	112458102	2	2
TCGA-CQ-6225	9	112458862	141091394	2	1
TCGA-CQ-6225	10	72759	123492089	2	0
TCGA-CQ-6225	10	123494644	135506704	3	2
TCGA-CQ-6225	11	198572	32155754	2	1
TCGA-CQ-6225	11	32157751	134944770	2	2
TCGA-CQ-6225	12	150442	133778189	2	1
TCGA-CQ-6225	13	19026949	62088345	2	0
TCGA-CQ-6225	13	62088815	65580247	2	1
TCGA-CQ-6225	13	65580338	73379841	2	0
TCGA-CQ-6225	13	73382487	82175680	2	1
TCGA-CQ-6225	13	82177453	83711915	2	0
TCGA-CQ-6225	13	83712773	115108397	3	1
TCGA-CQ-6225	14	19002124	52172032	2	2
TCGA-CQ-6225	14	52173703	60377066	2	1
TCGA-CQ-6225	14	60381447	63866490	3	1
TCGA-CQ-6225	14	63866686	107285437	2	1
TCGA-CQ-6225	15	20016328	55321542	2	2
TCGA-CQ-6225	15	55321862	56347421	3	2
TCGA-CQ-6225	15	56350995	61329216	2	2
TCGA-CQ-6225	15	61329788	62205116	3	2
TCGA-CQ-6225	15	62209252	102469040	2	2
TCGA-CQ-6225	16	60777	5392598	2	1
TCGA-CQ-6225	16	5393009	8283710	2	2
TCGA-CQ-6225	16	8283724	50750953	2	1
TCGA-CQ-6225	16	50751175	90287535	2	2
TCGA-CQ-6225	17	526	22235650	2	0
TCGA-CQ-6225	17	25270411	37666806	2	2
TCGA-CQ-6225	17	37671490	37956238	31	3
TCGA-CQ-6225	17	37959118	39675594	9	2
TCGA-CQ-6225	17	39676375	40884972	5	2
TCGA-CQ-6225	17	40892129	81049726	2	2
TCGA-CQ-6225	18	48133	15402408	2	2
TCGA-CQ-6225	18	18529353	58986629	2	0
TCGA-CQ-6225	18	58987034	62641303	2	2
TCGA-CQ-6225	18	62642141	78015057	2	0
TCGA-CQ-6225	19	90910	30848537	2	0
TCGA-CQ-6225	19	30853313	59097854	2	2
TCGA-CQ-6225	20	61305	21451848	2	2
TCGA-CQ-6225	20	21452311	24797175	3	2
TCGA-CQ-6225	20	24798856	62956153	2	2
TCGA-CQ-6225	21	10736871	15738548	2	2
TCGA-CQ-6225	21	15739441	48096957	2	0
TCGA-CQ-6225	22	16052528	36177446	2	2
TCGA-CQ-6225	22	36180502	51234455	2	1
TCGA-CQ-6225	X	168477	155233846	2	0
