sample	chr	startpos	endpos	nMajor	nMinor
TCGA-78-7220	1	61735	121482979	2	0
TCGA-78-7220	1	144007049	186674940	2	1
TCGA-78-7220	1	186675840	189224874	3	1
TCGA-78-7220	1	189225106	201872264	2	1
TCGA-78-7220	1	201874712	202077296	1	0
TCGA-78-7220	1	202077395	208746014	2	1
TCGA-78-7220	1	208750039	228418257	1	1
TCGA-78-7220	1	228422490	228654195	2	1
TCGA-78-7220	1	228658545	240763442	1	1
TCGA-78-7220	1	240763949	246838119	2	1
TCGA-78-7220	1	246840161	249224388	2	2
TCGA-78-7220	2	12784	92275652	1	1
TCGA-78-7220	2	92280951	99508962	2	2
TCGA-78-7220	2	99509522	141439812	3	1
TCGA-78-7220	2	141439838	141571938	1	1
TCGA-78-7220	2	141572109	142181582	1	0
TCGA-78-7220	2	142182046	142363473	1	1
TCGA-78-7220	2	142363876	243089456	3	1
TCGA-78-7220	3	60345	13091428	2	1
TCGA-78-7220	3	13092274	148602456	2	0
TCGA-78-7220	3	148602499	165618032	4	0
TCGA-78-7220	3	165626201	166861915	4	2
TCGA-78-7220	3	166864221	169678812	4	1
TCGA-78-7220	3	169681164	197896118	4	0
TCGA-78-7220	4	12281	463974	2	1
TCGA-78-7220	4	473648	1380848	4	2
TCGA-78-7220	4	1385149	39388612	2	2
TCGA-78-7220	4	39391940	39616858	4	2
TCGA-78-7220	4	39620602	49643763	2	2
TCGA-78-7220	4	49649791	136494919	2	0
TCGA-78-7220	4	136494967	136530455	0	0
TCGA-78-7220	4	136532536	191027923	2	0
TCGA-78-7220	5	15532	3510835	7	1
TCGA-78-7220	5	3511212	3945740	7	3
TCGA-78-7220	5	3949209	16991911	7	1
TCGA-78-7220	5	16992133	31876796	7	2
TCGA-78-7220	5	31877708	46389273	6	2
TCGA-78-7220	5	49432831	180790320	2	0
TCGA-78-7220	6	149661	40133081	2	1
TCGA-78-7220	6	40134559	42137731	5	1
TCGA-78-7220	6	42138715	42943029	4	1
TCGA-78-7220	6	42947472	45349509	3	1
TCGA-78-7220	6	45349863	46362479	4	1
TCGA-78-7220	6	46363557	49534329	3	1
TCGA-78-7220	6	49540705	49747814	5	2
TCGA-78-7220	6	49749473	57299024	3	1
TCGA-78-7220	6	57299309	58142081	2	0
TCGA-78-7220	6	58144760	58759028	3	1
TCGA-78-7220	6	58774716	62538501	2	0
TCGA-78-7220	6	62538553	62646007	0	0
TCGA-78-7220	6	62646716	72866407	2	0
TCGA-78-7220	6	72866524	145671683	2	1
TCGA-78-7220	6	145672438	147920879	3	2
TCGA-78-7220	6	147925459	148975119	6	2
TCGA-78-7220	6	148978782	171051005	2	0
TCGA-78-7220	7	43259	9607947	1	1
TCGA-78-7220	7	9608572	61888128	1	0
TCGA-78-7220	7	61987173	123843709	3	0
TCGA-78-7220	7	123846752	125945936	5	0
TCGA-78-7220	7	125946226	159127004	2	0
TCGA-78-7220	8	31254	36571596	1	1
TCGA-78-7220	8	36572506	108439227	2	1
TCGA-78-7220	8	108439262	108659391	1	0
TCGA-78-7220	8	108659657	132357308	2	1
TCGA-78-7220	8	132358549	132374128	2	2
TCGA-78-7220	8	132378918	132925469	1	0
TCGA-78-7220	8	132925632	139572049	2	1
TCGA-78-7220	8	139576182	140562626	1	0
TCGA-78-7220	8	140563177	142703902	2	1
TCGA-78-7220	8	142704071	143433507	4	1
TCGA-78-7220	8	143433672	144227409	2	1
TCGA-78-7220	8	144231011	146298155	1	0
TCGA-78-7220	9	46587	19816410	2	0
TCGA-78-7220	9	19820646	23222186	0	0
TCGA-78-7220	9	23222635	141091394	2	0
TCGA-78-7220	10	72759	11726553	2	0
TCGA-78-7220	10	11726639	12021537	4	0
TCGA-78-7220	10	12024694	43471575	2	0
TCGA-78-7220	10	43472094	45386046	2	1
TCGA-78-7220	10	45387772	46485761	1	0
TCGA-78-7220	10	46506788	56726940	2	1
TCGA-78-7220	10	56733711	56916543	1	0
TCGA-78-7220	10	56916637	129232254	1	1
TCGA-78-7220	10	129233295	135506704	1	0
TCGA-78-7220	11	198572	63415102	1	1
TCGA-78-7220	11	63415756	68482945	2	1
TCGA-78-7220	11	68484983	71742239	2	2
TCGA-78-7220	11	71742735	73332063	2	1
TCGA-78-7220	11	73334649	75200301	2	0
TCGA-78-7220	11	75200564	79983598	2	1
TCGA-78-7220	11	79984715	85714221	2	0
TCGA-78-7220	11	85714455	86965603	2	1
TCGA-78-7220	11	86965665	87345808	3	2
TCGA-78-7220	11	87345911	88651344	2	1
TCGA-78-7220	11	88659143	134944770	2	0
TCGA-78-7220	12	150442	586675	2	2
TCGA-78-7220	12	591300	982565	4	2
TCGA-78-7220	12	985631	102055095	2	2
TCGA-78-7220	12	102056385	111463718	2	0
TCGA-78-7220	12	111478236	116188000	2	2
TCGA-78-7220	12	116191908	116387384	7	2
TCGA-78-7220	12	116387630	118716132	4	2
TCGA-78-7220	12	118717225	133778189	2	2
TCGA-78-7220	13	19026949	21275172	2	2
TCGA-78-7220	13	21275749	115108397	2	1
TCGA-78-7220	14	19002124	90213624	1	1
TCGA-78-7220	14	90213838	93400861	4	1
TCGA-78-7220	14	93400879	94081675	3	1
TCGA-78-7220	14	94091629	107285437	1	0
TCGA-78-7220	15	20016328	102469040	2	2
TCGA-78-7220	16	60777	35283226	1	1
TCGA-78-7220	16	46463782	90287535	2	0
TCGA-78-7220	17	526	17536800	4	0
TCGA-78-7220	17	17537203	22227841	4	1
TCGA-78-7220	17	22235650	28498793	2	1
TCGA-78-7220	17	28503765	32458849	2	2
TCGA-78-7220	17	32460065	81049726	2	1
TCGA-78-7220	18	48133	2370048	2	0
TCGA-78-7220	18	2377038	3999231	4	0
TCGA-78-7220	18	3999773	78015057	2	0
TCGA-78-7220	19	90910	18571459	2	0
TCGA-78-7220	19	18574952	18847608	4	0
TCGA-78-7220	19	18847832	31312339	2	0
TCGA-78-7220	19	31313896	35472835	3	0
TCGA-78-7220	19	35475380	48093024	4	0
TCGA-78-7220	19	48093355	59097854	2	0
TCGA-78-7220	20	61305	62956153	2	1
TCGA-78-7220	21	10736871	18091248	2	0
TCGA-78-7220	21	18092738	19518200	4	0
TCGA-78-7220	21	19518247	48096957	2	0
TCGA-78-7220	22	16052528	21917323	2	1
TCGA-78-7220	22	21927902	27146476	1	1
TCGA-78-7220	22	27148513	28314113	1	0
TCGA-78-7220	22	28314330	51234455	1	1
TCGA-78-7220	X	168477	57207853	1	1
TCGA-78-7220	X	57208074	57231592	2	0
TCGA-78-7220	X	57235305	131534850	1	0
TCGA-78-7220	X	131535078	131910211	2	0
TCGA-78-7220	X	131910697	133480723	1	0
TCGA-78-7220	X	133484133	134684052	2	0
TCGA-78-7220	X	134687844	140891796	1	0
TCGA-78-7220	X	140892319	142114266	2	0
TCGA-78-7220	X	142116667	142994495	1	0
TCGA-78-7220	X	143002648	155233846	2	0
