sample	chr	startpos	endpos	nMajor	nMinor
TCGA-DU-6395	1	61735	249224388	1	1
TCGA-DU-6395	2	12784	232343110	1	1
TCGA-DU-6395	2	232343383	243089456	1	0
TCGA-DU-6395	3	60345	316385	2	1
TCGA-DU-6395	3	316405	177462289	1	1
TCGA-DU-6395	3	177469219	177595105	1	0
TCGA-DU-6395	3	177596989	194517499	1	1
TCGA-DU-6395	3	194518230	197896118	1	0
TCGA-DU-6395	4	12281	191027923	1	1
TCGA-DU-6395	5	15532	180790320	1	1
TCGA-DU-6395	6	149661	171051005	1	1
TCGA-DU-6395	7	43259	159127004	3	1
TCGA-DU-6395	8	31254	146298155	1	1
TCGA-DU-6395	9	46587	35536846	1	0
TCGA-DU-6395	9	35539262	36957887	4	1
TCGA-DU-6395	9	36958002	141091394	1	1
TCGA-DU-6395	10	72759	135506704	1	1
TCGA-DU-6395	11	198572	134944770	1	1
TCGA-DU-6395	12	150442	2222550	2	1
TCGA-DU-6395	12	2224892	2473358	3	1
TCGA-DU-6395	12	2475075	5235862	4	1
TCGA-DU-6395	12	5235997	9620109	3	1
TCGA-DU-6395	12	9621533	10503584	4	1
TCGA-DU-6395	12	10508975	30483812	3	1
TCGA-DU-6395	12	30484319	133778189	1	1
TCGA-DU-6395	13	19026949	115108397	1	1
TCGA-DU-6395	14	19002124	107285437	1	1
TCGA-DU-6395	15	20016328	102469040	1	1
TCGA-DU-6395	16	60777	6462419	1	1
TCGA-DU-6395	16	6463663	6772948	1	0
TCGA-DU-6395	16	6773808	90287535	1	1
TCGA-DU-6395	17	526	81049726	1	1
TCGA-DU-6395	18	48133	18610067	1	1
TCGA-DU-6395	18	18611243	25646039	1	0
TCGA-DU-6395	18	25646781	50983347	1	1
TCGA-DU-6395	18	50984516	58885314	3	1
TCGA-DU-6395	18	58887213	78015057	2	1
TCGA-DU-6395	19	90910	59097854	1	1
TCGA-DU-6395	20	61305	62956153	1	1
TCGA-DU-6395	21	10736871	48096957	1	1
TCGA-DU-6395	22	16052528	51234455	1	1
TCGA-DU-6395	X	168477	2694240	1	1
TCGA-DU-6395	X	2703391	155233846	1	0
