sample	chr	startpos	endpos	nMajor	nMinor
TCGA-57-1993	1	61735	22404848	3	2
TCGA-57-1993	1	22408465	32869447	2	2
TCGA-57-1993	1	32878909	33492058	18	5
TCGA-57-1993	1	33495462	34622349	3	2
TCGA-57-1993	1	34634297	62111054	2	2
TCGA-57-1993	1	62112763	62729322	3	2
TCGA-57-1993	1	62729382	66171001	2	2
TCGA-57-1993	1	66171192	67194175	2	1
TCGA-57-1993	1	67195353	92474953	2	2
TCGA-57-1993	1	92477964	93385136	24	0
TCGA-57-1993	1	93392809	99285681	2	2
TCGA-57-1993	1	99287855	99302782	10	10
TCGA-57-1993	1	99305475	99501370	19	2
TCGA-57-1993	1	99503035	110140977	2	2
TCGA-57-1993	1	110141421	112840178	2	1
TCGA-57-1993	1	112840578	121482979	2	2
TCGA-57-1993	1	144007049	154508437	3	2
TCGA-57-1993	1	154508469	154997716	2	2
TCGA-57-1993	1	155004935	156491046	3	3
TCGA-57-1993	1	156493074	178589054	2	2
TCGA-57-1993	1	178589105	179472273	3	2
TCGA-57-1993	1	179472647	236369874	2	2
TCGA-57-1993	1	236378709	249224388	3	2
TCGA-57-1993	2	12784	18263128	2	1
TCGA-57-1993	2	18265583	19645098	3	1
TCGA-57-1993	2	19646090	104111808	2	1
TCGA-57-1993	2	104112215	106552861	4	1
TCGA-57-1993	2	106558545	193999951	3	1
TCGA-57-1993	2	193999991	197083525	5	1
TCGA-57-1993	2	197084089	213508891	3	1
TCGA-57-1993	2	213512014	214118025	2	0
TCGA-57-1993	2	214118085	222157268	4	1
TCGA-57-1993	2	222160118	243089456	2	1
TCGA-57-1993	3	60345	19811584	2	2
TCGA-57-1993	3	19811853	20534682	2	1
TCGA-57-1993	3	20534898	23479152	2	2
TCGA-57-1993	3	23480526	23573023	2	1
TCGA-57-1993	3	23583341	106524987	2	2
TCGA-57-1993	3	106528024	108574949	3	2
TCGA-57-1993	3	108577999	109207073	3	3
TCGA-57-1993	3	109207140	131762110	3	2
TCGA-57-1993	3	131764644	132734409	3	3
TCGA-57-1993	3	132736382	197896118	3	2
TCGA-57-1993	4	12281	19557650	2	2
TCGA-57-1993	4	19558358	20177911	2	1
TCGA-57-1993	4	20183554	54974636	2	2
TCGA-57-1993	4	54974831	178054503	2	1
TCGA-57-1993	4	178055555	184775832	2	2
TCGA-57-1993	4	184776644	186837611	2	1
TCGA-57-1993	4	186839888	191027923	2	2
TCGA-57-1993	5	15532	49950919	3	2
TCGA-57-1993	5	49956286	56787728	3	1
TCGA-57-1993	5	56790442	59447710	3	2
TCGA-57-1993	5	59451019	59584903	1	0
TCGA-57-1993	5	59592945	60851776	2	1
TCGA-57-1993	5	60852806	63611140	3	1
TCGA-57-1993	5	63613737	64377029	3	2
TCGA-57-1993	5	64380040	154440574	3	1
TCGA-57-1993	5	154441179	154820654	2	1
TCGA-57-1993	5	154822909	180790320	3	1
TCGA-57-1993	6	149661	17102997	3	2
TCGA-57-1993	6	17104432	18379938	3	3
TCGA-57-1993	6	18380022	33490417	3	2
TCGA-57-1993	6	33491010	33542538	4	4
TCGA-57-1993	6	33542661	33670406	7	3
TCGA-57-1993	6	33670482	171051005	3	2
TCGA-57-1993	7	43259	6053286	2	1
TCGA-57-1993	7	6055706	6854110	2	0
TCGA-57-1993	7	6855323	33328156	2	1
TCGA-57-1993	7	33332770	49601699	2	2
TCGA-57-1993	7	49603343	51147951	2	1
TCGA-57-1993	7	51148988	54911381	2	2
TCGA-57-1993	7	54912828	55717329	2	1
TCGA-57-1993	7	55717833	66676262	3	2
TCGA-57-1993	7	66676380	69054960	3	1
TCGA-57-1993	7	69054977	70129221	2	1
TCGA-57-1993	7	70131300	73405455	5	1
TCGA-57-1993	7	73405560	76007393	4	1
TCGA-57-1993	7	76007791	90199398	3	1
TCGA-57-1993	7	90200640	91060378	2	1
TCGA-57-1993	7	91064113	96622720	3	1
TCGA-57-1993	7	96624257	109879225	4	1
TCGA-57-1993	7	109879435	110445011	1	0
TCGA-57-1993	7	110448308	116835364	3	1
TCGA-57-1993	7	116837610	117327325	2	1
TCGA-57-1993	7	117327512	124930722	3	1
TCGA-57-1993	7	124933223	125036661	5	1
TCGA-57-1993	7	125038041	137798323	3	1
TCGA-57-1993	7	137798426	138518503	4	1
TCGA-57-1993	7	138518690	159127004	3	1
TCGA-57-1993	8	31254	42461882	2	0
TCGA-57-1993	8	42466542	43112996	3	0
TCGA-57-1993	8	43115400	43396560	4	3
TCGA-57-1993	8	43407874	90938081	2	2
TCGA-57-1993	8	90942432	91495994	2	1
TCGA-57-1993	8	91505692	120292769	2	2
TCGA-57-1993	8	120293796	123471833	3	2
TCGA-57-1993	8	123473417	146298155	2	2
TCGA-57-1993	9	46587	4000991	2	2
TCGA-57-1993	9	4001665	4143213	2	1
TCGA-57-1993	9	4144651	16853259	2	2
TCGA-57-1993	9	16853981	16988643	3	2
TCGA-57-1993	9	16989246	32117123	2	2
TCGA-57-1993	9	32117175	47217176	2	1
TCGA-57-1993	9	65616971	101334945	2	2
TCGA-57-1993	9	101335603	102162180	2	1
TCGA-57-1993	9	102162230	141091394	2	2
TCGA-57-1993	10	72759	7904344	2	2
TCGA-57-1993	10	7904358	10655067	3	2
TCGA-57-1993	10	10655180	11726553	2	2
TCGA-57-1993	10	11726639	36487009	3	2
TCGA-57-1993	10	36487049	36891028	4	2
TCGA-57-1993	10	36891100	49763618	2	2
TCGA-57-1993	10	49765063	50460400	2	1
TCGA-57-1993	10	50460513	77227430	2	2
TCGA-57-1993	10	77227763	78282541	2	1
TCGA-57-1993	10	78282773	83422093	2	2
TCGA-57-1993	10	83422474	84039016	3	2
TCGA-57-1993	10	84039976	89095545	2	2
TCGA-57-1993	10	89108416	92582536	2	1
TCGA-57-1993	10	92587500	135506704	2	2
TCGA-57-1993	11	198572	32177033	2	1
TCGA-57-1993	11	32177135	33401803	12	2
TCGA-57-1993	11	33404628	33560457	7	2
TCGA-57-1993	11	33561654	34434927	5	2
TCGA-57-1993	11	34435170	34852135	4	2
TCGA-57-1993	11	34852277	35532736	2	1
TCGA-57-1993	11	35533895	57880725	2	2
TCGA-57-1993	11	57881045	60913556	2	1
TCGA-57-1993	11	60913600	78275931	2	2
TCGA-57-1993	11	78276674	121481407	2	1
TCGA-57-1993	11	121482938	134944770	2	2
TCGA-57-1993	12	150442	6214082	5	0
TCGA-57-1993	12	6214879	9641381	5	1
TCGA-57-1993	12	9651293	10241718	8	5
TCGA-57-1993	12	10242161	11598549	13	5
TCGA-57-1993	12	11598632	12340716	21	3
TCGA-57-1993	12	12342797	23972702	5	0
TCGA-57-1993	12	23979746	24040201	24	5
TCGA-57-1993	12	24047496	24413160	4	0
TCGA-57-1993	12	24413503	25116632	19	4
TCGA-57-1993	12	25116891	26721182	32	4
TCGA-57-1993	12	26721930	27274994	17	5
TCGA-57-1993	12	27274999	28128625	5	4
TCGA-57-1993	12	28129378	28408736	5	2
TCGA-57-1993	12	28410563	31411214	5	1
TCGA-57-1993	12	31411754	38514843	6	1
TCGA-57-1993	12	38514872	89924546	5	1
TCGA-57-1993	12	89924559	95350507	4	1
TCGA-57-1993	12	95350856	99199467	5	1
TCGA-57-1993	12	99201063	100042922	4	1
TCGA-57-1993	12	100043371	102654788	5	1
TCGA-57-1993	12	102657505	106593284	4	1
TCGA-57-1993	12	106593535	124985028	5	1
TCGA-57-1993	12	124985150	125411666	4	1
TCGA-57-1993	12	125411714	133778189	5	1
TCGA-57-1993	13	19026949	110753403	3	2
TCGA-57-1993	13	110753847	112116890	2	2
TCGA-57-1993	13	112119522	115108397	3	2
TCGA-57-1993	14	19002124	31995161	2	1
TCGA-57-1993	14	31995719	32671183	2	0
TCGA-57-1993	14	32674289	67974505	2	1
TCGA-57-1993	14	67974928	73174156	1	1
TCGA-57-1993	14	73175282	78497991	2	1
TCGA-57-1993	14	78501549	78810722	2	0
TCGA-57-1993	14	78811520	107285437	2	1
TCGA-57-1993	15	20016328	65881390	2	1
TCGA-57-1993	15	65881921	66431466	2	0
TCGA-57-1993	15	66431707	83670356	2	1
TCGA-57-1993	15	83673997	84351986	3	2
TCGA-57-1993	15	84352776	102469040	2	1
TCGA-57-1993	16	60777	4324385	2	0
TCGA-57-1993	16	4331551	6450463	4	2
TCGA-57-1993	16	6450749	10283119	2	2
TCGA-57-1993	16	10283155	10982864	4	2
TCGA-57-1993	16	10988169	57044973	2	1
TCGA-57-1993	16	57046764	57285547	4	1
TCGA-57-1993	16	57287423	81331912	2	1
TCGA-57-1993	16	81333370	86741746	1	1
TCGA-57-1993	16	86742223	90287535	2	1
TCGA-57-1993	17	526	1193560	3	0
TCGA-57-1993	17	1201204	1501746	15	2
TCGA-57-1993	17	1501852	6585925	3	0
TCGA-57-1993	17	6586163	7277876	5	0
TCGA-57-1993	17	7283144	9635761	2	0
TCGA-57-1993	17	9638445	11943065	1	0
TCGA-57-1993	17	11956992	12471843	4	0
TCGA-57-1993	17	12471886	13854173	2	1
TCGA-57-1993	17	13855180	14332508	4	2
TCGA-57-1993	17	14332659	17157662	2	1
TCGA-57-1993	17	17158329	22235650	1	0
TCGA-57-1993	17	25270411	36071197	2	2
TCGA-57-1993	17	36073456	36207702	5	2
TCGA-57-1993	17	36210754	81049726	2	2
TCGA-57-1993	18	48133	3232354	2	2
TCGA-57-1993	18	3233387	28544172	2	1
TCGA-57-1993	18	28545570	75913144	1	1
TCGA-57-1993	18	75914548	77111540	2	1
TCGA-57-1993	18	77113956	78015057	5	1
TCGA-57-1993	19	90910	9074265	2	0
TCGA-57-1993	19	9074950	9431599	5	3
TCGA-57-1993	19	9436619	9578909	2	0
TCGA-57-1993	19	9583160	11227693	6	2
TCGA-57-1993	19	11228943	14144838	9	2
TCGA-57-1993	19	14145893	16665183	4	2
TCGA-57-1993	19	16670660	20826678	2	2
TCGA-57-1993	19	20826692	23980504	3	1
TCGA-57-1993	19	23982328	24284455	14	2
TCGA-57-1993	19	24285762	28958251	4	2
TCGA-57-1993	19	28959499	29971565	7	2
TCGA-57-1993	19	29973368	31125229	19	1
TCGA-57-1993	19	31125691	31828488	13	2
TCGA-57-1993	19	31830613	32420080	23	2
TCGA-57-1993	19	32422617	33947744	2	2
TCGA-57-1993	19	33949334	36293267	4	2
TCGA-57-1993	19	36295519	39083720	10	2
TCGA-57-1993	19	39088461	51231399	3	2
TCGA-57-1993	19	51236834	59097854	2	1
TCGA-57-1993	20	61305	14166845	3	0
TCGA-57-1993	20	14166943	23021778	3	2
TCGA-57-1993	20	23023919	23648625	6	2
TCGA-57-1993	20	23649324	24947476	4	2
TCGA-57-1993	20	24948052	26288307	2	1
TCGA-57-1993	20	26288535	36253589	4	3
TCGA-57-1993	20	36253647	50257128	3	3
TCGA-57-1993	20	50261145	50898068	5	3
TCGA-57-1993	20	50904319	62956153	3	3
TCGA-57-1993	21	10736871	22642359	1	0
TCGA-57-1993	21	22642564	33467805	3	0
TCGA-57-1993	21	33469130	44362642	5	0
TCGA-57-1993	21	44362904	45760846	3	0
TCGA-57-1993	21	45762716	48096957	1	0
TCGA-57-1993	22	16052528	51234455	2	1
TCGA-57-1993	X	168477	7537313	4	1
TCGA-57-1993	X	7538892	7883894	3	0
TCGA-57-1993	X	7884240	9891439	4	1
TCGA-57-1993	X	9891763	18095490	3	1
TCGA-57-1993	X	18095796	44193671	4	1
TCGA-57-1993	X	44194620	44744188	5	1
TCGA-57-1993	X	44748095	50770236	4	1
TCGA-57-1993	X	50771937	67794627	3	1
TCGA-57-1993	X	67794743	113924660	2	1
TCGA-57-1993	X	113926815	114447047	3	1
TCGA-57-1993	X	114452790	155233846	2	1
