sample	chr	startpos	endpos	nMajor	nMinor
TCGA-DY-A1DE	1	61735	97732269	1	1
TCGA-DY-A1DE	1	97737474	121482979	2	1
TCGA-DY-A1DE	1	144007049	159610820	3	2
TCGA-DY-A1DE	1	159613986	159927798	6	2
TCGA-DY-A1DE	1	159928059	191433488	3	2
TCGA-DY-A1DE	1	191435789	208841012	4	2
TCGA-DY-A1DE	1	208842485	249224388	2	2
TCGA-DY-A1DE	2	12784	6360617	2	2
TCGA-DY-A1DE	2	6361101	6405061	1	0
TCGA-DY-A1DE	2	6406740	86519676	2	2
TCGA-DY-A1DE	2	86523440	90301264	2	0
TCGA-DY-A1DE	2	90320708	98151534	2	2
TCGA-DY-A1DE	2	98154265	105451873	4	2
TCGA-DY-A1DE	2	105458002	107155397	6	2
TCGA-DY-A1DE	2	107158281	107631726	4	2
TCGA-DY-A1DE	2	107640822	146522087	2	1
TCGA-DY-A1DE	2	146522210	189993292	2	2
TCGA-DY-A1DE	2	190001129	190701474	4	2
TCGA-DY-A1DE	2	190701667	243089456	2	2
TCGA-DY-A1DE	3	60345	50368595	4	0
TCGA-DY-A1DE	3	50369273	78288270	2	2
TCGA-DY-A1DE	3	78288555	168791080	2	1
TCGA-DY-A1DE	3	168797063	168976870	1	1
TCGA-DY-A1DE	3	168976904	197896118	2	1
TCGA-DY-A1DE	4	12281	191027923	1	1
TCGA-DY-A1DE	5	15532	53172839	2	1
TCGA-DY-A1DE	5	53173005	79549665	1	0
TCGA-DY-A1DE	5	79549724	98102303	2	1
TCGA-DY-A1DE	5	98107141	98733086	4	1
TCGA-DY-A1DE	5	98736773	180790320	2	1
TCGA-DY-A1DE	6	149661	57299309	3	1
TCGA-DY-A1DE	6	57308995	58039239	2	1
TCGA-DY-A1DE	6	58040962	61886440	3	1
TCGA-DY-A1DE	6	61930020	171051005	2	1
TCGA-DY-A1DE	7	43259	61888128	2	2
TCGA-DY-A1DE	7	61987173	71045904	2	1
TCGA-DY-A1DE	7	71047259	71314063	2	2
TCGA-DY-A1DE	7	71314268	159127004	2	1
TCGA-DY-A1DE	8	31254	40933986	1	0
TCGA-DY-A1DE	8	40937651	41275971	9	1
TCGA-DY-A1DE	8	41276230	42292887	4	1
TCGA-DY-A1DE	8	42292952	142850512	2	1
TCGA-DY-A1DE	8	142850785	146298155	2	2
TCGA-DY-A1DE	9	46587	7296752	2	2
TCGA-DY-A1DE	9	7297075	9054913	3	2
TCGA-DY-A1DE	9	9056791	141091394	2	2
TCGA-DY-A1DE	10	72759	44631355	2	0
TCGA-DY-A1DE	10	44632192	49287591	2	1
TCGA-DY-A1DE	10	49287603	135506704	2	0
TCGA-DY-A1DE	11	198572	56685218	2	1
TCGA-DY-A1DE	11	56688861	112026619	2	2
TCGA-DY-A1DE	11	112026703	134795240	2	1
TCGA-DY-A1DE	11	134807797	134944770	1	1
TCGA-DY-A1DE	12	150442	443085	2	1
TCGA-DY-A1DE	12	447583	864074	1	0
TCGA-DY-A1DE	12	865736	60269161	2	1
TCGA-DY-A1DE	12	60269799	74425461	1	1
TCGA-DY-A1DE	12	74433392	77855421	1	0
TCGA-DY-A1DE	12	77860016	107861233	1	1
TCGA-DY-A1DE	12	107861624	133778189	2	1
TCGA-DY-A1DE	13	19026949	115108397	2	2
TCGA-DY-A1DE	14	19002124	20419259	2	1
TCGA-DY-A1DE	14	20420151	31972650	2	0
TCGA-DY-A1DE	14	31973166	32050277	4	0
TCGA-DY-A1DE	14	32052571	68736654	2	0
TCGA-DY-A1DE	14	68742609	68820853	0	0
TCGA-DY-A1DE	14	68824414	107285437	2	0
TCGA-DY-A1DE	15	20016328	26345351	2	0
TCGA-DY-A1DE	15	26345695	67369110	3	0
TCGA-DY-A1DE	15	67370368	67461160	0	0
TCGA-DY-A1DE	15	67461311	102469040	3	0
TCGA-DY-A1DE	16	60777	5452943	2	1
TCGA-DY-A1DE	16	5454454	6272049	2	0
TCGA-DY-A1DE	16	6275459	6376543	3	1
TCGA-DY-A1DE	16	6377499	6646973	2	1
TCGA-DY-A1DE	16	6647082	6776662	2	0
TCGA-DY-A1DE	16	6776967	6838956	2	1
TCGA-DY-A1DE	16	6840765	6896128	1	0
TCGA-DY-A1DE	16	6896342	6987253	0	0
TCGA-DY-A1DE	16	6987261	7005334	1	0
TCGA-DY-A1DE	16	7006010	48854310	2	1
TCGA-DY-A1DE	16	48858977	48951091	1	0
TCGA-DY-A1DE	16	48955060	68377848	2	1
TCGA-DY-A1DE	16	68379860	69094293	4	1
TCGA-DY-A1DE	16	69095183	90287535	2	1
TCGA-DY-A1DE	17	526	19352182	2	0
TCGA-DY-A1DE	17	19353378	22227836	0	0
TCGA-DY-A1DE	17	22227841	26210291	3	2
TCGA-DY-A1DE	17	26213202	35584036	2	1
TCGA-DY-A1DE	17	35584258	36080165	1	0
TCGA-DY-A1DE	17	36080428	44352872	2	1
TCGA-DY-A1DE	17	44353885	66749095	3	1
TCGA-DY-A1DE	17	66750031	81049726	3	0
TCGA-DY-A1DE	18	48133	44529976	2	0
TCGA-DY-A1DE	18	44530548	48502120	1	0
TCGA-DY-A1DE	18	48502636	48573256	0	0
TCGA-DY-A1DE	18	48579317	78015057	1	0
TCGA-DY-A1DE	19	90910	27765988	2	0
TCGA-DY-A1DE	19	27772025	29973368	2	1
TCGA-DY-A1DE	19	29973612	33065265	37	2
TCGA-DY-A1DE	19	33066560	35084293	8	2
TCGA-DY-A1DE	19	35085310	37123842	6	2
TCGA-DY-A1DE	19	37124622	39387716	11	2
TCGA-DY-A1DE	19	39387842	41680385	23	2
TCGA-DY-A1DE	19	41689147	59097854	2	0
TCGA-DY-A1DE	20	61305	14569991	4	2
TCGA-DY-A1DE	20	14575604	14848659	3	2
TCGA-DY-A1DE	20	14849853	18449249	4	2
TCGA-DY-A1DE	20	18454330	29880528	5	2
TCGA-DY-A1DE	20	29881042	31013487	7	2
TCGA-DY-A1DE	20	31013976	62956153	3	2
TCGA-DY-A1DE	21	10736871	16064976	2	1
TCGA-DY-A1DE	21	16066106	48096957	1	1
TCGA-DY-A1DE	22	16052528	41192911	2	1
TCGA-DY-A1DE	22	41193404	47341245	2	0
TCGA-DY-A1DE	22	47343297	49355036	2	1
TCGA-DY-A1DE	22	49358965	51234455	2	0
TCGA-DY-A1DE	X	168477	19013281	2	1
TCGA-DY-A1DE	X	19016791	21478658	6	1
TCGA-DY-A1DE	X	21487339	50728694	2	2
TCGA-DY-A1DE	X	50730519	54939893	2	1
TCGA-DY-A1DE	X	54942733	63608906	2	2
TCGA-DY-A1DE	X	63614678	132511454	2	1
TCGA-DY-A1DE	X	132511543	155233846	2	2
