sample	chr	startpos	endpos	nMajor	nMinor
TCGA-MM-A563	1	61735	249224388	1	1
TCGA-MM-A563	2	12784	243089456	1	1
TCGA-MM-A563	3	60345	86645019	1	0
TCGA-MM-A563	3	86647601	197896118	1	1
TCGA-MM-A563	4	12281	191027923	1	1
TCGA-MM-A563	5	15532	180790320	1	1
TCGA-MM-A563	6	149661	171051005	1	0
TCGA-MM-A563	7	43259	143725151	1	1
TCGA-MM-A563	7	143725181	144827033	2	1
TCGA-MM-A563	7	144827132	159127004	1	1
TCGA-MM-A563	8	31254	121121239	1	0
TCGA-MM-A563	8	121124753	146298155	1	1
TCGA-MM-A563	9	46587	141091394	1	0
TCGA-MM-A563	10	72759	135506704	1	1
TCGA-MM-A563	11	198572	99492629	1	1
TCGA-MM-A563	11	99493173	101684739	2	1
TCGA-MM-A563	11	101685666	134944770	1	1
TCGA-MM-A563	12	150442	133778189	1	1
TCGA-MM-A563	13	19026949	115108397	1	1
TCGA-MM-A563	14	19002124	107285437	1	0
TCGA-MM-A563	15	20016328	102469040	1	1
TCGA-MM-A563	16	60777	90287535	1	1
TCGA-MM-A563	17	526	81049726	1	1
TCGA-MM-A563	18	48133	78015057	1	1
TCGA-MM-A563	19	90910	59097854	1	1
TCGA-MM-A563	20	61305	62956153	1	1
TCGA-MM-A563	21	10736871	48096957	1	0
TCGA-MM-A563	22	16052528	51234455	1	1
TCGA-MM-A563	X	168477	2694240	1	1
TCGA-MM-A563	X	2703391	155233846	1	0
