sample	chr	startpos	endpos	nMajor	nMinor
TCGA-E8-A3X7	1	61735	249224388	1	1
TCGA-E8-A3X7	2	12784	243089456	1	1
TCGA-E8-A3X7	3	60345	197896118	1	1
TCGA-E8-A3X7	4	12281	191027923	1	1
TCGA-E8-A3X7	5	15532	180790320	1	1
TCGA-E8-A3X7	6	149661	171051005	1	1
TCGA-E8-A3X7	7	43259	159127004	1	1
TCGA-E8-A3X7	8	31254	146298155	1	1
TCGA-E8-A3X7	9	46587	141091394	1	1
TCGA-E8-A3X7	10	72759	135506704	1	1
TCGA-E8-A3X7	11	198572	134944770	1	1
TCGA-E8-A3X7	12	150442	133778189	1	1
TCGA-E8-A3X7	13	19026949	115108397	1	1
TCGA-E8-A3X7	14	19002124	43206782	1	1
TCGA-E8-A3X7	14	43207773	46003750	2	0
TCGA-E8-A3X7	14	46007912	107285437	1	1
TCGA-E8-A3X7	15	20016328	102469040	1	1
TCGA-E8-A3X7	16	60777	35283226	1	1
TCGA-E8-A3X7	16	46463782	48226596	2	0
TCGA-E8-A3X7	16	48227862	90287535	1	1
TCGA-E8-A3X7	17	526	81049726	1	1
TCGA-E8-A3X7	18	48133	78015057	1	1
TCGA-E8-A3X7	19	90910	59097854	1	1
TCGA-E8-A3X7	20	61305	62956153	1	1
TCGA-E8-A3X7	21	10736871	48096957	1	1
TCGA-E8-A3X7	22	16052528	51234455	1	1
TCGA-E8-A3X7	X	168477	64255950	1	1
TCGA-E8-A3X7	X	64257071	67869273	2	0
TCGA-E8-A3X7	X	67869827	155233846	1	1
