sample	chr	startpos	endpos	nMajor	nMinor
TCGA-W3-AA1V	1	61735	99545251	2	1
TCGA-W3-AA1V	1	99545736	99792513	3	1
TCGA-W3-AA1V	1	99793455	160874000	2	1
TCGA-W3-AA1V	1	160874681	238023577	1	1
TCGA-W3-AA1V	1	238024020	238605552	1	0
TCGA-W3-AA1V	1	238605709	249224388	1	1
TCGA-W3-AA1V	2	12784	150242490	2	1
TCGA-W3-AA1V	2	150242965	150337196	1	1
TCGA-W3-AA1V	2	150341971	243089456	2	1
TCGA-W3-AA1V	3	60345	27745062	2	1
TCGA-W3-AA1V	3	27748290	27996922	2	2
TCGA-W3-AA1V	3	27997911	72941289	2	1
TCGA-W3-AA1V	3	72941452	90287413	1	1
TCGA-W3-AA1V	3	90287961	95624637	2	1
TCGA-W3-AA1V	3	95626970	177265976	1	1
TCGA-W3-AA1V	3	177267467	188179525	2	1
TCGA-W3-AA1V	3	188183127	188723077	2	0
TCGA-W3-AA1V	3	188723126	197896118	2	1
TCGA-W3-AA1V	4	12281	48588823	1	1
TCGA-W3-AA1V	4	48593304	54316947	2	1
TCGA-W3-AA1V	4	54318414	60127645	3	1
TCGA-W3-AA1V	4	60127739	64703477	2	1
TCGA-W3-AA1V	4	64704293	66117306	3	1
TCGA-W3-AA1V	4	66119496	74193931	2	1
TCGA-W3-AA1V	4	74194326	86618442	1	1
TCGA-W3-AA1V	4	86623411	89978456	1	0
TCGA-W3-AA1V	4	89978800	172279205	1	1
TCGA-W3-AA1V	4	172279558	191027923	1	0
TCGA-W3-AA1V	5	15532	33880679	3	2
TCGA-W3-AA1V	5	33884702	41626084	2	2
TCGA-W3-AA1V	5	41629963	46389273	4	2
TCGA-W3-AA1V	5	49432831	126324903	1	1
TCGA-W3-AA1V	5	126329658	162205000	2	1
TCGA-W3-AA1V	5	162205915	180790320	1	1
TCGA-W3-AA1V	6	149661	16395665	3	2
TCGA-W3-AA1V	6	16397056	20541519	2	0
TCGA-W3-AA1V	6	20542197	21140486	1	0
TCGA-W3-AA1V	6	21142005	22829432	2	0
TCGA-W3-AA1V	6	22834133	23067645	1	0
TCGA-W3-AA1V	6	23067673	37518181	2	0
TCGA-W3-AA1V	6	37518241	44748365	2	1
TCGA-W3-AA1V	6	44750777	46602603	3	1
TCGA-W3-AA1V	6	46605874	50777042	2	1
TCGA-W3-AA1V	6	50794890	61963621	4	1
TCGA-W3-AA1V	6	61967862	62059231	1	1
TCGA-W3-AA1V	6	62067504	106732015	4	1
TCGA-W3-AA1V	6	106732535	107187060	4	3
TCGA-W3-AA1V	6	107192823	166260836	4	1
TCGA-W3-AA1V	6	166261425	171051005	3	1
TCGA-W3-AA1V	7	43259	10083889	2	1
TCGA-W3-AA1V	7	10085174	10191301	3	2
TCGA-W3-AA1V	7	10191885	12402564	2	1
TCGA-W3-AA1V	7	12402989	13025461	3	2
TCGA-W3-AA1V	7	13027695	18955152	2	1
TCGA-W3-AA1V	7	18957681	61888128	2	0
TCGA-W3-AA1V	7	61987173	67781284	2	2
TCGA-W3-AA1V	7	67783656	69774812	3	2
TCGA-W3-AA1V	7	69775270	159127004	2	1
TCGA-W3-AA1V	8	31254	32070574	1	1
TCGA-W3-AA1V	8	32071308	50429850	3	1
TCGA-W3-AA1V	8	50432013	62139735	3	0
TCGA-W3-AA1V	8	62140981	63705238	3	1
TCGA-W3-AA1V	8	63706330	77373589	3	0
TCGA-W3-AA1V	8	77375956	81598103	3	3
TCGA-W3-AA1V	8	81598432	82904399	4	1
TCGA-W3-AA1V	8	82907959	85737675	3	0
TCGA-W3-AA1V	8	85738665	116088074	3	1
TCGA-W3-AA1V	8	116094225	117112366	4	1
TCGA-W3-AA1V	8	117120123	137677221	3	1
TCGA-W3-AA1V	8	137677625	138944949	5	1
TCGA-W3-AA1V	8	138952690	146298155	3	1
TCGA-W3-AA1V	9	46587	34820307	2	0
TCGA-W3-AA1V	9	34820859	35136146	3	0
TCGA-W3-AA1V	9	35141508	141091394	2	0
TCGA-W3-AA1V	10	72759	35610631	2	0
TCGA-W3-AA1V	10	35611554	35848206	1	0
TCGA-W3-AA1V	10	35852015	36649186	2	0
TCGA-W3-AA1V	10	36651214	122612604	2	1
TCGA-W3-AA1V	10	122616757	122717301	3	1
TCGA-W3-AA1V	10	122719308	135506704	2	1
TCGA-W3-AA1V	11	198572	8833233	2	1
TCGA-W3-AA1V	11	8835490	9171721	3	1
TCGA-W3-AA1V	11	9174936	55183671	2	1
TCGA-W3-AA1V	11	55184504	56772349	2	0
TCGA-W3-AA1V	11	56773643	81582086	2	1
TCGA-W3-AA1V	11	81582279	132203222	2	0
TCGA-W3-AA1V	11	132204655	132383590	1	0
TCGA-W3-AA1V	11	132385359	133142354	2	0
TCGA-W3-AA1V	11	133143976	134944770	1	0
TCGA-W3-AA1V	12	150442	11829309	2	1
TCGA-W3-AA1V	12	11830376	34023496	1	1
TCGA-W3-AA1V	12	34026721	38643563	2	1
TCGA-W3-AA1V	12	38646572	57886609	2	0
TCGA-W3-AA1V	12	57891804	58260601	10	2
TCGA-W3-AA1V	12	58260657	59309737	14	2
TCGA-W3-AA1V	12	59312113	60557347	3	3
TCGA-W3-AA1V	12	60558288	61585042	2	1
TCGA-W3-AA1V	12	61585293	62485243	2	0
TCGA-W3-AA1V	12	62491064	63282342	2	2
TCGA-W3-AA1V	12	63283739	63319509	8	2
TCGA-W3-AA1V	12	63319878	67092347	2	0
TCGA-W3-AA1V	12	67094721	67355793	2	2
TCGA-W3-AA1V	12	67357483	68131676	2	1
TCGA-W3-AA1V	12	68132519	68181395	5	2
TCGA-W3-AA1V	12	68187233	68333618	2	1
TCGA-W3-AA1V	12	68333814	68544434	4	2
TCGA-W3-AA1V	12	68544616	69436550	2	1
TCGA-W3-AA1V	12	69442056	70261217	14	2
TCGA-W3-AA1V	12	70261786	71464426	18	2
TCGA-W3-AA1V	12	71464459	72587316	8	2
TCGA-W3-AA1V	12	72588617	73434932	3	3
TCGA-W3-AA1V	12	73437751	73479121	11	3
TCGA-W3-AA1V	12	73485503	76138874	3	3
TCGA-W3-AA1V	12	76138945	76635129	2	1
TCGA-W3-AA1V	12	76640823	76812676	3	3
TCGA-W3-AA1V	12	76821852	91893144	2	0
TCGA-W3-AA1V	12	91893291	91910183	4	0
TCGA-W3-AA1V	12	91912198	92071122	3	2
TCGA-W3-AA1V	12	92071165	92943336	6	2
TCGA-W3-AA1V	12	92944274	93085454	2	1
TCGA-W3-AA1V	12	93085907	94357522	2	0
TCGA-W3-AA1V	12	94363888	95304171	2	1
TCGA-W3-AA1V	12	95304715	95377938	3	3
TCGA-W3-AA1V	12	95381646	116217470	2	0
TCGA-W3-AA1V	12	116219742	116639890	2	1
TCGA-W3-AA1V	12	116641680	120424530	2	0
TCGA-W3-AA1V	12	120449610	124078576	2	1
TCGA-W3-AA1V	12	124082554	124234191	4	0
TCGA-W3-AA1V	12	124239195	129092478	2	0
TCGA-W3-AA1V	12	129092627	129757801	2	1
TCGA-W3-AA1V	12	129758136	133011558	2	0
TCGA-W3-AA1V	12	133014686	133778189	2	1
TCGA-W3-AA1V	13	19026949	80689442	1	1
TCGA-W3-AA1V	13	80689877	83856601	4	1
TCGA-W3-AA1V	13	83856640	90773761	1	1
TCGA-W3-AA1V	13	90776365	91491689	2	1
TCGA-W3-AA1V	13	91497865	91664054	3	1
TCGA-W3-AA1V	13	91667999	99965155	2	1
TCGA-W3-AA1V	13	99975898	106692849	1	1
TCGA-W3-AA1V	13	106694027	107098062	5	1
TCGA-W3-AA1V	13	107098356	107403517	2	1
TCGA-W3-AA1V	13	107408222	110235894	1	1
TCGA-W3-AA1V	13	110236646	110980578	2	1
TCGA-W3-AA1V	13	110981617	111190116	1	1
TCGA-W3-AA1V	13	111192421	114056680	2	1
TCGA-W3-AA1V	13	114057333	115108397	1	1
TCGA-W3-AA1V	14	19002124	22420469	1	1
TCGA-W3-AA1V	14	22420497	22999918	2	1
TCGA-W3-AA1V	14	23000062	36275699	1	1
TCGA-W3-AA1V	14	36279924	36352323	1	0
TCGA-W3-AA1V	14	36355027	107285437	1	1
TCGA-W3-AA1V	15	20016328	44821843	1	1
TCGA-W3-AA1V	15	44822191	45008878	0	0
TCGA-W3-AA1V	15	45012432	99008023	1	1
TCGA-W3-AA1V	15	99008627	99289577	2	1
TCGA-W3-AA1V	15	99289638	102469040	1	1
TCGA-W3-AA1V	16	60777	35283226	2	1
TCGA-W3-AA1V	16	46463782	90287535	3	1
TCGA-W3-AA1V	17	526	55731466	2	1
TCGA-W3-AA1V	17	55734024	73070405	1	1
TCGA-W3-AA1V	17	73070742	81049726	2	1
TCGA-W3-AA1V	18	48133	28198468	2	1
TCGA-W3-AA1V	18	28199185	38961021	1	1
TCGA-W3-AA1V	18	38961625	66616834	1	0
TCGA-W3-AA1V	18	66617498	67313308	1	1
TCGA-W3-AA1V	18	67313638	78015057	1	0
TCGA-W3-AA1V	19	90910	2146066	2	0
TCGA-W3-AA1V	19	2149618	2435456	3	0
TCGA-W3-AA1V	19	2438119	24582577	2	0
TCGA-W3-AA1V	19	24583312	59097854	3	0
TCGA-W3-AA1V	20	61305	15551799	2	1
TCGA-W3-AA1V	20	15552811	22462752	3	1
TCGA-W3-AA1V	20	22463138	62956153	2	1
TCGA-W3-AA1V	21	10736871	48096957	2	1
TCGA-W3-AA1V	22	16052528	28831868	2	1
TCGA-W3-AA1V	22	28833502	29453027	3	1
TCGA-W3-AA1V	22	29454477	51234455	2	1
TCGA-W3-AA1V	X	168477	2693624	1	1
TCGA-W3-AA1V	X	2694240	96543861	1	0
TCGA-W3-AA1V	X	96543884	96954561	3	0
TCGA-W3-AA1V	X	96955143	154929308	1	0
TCGA-W3-AA1V	X	154929498	155233846	1	1
