sample	chr	startpos	endpos	nMajor	nMinor
TCGA-AX-A3G9	1	61735	249224388	1	1
TCGA-AX-A3G9	2	12784	243089456	1	1
TCGA-AX-A3G9	3	60345	60102668	1	1
TCGA-AX-A3G9	3	60103026	60264473	1	0
TCGA-AX-A3G9	3	60271725	197896118	1	1
TCGA-AX-A3G9	4	12281	191027923	1	1
TCGA-AX-A3G9	5	15532	180790320	1	1
TCGA-AX-A3G9	6	149661	171051005	1	1
TCGA-AX-A3G9	7	43259	159127004	1	1
TCGA-AX-A3G9	8	31254	144550160	1	1
TCGA-AX-A3G9	8	144555316	146298155	2	0
TCGA-AX-A3G9	9	46587	141091394	1	1
TCGA-AX-A3G9	10	72759	77045661	1	1
TCGA-AX-A3G9	10	77047381	135506704	2	0
TCGA-AX-A3G9	11	198572	134944770	1	1
TCGA-AX-A3G9	12	150442	133778189	1	1
TCGA-AX-A3G9	13	19026949	115108397	1	1
TCGA-AX-A3G9	14	19002124	107285437	1	1
TCGA-AX-A3G9	15	20016328	22769349	2	0
TCGA-AX-A3G9	15	22770435	102469040	1	1
TCGA-AX-A3G9	16	60777	90287535	1	1
TCGA-AX-A3G9	17	526	81049726	1	1
TCGA-AX-A3G9	18	48133	78015057	1	1
TCGA-AX-A3G9	19	90910	59097854	1	1
TCGA-AX-A3G9	20	61305	62956153	1	1
TCGA-AX-A3G9	21	10736871	48096957	1	1
TCGA-AX-A3G9	22	16052528	51234455	1	1
TCGA-AX-A3G9	X	168477	155233846	1	1
