sample	chr	startpos	endpos	nMajor	nMinor
TCGA-VD-AA8M	1	61735	249224388	1	1
TCGA-VD-AA8M	2	12784	243089456	1	1
TCGA-VD-AA8M	3	60345	197896118	1	1
TCGA-VD-AA8M	4	12281	191027923	1	1
TCGA-VD-AA8M	5	15532	180790320	1	1
TCGA-VD-AA8M	6	149661	171051005	1	1
TCGA-VD-AA8M	7	43259	159127004	1	1
TCGA-VD-AA8M	8	31254	146298155	1	1
TCGA-VD-AA8M	9	46587	141091394	1	1
TCGA-VD-AA8M	10	72759	135506704	1	1
TCGA-VD-AA8M	11	198572	134944770	1	1
TCGA-VD-AA8M	12	150442	133778189	1	1
TCGA-VD-AA8M	13	19026949	115108397	1	1
TCGA-VD-AA8M	14	19002124	22462396	1	1
TCGA-VD-AA8M	14	22466734	22977829	2	1
TCGA-VD-AA8M	14	22978078	107285437	1	1
TCGA-VD-AA8M	15	20016328	102469040	1	1
TCGA-VD-AA8M	16	60777	90287535	1	1
TCGA-VD-AA8M	17	526	27472243	1	1
TCGA-VD-AA8M	17	27473728	50347256	1	0
TCGA-VD-AA8M	17	50350804	64120132	1	1
TCGA-VD-AA8M	17	64125331	68070207	1	0
TCGA-VD-AA8M	17	68073650	81049726	1	1
TCGA-VD-AA8M	18	48133	78015057	1	1
TCGA-VD-AA8M	19	90910	3777232	1	1
TCGA-VD-AA8M	19	3793918	8483207	1	0
TCGA-VD-AA8M	19	8496364	9464122	2	1
TCGA-VD-AA8M	19	9465064	9534338	1	0
TCGA-VD-AA8M	19	9534943	10802131	1	1
TCGA-VD-AA8M	19	10802709	11136259	3	1
TCGA-VD-AA8M	19	11136315	21216153	2	1
TCGA-VD-AA8M	19	21217077	59097854	1	1
TCGA-VD-AA8M	20	61305	62956153	1	1
TCGA-VD-AA8M	21	10736871	48096957	1	1
TCGA-VD-AA8M	22	16052528	51234455	1	1
TCGA-VD-AA8M	X	168477	155233846	1	0
