sample	chr	startpos	endpos	nMajor	nMinor
TCGA-46-3765	1	61735	36362287	3	0
TCGA-46-3765	1	36367330	43571657	3	2
TCGA-46-3765	1	43576321	93569393	3	1
TCGA-46-3765	1	93569797	114468256	1	1
TCGA-46-3765	1	114470504	116357354	2	1
TCGA-46-3765	1	116357973	119329206	1	1
TCGA-46-3765	1	119333813	149578722	2	1
TCGA-46-3765	1	149617451	160341142	3	1
TCGA-46-3765	1	160342722	161463845	3	2
TCGA-46-3765	1	161464960	207655958	3	1
TCGA-46-3765	1	207656050	209512621	3	2
TCGA-46-3765	1	209512897	211459316	3	1
TCGA-46-3765	1	211459569	216235288	3	2
TCGA-46-3765	1	216235512	216949598	3	1
TCGA-46-3765	1	216949743	222551043	3	3
TCGA-46-3765	1	222553902	226892377	3	2
TCGA-46-3765	1	226900415	238613058	3	1
TCGA-46-3765	1	238614922	239087028	4	4
TCGA-46-3765	1	239089921	240318571	3	2
TCGA-46-3765	1	240319907	242143884	3	1
TCGA-46-3765	1	242147667	249224388	3	2
TCGA-46-3765	2	12784	120803428	3	2
TCGA-46-3765	2	120807032	123804867	7	2
TCGA-46-3765	2	123804915	137867796	4	2
TCGA-46-3765	2	137868740	138670221	7	2
TCGA-46-3765	2	138670394	145360235	4	2
TCGA-46-3765	2	145361927	146295070	8	2
TCGA-46-3765	2	146295680	162350904	2	2
TCGA-46-3765	2	162353972	163357286	12	5
TCGA-46-3765	2	163357378	171943820	2	2
TCGA-46-3765	2	171944915	172325916	6	2
TCGA-46-3765	2	172326458	174543254	2	2
TCGA-46-3765	2	174544367	175893333	4	2
TCGA-46-3765	2	175894062	177930189	6	2
TCGA-46-3765	2	177930304	178233079	18	2
TCGA-46-3765	2	178238808	183256989	13	2
TCGA-46-3765	2	183257655	184712927	20	2
TCGA-46-3765	2	184722214	193941673	3	2
TCGA-46-3765	2	193943916	197081843	4	2
TCGA-46-3765	2	197083415	211808808	2	2
TCGA-46-3765	2	211812190	213553097	4	2
TCGA-46-3765	2	213557737	214007577	9	2
TCGA-46-3765	2	214009831	243089456	2	0
TCGA-46-3765	3	60345	36976926	4	0
TCGA-46-3765	3	36981363	40249022	3	0
TCGA-46-3765	3	40250017	55096928	2	0
TCGA-46-3765	3	55100205	55263431	4	0
TCGA-46-3765	3	55263442	90502862	2	0
TCGA-46-3765	3	93519478	94349011	6	2
TCGA-46-3765	3	94357593	95216884	6	0
TCGA-46-3765	3	95216937	97488018	4	0
TCGA-46-3765	3	97488576	100563766	4	2
TCGA-46-3765	3	100564618	106963929	4	0
TCGA-46-3765	3	106966137	108975007	4	2
TCGA-46-3765	3	108987628	116197892	4	0
TCGA-46-3765	3	116199803	146478943	4	2
TCGA-46-3765	3	146478978	176211060	6	2
TCGA-46-3765	3	176212508	177768451	6	3
TCGA-46-3765	3	177771889	178559561	6	2
TCGA-46-3765	3	178560048	181732177	5	5
TCGA-46-3765	3	181732911	186945058	7	6
TCGA-46-3765	3	186946842	187742330	6	2
TCGA-46-3765	3	187744593	192848914	5	5
TCGA-46-3765	3	192850845	197896118	5	4
TCGA-46-3765	4	12281	45123011	3	0
TCGA-46-3765	4	45127554	55409815	4	3
TCGA-46-3765	4	55415049	55613726	3	0
TCGA-46-3765	4	55614038	56879573	13	3
TCGA-46-3765	4	56882317	57273782	12	0
TCGA-46-3765	4	57278167	57832707	8	0
TCGA-46-3765	4	57837158	59236893	6	0
TCGA-46-3765	4	59239314	60492825	3	0
TCGA-46-3765	4	60493113	61336124	2	0
TCGA-46-3765	4	61336390	64086916	6	0
TCGA-46-3765	4	64088472	66081474	3	0
TCGA-46-3765	4	66083015	68241146	5	0
TCGA-46-3765	4	68241545	73127672	7	0
TCGA-46-3765	4	73128157	75038237	6	0
TCGA-46-3765	4	75039459	75282375	1	0
TCGA-46-3765	4	75323645	77709018	7	0
TCGA-46-3765	4	77713654	83141011	1	0
TCGA-46-3765	4	83143011	85184515	2	1
TCGA-46-3765	4	85186858	100321116	2	0
TCGA-46-3765	4	100321365	102445924	3	3
TCGA-46-3765	4	102449905	191027923	2	0
TCGA-46-3765	5	15532	3361165	7	0
TCGA-46-3765	5	3361181	10073369	10	0
TCGA-46-3765	5	10073549	11470804	23	0
TCGA-46-3765	5	11473704	13191338	19	0
TCGA-46-3765	5	13200075	14290274	41	0
TCGA-46-3765	5	14290588	17410284	31	0
TCGA-46-3765	5	17410452	18465157	19	0
TCGA-46-3765	5	18469458	26969106	7	0
TCGA-46-3765	5	26972177	40435389	11	0
TCGA-46-3765	5	40437217	49447306	8	0
TCGA-46-3765	5	49455636	75839350	2	0
TCGA-46-3765	5	75839369	80187590	3	0
TCGA-46-3765	5	80187742	132358914	2	0
TCGA-46-3765	5	132358965	132925236	3	0
TCGA-46-3765	5	132926056	180790320	2	0
TCGA-46-3765	6	149661	65825628	2	2
TCGA-46-3765	6	65826547	71361754	2	1
TCGA-46-3765	6	71362110	72549632	4	2
TCGA-46-3765	6	72554379	75460896	2	2
TCGA-46-3765	6	75461902	123139281	2	1
TCGA-46-3765	6	123142326	123395743	10	2
TCGA-46-3765	6	123397329	123446603	10	0
TCGA-46-3765	6	123447672	124342998	31	1
TCGA-46-3765	6	124346226	125769575	47	1
TCGA-46-3765	6	125770295	128039966	57	1
TCGA-46-3765	6	128040839	128379093	31	0
TCGA-46-3765	6	128388522	129391666	2	0
TCGA-46-3765	6	129395610	164925876	2	1
TCGA-46-3765	6	164928223	171051005	2	2
TCGA-46-3765	7	43259	11677778	3	2
TCGA-46-3765	7	11677840	14959194	5	2
TCGA-46-3765	7	14959231	18496398	6	2
TCGA-46-3765	7	18497011	23618170	9	2
TCGA-46-3765	7	23620911	29404053	6	2
TCGA-46-3765	7	29405557	52504987	3	2
TCGA-46-3765	7	52505159	55354501	5	2
TCGA-46-3765	7	55354770	61858202	3	2
TCGA-46-3765	7	61858375	66019731	9	2
TCGA-46-3765	7	66029253	66041300	30	0
TCGA-46-3765	7	66046724	66048610	21	6
TCGA-46-3765	7	66052670	68918453	18	2
TCGA-46-3765	7	68922071	85469299	2	1
TCGA-46-3765	7	85470934	159127004	2	0
TCGA-46-3765	8	31254	35534641	2	0
TCGA-46-3765	8	35548265	37531076	17	2
TCGA-46-3765	8	37532046	39082797	13	1
TCGA-46-3765	8	39084255	46930773	4	2
TCGA-46-3765	8	46932567	146298155	2	2
TCGA-46-3765	9	46587	33115166	2	0
TCGA-46-3765	9	33119744	34813483	8	2
TCGA-46-3765	9	34815932	35493484	16	1
TCGA-46-3765	9	35496314	36869723	8	2
TCGA-46-3765	9	36872502	47217176	2	0
TCGA-46-3765	9	65616971	141091394	4	0
TCGA-46-3765	10	72759	4876450	2	2
TCGA-46-3765	10	4876626	6916605	3	2
TCGA-46-3765	10	6916628	16522847	2	1
TCGA-46-3765	10	16527172	18237542	4	1
TCGA-46-3765	10	18237828	62099113	2	1
TCGA-46-3765	10	62099173	73520632	3	2
TCGA-46-3765	10	73521578	75494938	8	2
TCGA-46-3765	10	75498950	82236079	5	2
TCGA-46-3765	10	82236622	135506704	2	0
TCGA-46-3765	11	198572	134944770	2	2
TCGA-46-3765	12	150442	1749841	6	2
TCGA-46-3765	12	1750597	4543361	4	2
TCGA-46-3765	12	4543487	107485796	2	2
TCGA-46-3765	12	107488186	107541550	5	2
TCGA-46-3765	12	107544468	133778189	2	2
TCGA-46-3765	13	19026949	115108397	2	1
TCGA-46-3765	14	19002124	99862889	2	2
TCGA-46-3765	14	99863297	107285437	2	0
TCGA-46-3765	15	20016328	30362487	3	2
TCGA-46-3765	15	30362583	31949169	2	2
TCGA-46-3765	15	31949869	36070177	3	2
TCGA-46-3765	15	36073021	37122815	4	2
TCGA-46-3765	15	37124845	84467252	2	2
TCGA-46-3765	15	84473226	84482294	6	0
TCGA-46-3765	15	84484056	86680774	9	2
TCGA-46-3765	15	86686003	102469040	4	2
TCGA-46-3765	16	60777	90287535	2	1
TCGA-46-3765	17	526	22200305	2	0
TCGA-46-3765	17	22201452	81049726	2	2
TCGA-46-3765	18	48133	78015057	2	2
TCGA-46-3765	19	90910	12648086	2	1
TCGA-46-3765	19	12648667	59097854	2	2
TCGA-46-3765	20	61305	59906419	4	0
TCGA-46-3765	20	59910848	62956153	5	0
TCGA-46-3765	21	10736871	46340512	2	2
TCGA-46-3765	21	46340843	48096957	4	2
TCGA-46-3765	22	16052528	18890701	2	0
TCGA-46-3765	22	18894832	20163462	9	0
TCGA-46-3765	22	20164360	21283138	6	0
TCGA-46-3765	22	21283142	22729581	10	1
TCGA-46-3765	22	22734158	36742603	6	1
TCGA-46-3765	22	36742954	41047764	6	2
TCGA-46-3765	22	41050608	42021288	4	2
TCGA-46-3765	22	42021679	51234455	2	2
TCGA-46-3765	X	168477	155233846	2	0
