sample	chr	startpos	endpos	nMajor	nMinor
TCGA-29-1785	1	61735	13936273	2	2
TCGA-29-1785	1	13936953	31265857	2	0
TCGA-29-1785	1	31267173	31354792	4	0
TCGA-29-1785	1	31360942	40097518	2	0
TCGA-29-1785	1	40104461	41281757	2	2
TCGA-29-1785	1	41286353	41505479	5	2
TCGA-29-1785	1	41507245	101903428	2	2
TCGA-29-1785	1	101906345	102297746	5	2
TCGA-29-1785	1	102297845	117732171	2	2
TCGA-29-1785	1	117738815	117927803	5	3
TCGA-29-1785	1	117927899	153460453	2	2
TCGA-29-1785	1	153461375	153790501	4	2
TCGA-29-1785	1	153790501	201963476	2	2
TCGA-29-1785	1	201967195	202055955	5	3
TCGA-29-1785	1	202057184	237077480	2	2
TCGA-29-1785	1	237077711	249224388	4	2
TCGA-29-1785	2	12784	12280956	2	2
TCGA-29-1785	2	12282113	12311132	1	1
TCGA-29-1785	2	12311168	45699601	2	2
TCGA-29-1785	2	45702055	46064857	6	2
TCGA-29-1785	2	46064956	102722402	2	2
TCGA-29-1785	2	102723017	102743180	1	1
TCGA-29-1785	2	102751272	236711920	2	2
TCGA-29-1785	2	236712686	237032274	2	0
TCGA-29-1785	2	237036253	243089456	2	2
TCGA-29-1785	3	60345	46500978	2	2
TCGA-29-1785	3	46501213	64991115	2	0
TCGA-29-1785	3	64993316	65104925	0	0
TCGA-29-1785	3	65107633	78146414	2	0
TCGA-29-1785	3	78149884	156963598	2	2
TCGA-29-1785	3	156963855	179888860	4	2
TCGA-29-1785	3	179891825	186653218	2	2
TCGA-29-1785	3	186656113	197896118	2	0
TCGA-29-1785	4	12281	191027923	2	2
TCGA-29-1785	5	15532	2802777	2	0
TCGA-29-1785	5	2806621	57468397	2	2
TCGA-29-1785	5	57471813	57553796	1	0
TCGA-29-1785	5	57554077	132801509	2	2
TCGA-29-1785	5	132804112	132964014	1	1
TCGA-29-1785	5	132968183	156319075	2	2
TCGA-29-1785	5	156319328	180790320	2	0
TCGA-29-1785	6	149661	11647994	2	2
TCGA-29-1785	6	11648113	11701294	1	1
TCGA-29-1785	6	11701795	24958507	2	2
TCGA-29-1785	6	24958727	24991118	1	1
TCGA-29-1785	6	24992226	111827579	2	2
TCGA-29-1785	6	111831068	112208753	4	2
TCGA-29-1785	6	112211033	115860429	2	2
TCGA-29-1785	6	115867572	171051005	2	0
TCGA-29-1785	7	43259	75050320	2	2
TCGA-29-1785	7	75058217	135893514	2	0
TCGA-29-1785	7	135896478	159127004	2	2
TCGA-29-1785	8	31254	19975342	4	2
TCGA-29-1785	8	19976816	27416801	2	2
TCGA-29-1785	8	27417024	27502943	4	2
TCGA-29-1785	8	27503560	49923603	2	2
TCGA-29-1785	8	49935303	49983570	1	0
TCGA-29-1785	8	49988984	90949880	2	2
TCGA-29-1785	8	90950040	103475991	4	2
TCGA-29-1785	8	103479420	146298155	7	2
TCGA-29-1785	9	46587	135553568	2	2
TCGA-29-1785	9	135556791	135585601	1	1
TCGA-29-1785	9	135587540	141091394	2	2
TCGA-29-1785	10	72759	35030817	4	2
TCGA-29-1785	10	35039469	72713889	2	2
TCGA-29-1785	10	72714280	102502317	2	0
TCGA-29-1785	10	102513277	114217478	2	2
TCGA-29-1785	10	114221596	114541101	1	0
TCGA-29-1785	10	114543493	116533956	2	2
TCGA-29-1785	10	116537164	116622221	5	2
TCGA-29-1785	10	116624373	123229842	2	2
TCGA-29-1785	10	123232752	135506704	4	2
TCGA-29-1785	11	198572	109761786	2	2
TCGA-29-1785	11	109763504	110214382	2	0
TCGA-29-1785	11	110214571	134105030	2	2
TCGA-29-1785	11	134107966	134944770	2	0
TCGA-29-1785	12	150442	133778189	2	2
TCGA-29-1785	13	19026949	19667271	2	0
TCGA-29-1785	13	19668059	115108397	4	0
TCGA-29-1785	14	19002124	59432570	2	2
TCGA-29-1785	14	59440853	101211415	2	0
TCGA-29-1785	14	101213397	106978607	2	1
TCGA-29-1785	14	106979490	107285437	3	2
TCGA-29-1785	15	20016328	72751683	2	2
TCGA-29-1785	15	72752157	80902266	4	2
TCGA-29-1785	15	80903676	81253395	6	2
TCGA-29-1785	15	81253569	102469040	2	2
TCGA-29-1785	16	60777	7742542	2	0
TCGA-29-1785	16	7743373	7796962	5	1
TCGA-29-1785	16	7797128	58533008	2	2
TCGA-29-1785	16	58533527	69482199	2	0
TCGA-29-1785	16	69483072	69821127	4	0
TCGA-29-1785	16	69822680	83063304	2	0
TCGA-29-1785	16	83064317	83090283	0	0
TCGA-29-1785	16	83090447	90287535	2	0
TCGA-29-1785	17	526	26149915	2	0
TCGA-29-1785	17	26154025	26266837	0	0
TCGA-29-1785	17	26267587	29597493	2	0
TCGA-29-1785	17	29601308	29704121	0	0
TCGA-29-1785	17	29708155	42932922	2	0
TCGA-29-1785	17	42934694	43197593	7	0
TCGA-29-1785	17	43199763	77283230	4	0
TCGA-29-1785	17	77285368	77296632	0	0
TCGA-29-1785	17	77297344	81049726	4	0
TCGA-29-1785	18	48133	815842	2	2
TCGA-29-1785	18	816858	885713	4	2
TCGA-29-1785	18	885732	49493262	2	2
TCGA-29-1785	18	49497902	49576004	1	1
TCGA-29-1785	18	49577459	76444608	2	2
TCGA-29-1785	18	76446504	78015057	2	0
TCGA-29-1785	19	90910	2414123	3	0
TCGA-29-1785	19	2416945	5766090	2	0
TCGA-29-1785	19	5769444	6231326	4	2
TCGA-29-1785	19	6231869	13834082	2	2
TCGA-29-1785	19	13834994	14147263	5	3
TCGA-29-1785	19	14147593	59097854	2	2
TCGA-29-1785	20	61305	10604875	4	2
TCGA-29-1785	20	10608318	30022129	2	2
TCGA-29-1785	20	30022925	30760459	4	2
TCGA-29-1785	20	30767395	32264575	7	2
TCGA-29-1785	20	32270230	34808270	4	2
TCGA-29-1785	20	34808803	62956153	2	2
TCGA-29-1785	21	10736871	48096957	2	1
TCGA-29-1785	22	16052528	51234455	2	0
TCGA-29-1785	X	168477	155233846	2	0
