sample	chr	startpos	endpos	nMajor	nMinor
TCGA-2G-AAH3	1	61735	237999596	2	1
TCGA-2G-AAH3	1	237999830	241242920	2	2
TCGA-2G-AAH3	1	241244358	249224388	2	1
TCGA-2G-AAH3	2	12784	243089456	2	1
TCGA-2G-AAH3	3	60345	197896118	1	1
TCGA-2G-AAH3	4	12281	191027923	1	1
TCGA-2G-AAH3	5	15532	180790320	2	0
TCGA-2G-AAH3	6	149661	171051005	2	1
TCGA-2G-AAH3	7	43259	34480004	2	1
TCGA-2G-AAH3	7	34481207	159127004	2	2
TCGA-2G-AAH3	8	31254	146298155	2	2
TCGA-2G-AAH3	9	46587	5114773	1	0
TCGA-2G-AAH3	9	5115779	141091394	2	1
TCGA-2G-AAH3	10	72759	135506704	1	1
TCGA-2G-AAH3	11	198572	134944770	2	0
TCGA-2G-AAH3	12	150442	86100090	2	2
TCGA-2G-AAH3	12	86101923	133778189	2	0
TCGA-2G-AAH3	13	19026949	115108397	2	1
TCGA-2G-AAH3	14	19002124	107285437	2	1
TCGA-2G-AAH3	15	20016328	102469040	2	1
TCGA-2G-AAH3	16	60777	90287535	1	1
TCGA-2G-AAH3	17	526	81049726	2	1
TCGA-2G-AAH3	18	48133	78015057	1	1
TCGA-2G-AAH3	19	90910	34340497	2	1
TCGA-2G-AAH3	19	34341075	46819776	3	1
TCGA-2G-AAH3	19	46822358	59097854	2	1
TCGA-2G-AAH3	20	61305	62956153	2	1
TCGA-2G-AAH3	21	10736871	48096957	2	1
TCGA-2G-AAH3	22	16052528	51234455	1	1
TCGA-2G-AAH3	X	168477	155233846	2	0
