sample	chr	startpos	endpos	nMajor	nMinor
TCGA-44-3398-d	1	61735	249224388	1	1
TCGA-44-3398-d	2	12784	243089456	1	1
TCGA-44-3398-d	3	60345	48396896	1	1
TCGA-44-3398-d	3	48397046	57990920	1	0
TCGA-44-3398-d	3	57997204	197896118	1	1
TCGA-44-3398-d	4	12281	171668915	1	1
TCGA-44-3398-d	4	171679860	191027923	1	0
TCGA-44-3398-d	5	15532	180790320	2	1
TCGA-44-3398-d	6	149661	171051005	1	1
TCGA-44-3398-d	7	43259	159127004	1	1
TCGA-44-3398-d	8	31254	146298155	1	1
TCGA-44-3398-d	9	46587	141091394	1	1
TCGA-44-3398-d	10	72759	107707781	1	0
TCGA-44-3398-d	10	107707828	135506704	1	1
TCGA-44-3398-d	11	198572	134944770	1	1
TCGA-44-3398-d	12	150442	133778189	1	1
TCGA-44-3398-d	13	19026949	115108397	1	1
TCGA-44-3398-d	14	19002124	65032278	2	1
TCGA-44-3398-d	14	65032561	107285437	1	1
TCGA-44-3398-d	15	20016328	102469040	1	1
TCGA-44-3398-d	16	60777	240961	2	0
TCGA-44-3398-d	16	241210	90287535	1	1
TCGA-44-3398-d	17	526	81049726	1	1
TCGA-44-3398-d	18	48133	78015057	1	1
TCGA-44-3398-d	19	90910	59097854	1	1
TCGA-44-3398-d	20	61305	62956153	1	1
TCGA-44-3398-d	21	10736871	48096957	1	1
TCGA-44-3398-d	22	16052528	36600758	1	1
TCGA-44-3398-d	22	36600841	51234455	2	1
TCGA-44-3398-d	X	168477	155233846	1	1
