sample	chr	startpos	endpos	nMajor	nMinor
TCGA-QG-A5Z1	1	61735	249224388	2	2
TCGA-QG-A5Z1	2	12784	243089456	2	2
TCGA-QG-A5Z1	3	60345	197896118	2	2
TCGA-QG-A5Z1	4	12281	191027923	2	2
TCGA-QG-A5Z1	5	15532	46246660	4	3
TCGA-QG-A5Z1	5	46251306	46271930	7	1
TCGA-QG-A5Z1	5	46272521	49441958	7	0
TCGA-QG-A5Z1	5	49447306	180790320	2	0
TCGA-QG-A5Z1	6	149661	31208610	2	2
TCGA-QG-A5Z1	6	31209045	34665718	4	2
TCGA-QG-A5Z1	6	34667625	171051005	2	2
TCGA-QG-A5Z1	7	43259	74482408	5	2
TCGA-QG-A5Z1	7	74483811	159127004	3	2
TCGA-QG-A5Z1	8	31254	23110784	2	0
TCGA-QG-A5Z1	8	23113719	33161342	3	3
TCGA-QG-A5Z1	8	33162400	33583627	2	2
TCGA-QG-A5Z1	8	33584661	49658172	4	3
TCGA-QG-A5Z1	8	49659169	50625404	2	2
TCGA-QG-A5Z1	8	50628068	51087091	4	3
TCGA-QG-A5Z1	8	51087152	51790456	3	2
TCGA-QG-A5Z1	8	51794097	77429473	4	2
TCGA-QG-A5Z1	8	77433134	77932985	2	2
TCGA-QG-A5Z1	8	77937704	78262083	2	0
TCGA-QG-A5Z1	8	78262382	84922692	2	2
TCGA-QG-A5Z1	8	84922756	114810353	5	2
TCGA-QG-A5Z1	8	114810366	116186022	3	2
TCGA-QG-A5Z1	8	116188151	140368608	5	2
TCGA-QG-A5Z1	8	140372101	146298155	3	3
TCGA-QG-A5Z1	9	46587	141091394	2	2
TCGA-QG-A5Z1	10	72759	135506704	2	2
TCGA-QG-A5Z1	11	198572	134944770	2	2
TCGA-QG-A5Z1	12	150442	14560979	3	2
TCGA-QG-A5Z1	12	14561394	57101638	2	2
TCGA-QG-A5Z1	12	57104818	112805261	2	1
TCGA-QG-A5Z1	12	112807070	133778189	2	2
TCGA-QG-A5Z1	13	19026949	29067171	12	3
TCGA-QG-A5Z1	13	29070573	48270839	6	3
TCGA-QG-A5Z1	13	48271131	53987354	4	4
TCGA-QG-A5Z1	13	53988129	54082277	2	0
TCGA-QG-A5Z1	13	54085055	55056430	4	4
TCGA-QG-A5Z1	13	55062828	67954733	2	0
TCGA-QG-A5Z1	13	67954859	73494401	4	3
TCGA-QG-A5Z1	13	73494599	74345360	14	3
TCGA-QG-A5Z1	13	74346793	75090656	9	3
TCGA-QG-A5Z1	13	75090802	78850176	4	3
TCGA-QG-A5Z1	13	78850211	82314815	10	3
TCGA-QG-A5Z1	13	82315374	83889166	4	4
TCGA-QG-A5Z1	13	83897982	115108397	2	0
TCGA-QG-A5Z1	14	19002124	107285437	2	2
TCGA-QG-A5Z1	15	20016328	66802913	4	0
TCGA-QG-A5Z1	15	66811418	67740404	0	0
TCGA-QG-A5Z1	15	67747457	102469040	4	0
TCGA-QG-A5Z1	16	60777	6438352	2	2
TCGA-QG-A5Z1	16	6438423	6682203	2	0
TCGA-QG-A5Z1	16	6683075	90287535	2	2
TCGA-QG-A5Z1	17	526	21516276	2	0
TCGA-QG-A5Z1	17	21519009	81049726	2	2
TCGA-QG-A5Z1	18	48133	78015057	2	0
TCGA-QG-A5Z1	19	90910	59097854	2	2
TCGA-QG-A5Z1	20	61305	7003070	4	0
TCGA-QG-A5Z1	20	7006365	20333418	2	0
TCGA-QG-A5Z1	20	20341110	22210231	2	2
TCGA-QG-A5Z1	20	22210614	25254688	3	3
TCGA-QG-A5Z1	20	25256266	35824145	6	2
TCGA-QG-A5Z1	20	35826414	42232826	3	3
TCGA-QG-A5Z1	20	42240730	48315377	6	2
TCGA-QG-A5Z1	20	48316878	49811296	9	2
TCGA-QG-A5Z1	20	49814060	51242286	7	2
TCGA-QG-A5Z1	20	51243014	51514621	3	3
TCGA-QG-A5Z1	20	51514872	60858512	7	2
TCGA-QG-A5Z1	20	60858831	62956153	8	2
TCGA-QG-A5Z1	21	10736871	48096957	2	2
TCGA-QG-A5Z1	22	16052528	20827455	2	2
TCGA-QG-A5Z1	22	20829825	22487463	4	2
TCGA-QG-A5Z1	22	22487603	23432323	2	2
TCGA-QG-A5Z1	22	23433020	24427878	2	0
TCGA-QG-A5Z1	22	24430116	27051299	2	2
TCGA-QG-A5Z1	22	27051338	27877298	4	2
TCGA-QG-A5Z1	22	27877988	32413637	2	2
TCGA-QG-A5Z1	22	32413778	36518872	2	0
TCGA-QG-A5Z1	22	36518961	38149764	2	2
TCGA-QG-A5Z1	22	38152929	40698838	2	0
TCGA-QG-A5Z1	22	40703888	51234455	2	2
TCGA-QG-A5Z1	X	168477	155233846	2	0
