sample	chr	startpos	endpos	nMajor	nMinor
TCGA-ED-A5KG	1	61735	249224388	1	1
TCGA-ED-A5KG	2	12784	108382934	1	1
TCGA-ED-A5KG	2	108386321	110002038	2	0
TCGA-ED-A5KG	2	110002922	243089456	1	1
TCGA-ED-A5KG	3	60345	106916230	1	1
TCGA-ED-A5KG	3	106920397	108609044	2	0
TCGA-ED-A5KG	3	108609187	120126736	1	1
TCGA-ED-A5KG	3	120127340	121987753	2	0
TCGA-ED-A5KG	3	121988120	197896118	1	1
TCGA-ED-A5KG	4	12281	157639873	1	1
TCGA-ED-A5KG	4	157641309	159780244	2	0
TCGA-ED-A5KG	4	159780493	191027923	1	1
TCGA-ED-A5KG	5	15532	56072069	1	1
TCGA-ED-A5KG	5	56081201	57231675	2	0
TCGA-ED-A5KG	5	57231934	180790320	1	1
TCGA-ED-A5KG	6	149661	56428531	1	1
TCGA-ED-A5KG	6	56435357	63420363	2	0
TCGA-ED-A5KG	6	63422005	171051005	1	1
TCGA-ED-A5KG	7	43259	78571195	1	1
TCGA-ED-A5KG	7	78571759	80353596	2	0
TCGA-ED-A5KG	7	80355210	159127004	1	1
TCGA-ED-A5KG	8	31254	130837062	1	1
TCGA-ED-A5KG	8	130839110	131442851	2	0
TCGA-ED-A5KG	8	131443517	146298155	1	1
TCGA-ED-A5KG	9	46587	76224504	1	1
TCGA-ED-A5KG	9	76225327	78149940	2	0
TCGA-ED-A5KG	9	78151228	141091394	1	1
TCGA-ED-A5KG	10	72759	112947731	1	1
TCGA-ED-A5KG	10	112948082	113560774	2	0
TCGA-ED-A5KG	10	113563273	135506704	1	1
TCGA-ED-A5KG	11	198572	134944770	1	1
TCGA-ED-A5KG	12	150442	133778189	1	1
TCGA-ED-A5KG	13	19026949	115108397	1	1
TCGA-ED-A5KG	14	19002124	22421494	1	1
TCGA-ED-A5KG	14	22421677	22999542	1	0
TCGA-ED-A5KG	14	22999558	107285437	1	1
TCGA-ED-A5KG	15	20016328	102469040	1	1
TCGA-ED-A5KG	16	60777	31859717	1	1
TCGA-ED-A5KG	16	31860399	48961952	2	0
TCGA-ED-A5KG	16	48963040	90287535	1	1
TCGA-ED-A5KG	17	526	81049726	1	1
TCGA-ED-A5KG	18	48133	78015057	1	1
TCGA-ED-A5KG	19	90910	59097854	1	1
TCGA-ED-A5KG	20	61305	62956153	1	1
TCGA-ED-A5KG	21	10736871	48096957	1	1
TCGA-ED-A5KG	22	16052528	51234455	1	1
TCGA-ED-A5KG	X	168477	56816022	1	1
TCGA-ED-A5KG	X	56816361	67626170	2	0
TCGA-ED-A5KG	X	67630672	73757997	1	1
TCGA-ED-A5KG	X	73758179	76353650	2	0
TCGA-ED-A5KG	X	76362292	109005759	1	1
TCGA-ED-A5KG	X	109006457	111523540	2	0
TCGA-ED-A5KG	X	111523643	155233846	1	1
