sample	chr	startpos	endpos	nMajor	nMinor
TCGA-CW-6090	1	61735	121482979	2	1
TCGA-CW-6090	1	144007049	249224388	4	1
TCGA-CW-6090	2	12784	176603842	2	2
TCGA-CW-6090	2	176604794	243089456	2	1
TCGA-CW-6090	3	60345	6691670	2	1
TCGA-CW-6090	3	6692593	71334477	2	0
TCGA-CW-6090	3	71335790	197896118	2	1
TCGA-CW-6090	4	12281	191027923	2	1
TCGA-CW-6090	5	15532	180790320	2	2
TCGA-CW-6090	6	149661	171051005	2	2
TCGA-CW-6090	7	43259	159127004	2	2
TCGA-CW-6090	8	31254	146298155	2	1
TCGA-CW-6090	9	46587	141091394	2	1
TCGA-CW-6090	10	72759	95203404	2	1
TCGA-CW-6090	10	95204580	135285337	2	2
TCGA-CW-6090	10	135287264	135506704	3	0
TCGA-CW-6090	11	198572	134944770	2	2
TCGA-CW-6090	12	150442	133778189	2	2
TCGA-CW-6090	13	19026949	115108397	2	1
TCGA-CW-6090	14	19002124	107285437	1	1
TCGA-CW-6090	15	20016328	102469040	2	2
TCGA-CW-6090	16	60777	6022768	2	2
TCGA-CW-6090	16	6023195	8859598	3	2
TCGA-CW-6090	16	8859761	90287535	2	2
TCGA-CW-6090	17	526	81049726	2	2
TCGA-CW-6090	18	48133	78015057	2	2
TCGA-CW-6090	19	90910	59097854	2	2
TCGA-CW-6090	20	61305	62956153	2	2
TCGA-CW-6090	21	10736871	14932059	3	1
TCGA-CW-6090	21	14932693	48096957	2	2
TCGA-CW-6090	22	16052528	51234455	2	2
TCGA-CW-6090	X	168477	2703633	2	2
TCGA-CW-6090	X	2703955	154929498	2	0
TCGA-CW-6090	X	154963439	154973412	4	2
TCGA-CW-6090	X	154977448	155233846	3	2
