sample	chr	startpos	endpos	nMajor	nMinor
TCGA-16-1055	1	61735	81968588	1	1
TCGA-16-1055	1	81969646	102112852	1	0
TCGA-16-1055	1	102112895	102307182	1	1
TCGA-16-1055	1	102308337	102351895	1	0
TCGA-16-1055	1	102354959	236263115	1	1
TCGA-16-1055	1	236264766	237286134	1	0
TCGA-16-1055	1	237295007	249224388	1	1
TCGA-16-1055	2	12784	243089456	1	1
TCGA-16-1055	3	60345	63298608	1	1
TCGA-16-1055	3	63298637	73944531	1	0
TCGA-16-1055	3	73949423	197896118	1	1
TCGA-16-1055	4	12281	191027923	1	1
TCGA-16-1055	5	15532	180790320	1	1
TCGA-16-1055	6	149661	171051005	1	1
TCGA-16-1055	7	43259	53285915	3	1
TCGA-16-1055	7	53285985	54219335	3	2
TCGA-16-1055	7	54219462	54417589	21	3
TCGA-16-1055	7	54418258	55367522	35	2
TCGA-16-1055	7	55372337	159127004	3	1
TCGA-16-1055	8	31254	146298155	1	1
TCGA-16-1055	9	46587	18446682	1	1
TCGA-16-1055	9	18446748	21121917	1	0
TCGA-16-1055	9	21122462	23078341	0	0
TCGA-16-1055	9	23078402	28257661	1	0
TCGA-16-1055	9	28257665	141091394	1	1
TCGA-16-1055	10	72759	39045864	1	0
TCGA-16-1055	10	39050890	47094644	1	1
TCGA-16-1055	10	47096230	48318619	1	0
TCGA-16-1055	10	48320402	51937979	1	1
TCGA-16-1055	10	51970630	135506704	1	0
TCGA-16-1055	11	198572	134944770	1	1
TCGA-16-1055	12	150442	7335398	1	1
TCGA-16-1055	12	7335768	30816143	1	0
TCGA-16-1055	12	30818556	133778189	1	1
TCGA-16-1055	13	19026949	30743900	1	1
TCGA-16-1055	13	30744080	76375317	1	0
TCGA-16-1055	13	76375547	78714934	2	0
TCGA-16-1055	13	78715400	115108397	1	1
TCGA-16-1055	14	19002124	107285437	1	1
TCGA-16-1055	15	20016328	102469040	1	1
TCGA-16-1055	16	60777	90287535	1	1
TCGA-16-1055	17	526	81049726	1	1
TCGA-16-1055	18	48133	78015057	1	1
TCGA-16-1055	19	90910	59097854	1	1
TCGA-16-1055	20	61305	62956153	1	1
TCGA-16-1055	21	10736871	25205997	1	0
TCGA-16-1055	21	25209072	48096957	1	1
TCGA-16-1055	22	16052528	51234455	1	1
TCGA-16-1055	X	168477	154929498	1	0
TCGA-16-1055	X	154963439	155233846	1	1
