sample	chr	startpos	endpos	nMajor	nMinor
TCGA-BR-8588	1	61735	121482979	1	1
TCGA-BR-8588	1	144007049	249224388	2	2
TCGA-BR-8588	2	12784	107964907	1	1
TCGA-BR-8588	2	107965191	147816283	2	0
TCGA-BR-8588	2	147816943	148664379	0	0
TCGA-BR-8588	2	148673390	243089456	2	0
TCGA-BR-8588	3	60345	59849088	2	0
TCGA-BR-8588	3	59849547	60041687	1	0
TCGA-BR-8588	3	60042183	60398156	2	0
TCGA-BR-8588	3	60398303	137747937	1	1
TCGA-BR-8588	3	137754318	197896118	2	1
TCGA-BR-8588	4	12281	160279362	1	1
TCGA-BR-8588	4	160282062	191027923	1	0
TCGA-BR-8588	5	15532	180790320	1	1
TCGA-BR-8588	6	149661	102310373	1	1
TCGA-BR-8588	6	102315028	171051005	2	0
TCGA-BR-8588	7	43259	159127004	1	1
TCGA-BR-8588	8	31254	56062921	1	1
TCGA-BR-8588	8	56063720	146298155	2	1
TCGA-BR-8588	9	46587	141091394	2	1
TCGA-BR-8588	10	72759	135506704	1	1
TCGA-BR-8588	11	198572	134944770	1	1
TCGA-BR-8588	12	150442	133778189	1	1
TCGA-BR-8588	13	19026949	115108397	2	2
TCGA-BR-8588	14	19002124	107285437	1	1
TCGA-BR-8588	15	20016328	25692551	1	1
TCGA-BR-8588	15	25692616	102469040	2	0
TCGA-BR-8588	16	60777	90287535	1	1
TCGA-BR-8588	17	526	26226278	1	1
TCGA-BR-8588	17	26230361	81049726	2	0
TCGA-BR-8588	18	48133	78015057	1	1
TCGA-BR-8588	19	90910	59097854	1	1
TCGA-BR-8588	20	61305	62956153	1	1
TCGA-BR-8588	21	10736871	48096957	1	1
TCGA-BR-8588	22	16052528	51234455	1	1
TCGA-BR-8588	X	168477	11312597	1	1
TCGA-BR-8588	X	11313027	155233846	2	1
