sample	chr	startpos	endpos	nMajor	nMinor
TCGA-P5-A5EW	1	61735	249224388	1	1
TCGA-P5-A5EW	2	12784	228400227	1	1
TCGA-P5-A5EW	2	228404847	243089456	1	0
TCGA-P5-A5EW	3	60345	197896118	1	1
TCGA-P5-A5EW	4	12281	191027923	1	1
TCGA-P5-A5EW	5	15532	180790320	1	1
TCGA-P5-A5EW	6	149661	171051005	1	1
TCGA-P5-A5EW	7	43259	159127004	1	1
TCGA-P5-A5EW	8	31254	146298155	1	1
TCGA-P5-A5EW	9	46587	141091394	1	1
TCGA-P5-A5EW	10	72759	135506704	1	1
TCGA-P5-A5EW	11	198572	134944770	1	1
TCGA-P5-A5EW	12	150442	79421897	1	1
TCGA-P5-A5EW	12	79423625	79642422	2	1
TCGA-P5-A5EW	12	79642791	133778189	1	1
TCGA-P5-A5EW	13	19026949	115108397	1	1
TCGA-P5-A5EW	14	19002124	22420837	1	1
TCGA-P5-A5EW	14	22421494	22978516	2	1
TCGA-P5-A5EW	14	22978577	107285437	1	1
TCGA-P5-A5EW	15	20016328	102469040	1	1
TCGA-P5-A5EW	16	60777	90287535	1	1
TCGA-P5-A5EW	17	526	9628574	2	0
TCGA-P5-A5EW	17	9630688	81049726	1	1
TCGA-P5-A5EW	18	48133	78015057	1	1
TCGA-P5-A5EW	19	90910	59097854	1	1
TCGA-P5-A5EW	20	61305	9241334	1	1
TCGA-P5-A5EW	20	9241761	26078211	1	0
TCGA-P5-A5EW	20	26079471	62956153	1	1
TCGA-P5-A5EW	21	10736871	48096957	1	1
TCGA-P5-A5EW	22	16052528	51234455	1	1
TCGA-P5-A5EW	X	168477	155233846	1	1
