sample	chr	startpos	endpos	nMajor	nMinor
TCGA-66-2777	1	61735	109266187	2	0
TCGA-66-2777	1	109266523	117654858	1	0
TCGA-66-2777	1	117656088	120286863	7	2
TCGA-66-2777	1	120287017	237280205	3	1
TCGA-66-2777	1	237280469	241254134	4	2
TCGA-66-2777	1	241254238	249224388	3	1
TCGA-66-2777	2	12784	84027749	4	2
TCGA-66-2777	2	84029581	134495807	2	2
TCGA-66-2777	2	134496047	163558854	2	1
TCGA-66-2777	2	163559192	168961473	2	2
TCGA-66-2777	2	168962077	230538061	2	1
TCGA-66-2777	2	230538100	243089456	1	1
TCGA-66-2777	3	60345	6282145	3	3
TCGA-66-2777	3	6283502	10377312	3	2
TCGA-66-2777	3	10377650	93548499	2	0
TCGA-66-2777	3	93551545	141154702	4	2
TCGA-66-2777	3	141157584	142431289	10	2
TCGA-66-2777	3	142435013	157799298	5	2
TCGA-66-2777	3	157800356	197896118	11	2
TCGA-66-2777	4	12281	53733058	2	0
TCGA-66-2777	4	53733606	78274908	3	0
TCGA-66-2777	4	78276559	127940013	2	0
TCGA-66-2777	4	127947813	191027923	1	0
TCGA-66-2777	5	15532	18459977	2	2
TCGA-66-2777	5	18460758	20054960	2	1
TCGA-66-2777	5	20055745	26650878	2	2
TCGA-66-2777	5	26653647	30745787	2	0
TCGA-66-2777	5	30746632	32820270	7	2
TCGA-66-2777	5	32821302	45931050	2	2
TCGA-66-2777	5	45939299	162717241	2	0
TCGA-66-2777	5	162721705	180790320	1	0
TCGA-66-2777	6	149661	57491547	2	2
TCGA-66-2777	6	57496076	171051005	2	1
TCGA-66-2777	7	43259	46038819	3	1
TCGA-66-2777	7	46043943	48866273	4	3
TCGA-66-2777	7	48866316	49524188	7	3
TCGA-66-2777	7	49524240	51756063	4	2
TCGA-66-2777	7	51758117	52213374	7	3
TCGA-66-2777	7	52213591	57914523	4	3
TCGA-66-2777	7	57919732	68753557	3	1
TCGA-66-2777	7	68755458	78023769	3	0
TCGA-66-2777	7	78024141	137386251	2	0
TCGA-66-2777	7	137387005	159127004	2	2
TCGA-66-2777	8	31254	2164581	1	0
TCGA-66-2777	8	2164712	22112186	3	0
TCGA-66-2777	8	22113565	37211458	2	0
TCGA-66-2777	8	37211584	41879961	3	0
TCGA-66-2777	8	41880569	88959170	2	0
TCGA-66-2777	8	88959736	146015797	2	2
TCGA-66-2777	8	146016230	146298155	5	2
TCGA-66-2777	9	46587	7403305	2	0
TCGA-66-2777	9	7405366	21787262	3	0
TCGA-66-2777	9	21787848	22380226	0	0
TCGA-66-2777	9	22380371	32889102	3	0
TCGA-66-2777	9	32889200	47217176	2	0
TCGA-66-2777	9	65616971	103088500	2	1
TCGA-66-2777	9	103088756	122945873	3	1
TCGA-66-2777	9	122946628	141091394	2	1
TCGA-66-2777	10	72759	42441972	2	0
TCGA-66-2777	10	42443238	110110436	2	2
TCGA-66-2777	10	110110545	135506704	2	1
TCGA-66-2777	11	198572	5345601	2	2
TCGA-66-2777	11	5345860	7022038	4	2
TCGA-66-2777	11	7023541	134944770	2	2
TCGA-66-2777	12	150442	34854498	2	2
TCGA-66-2777	12	37857751	110591351	2	1
TCGA-66-2777	12	110591385	121690044	2	2
TCGA-66-2777	12	121695522	126837365	2	1
TCGA-66-2777	12	126838977	133778189	2	2
TCGA-66-2777	13	19026949	115108397	2	0
TCGA-66-2777	14	19002124	49179793	2	0
TCGA-66-2777	14	49181723	107285437	3	0
TCGA-66-2777	15	20016328	102469040	2	2
TCGA-66-2777	16	60777	7615043	3	1
TCGA-66-2777	16	7619277	35283226	2	1
TCGA-66-2777	16	46463782	90287535	2	2
TCGA-66-2777	17	526	25310045	2	0
TCGA-66-2777	17	25311244	81049726	2	2
TCGA-66-2777	18	48133	4928710	3	2
TCGA-66-2777	18	4930841	22068086	2	2
TCGA-66-2777	18	22069043	41241364	3	2
TCGA-66-2777	18	41244833	78015057	2	2
TCGA-66-2777	19	90910	27747993	2	0
TCGA-66-2777	19	27751675	28349571	9	1
TCGA-66-2777	19	28349656	28976794	15	2
TCGA-66-2777	19	28980281	29730956	20	1
TCGA-66-2777	19	29731805	30346980	9	2
TCGA-66-2777	19	30346997	30924388	19	1
TCGA-66-2777	19	30925298	31179469	9	2
TCGA-66-2777	19	31180822	31269001	21	2
TCGA-66-2777	19	31271930	44060653	6	2
TCGA-66-2777	19	44061623	55833460	2	0
TCGA-66-2777	19	55844192	56395272	6	2
TCGA-66-2777	19	56400161	59097854	2	2
TCGA-66-2777	20	61305	62956153	2	2
TCGA-66-2777	21	10736871	48096957	2	0
TCGA-66-2777	22	16052528	51234455	4	2
TCGA-66-2777	X	168477	2703391	2	2
TCGA-66-2777	X	2703633	154846754	2	0
TCGA-66-2777	X	154847489	155233846	1	0
