sample	chr	startpos	endpos	nMajor	nMinor
TCGA-AB-3000	1	61735	115525595	1	1
TCGA-AB-3000	1	115526067	152801174	2	0
TCGA-AB-3000	1	152811183	178966334	1	1
TCGA-AB-3000	1	178967255	195125690	2	0
TCGA-AB-3000	1	195130211	249224388	1	1
TCGA-AB-3000	2	12784	243089456	1	1
TCGA-AB-3000	3	60345	1762176	2	1
TCGA-AB-3000	3	1762407	134965600	1	1
TCGA-AB-3000	3	134966185	166048720	2	0
TCGA-AB-3000	3	166049730	171507730	2	1
TCGA-AB-3000	3	171508389	197896118	1	1
TCGA-AB-3000	4	12281	191027923	1	1
TCGA-AB-3000	5	15532	180790320	1	1
TCGA-AB-3000	6	149661	171051005	1	1
TCGA-AB-3000	7	43259	159127004	1	1
TCGA-AB-3000	8	31254	146298155	1	1
TCGA-AB-3000	9	46587	141091394	1	1
TCGA-AB-3000	10	72759	135506704	1	1
TCGA-AB-3000	11	198572	134944770	1	1
TCGA-AB-3000	12	150442	131647498	1	1
TCGA-AB-3000	12	131650531	133778189	1	0
TCGA-AB-3000	13	19026949	115108397	1	1
TCGA-AB-3000	14	19002124	107285437	1	1
TCGA-AB-3000	15	20016328	102469040	1	1
TCGA-AB-3000	16	60777	90287535	1	1
TCGA-AB-3000	17	526	81049726	1	1
TCGA-AB-3000	18	48133	78015057	1	1
TCGA-AB-3000	19	90910	59097854	1	1
TCGA-AB-3000	20	61305	62956153	1	1
TCGA-AB-3000	21	10736871	48096957	1	1
TCGA-AB-3000	22	16052528	51234455	1	1
TCGA-AB-3000	X	168477	2694240	1	1
TCGA-AB-3000	X	2703391	154929498	1	0
TCGA-AB-3000	X	154963439	155233846	2	1
