sample	chr	startpos	endpos	nMajor	nMinor
TCGA-CQ-5334	1	61735	54665124	4	0
TCGA-CQ-5334	1	54668130	118018042	2	2
TCGA-CQ-5334	1	118022027	121482979	2	0
TCGA-CQ-5334	1	144007049	201884815	2	2
TCGA-CQ-5334	1	201884902	249224388	4	0
TCGA-CQ-5334	2	12784	133754746	2	2
TCGA-CQ-5334	2	133757204	133904829	2	0
TCGA-CQ-5334	2	133905107	212901129	2	2
TCGA-CQ-5334	2	212901747	213098546	1	0
TCGA-CQ-5334	2	213103721	243089456	2	2
TCGA-CQ-5334	3	60345	57997204	4	0
TCGA-CQ-5334	3	57998986	197896118	2	2
TCGA-CQ-5334	4	12281	180824349	2	2
TCGA-CQ-5334	4	180825770	191027923	4	0
TCGA-CQ-5334	5	15532	33583244	4	0
TCGA-CQ-5334	5	33585401	180790320	2	2
TCGA-CQ-5334	6	149661	30714479	6	0
TCGA-CQ-5334	6	30724430	171051005	3	3
TCGA-CQ-5334	7	43259	63534480	3	2
TCGA-CQ-5334	7	63536201	159127004	2	2
TCGA-CQ-5334	8	31254	32488806	2	0
TCGA-CQ-5334	8	32490907	66683410	2	2
TCGA-CQ-5334	8	66684223	146298155	3	3
TCGA-CQ-5334	9	46587	141091394	2	2
TCGA-CQ-5334	10	72759	135506704	2	2
TCGA-CQ-5334	11	198572	134944770	3	3
TCGA-CQ-5334	12	150442	133778189	2	2
TCGA-CQ-5334	13	19026949	115108397	2	2
TCGA-CQ-5334	14	19002124	107285437	3	3
TCGA-CQ-5334	15	20016328	102469040	2	2
TCGA-CQ-5334	16	60777	90287535	2	2
TCGA-CQ-5334	17	526	81049726	2	2
TCGA-CQ-5334	18	48133	78015057	2	2
TCGA-CQ-5334	19	90910	27965515	2	2
TCGA-CQ-5334	19	27998566	59097854	4	0
TCGA-CQ-5334	20	61305	62956153	2	2
TCGA-CQ-5334	21	10736871	48096957	2	2
TCGA-CQ-5334	22	16052528	51234455	2	2
TCGA-CQ-5334	X	168477	2693175	2	1
TCGA-CQ-5334	X	2693624	154484937	2	0
TCGA-CQ-5334	X	154487291	155233846	3	0
