sample	chr	startpos	endpos	nMajor	nMinor
TCGA-24-1544	1	61735	121482979	2	1
TCGA-24-1544	1	144007049	214292127	2	2
TCGA-24-1544	1	214293644	214854736	3	2
TCGA-24-1544	1	214855522	233236737	2	2
TCGA-24-1544	1	233241590	233466788	2	1
TCGA-24-1544	1	233467618	246830488	2	2
TCGA-24-1544	1	246837602	247039173	2	1
TCGA-24-1544	1	247042760	249224388	2	2
TCGA-24-1544	2	12784	13980446	2	2
TCGA-24-1544	2	13980757	14245722	2	1
TCGA-24-1544	2	14253659	236376253	2	2
TCGA-24-1544	2	236377559	243089456	2	1
TCGA-24-1544	3	60345	48240716	2	1
TCGA-24-1544	3	48242682	90273791	1	1
TCGA-24-1544	3	90279797	115788226	2	1
TCGA-24-1544	3	115789995	116408881	1	1
TCGA-24-1544	3	116409095	116573816	2	0
TCGA-24-1544	3	116574034	135879998	2	1
TCGA-24-1544	3	135883062	136084557	1	1
TCGA-24-1544	3	136087217	136366407	1	0
TCGA-24-1544	3	136373912	161520586	2	1
TCGA-24-1544	3	161520610	197896118	4	1
TCGA-24-1544	4	12281	1706463	3	3
TCGA-24-1544	4	1710255	5040204	3	2
TCGA-24-1544	4	5041305	23587996	3	1
TCGA-24-1544	4	23588462	42036850	3	0
TCGA-24-1544	4	42038149	42255632	3	1
TCGA-24-1544	4	42257241	43485665	3	0
TCGA-24-1544	4	43486122	45605741	3	1
TCGA-24-1544	4	45606241	46837838	3	0
TCGA-24-1544	4	46839368	55529270	3	1
TCGA-24-1544	4	55529300	55936768	1	1
TCGA-24-1544	4	55944300	56804661	3	1
TCGA-24-1544	4	56808312	58006651	1	1
TCGA-24-1544	4	58009256	58816810	4	1
TCGA-24-1544	4	58829546	119667504	1	1
TCGA-24-1544	4	119668170	120084595	1	0
TCGA-24-1544	4	120085448	191027923	1	1
TCGA-24-1544	5	15532	12406443	2	2
TCGA-24-1544	5	12406934	13368291	6	2
TCGA-24-1544	5	13371115	15017720	8	2
TCGA-24-1544	5	15019660	15797583	5	2
TCGA-24-1544	5	15797628	16248195	8	2
TCGA-24-1544	5	16256380	16465224	14	2
TCGA-24-1544	5	16467413	16843162	2	2
TCGA-24-1544	5	16846836	17160112	5	2
TCGA-24-1544	5	17160258	20795896	2	2
TCGA-24-1544	5	20803221	21834230	5	2
TCGA-24-1544	5	21837181	22051657	10	3
TCGA-24-1544	5	22055060	23473497	3	2
TCGA-24-1544	5	23473713	24579971	7	2
TCGA-24-1544	5	24580094	24594398	2	2
TCGA-24-1544	5	24596418	26753519	3	2
TCGA-24-1544	5	26753725	27695937	5	2
TCGA-24-1544	5	27696389	28162547	11	2
TCGA-24-1544	5	28165898	28711361	7	2
TCGA-24-1544	5	28712342	29320306	2	2
TCGA-24-1544	5	29320434	30028488	4	2
TCGA-24-1544	5	30028675	30858626	5	2
TCGA-24-1544	5	30858834	31763245	2	2
TCGA-24-1544	5	31765410	32916166	3	2
TCGA-24-1544	5	32917104	34266577	11	2
TCGA-24-1544	5	34266680	37414309	7	2
TCGA-24-1544	5	37414330	37882172	5	2
TCGA-24-1544	5	37882438	40733030	10	2
TCGA-24-1544	5	40733206	41165991	3	2
TCGA-24-1544	5	41167574	45025014	2	2
TCGA-24-1544	5	45029387	46019081	8	2
TCGA-24-1544	5	46035157	180790320	2	1
TCGA-24-1544	6	149661	171051005	2	1
TCGA-24-1544	7	43259	147521634	2	1
TCGA-24-1544	7	147521641	159127004	2	2
TCGA-24-1544	8	31254	10683016	2	0
TCGA-24-1544	8	10685575	35284371	1	0
TCGA-24-1544	8	35286093	37551406	1	1
TCGA-24-1544	8	37561347	39505740	7	1
TCGA-24-1544	8	39505826	40091713	4	4
TCGA-24-1544	8	40092073	47189146	4	2
TCGA-24-1544	8	47190621	53661720	5	1
TCGA-24-1544	8	53661836	54064519	5	5
TCGA-24-1544	8	54065232	54147206	6	3
TCGA-24-1544	8	54149389	56493156	6	6
TCGA-24-1544	8	56493580	61495697	8	5
TCGA-24-1544	8	61503608	87357178	5	0
TCGA-24-1544	8	87363950	98151078	2	0
TCGA-24-1544	8	98157621	146298155	3	0
TCGA-24-1544	9	46587	27733456	2	2
TCGA-24-1544	9	27733456	27921443	2	1
TCGA-24-1544	9	27924051	29101432	2	2
TCGA-24-1544	9	29105290	29399206	2	1
TCGA-24-1544	9	29399550	47217176	2	2
TCGA-24-1544	9	65616971	72871735	2	1
TCGA-24-1544	9	72877432	74318137	1	1
TCGA-24-1544	9	74321381	74950213	2	1
TCGA-24-1544	9	74950640	141091394	1	1
TCGA-24-1544	10	72759	39064000	3	1
TCGA-24-1544	10	39064052	118141435	1	1
TCGA-24-1544	10	118150059	135506704	2	1
TCGA-24-1544	11	198572	134944770	1	1
TCGA-24-1544	12	150442	43715890	2	2
TCGA-24-1544	12	43716240	44795427	3	2
TCGA-24-1544	12	44797676	70476105	2	2
TCGA-24-1544	12	70476585	70784638	2	1
TCGA-24-1544	12	70784693	133778189	2	2
TCGA-24-1544	13	19026949	115108397	2	0
TCGA-24-1544	14	19002124	72147833	2	0
TCGA-24-1544	14	72148047	72506619	3	0
TCGA-24-1544	14	72508577	74646599	2	0
TCGA-24-1544	14	74647418	107285437	3	0
TCGA-24-1544	15	20016328	102469040	1	1
TCGA-24-1544	16	60777	19527033	2	1
TCGA-24-1544	16	19536384	19738757	1	1
TCGA-24-1544	16	19739057	35283226	2	1
TCGA-24-1544	16	46463782	55564797	1	1
TCGA-24-1544	16	55564797	90287535	2	1
TCGA-24-1544	17	526	63106038	2	0
TCGA-24-1544	17	63106124	81049726	1	0
TCGA-24-1544	18	48133	10016088	2	0
TCGA-24-1544	18	10019430	10195625	2	2
TCGA-24-1544	18	10196930	13888394	2	0
TCGA-24-1544	18	13890199	15272498	2	1
TCGA-24-1544	18	15272850	35233949	2	0
TCGA-24-1544	18	35234040	37611497	1	0
TCGA-24-1544	18	37612640	66539728	2	0
TCGA-24-1544	18	66539830	77745125	2	1
TCGA-24-1544	18	77746623	78015057	2	0
TCGA-24-1544	19	90910	22840094	2	0
TCGA-24-1544	19	22840490	24507172	1	0
TCGA-24-1544	19	24521623	28375728	3	1
TCGA-24-1544	19	28380017	29396048	8	2
TCGA-24-1544	19	29396344	30342679	12	2
TCGA-24-1544	19	30343164	30768455	4	2
TCGA-24-1544	19	30768476	31491296	2	2
TCGA-24-1544	19	31492079	33470845	2	1
TCGA-24-1544	19	33475123	33680348	6	2
TCGA-24-1544	19	33680726	34626596	2	1
TCGA-24-1544	19	34626932	34965260	7	2
TCGA-24-1544	19	34965707	36142136	2	1
TCGA-24-1544	19	36147125	36686394	6	2
TCGA-24-1544	19	36689804	37453997	2	2
TCGA-24-1544	19	37455903	38587463	3	1
TCGA-24-1544	19	38588045	39475602	10	2
TCGA-24-1544	19	39476803	39768216	3	2
TCGA-24-1544	19	39768682	40123880	11	1
TCGA-24-1544	19	40127852	41402579	6	1
TCGA-24-1544	19	41403958	43424671	2	1
TCGA-24-1544	19	43425108	43623473	5	1
TCGA-24-1544	19	43623568	45147836	2	1
TCGA-24-1544	19	45147849	45359148	5	1
TCGA-24-1544	19	45365352	50116630	2	1
TCGA-24-1544	19	50117036	50638575	5	2
TCGA-24-1544	19	50648569	51353179	2	1
TCGA-24-1544	19	51355650	51652099	3	1
TCGA-24-1544	19	51657383	51898751	6	1
TCGA-24-1544	19	51899747	54378673	2	1
TCGA-24-1544	19	54381233	54831593	3	1
TCGA-24-1544	19	54831977	54995170	12	1
TCGA-24-1544	19	55000921	55492839	3	1
TCGA-24-1544	19	55494740	55810172	8	2
TCGA-24-1544	19	55818774	57877533	2	0
TCGA-24-1544	19	57884052	58881729	2	2
TCGA-24-1544	19	58883897	59097854	2	0
TCGA-24-1544	20	61305	29873957	2	2
TCGA-24-1544	20	29874664	57958163	3	2
TCGA-24-1544	20	57960578	59564091	5	2
TCGA-24-1544	20	59564812	62612398	4	2
TCGA-24-1544	20	62615489	62956153	2	2
TCGA-24-1544	21	10736871	48096957	2	1
TCGA-24-1544	22	16052528	51234455	2	0
TCGA-24-1544	X	168477	7319811	1	1
TCGA-24-1544	X	7321133	7399570	1	0
TCGA-24-1544	X	7400152	126259289	1	1
TCGA-24-1544	X	126267965	127049743	1	0
TCGA-24-1544	X	127050602	155233846	1	1
