sample	chr	startpos	endpos	nMajor	nMinor
TCGA-DU-5874	1	61735	144945737	1	0
TCGA-DU-5874	1	144946510	249224388	1	1
TCGA-DU-5874	2	12784	243089456	1	1
TCGA-DU-5874	3	60345	197896118	1	1
TCGA-DU-5874	4	12281	145886919	1	1
TCGA-DU-5874	4	145887781	191027923	1	0
TCGA-DU-5874	5	15532	180790320	1	1
TCGA-DU-5874	6	149661	171051005	1	1
TCGA-DU-5874	7	43259	131270784	1	1
TCGA-DU-5874	7	131271113	131409283	1	0
TCGA-DU-5874	7	131409332	159127004	1	1
TCGA-DU-5874	8	31254	146298155	1	1
TCGA-DU-5874	9	46587	141091394	1	1
TCGA-DU-5874	10	72759	135506704	1	1
TCGA-DU-5874	11	198572	81474449	1	1
TCGA-DU-5874	11	81478509	82661683	1	0
TCGA-DU-5874	11	82672700	134944770	1	1
TCGA-DU-5874	12	150442	75386708	1	1
TCGA-DU-5874	12	75391835	75500196	1	0
TCGA-DU-5874	12	75503133	133778189	1	1
TCGA-DU-5874	13	19026949	115108397	1	1
TCGA-DU-5874	14	19002124	22497261	1	1
TCGA-DU-5874	14	22499652	22971591	2	1
TCGA-DU-5874	14	22974256	107285437	1	1
TCGA-DU-5874	15	20016328	102469040	1	1
TCGA-DU-5874	16	60777	90287535	1	1
TCGA-DU-5874	17	526	81049726	1	1
TCGA-DU-5874	18	48133	78015057	1	1
TCGA-DU-5874	19	90910	27751675	1	1
TCGA-DU-5874	19	27762138	59097854	1	0
TCGA-DU-5874	20	61305	62956153	1	1
TCGA-DU-5874	21	10736871	48096957	1	1
TCGA-DU-5874	22	16052528	51234455	1	1
TCGA-DU-5874	X	168477	155233846	1	1
