sample	chr	startpos	endpos	nMajor	nMinor
TCGA-55-8508	1	61735	2449711	2	2
TCGA-55-8508	1	2450394	7927981	2	0
TCGA-55-8508	1	7928036	10357592	3	0
TCGA-55-8508	1	10358166	30318156	2	0
TCGA-55-8508	1	30318753	38452059	2	2
TCGA-55-8508	1	38453054	66420658	3	3
TCGA-55-8508	1	66421031	73941252	3	2
TCGA-55-8508	1	73945326	92287909	2	0
TCGA-55-8508	1	92287937	93345455	3	0
TCGA-55-8508	1	93346928	121482979	2	0
TCGA-55-8508	1	144007049	247968500	3	3
TCGA-55-8508	1	247971137	249224388	3	0
TCGA-55-8508	2	12784	17248573	4	0
TCGA-55-8508	2	17248573	63840296	3	0
TCGA-55-8508	2	63844917	65004765	2	0
TCGA-55-8508	2	65004901	68604602	4	0
TCGA-55-8508	2	68604774	91865355	3	0
TCGA-55-8508	2	91869346	168710943	2	0
TCGA-55-8508	2	168718562	243089456	3	0
TCGA-55-8508	3	60345	51446246	1	1
TCGA-55-8508	3	51447541	61109930	3	1
TCGA-55-8508	3	61114156	62728807	2	1
TCGA-55-8508	3	62729720	64880696	3	1
TCGA-55-8508	3	64881370	67119690	2	1
TCGA-55-8508	3	67122444	75387555	4	1
TCGA-55-8508	3	75391549	172697476	2	1
TCGA-55-8508	3	172700161	175301735	3	2
TCGA-55-8508	3	175302227	178447940	2	2
TCGA-55-8508	3	178449734	193023426	2	0
TCGA-55-8508	3	193025439	197896118	1	0
TCGA-55-8508	4	12281	57825110	2	1
TCGA-55-8508	4	57825140	61990725	1	1
TCGA-55-8508	4	61995002	62965346	2	1
TCGA-55-8508	4	62968805	134975009	1	1
TCGA-55-8508	4	134975099	138344619	2	1
TCGA-55-8508	4	138345307	174605978	1	1
TCGA-55-8508	4	174606701	191027923	2	1
TCGA-55-8508	5	15532	167289138	3	1
TCGA-55-8508	5	167289935	180790320	2	2
TCGA-55-8508	6	149661	16525315	2	1
TCGA-55-8508	6	16526146	24497692	3	1
TCGA-55-8508	6	24499551	62266608	2	1
TCGA-55-8508	6	62267861	171051005	1	1
TCGA-55-8508	7	43259	40324841	3	1
TCGA-55-8508	7	40328843	55696719	2	1
TCGA-55-8508	7	55698752	75481884	2	2
TCGA-55-8508	7	75487582	96915660	2	1
TCGA-55-8508	7	96920298	159127004	2	2
TCGA-55-8508	8	31254	146298155	2	1
TCGA-55-8508	9	46587	47217176	2	1
TCGA-55-8508	9	65616971	141091394	1	1
TCGA-55-8508	10	72759	11674966	2	1
TCGA-55-8508	10	11682355	17771784	2	2
TCGA-55-8508	10	17771797	19039156	3	0
TCGA-55-8508	10	19042162	42621181	2	2
TCGA-55-8508	10	42623158	55893229	2	0
TCGA-55-8508	10	55893289	56401749	2	2
TCGA-55-8508	10	56403399	135506704	2	0
TCGA-55-8508	11	198572	134944770	2	1
TCGA-55-8508	12	150442	72640580	2	2
TCGA-55-8508	12	72641369	121263773	2	0
TCGA-55-8508	12	121266453	124336619	3	0
TCGA-55-8508	12	124336804	133778189	2	0
TCGA-55-8508	13	19026949	62734268	2	0
TCGA-55-8508	13	62737367	115108397	2	2
TCGA-55-8508	14	19002124	22385706	3	0
TCGA-55-8508	14	22385771	22947903	4	1
TCGA-55-8508	14	22950491	98164107	3	0
TCGA-55-8508	14	98166585	107285437	2	0
TCGA-55-8508	15	20016328	94541428	2	0
TCGA-55-8508	15	94541739	94746416	5	0
TCGA-55-8508	15	94748653	102469040	2	0
TCGA-55-8508	16	60777	79128045	2	2
TCGA-55-8508	16	79129690	90287535	2	1
TCGA-55-8508	17	526	31362007	2	2
TCGA-55-8508	17	31365006	33433932	2	1
TCGA-55-8508	17	33434133	81049726	2	2
TCGA-55-8508	18	48133	31192554	3	2
TCGA-55-8508	18	31194815	78015057	2	2
TCGA-55-8508	19	90910	19127569	3	0
TCGA-55-8508	19	19131322	21954204	2	0
TCGA-55-8508	19	21955948	23908790	3	2
TCGA-55-8508	19	23909044	28327042	3	0
TCGA-55-8508	19	28327072	59097854	2	2
TCGA-55-8508	20	61305	62956153	2	2
TCGA-55-8508	21	10736871	48096957	1	1
TCGA-55-8508	22	16052528	51234455	2	0
TCGA-55-8508	X	168477	3145565	3	0
TCGA-55-8508	X	3146551	145255283	2	0
TCGA-55-8508	X	145255622	147078272	1	0
TCGA-55-8508	X	147084746	155233846	2	0
