sample	chr	startpos	endpos	nMajor	nMinor
TCGA-EB-A51B	1	61735	67428426	2	2
TCGA-EB-A51B	1	67430103	68400358	2	1
TCGA-EB-A51B	1	68400546	75460333	2	2
TCGA-EB-A51B	1	75460464	104307696	2	1
TCGA-EB-A51B	1	104308111	108655473	3	2
TCGA-EB-A51B	1	108655528	120310384	2	2
TCGA-EB-A51B	1	120310771	121482979	3	1
TCGA-EB-A51B	1	144007049	157594089	2	2
TCGA-EB-A51B	1	157595392	158014071	3	1
TCGA-EB-A51B	1	158015727	249224388	2	2
TCGA-EB-A51B	2	12784	243089456	2	1
TCGA-EB-A51B	3	60345	90485962	2	2
TCGA-EB-A51B	3	90502862	93588564	1	1
TCGA-EB-A51B	3	93588913	93594374	3	0
TCGA-EB-A51B	3	93597667	197896118	2	0
TCGA-EB-A51B	4	12281	9633410	2	2
TCGA-EB-A51B	4	9633990	10514779	3	1
TCGA-EB-A51B	4	10515028	191027923	2	2
TCGA-EB-A51B	5	15532	180790320	2	1
TCGA-EB-A51B	6	149661	142601646	2	2
TCGA-EB-A51B	6	142612481	143588399	2	0
TCGA-EB-A51B	6	143588803	170742076	2	2
TCGA-EB-A51B	6	170743521	171051005	3	1
TCGA-EB-A51B	7	43259	159127004	2	2
TCGA-EB-A51B	8	31254	146298155	2	2
TCGA-EB-A51B	9	46587	47217176	2	0
TCGA-EB-A51B	9	65616971	141091394	2	2
TCGA-EB-A51B	10	72759	78379998	2	1
TCGA-EB-A51B	10	78380674	135506704	2	0
TCGA-EB-A51B	11	198572	134944770	2	1
TCGA-EB-A51B	12	150442	450323	6	1
TCGA-EB-A51B	12	458215	12031894	5	2
TCGA-EB-A51B	12	12033536	57651254	2	1
TCGA-EB-A51B	12	57656705	58843985	3	0
TCGA-EB-A51B	12	58844155	133778189	2	1
TCGA-EB-A51B	13	19026949	115108397	3	2
TCGA-EB-A51B	14	19002124	107285437	2	1
TCGA-EB-A51B	15	20016328	71940311	3	2
TCGA-EB-A51B	15	71940387	73383004	5	1
TCGA-EB-A51B	15	73383247	85433955	3	2
TCGA-EB-A51B	15	85434560	86341282	4	1
TCGA-EB-A51B	15	86341632	88552136	3	3
TCGA-EB-A51B	15	88554552	102469040	2	0
TCGA-EB-A51B	16	60777	35283226	2	2
TCGA-EB-A51B	16	46463782	47781531	3	1
TCGA-EB-A51B	16	47781974	90287535	2	2
TCGA-EB-A51B	17	526	81049726	2	2
TCGA-EB-A51B	18	48133	78015057	2	1
TCGA-EB-A51B	19	90910	59097854	2	2
TCGA-EB-A51B	20	61305	31589773	2	2
TCGA-EB-A51B	20	31590745	31900775	5	1
TCGA-EB-A51B	20	31904672	62956153	4	2
TCGA-EB-A51B	21	10736871	48096957	3	0
TCGA-EB-A51B	22	16052528	38595240	2	0
TCGA-EB-A51B	22	38605377	51234455	2	1
TCGA-EB-A51B	X	168477	155233846	2	0
