sample	chr	startpos	endpos	nMajor	nMinor
TCGA-A8-A07B	1	61735	121482979	2	1
TCGA-A8-A07B	1	144007049	161746678	3	1
TCGA-A8-A07B	1	161748056	162002929	3	0
TCGA-A8-A07B	1	162003746	171833688	3	1
TCGA-A8-A07B	1	171835317	232233002	3	2
TCGA-A8-A07B	1	232235281	232709708	2	2
TCGA-A8-A07B	1	232710264	246563522	3	2
TCGA-A8-A07B	1	246564462	249224388	3	1
TCGA-A8-A07B	2	12784	9513139	2	2
TCGA-A8-A07B	2	9513850	25237438	2	0
TCGA-A8-A07B	2	25237499	31841013	2	1
TCGA-A8-A07B	2	31842311	34029827	2	0
TCGA-A8-A07B	2	34035466	35909573	2	2
TCGA-A8-A07B	2	35925531	47714677	2	0
TCGA-A8-A07B	2	47720420	49161556	2	1
TCGA-A8-A07B	2	49166478	58079509	2	0
TCGA-A8-A07B	2	58079843	64198873	2	1
TCGA-A8-A07B	2	64211132	65448484	2	0
TCGA-A8-A07B	2	65454120	235277053	2	1
TCGA-A8-A07B	2	235277710	236563325	2	2
TCGA-A8-A07B	2	236566425	243089456	2	1
TCGA-A8-A07B	3	60345	197896118	2	2
TCGA-A8-A07B	4	12281	55664015	2	1
TCGA-A8-A07B	4	55668740	58192851	2	2
TCGA-A8-A07B	4	58193388	58959856	3	2
TCGA-A8-A07B	4	58959912	60943264	4	2
TCGA-A8-A07B	4	60946735	63290381	2	1
TCGA-A8-A07B	4	63298427	63356600	6	0
TCGA-A8-A07B	4	63361327	64174672	4	2
TCGA-A8-A07B	4	64174876	173980779	2	1
TCGA-A8-A07B	4	173982958	191027923	1	1
TCGA-A8-A07B	5	15532	180790320	2	2
TCGA-A8-A07B	6	149661	47707614	2	2
TCGA-A8-A07B	6	47708431	49960182	2	0
TCGA-A8-A07B	6	49960366	61994504	2	2
TCGA-A8-A07B	6	61995411	103801562	2	1
TCGA-A8-A07B	6	103803761	171051005	2	2
TCGA-A8-A07B	7	43259	41646268	2	0
TCGA-A8-A07B	7	41652363	42077666	8	2
TCGA-A8-A07B	7	42077746	42163157	12	3
TCGA-A8-A07B	7	42163542	48622136	4	2
TCGA-A8-A07B	7	48622802	159127004	2	2
TCGA-A8-A07B	8	31254	41746303	2	0
TCGA-A8-A07B	8	41747372	41951085	5	2
TCGA-A8-A07B	8	41951881	42468930	10	2
TCGA-A8-A07B	8	42474005	42991695	9	4
TCGA-A8-A07B	8	42998553	46912314	3	0
TCGA-A8-A07B	8	46919273	51597844	6	2
TCGA-A8-A07B	8	51600061	53358614	2	2
TCGA-A8-A07B	8	53364649	53492873	3	1
TCGA-A8-A07B	8	53503829	56640048	6	3
TCGA-A8-A07B	8	56641223	59623189	10	2
TCGA-A8-A07B	8	59626056	71005083	21	2
TCGA-A8-A07B	8	71005097	74195456	12	2
TCGA-A8-A07B	8	74204415	77546880	24	2
TCGA-A8-A07B	8	77549966	82849371	11	2
TCGA-A8-A07B	8	82849452	88480013	13	2
TCGA-A8-A07B	8	88480824	146298155	11	2
TCGA-A8-A07B	9	46587	86409738	2	2
TCGA-A8-A07B	9	86410882	88073247	2	0
TCGA-A8-A07B	9	88080750	107658910	2	1
TCGA-A8-A07B	9	107661122	117360460	2	0
TCGA-A8-A07B	9	117360729	118408770	2	1
TCGA-A8-A07B	9	118409548	119100886	2	0
TCGA-A8-A07B	9	119103247	123147645	2	2
TCGA-A8-A07B	9	123148937	123816062	2	0
TCGA-A8-A07B	9	123823635	132317799	2	1
TCGA-A8-A07B	9	132319215	133009180	2	0
TCGA-A8-A07B	9	133013233	133932057	2	1
TCGA-A8-A07B	9	133932240	138525778	2	0
TCGA-A8-A07B	9	138526418	141091394	2	1
TCGA-A8-A07B	10	72759	3138009	2	1
TCGA-A8-A07B	10	3138265	6782556	5	2
TCGA-A8-A07B	10	6784000	23310313	6	2
TCGA-A8-A07B	10	23315045	28326775	5	2
TCGA-A8-A07B	10	28326877	30558712	6	2
TCGA-A8-A07B	10	30559414	33440780	3	2
TCGA-A8-A07B	10	33441017	42433540	2	1
TCGA-A8-A07B	10	42433752	135506704	2	2
TCGA-A8-A07B	11	198572	50472171	2	2
TCGA-A8-A07B	11	50472896	55683944	3	2
TCGA-A8-A07B	11	55683985	56221406	15	2
TCGA-A8-A07B	11	56228448	57815862	2	2
TCGA-A8-A07B	11	57822580	58456410	2	0
TCGA-A8-A07B	11	58457495	59205053	14	2
TCGA-A8-A07B	11	59215209	60141859	4	2
TCGA-A8-A07B	11	60145822	60283923	19	2
TCGA-A8-A07B	11	60290095	61157904	4	2
TCGA-A8-A07B	11	61165280	61409146	8	4
TCGA-A8-A07B	11	61411067	67678460	2	0
TCGA-A8-A07B	11	67684583	67922049	3	1
TCGA-A8-A07B	11	67922668	69198289	2	0
TCGA-A8-A07B	11	69198708	70251812	13	2
TCGA-A8-A07B	11	70255375	70299949	3	0
TCGA-A8-A07B	11	70301331	72263910	2	0
TCGA-A8-A07B	11	72267489	72392120	6	2
TCGA-A8-A07B	11	72392641	74553921	26	1
TCGA-A8-A07B	11	74554033	75223283	14	2
TCGA-A8-A07B	11	75227447	76128293	4	2
TCGA-A8-A07B	11	76130339	78606939	11	2
TCGA-A8-A07B	11	78607644	79246329	4	2
TCGA-A8-A07B	11	79250114	79269997	8	0
TCGA-A8-A07B	11	79272838	79947120	12	2
TCGA-A8-A07B	11	79948040	134944770	2	0
TCGA-A8-A07B	12	150442	123445596	2	2
TCGA-A8-A07B	12	123447326	123718879	2	1
TCGA-A8-A07B	12	123719444	133778189	2	2
TCGA-A8-A07B	13	19026949	115108397	2	0
TCGA-A8-A07B	14	19002124	22424545	2	2
TCGA-A8-A07B	14	22427926	22959937	3	3
TCGA-A8-A07B	14	22959974	107285437	2	2
TCGA-A8-A07B	15	20016328	102469040	2	1
TCGA-A8-A07B	16	60777	34739258	2	0
TCGA-A8-A07B	16	34739571	35283226	4	1
TCGA-A8-A07B	16	46463782	86119950	2	0
TCGA-A8-A07B	16	86120025	86221269	4	2
TCGA-A8-A07B	16	86225082	86280250	2	0
TCGA-A8-A07B	16	86280891	87369578	4	2
TCGA-A8-A07B	16	87374212	90287535	2	0
TCGA-A8-A07B	17	526	2944661	2	0
TCGA-A8-A07B	17	2949048	5787582	4	2
TCGA-A8-A07B	17	5795753	5893473	2	0
TCGA-A8-A07B	17	5895643	6252040	4	2
TCGA-A8-A07B	17	6252884	7718495	2	0
TCGA-A8-A07B	17	7718566	10788306	4	2
TCGA-A8-A07B	17	10789111	21793179	2	0
TCGA-A8-A07B	17	21793897	25325889	1	1
TCGA-A8-A07B	17	25326960	26806870	2	1
TCGA-A8-A07B	17	26807734	27144608	8	0
TCGA-A8-A07B	17	27148617	29327128	2	0
TCGA-A8-A07B	17	29333516	29818974	5	2
TCGA-A8-A07B	17	29824011	35830518	2	0
TCGA-A8-A07B	17	35834973	37362533	3	2
TCGA-A8-A07B	17	37364993	37391923	5	1
TCGA-A8-A07B	17	37393173	37399340	4	0
TCGA-A8-A07B	17	37401051	37640730	17	0
TCGA-A8-A07B	17	37643780	37766439	2	0
TCGA-A8-A07B	17	37779521	38388872	16	3
TCGA-A8-A07B	17	38391009	38810272	2	1
TCGA-A8-A07B	17	38810842	39701347	2	0
TCGA-A8-A07B	17	39703995	39842758	5	1
TCGA-A8-A07B	17	39843245	41418287	2	0
TCGA-A8-A07B	17	41418334	41752937	4	2
TCGA-A8-A07B	17	41754456	41927284	13	1
TCGA-A8-A07B	17	41929497	42398052	2	0
TCGA-A8-A07B	17	42400480	43183028	4	2
TCGA-A8-A07B	17	43183420	43657243	2	0
TCGA-A8-A07B	17	43657921	44148743	5	2
TCGA-A8-A07B	17	44150787	44351929	2	0
TCGA-A8-A07B	17	44352872	48298966	10	2
TCGA-A8-A07B	17	48305968	51448225	2	2
TCGA-A8-A07B	17	51453691	51697350	13	3
TCGA-A8-A07B	17	51703484	52572332	6	2
TCGA-A8-A07B	17	52576842	54166519	3	2
TCGA-A8-A07B	17	54166677	56406913	4	2
TCGA-A8-A07B	17	56408179	78952387	3	2
TCGA-A8-A07B	17	78962881	80070333	8	2
TCGA-A8-A07B	17	80071049	81049726	3	2
TCGA-A8-A07B	18	48133	78015057	2	2
TCGA-A8-A07B	19	90910	24507124	2	2
TCGA-A8-A07B	19	24507134	46677397	4	2
TCGA-A8-A07B	19	46679411	58597405	6	2
TCGA-A8-A07B	19	58601221	58733379	14	2
TCGA-A8-A07B	19	58734330	59097854	2	1
TCGA-A8-A07B	20	61305	4260610	3	2
TCGA-A8-A07B	20	4262426	4416791	2	1
TCGA-A8-A07B	20	4418157	23659840	2	2
TCGA-A8-A07B	20	23661385	24160549	4	2
TCGA-A8-A07B	20	24162776	30882477	2	2
TCGA-A8-A07B	20	30882796	32298800	2	1
TCGA-A8-A07B	20	32298931	34001250	5	2
TCGA-A8-A07B	20	34003430	34078787	4	2
TCGA-A8-A07B	20	34079237	62956153	2	1
TCGA-A8-A07B	21	10736871	48096957	2	2
TCGA-A8-A07B	22	16052528	24079593	2	2
TCGA-A8-A07B	22	24080163	24605185	4	2
TCGA-A8-A07B	22	24608924	26343061	2	2
TCGA-A8-A07B	22	26344024	26722050	2	1
TCGA-A8-A07B	22	26722146	27171638	2	2
TCGA-A8-A07B	22	27172005	27430078	2	1
TCGA-A8-A07B	22	27430158	27530422	2	2
TCGA-A8-A07B	22	27532926	28847975	4	2
TCGA-A8-A07B	22	28859067	29601204	2	1
TCGA-A8-A07B	22	29603796	30113960	2	0
TCGA-A8-A07B	22	30128394	31485346	2	2
TCGA-A8-A07B	22	31491295	32675800	2	0
TCGA-A8-A07B	22	32676796	33092669	2	1
TCGA-A8-A07B	22	33093273	39287119	2	0
TCGA-A8-A07B	22	39287159	40604273	2	2
TCGA-A8-A07B	22	40604965	42009620	4	2
TCGA-A8-A07B	22	42012079	42043717	2	0
TCGA-A8-A07B	22	42053131	42065688	1	0
TCGA-A8-A07B	22	42068730	43256778	2	0
TCGA-A8-A07B	22	43259953	46643774	4	2
TCGA-A8-A07B	22	46650308	51234455	2	0
TCGA-A8-A07B	X	168477	21869983	2	2
TCGA-A8-A07B	X	21870044	24307550	2	1
TCGA-A8-A07B	X	24310156	87913709	2	2
TCGA-A8-A07B	X	87913958	133544129	2	1
TCGA-A8-A07B	X	133544625	155233846	2	2
