sample	chr	startpos	endpos	nMajor	nMinor
TCGA-BR-4255	1	61735	7797171	2	1
TCGA-BR-4255	1	7797734	10352961	1	0
TCGA-BR-4255	1	10353112	80582021	2	1
TCGA-BR-4255	1	80582690	83302222	1	1
TCGA-BR-4255	1	83302326	94931709	2	1
TCGA-BR-4255	1	94933789	95904623	1	0
TCGA-BR-4255	1	95905563	121482979	2	1
TCGA-BR-4255	1	144007049	249224388	2	2
TCGA-BR-4255	2	12784	243089456	2	1
TCGA-BR-4255	3	60345	138053941	1	1
TCGA-BR-4255	3	138054219	197896118	4	0
TCGA-BR-4255	4	12281	45402686	2	0
TCGA-BR-4255	4	45406654	191027923	2	1
TCGA-BR-4255	5	15532	180790320	3	0
TCGA-BR-4255	6	149661	126446699	3	0
TCGA-BR-4255	6	126447050	171051005	2	2
TCGA-BR-4255	7	43259	10796145	2	1
TCGA-BR-4255	7	10798418	89362531	1	1
TCGA-BR-4255	7	89363018	90284548	3	2
TCGA-BR-4255	7	90284958	93913927	2	1
TCGA-BR-4255	7	93916351	100895480	6	2
TCGA-BR-4255	7	100897812	102799865	4	3
TCGA-BR-4255	7	102807116	159127004	1	1
TCGA-BR-4255	8	31254	2540039	2	1
TCGA-BR-4255	8	2540711	3098189	25	2
TCGA-BR-4255	8	3101230	6540241	2	1
TCGA-BR-4255	8	6543546	6554249	21	20
TCGA-BR-4255	8	6554615	6644113	52	1
TCGA-BR-4255	8	6644332	6788480	29	0
TCGA-BR-4255	8	6789200	7255110	2	2
TCGA-BR-4255	8	7267365	7787962	20	0
TCGA-BR-4255	8	7798758	8829123	2	1
TCGA-BR-4255	8	8831662	8986613	59	1
TCGA-BR-4255	8	8986994	9271052	31	2
TCGA-BR-4255	8	9271444	10315263	2	1
TCGA-BR-4255	8	10315320	10615949	22	2
TCGA-BR-4255	8	10616169	11182148	2	1
TCGA-BR-4255	8	11182183	11691939	51	0
TCGA-BR-4255	8	11692638	11786457	24	3
TCGA-BR-4255	8	11788249	11830877	6	5
TCGA-BR-4255	8	11832263	51461010	2	1
TCGA-BR-4255	8	51462163	146298155	4	1
TCGA-BR-4255	9	46587	141091394	1	1
TCGA-BR-4255	10	72759	4243998	3	0
TCGA-BR-4255	10	4244014	28431047	2	0
TCGA-BR-4255	10	28431349	31868870	3	2
TCGA-BR-4255	10	31869085	135506704	2	2
TCGA-BR-4255	11	198572	134944770	2	1
TCGA-BR-4255	12	150442	25334354	1	1
TCGA-BR-4255	12	25337292	26383058	44	0
TCGA-BR-4255	12	26387480	26792391	14	0
TCGA-BR-4255	12	26793755	30396544	5	0
TCGA-BR-4255	12	30396571	30543696	6	0
TCGA-BR-4255	12	30548092	132659143	3	0
TCGA-BR-4255	12	132659167	133778189	1	1
TCGA-BR-4255	13	19026949	115108397	1	1
TCGA-BR-4255	14	19002124	107285437	1	1
TCGA-BR-4255	15	20016328	102469040	3	0
TCGA-BR-4255	16	60777	90287535	1	1
TCGA-BR-4255	17	526	15825096	3	0
TCGA-BR-4255	17	15825549	18275621	2	2
TCGA-BR-4255	17	18275674	81049726	3	0
TCGA-BR-4255	18	48133	78015057	1	1
TCGA-BR-4255	19	90910	59097854	3	0
TCGA-BR-4255	20	61305	62956153	2	2
TCGA-BR-4255	21	10736871	48096957	1	1
TCGA-BR-4255	22	16052528	51234455	1	1
TCGA-BR-4255	X	168477	55203484	1	0
TCGA-BR-4255	X	55206008	155233846	1	1
