sample	chr	startpos	endpos	nMajor	nMinor
TCGA-N6-A4VE	1	61735	17177965	2	0
TCGA-N6-A4VE	1	17182437	28213234	2	1
TCGA-N6-A4VE	1	28216191	29162465	5	1
TCGA-N6-A4VE	1	29162568	94550073	2	1
TCGA-N6-A4VE	1	94550555	95287080	5	1
TCGA-N6-A4VE	1	95287687	121482979	2	1
TCGA-N6-A4VE	1	144007049	155458593	3	1
TCGA-N6-A4VE	1	155460914	156447389	3	2
TCGA-N6-A4VE	1	156447941	249224388	3	1
TCGA-N6-A4VE	2	12784	3183794	3	2
TCGA-N6-A4VE	2	3187794	3318612	2	0
TCGA-N6-A4VE	2	3321732	3467137	1	1
TCGA-N6-A4VE	2	3468195	14332148	3	2
TCGA-N6-A4VE	2	14332527	58004467	2	2
TCGA-N6-A4VE	2	58004989	58173123	1	0
TCGA-N6-A4VE	2	58176320	70015181	2	1
TCGA-N6-A4VE	2	70017022	71003968	3	2
TCGA-N6-A4VE	2	71005101	80078335	2	2
TCGA-N6-A4VE	2	80081182	80301680	1	0
TCGA-N6-A4VE	2	80305702	120048773	2	2
TCGA-N6-A4VE	2	120049842	120961021	3	2
TCGA-N6-A4VE	2	120965714	153242179	2	2
TCGA-N6-A4VE	2	153246044	153449322	2	1
TCGA-N6-A4VE	2	153449743	173861340	2	2
TCGA-N6-A4VE	2	173863823	174605633	4	2
TCGA-N6-A4VE	2	174605746	213134425	2	2
TCGA-N6-A4VE	2	213138251	213162168	2	0
TCGA-N6-A4VE	2	213162300	213165227	1	1
TCGA-N6-A4VE	2	213165461	243089456	2	2
TCGA-N6-A4VE	3	60345	1215013	3	0
TCGA-N6-A4VE	3	1215717	50190097	4	0
TCGA-N6-A4VE	3	50196418	50443340	6	0
TCGA-N6-A4VE	3	50444791	50670078	7	0
TCGA-N6-A4VE	3	50677141	66446162	2	0
TCGA-N6-A4VE	3	66446820	67162104	6	0
TCGA-N6-A4VE	3	67162932	67384383	4	0
TCGA-N6-A4VE	3	67384579	89313541	2	0
TCGA-N6-A4VE	3	89315893	98565636	2	2
TCGA-N6-A4VE	3	98566671	108222731	5	2
TCGA-N6-A4VE	3	108223075	160125603	4	2
TCGA-N6-A4VE	3	160131576	172057015	5	2
TCGA-N6-A4VE	3	172057546	172406203	5	5
TCGA-N6-A4VE	3	172406355	181103387	5	2
TCGA-N6-A4VE	3	181119834	183373979	17	5
TCGA-N6-A4VE	3	183377440	196589501	5	2
TCGA-N6-A4VE	3	196592094	197896118	7	2
TCGA-N6-A4VE	4	12281	1273515	2	1
TCGA-N6-A4VE	4	1274365	1551597	4	1
TCGA-N6-A4VE	4	1554748	2159978	8	1
TCGA-N6-A4VE	4	2160522	2195738	5	1
TCGA-N6-A4VE	4	2195786	2211995	6	0
TCGA-N6-A4VE	4	2212179	20544756	2	1
TCGA-N6-A4VE	4	20546056	20844180	6	2
TCGA-N6-A4VE	4	20849761	95642294	2	1
TCGA-N6-A4VE	4	95644162	95721821	4	1
TCGA-N6-A4VE	4	95721970	144509118	2	1
TCGA-N6-A4VE	4	144510227	144559530	1	0
TCGA-N6-A4VE	4	144560652	191027923	2	1
TCGA-N6-A4VE	5	15532	31814448	2	2
TCGA-N6-A4VE	5	31815001	31980673	2	1
TCGA-N6-A4VE	5	31981310	101941284	2	2
TCGA-N6-A4VE	5	101943311	102030759	2	0
TCGA-N6-A4VE	5	102035777	128074886	2	2
TCGA-N6-A4VE	5	128075495	128385389	2	0
TCGA-N6-A4VE	5	128387868	148369380	2	2
TCGA-N6-A4VE	5	148369653	149312096	4	2
TCGA-N6-A4VE	5	149313344	180790320	2	2
TCGA-N6-A4VE	6	149661	11255358	5	2
TCGA-N6-A4VE	6	11256000	11291117	2	0
TCGA-N6-A4VE	6	11292289	20776172	6	2
TCGA-N6-A4VE	6	20777093	21055488	5	0
TCGA-N6-A4VE	6	21055895	34660571	5	2
TCGA-N6-A4VE	6	34661072	35622649	11	2
TCGA-N6-A4VE	6	35630013	55451558	6	2
TCGA-N6-A4VE	6	55456080	81217630	3	2
TCGA-N6-A4VE	6	81217868	151728754	3	1
TCGA-N6-A4VE	6	151729295	152179662	1	0
TCGA-N6-A4VE	6	152179840	171051005	3	1
TCGA-N6-A4VE	7	43259	5114101	2	1
TCGA-N6-A4VE	7	5126222	6031941	4	1
TCGA-N6-A4VE	7	6038725	36918482	2	1
TCGA-N6-A4VE	7	36918529	37182833	1	0
TCGA-N6-A4VE	7	37185234	50911900	2	1
TCGA-N6-A4VE	7	50914915	51956917	5	1
TCGA-N6-A4VE	7	51957019	150696503	2	1
TCGA-N6-A4VE	7	150697276	151657093	2	2
TCGA-N6-A4VE	7	151658748	159127004	2	1
TCGA-N6-A4VE	8	31254	16686563	2	0
TCGA-N6-A4VE	8	16686774	110426743	2	2
TCGA-N6-A4VE	8	110426844	110476006	1	0
TCGA-N6-A4VE	8	110480827	120672933	2	2
TCGA-N6-A4VE	8	120673632	121054122	5	2
TCGA-N6-A4VE	8	121056667	146298155	2	2
TCGA-N6-A4VE	9	46587	3529411	2	1
TCGA-N6-A4VE	9	3530635	3996781	2	2
TCGA-N6-A4VE	9	3996921	15066948	2	1
TCGA-N6-A4VE	9	15076859	15555038	2	2
TCGA-N6-A4VE	9	15555458	29100799	2	1
TCGA-N6-A4VE	9	29101432	29420192	1	0
TCGA-N6-A4VE	9	29421816	71202527	2	1
TCGA-N6-A4VE	9	71207055	71441474	6	2
TCGA-N6-A4VE	9	71449028	129896571	2	0
TCGA-N6-A4VE	9	129898138	130698029	5	0
TCGA-N6-A4VE	9	130698043	141091394	3	0
TCGA-N6-A4VE	10	72759	65154642	2	1
TCGA-N6-A4VE	10	65156744	65611388	1	0
TCGA-N6-A4VE	10	65616081	68497179	2	1
TCGA-N6-A4VE	10	68499072	74949067	2	2
TCGA-N6-A4VE	10	74949986	75795910	4	2
TCGA-N6-A4VE	10	75801805	88547542	2	2
TCGA-N6-A4VE	10	88552231	112345038	2	0
TCGA-N6-A4VE	10	112349602	112996242	2	1
TCGA-N6-A4VE	10	112996265	114859880	2	0
TCGA-N6-A4VE	10	114862757	135506704	2	2
TCGA-N6-A4VE	11	198572	1683564	2	2
TCGA-N6-A4VE	11	1690969	2310605	5	2
TCGA-N6-A4VE	11	2310870	44085958	2	2
TCGA-N6-A4VE	11	44086954	45054252	3	3
TCGA-N6-A4VE	11	45054779	62275829	2	2
TCGA-N6-A4VE	11	62275953	62925863	5	1
TCGA-N6-A4VE	11	62927770	64585015	2	2
TCGA-N6-A4VE	11	64592726	65481465	5	3
TCGA-N6-A4VE	11	65485120	118451901	2	2
TCGA-N6-A4VE	11	118455289	119418250	5	2
TCGA-N6-A4VE	11	119425342	134944770	2	2
TCGA-N6-A4VE	12	150442	49899880	3	2
TCGA-N6-A4VE	12	49910029	51154758	5	2
TCGA-N6-A4VE	12	51155271	69177405	2	2
TCGA-N6-A4VE	12	69177690	70091356	4	2
TCGA-N6-A4VE	12	70091432	71590766	2	2
TCGA-N6-A4VE	12	71591664	72393575	4	2
TCGA-N6-A4VE	12	72394299	133778189	2	2
TCGA-N6-A4VE	13	19026949	21183704	2	2
TCGA-N6-A4VE	13	21188680	48806860	2	0
TCGA-N6-A4VE	13	48810275	48942814	0	0
TCGA-N6-A4VE	13	48943500	51461720	2	0
TCGA-N6-A4VE	13	51467794	104747117	3	0
TCGA-N6-A4VE	13	104747823	115108397	4	0
TCGA-N6-A4VE	14	19002124	24680926	2	2
TCGA-N6-A4VE	14	24683852	24955192	5	2
TCGA-N6-A4VE	14	24959835	39963525	2	2
TCGA-N6-A4VE	14	39964335	40499951	4	2
TCGA-N6-A4VE	14	40501987	50113158	2	2
TCGA-N6-A4VE	14	50120858	50210751	1	0
TCGA-N6-A4VE	14	50215260	73685096	2	2
TCGA-N6-A4VE	14	73688427	74209460	4	2
TCGA-N6-A4VE	14	74209891	78736335	2	2
TCGA-N6-A4VE	14	78736375	78907353	2	0
TCGA-N6-A4VE	14	78912772	99968606	2	2
TCGA-N6-A4VE	14	99969919	100005868	4	3
TCGA-N6-A4VE	14	100006013	100204570	5	5
TCGA-N6-A4VE	14	100204681	100371083	4	2
TCGA-N6-A4VE	14	100371546	107285437	2	2
TCGA-N6-A4VE	15	20016328	31087333	2	1
TCGA-N6-A4VE	15	31088443	32444055	2	0
TCGA-N6-A4VE	15	32444196	33306597	4	0
TCGA-N6-A4VE	15	33306742	85251713	2	0
TCGA-N6-A4VE	15	85262867	85725498	4	0
TCGA-N6-A4VE	15	85726714	90453329	2	0
TCGA-N6-A4VE	15	90458497	90967749	2	2
TCGA-N6-A4VE	15	90968231	102469040	2	1
TCGA-N6-A4VE	16	60777	1651627	2	1
TCGA-N6-A4VE	16	1654845	2371350	4	1
TCGA-N6-A4VE	16	2373624	4209841	2	1
TCGA-N6-A4VE	16	4209988	4525265	4	1
TCGA-N6-A4VE	16	4525282	22783591	2	1
TCGA-N6-A4VE	16	22784560	23415623	4	1
TCGA-N6-A4VE	16	23418156	62768161	2	1
TCGA-N6-A4VE	16	62768386	90287535	1	1
TCGA-N6-A4VE	17	526	21566026	2	0
TCGA-N6-A4VE	17	21566353	21707731	4	0
TCGA-N6-A4VE	17	21708202	25270411	1	1
TCGA-N6-A4VE	17	25270517	72727173	2	2
TCGA-N6-A4VE	17	72728261	73933008	4	2
TCGA-N6-A4VE	17	73935543	81049726	2	2
TCGA-N6-A4VE	18	48133	1838112	2	0
TCGA-N6-A4VE	18	1841469	3327241	2	2
TCGA-N6-A4VE	18	3327541	3770253	4	2
TCGA-N6-A4VE	18	3770538	77828600	2	2
TCGA-N6-A4VE	18	77828684	78015057	2	1
TCGA-N6-A4VE	19	90910	2646818	2	0
TCGA-N6-A4VE	19	2646940	3405426	4	0
TCGA-N6-A4VE	19	3411646	9696963	2	0
TCGA-N6-A4VE	19	9711586	10041107	4	0
TCGA-N6-A4VE	19	10045125	10053311	14	2
TCGA-N6-A4VE	19	10056009	10687909	21	2
TCGA-N6-A4VE	19	10701580	11377464	12	1
TCGA-N6-A4VE	19	11378933	18042337	2	2
TCGA-N6-A4VE	19	18042945	19026232	5	2
TCGA-N6-A4VE	19	19032680	48926606	2	2
TCGA-N6-A4VE	19	48932337	49221960	5	2
TCGA-N6-A4VE	19	49230927	59097854	2	2
TCGA-N6-A4VE	20	61305	30541443	2	2
TCGA-N6-A4VE	20	30544246	31121564	7	2
TCGA-N6-A4VE	20	31122081	42962691	2	2
TCGA-N6-A4VE	20	42962796	43871071	5	2
TCGA-N6-A4VE	20	43871562	45791975	2	2
TCGA-N6-A4VE	20	45792003	46352167	5	3
TCGA-N6-A4VE	20	46355261	62956153	3	2
TCGA-N6-A4VE	21	10736871	48096957	2	2
TCGA-N6-A4VE	22	16052528	17100497	3	1
TCGA-N6-A4VE	22	17105712	17490099	2	0
TCGA-N6-A4VE	22	17492452	17506539	2	1
TCGA-N6-A4VE	22	17510720	18165093	5	2
TCGA-N6-A4VE	22	18171249	18496938	2	0
TCGA-N6-A4VE	22	18499307	20913017	5	2
TCGA-N6-A4VE	22	20917041	20993766	2	0
TCGA-N6-A4VE	22	20993797	21062147	4	2
TCGA-N6-A4VE	22	21068659	36848527	2	0
TCGA-N6-A4VE	22	36856808	37492864	6	2
TCGA-N6-A4VE	22	37495051	37966788	8	2
TCGA-N6-A4VE	22	37969701	39181805	2	2
TCGA-N6-A4VE	22	39181934	39657567	4	2
TCGA-N6-A4VE	22	39659330	40294646	3	2
TCGA-N6-A4VE	22	40301430	40686727	2	0
TCGA-N6-A4VE	22	40687757	41979971	2	2
TCGA-N6-A4VE	22	41992987	51234455	2	0
TCGA-N6-A4VE	X	168477	155233846	2	2
