sample	chr	startpos	endpos	nMajor	nMinor
TCGA-VQ-A8DL	1	61735	21180485	1	1
TCGA-VQ-A8DL	1	21188598	34035561	1	0
TCGA-VQ-A8DL	1	34036479	76040409	1	1
TCGA-VQ-A8DL	1	76040873	76617993	1	0
TCGA-VQ-A8DL	1	76620253	113219388	1	1
TCGA-VQ-A8DL	1	113223631	121172329	1	0
TCGA-VQ-A8DL	1	121172840	249224388	1	1
TCGA-VQ-A8DL	2	12784	18777153	1	1
TCGA-VQ-A8DL	2	18777503	42272707	1	0
TCGA-VQ-A8DL	2	42279349	128451962	1	1
TCGA-VQ-A8DL	2	128453967	184243164	1	0
TCGA-VQ-A8DL	2	184243889	189868381	0	0
TCGA-VQ-A8DL	2	189870848	197865460	1	0
TCGA-VQ-A8DL	2	197866470	243089456	1	1
TCGA-VQ-A8DL	3	60345	12639994	1	0
TCGA-VQ-A8DL	3	12646435	25398191	1	1
TCGA-VQ-A8DL	3	25405285	25625979	2	1
TCGA-VQ-A8DL	3	25626173	46446721	1	1
TCGA-VQ-A8DL	3	46449164	58975660	1	0
TCGA-VQ-A8DL	3	58979788	107221587	1	1
TCGA-VQ-A8DL	3	107223736	114410173	2	1
TCGA-VQ-A8DL	3	114413940	154805786	2	0
TCGA-VQ-A8DL	3	154806036	175614835	2	1
TCGA-VQ-A8DL	3	175618261	176696686	2	2
TCGA-VQ-A8DL	3	176697053	197896118	2	1
TCGA-VQ-A8DL	4	12281	52923542	1	1
TCGA-VQ-A8DL	4	52923872	56297447	1	0
TCGA-VQ-A8DL	4	56298009	76356720	1	1
TCGA-VQ-A8DL	4	76356821	89064581	1	0
TCGA-VQ-A8DL	4	89064602	153410390	1	1
TCGA-VQ-A8DL	4	153411843	191027923	1	0
TCGA-VQ-A8DL	5	15532	19093918	1	1
TCGA-VQ-A8DL	5	19093988	19886423	3	1
TCGA-VQ-A8DL	5	19888887	61266723	1	1
TCGA-VQ-A8DL	5	61273707	88640130	1	0
TCGA-VQ-A8DL	5	88641366	96039362	1	1
TCGA-VQ-A8DL	5	96039630	133714297	1	0
TCGA-VQ-A8DL	5	133723311	147242103	1	1
TCGA-VQ-A8DL	5	147242267	148719241	1	0
TCGA-VQ-A8DL	5	148720087	180790320	1	1
TCGA-VQ-A8DL	6	149661	1598157	1	0
TCGA-VQ-A8DL	6	1598227	1775714	0	0
TCGA-VQ-A8DL	6	1777764	2008850	1	0
TCGA-VQ-A8DL	6	2009649	6811806	1	1
TCGA-VQ-A8DL	6	6812903	17816998	1	0
TCGA-VQ-A8DL	6	17817014	26288247	1	1
TCGA-VQ-A8DL	6	26288422	32870057	1	0
TCGA-VQ-A8DL	6	32871536	43330794	1	1
TCGA-VQ-A8DL	6	43330985	54299470	1	0
TCGA-VQ-A8DL	6	54299529	157746358	1	1
TCGA-VQ-A8DL	6	157751114	164819004	1	0
TCGA-VQ-A8DL	6	164823252	171051005	1	1
TCGA-VQ-A8DL	7	43259	118329337	1	1
TCGA-VQ-A8DL	7	118330742	122291222	1	0
TCGA-VQ-A8DL	7	122291720	125450464	1	1
TCGA-VQ-A8DL	7	125453137	125629530	1	0
TCGA-VQ-A8DL	7	125630806	133823038	1	1
TCGA-VQ-A8DL	7	133823064	134331128	2	1
TCGA-VQ-A8DL	7	134333377	159127004	1	1
TCGA-VQ-A8DL	8	31254	1720448	1	1
TCGA-VQ-A8DL	8	1721090	11547620	1	0
TCGA-VQ-A8DL	8	11547790	25298895	1	1
TCGA-VQ-A8DL	8	25303944	41822645	1	0
TCGA-VQ-A8DL	8	41824763	137211615	3	1
TCGA-VQ-A8DL	8	137215551	138769686	1	0
TCGA-VQ-A8DL	8	138769748	146298155	2	1
TCGA-VQ-A8DL	9	46587	23806496	1	1
TCGA-VQ-A8DL	9	23808910	32576683	1	0
TCGA-VQ-A8DL	9	32587544	84387220	1	1
TCGA-VQ-A8DL	9	84387905	85297314	2	1
TCGA-VQ-A8DL	9	85299076	116873313	1	1
TCGA-VQ-A8DL	9	116874355	118123597	2	1
TCGA-VQ-A8DL	9	118124242	141091394	1	1
TCGA-VQ-A8DL	10	72759	1362179	1	0
TCGA-VQ-A8DL	10	1367514	5794375	2	1
TCGA-VQ-A8DL	10	5794475	13236027	1	0
TCGA-VQ-A8DL	10	13238329	47401341	1	1
TCGA-VQ-A8DL	10	47414281	47667164	1	0
TCGA-VQ-A8DL	10	47669535	88223697	1	1
TCGA-VQ-A8DL	10	88224324	93415537	1	0
TCGA-VQ-A8DL	10	93418802	135506704	1	1
TCGA-VQ-A8DL	11	198572	3457567	1	1
TCGA-VQ-A8DL	11	3461641	3853346	1	0
TCGA-VQ-A8DL	11	3853473	90732722	1	1
TCGA-VQ-A8DL	11	90735679	91321200	2	1
TCGA-VQ-A8DL	11	91322933	109738359	1	1
TCGA-VQ-A8DL	11	109738577	120684833	1	0
TCGA-VQ-A8DL	11	120691432	129717235	2	0
TCGA-VQ-A8DL	11	129719900	134944770	2	1
TCGA-VQ-A8DL	12	150442	14391106	1	1
TCGA-VQ-A8DL	12	14396892	31474894	2	1
TCGA-VQ-A8DL	12	31475300	49647694	1	1
TCGA-VQ-A8DL	12	49650984	69617862	1	0
TCGA-VQ-A8DL	12	69618997	70925637	1	1
TCGA-VQ-A8DL	12	70927247	97293519	1	0
TCGA-VQ-A8DL	12	97293559	133778189	1	1
TCGA-VQ-A8DL	13	19026949	115108397	1	1
TCGA-VQ-A8DL	14	19002124	64896881	1	1
TCGA-VQ-A8DL	14	64901092	66463384	1	0
TCGA-VQ-A8DL	14	66467636	66578202	0	0
TCGA-VQ-A8DL	14	66579889	75084816	1	0
TCGA-VQ-A8DL	14	75084829	107285437	1	1
TCGA-VQ-A8DL	15	20016328	26100921	1	0
TCGA-VQ-A8DL	15	26102279	27054973	0	0
TCGA-VQ-A8DL	15	27056071	41142976	1	0
TCGA-VQ-A8DL	15	41143340	52510669	1	1
TCGA-VQ-A8DL	15	52516731	60650337	2	1
TCGA-VQ-A8DL	15	60652634	86502283	1	1
TCGA-VQ-A8DL	15	86502477	102469040	2	1
TCGA-VQ-A8DL	16	60777	24437071	1	1
TCGA-VQ-A8DL	16	24437357	24743630	1	0
TCGA-VQ-A8DL	16	24743657	55729014	1	1
TCGA-VQ-A8DL	16	55729386	56384853	1	0
TCGA-VQ-A8DL	16	56385639	56969380	1	1
TCGA-VQ-A8DL	16	56970203	57675077	1	0
TCGA-VQ-A8DL	16	57677982	59620792	1	1
TCGA-VQ-A8DL	16	59622088	61748905	1	0
TCGA-VQ-A8DL	16	61751755	61891637	2	1
TCGA-VQ-A8DL	16	61892114	63375297	1	0
TCGA-VQ-A8DL	16	63379205	63901402	1	1
TCGA-VQ-A8DL	16	63904694	65261411	1	0
TCGA-VQ-A8DL	16	65261589	65832548	1	1
TCGA-VQ-A8DL	16	65832580	70772187	1	0
TCGA-VQ-A8DL	16	70772955	71218594	1	1
TCGA-VQ-A8DL	16	71219472	73754653	1	0
TCGA-VQ-A8DL	16	73755386	74112837	1	1
TCGA-VQ-A8DL	16	74113583	76239240	1	0
TCGA-VQ-A8DL	16	76239980	78510967	1	1
TCGA-VQ-A8DL	16	78513660	78789322	1	0
TCGA-VQ-A8DL	16	78792488	79051846	1	1
TCGA-VQ-A8DL	16	79051997	79148116	2	1
TCGA-VQ-A8DL	16	79148865	80491318	1	1
TCGA-VQ-A8DL	16	80491887	81411495	1	0
TCGA-VQ-A8DL	16	81412589	81602499	1	1
TCGA-VQ-A8DL	16	81602681	82294752	2	1
TCGA-VQ-A8DL	16	82295123	83345367	1	0
TCGA-VQ-A8DL	16	83346577	84108651	1	1
TCGA-VQ-A8DL	16	84110572	84872821	1	0
TCGA-VQ-A8DL	16	84876471	85671931	1	1
TCGA-VQ-A8DL	16	85679484	86414059	1	0
TCGA-VQ-A8DL	16	86415588	87014565	1	1
TCGA-VQ-A8DL	16	87015908	87420769	1	0
TCGA-VQ-A8DL	16	87428567	87852975	1	1
TCGA-VQ-A8DL	16	87859176	90287535	1	0
TCGA-VQ-A8DL	17	526	18097230	1	0
TCGA-VQ-A8DL	17	18098195	36300607	1	1
TCGA-VQ-A8DL	17	36410383	39245956	5	1
TCGA-VQ-A8DL	17	39246391	39908770	20	0
TCGA-VQ-A8DL	17	39909018	39927192	15	7
TCGA-VQ-A8DL	17	39934522	39985691	28	0
TCGA-VQ-A8DL	17	39989151	43059071	1	0
TCGA-VQ-A8DL	17	43063064	81049726	1	1
TCGA-VQ-A8DL	18	48133	21230924	2	1
TCGA-VQ-A8DL	18	21233015	23170124	1	0
TCGA-VQ-A8DL	18	23171187	24761983	2	1
TCGA-VQ-A8DL	18	24762139	42336422	1	0
TCGA-VQ-A8DL	18	42337631	42464125	2	0
TCGA-VQ-A8DL	18	42468274	53218136	1	0
TCGA-VQ-A8DL	18	53223738	78015057	2	0
TCGA-VQ-A8DL	19	90910	23672821	1	0
TCGA-VQ-A8DL	19	23673102	55029447	1	1
TCGA-VQ-A8DL	19	55029807	55590671	1	0
TCGA-VQ-A8DL	19	55600736	59097854	1	1
TCGA-VQ-A8DL	20	61305	14415304	1	1
TCGA-VQ-A8DL	20	14417197	14884703	1	0
TCGA-VQ-A8DL	20	14887190	43245100	1	1
TCGA-VQ-A8DL	20	43248302	62956153	3	1
TCGA-VQ-A8DL	21	10736871	43092201	1	0
TCGA-VQ-A8DL	21	43092313	43793723	0	0
TCGA-VQ-A8DL	21	43796913	48096957	1	0
TCGA-VQ-A8DL	22	16052528	34656814	3	1
TCGA-VQ-A8DL	22	34661756	51234455	1	0
TCGA-VQ-A8DL	X	168477	6468418	1	1
TCGA-VQ-A8DL	X	6473920	6767742	1	0
TCGA-VQ-A8DL	X	6769900	7099725	1	1
TCGA-VQ-A8DL	X	7099978	7598977	1	0
TCGA-VQ-A8DL	X	7604288	130397166	1	1
TCGA-VQ-A8DL	X	130397317	131968031	1	0
TCGA-VQ-A8DL	X	131974364	155233846	1	1
