sample	chr	startpos	endpos	nMajor	nMinor
TCGA-BP-4765	1	61735	121482979	1	1
TCGA-BP-4765	1	144007049	200933165	2	1
TCGA-BP-4765	1	200934650	249224388	1	1
TCGA-BP-4765	2	12784	243089456	1	1
TCGA-BP-4765	3	60345	74123725	1	0
TCGA-BP-4765	3	74123863	197896118	1	1
TCGA-BP-4765	4	12281	191027923	1	1
TCGA-BP-4765	5	15532	2168104	1	1
TCGA-BP-4765	5	2171041	4132366	2	1
TCGA-BP-4765	5	4133023	180790320	1	1
TCGA-BP-4765	6	149661	171051005	1	1
TCGA-BP-4765	7	43259	159127004	1	1
TCGA-BP-4765	8	31254	146298155	1	1
TCGA-BP-4765	9	46587	141091394	1	1
TCGA-BP-4765	10	72759	135506704	1	1
TCGA-BP-4765	11	198572	134944770	1	1
TCGA-BP-4765	12	150442	133778189	1	1
TCGA-BP-4765	13	19026949	43841729	1	0
TCGA-BP-4765	13	43842137	44294023	1	1
TCGA-BP-4765	13	44294500	50664989	1	0
TCGA-BP-4765	13	50667337	115108397	1	1
TCGA-BP-4765	14	19002124	107285437	1	1
TCGA-BP-4765	15	20016328	102469040	1	1
TCGA-BP-4765	16	60777	90287535	1	1
TCGA-BP-4765	17	526	81049726	1	1
TCGA-BP-4765	18	48133	78015057	1	1
TCGA-BP-4765	19	90910	59097854	1	1
TCGA-BP-4765	20	61305	62956153	1	1
TCGA-BP-4765	21	10736871	48096957	1	1
TCGA-BP-4765	22	16052528	51234455	2	1
TCGA-BP-4765	X	168477	155233846	1	0
