sample	chr	startpos	endpos	nMajor	nMinor
TCGA-B8-5546-b	1	61735	249224388	1	1
TCGA-B8-5546-b	2	12784	243089456	1	1
TCGA-B8-5546-b	3	60345	197896118	1	1
TCGA-B8-5546-b	4	12281	191027923	1	1
TCGA-B8-5546-b	5	15532	180790320	1	1
TCGA-B8-5546-b	6	149661	171051005	1	1
TCGA-B8-5546-b	7	43259	159127004	1	1
TCGA-B8-5546-b	8	31254	146298155	1	1
TCGA-B8-5546-b	9	46587	141091394	1	1
TCGA-B8-5546-b	10	72759	27843058	1	1
TCGA-B8-5546-b	10	27843475	28386125	2	0
TCGA-B8-5546-b	10	28388296	135506704	1	1
TCGA-B8-5546-b	11	198572	134944770	1	1
TCGA-B8-5546-b	12	150442	133778189	1	1
TCGA-B8-5546-b	13	19026949	115108397	1	1
TCGA-B8-5546-b	14	19002124	22392966	1	1
TCGA-B8-5546-b	14	22392983	22978760	3	3
TCGA-B8-5546-b	14	22978775	107285437	1	1
TCGA-B8-5546-b	15	20016328	102469040	1	1
TCGA-B8-5546-b	16	60777	90287535	1	1
TCGA-B8-5546-b	17	526	81049726	1	1
TCGA-B8-5546-b	18	48133	78015057	1	1
TCGA-B8-5546-b	19	90910	59097854	1	1
TCGA-B8-5546-b	20	61305	62956153	1	1
TCGA-B8-5546-b	21	10736871	48096957	1	1
TCGA-B8-5546-b	22	16052528	51234455	1	1
TCGA-B8-5546-b	X	168477	155233846	1	1
