sample	chr	startpos	endpos	nMajor	nMinor
TCGA-WE-A8K6	1	61735	73074749	1	1
TCGA-WE-A8K6	1	73077448	196137451	2	1
TCGA-WE-A8K6	1	196137696	249224388	3	1
TCGA-WE-A8K6	2	12784	243089456	2	1
TCGA-WE-A8K6	3	60345	8186173	2	2
TCGA-WE-A8K6	3	8186495	8299182	2	1
TCGA-WE-A8K6	3	8302992	197896118	2	2
TCGA-WE-A8K6	4	12281	9437009	1	1
TCGA-WE-A8K6	4	9437010	75040712	2	1
TCGA-WE-A8K6	4	75048280	191027923	1	1
TCGA-WE-A8K6	5	15532	151792912	2	1
TCGA-WE-A8K6	5	151796207	152663524	1	1
TCGA-WE-A8K6	5	152668578	180790320	2	1
TCGA-WE-A8K6	6	149661	54898262	2	2
TCGA-WE-A8K6	6	54900718	68181230	2	1
TCGA-WE-A8K6	6	68183098	72254691	2	0
TCGA-WE-A8K6	6	72274731	72718389	3	0
TCGA-WE-A8K6	6	72722483	93749161	2	0
TCGA-WE-A8K6	6	93750010	94692882	1	0
TCGA-WE-A8K6	6	94696243	171051005	2	0
TCGA-WE-A8K6	7	43259	122228806	2	2
TCGA-WE-A8K6	7	122229618	123049671	3	2
TCGA-WE-A8K6	7	123050703	159127004	2	2
TCGA-WE-A8K6	8	31254	39633893	2	0
TCGA-WE-A8K6	8	39636321	51939946	2	2
TCGA-WE-A8K6	8	51939958	146298155	4	2
TCGA-WE-A8K6	9	46587	21918580	2	0
TCGA-WE-A8K6	9	21920661	22019129	0	0
TCGA-WE-A8K6	9	22019673	47217176	2	0
TCGA-WE-A8K6	9	65616971	141091394	3	0
TCGA-WE-A8K6	10	72759	48318619	2	1
TCGA-WE-A8K6	10	48320402	56419193	2	0
TCGA-WE-A8K6	10	56428263	56584348	1	0
TCGA-WE-A8K6	10	56585542	135506704	2	0
TCGA-WE-A8K6	11	198572	134944770	2	2
TCGA-WE-A8K6	12	150442	133778189	2	1
TCGA-WE-A8K6	13	19026949	53899838	2	2
TCGA-WE-A8K6	13	53900724	56854013	2	1
TCGA-WE-A8K6	13	56858706	115108397	2	2
TCGA-WE-A8K6	14	19002124	27432211	1	1
TCGA-WE-A8K6	14	27440672	107285437	2	1
TCGA-WE-A8K6	15	20016328	102469040	2	2
TCGA-WE-A8K6	16	60777	87510043	2	2
TCGA-WE-A8K6	16	87511877	87923472	2	1
TCGA-WE-A8K6	16	87923823	90287535	2	2
TCGA-WE-A8K6	17	526	70912437	2	1
TCGA-WE-A8K6	17	70912465	71232297	2	2
TCGA-WE-A8K6	17	71232687	81049726	2	1
TCGA-WE-A8K6	18	48133	50752373	2	2
TCGA-WE-A8K6	18	50752610	51334326	3	2
TCGA-WE-A8K6	18	51334929	77435131	2	2
TCGA-WE-A8K6	18	77435631	78015057	2	1
TCGA-WE-A8K6	19	90910	59097854	2	1
TCGA-WE-A8K6	20	61305	29838618	2	2
TCGA-WE-A8K6	20	29840123	62956153	3	2
TCGA-WE-A8K6	21	10736871	48096957	2	2
TCGA-WE-A8K6	22	16052528	34858619	2	0
TCGA-WE-A8K6	22	34860178	51234455	3	0
TCGA-WE-A8K6	X	168477	2703391	2	2
TCGA-WE-A8K6	X	2703633	145416111	2	0
TCGA-WE-A8K6	X	145416201	154929034	1	0
TCGA-WE-A8K6	X	154929105	155233846	1	1
