sample	chr	startpos	endpos	nMajor	nMinor
TCGA-BP-4960	1	61735	187852709	1	1
TCGA-BP-4960	1	187852822	188591263	2	0
TCGA-BP-4960	1	188591740	249224388	1	1
TCGA-BP-4960	2	12784	45801399	1	1
TCGA-BP-4960	2	45804632	47856243	2	0
TCGA-BP-4960	2	47856328	128997495	1	1
TCGA-BP-4960	2	128998223	137498502	2	0
TCGA-BP-4960	2	137500340	183761418	1	1
TCGA-BP-4960	2	183761671	184771516	2	0
TCGA-BP-4960	2	184771723	189782576	1	1
TCGA-BP-4960	2	189782825	190500817	2	0
TCGA-BP-4960	2	190501523	230282493	1	1
TCGA-BP-4960	2	230286651	233497676	2	0
TCGA-BP-4960	2	233505277	243089456	1	1
TCGA-BP-4960	3	60345	90432675	2	0
TCGA-BP-4960	3	90450481	95222382	2	1
TCGA-BP-4960	3	95222397	197896118	1	1
TCGA-BP-4960	4	12281	191027923	1	1
TCGA-BP-4960	5	15532	96226535	1	1
TCGA-BP-4960	5	96226863	96618456	2	1
TCGA-BP-4960	5	96619497	97616007	2	0
TCGA-BP-4960	5	97616089	108214803	2	1
TCGA-BP-4960	5	108220116	108889514	3	0
TCGA-BP-4960	5	108890271	113826272	2	1
TCGA-BP-4960	5	113827287	114517944	2	0
TCGA-BP-4960	5	114518015	180790320	2	1
TCGA-BP-4960	6	149661	45768429	1	1
TCGA-BP-4960	6	45768935	81831319	1	0
TCGA-BP-4960	6	81831330	169988672	1	1
TCGA-BP-4960	6	169989149	171051005	2	0
TCGA-BP-4960	7	43259	51090065	2	1
TCGA-BP-4960	7	51090935	51404536	3	0
TCGA-BP-4960	7	51407060	159127004	2	1
TCGA-BP-4960	8	31254	146298155	2	0
TCGA-BP-4960	9	46587	101267927	1	1
TCGA-BP-4960	9	101268627	102249906	2	0
TCGA-BP-4960	9	102250037	141091394	1	1
TCGA-BP-4960	10	72759	135506704	1	1
TCGA-BP-4960	11	198572	4693048	2	0
TCGA-BP-4960	11	4693109	43947348	1	1
TCGA-BP-4960	11	43947747	46112728	2	0
TCGA-BP-4960	11	46113115	85879356	1	1
TCGA-BP-4960	11	85883303	89154354	2	0
TCGA-BP-4960	11	89154721	92733734	1	1
TCGA-BP-4960	11	92733884	93247201	2	0
TCGA-BP-4960	11	93248483	94269711	1	1
TCGA-BP-4960	11	94270772	95230707	2	0
TCGA-BP-4960	11	95232006	107570196	1	1
TCGA-BP-4960	11	107570522	108927679	2	0
TCGA-BP-4960	11	108927806	110934549	1	1
TCGA-BP-4960	11	110935811	111606529	2	0
TCGA-BP-4960	11	111607051	134944770	1	1
TCGA-BP-4960	12	150442	133778189	1	1
TCGA-BP-4960	13	19026949	68612061	1	1
TCGA-BP-4960	13	68615413	70261618	2	0
TCGA-BP-4960	13	70265262	77589103	1	1
TCGA-BP-4960	13	77594330	79356950	2	0
TCGA-BP-4960	13	79357243	115108397	1	1
TCGA-BP-4960	14	19002124	49492043	1	1
TCGA-BP-4960	14	49493015	50016188	2	0
TCGA-BP-4960	14	50017291	81124336	1	1
TCGA-BP-4960	14	81125280	82281594	2	0
TCGA-BP-4960	14	82281758	107285437	1	1
TCGA-BP-4960	15	20016328	102469040	1	1
TCGA-BP-4960	16	60777	5446206	2	0
TCGA-BP-4960	16	5447300	66501660	1	1
TCGA-BP-4960	16	66501860	76348939	2	0
TCGA-BP-4960	16	76348997	90287535	1	1
TCGA-BP-4960	17	526	51643597	1	1
TCGA-BP-4960	17	51648423	64227674	2	0
TCGA-BP-4960	17	64228320	81049726	1	1
TCGA-BP-4960	18	48133	78015057	1	1
TCGA-BP-4960	19	90910	59043947	1	1
TCGA-BP-4960	19	59045193	59097854	2	0
TCGA-BP-4960	20	61305	62956153	2	1
TCGA-BP-4960	21	10736871	48096957	1	0
TCGA-BP-4960	22	16052528	29160437	1	0
TCGA-BP-4960	22	29167486	51234455	1	1
TCGA-BP-4960	X	168477	2632822	1	0
TCGA-BP-4960	X	2633607	2677589	2	0
TCGA-BP-4960	X	2677860	155233846	1	0
