sample	chr	startpos	endpos	nMajor	nMinor
TCGA-BP-5183	1	61735	249224388	1	1
TCGA-BP-5183	2	12784	243089456	1	1
TCGA-BP-5183	3	60345	90030890	1	0
TCGA-BP-5183	3	90040755	197896118	1	1
TCGA-BP-5183	4	12281	191027923	1	0
TCGA-BP-5183	5	15532	93649032	1	1
TCGA-BP-5183	5	93650014	180790320	2	1
TCGA-BP-5183	6	149661	154991064	1	1
TCGA-BP-5183	6	154995062	155420749	1	0
TCGA-BP-5183	6	155421483	171051005	1	1
TCGA-BP-5183	7	43259	159127004	1	1
TCGA-BP-5183	8	31254	2620010	1	1
TCGA-BP-5183	8	2620365	6104781	2	1
TCGA-BP-5183	8	6104854	146298155	1	1
TCGA-BP-5183	9	46587	141091394	1	0
TCGA-BP-5183	10	72759	36280004	1	1
TCGA-BP-5183	10	36281693	38048108	2	1
TCGA-BP-5183	10	38053792	135506704	1	1
TCGA-BP-5183	11	198572	97820846	1	1
TCGA-BP-5183	11	97820850	101206742	2	1
TCGA-BP-5183	11	101207201	134944770	1	1
TCGA-BP-5183	12	150442	59952459	1	1
TCGA-BP-5183	12	59955090	62301471	2	1
TCGA-BP-5183	12	62302417	133778189	1	1
TCGA-BP-5183	13	19026949	115108397	1	1
TCGA-BP-5183	14	19002124	107285437	1	0
TCGA-BP-5183	15	20016328	102469040	1	1
TCGA-BP-5183	16	60777	90287535	1	1
TCGA-BP-5183	17	526	81049726	1	1
TCGA-BP-5183	18	48133	78015057	1	1
TCGA-BP-5183	19	90910	59097854	1	1
TCGA-BP-5183	20	61305	62956153	1	1
TCGA-BP-5183	21	10736871	48096957	1	1
TCGA-BP-5183	22	16052528	51234455	1	1
TCGA-BP-5183	X	168477	2703391	1	1
TCGA-BP-5183	X	2703633	154929308	1	0
TCGA-BP-5183	X	154929498	155233846	2	1
