sample	chr	startpos	endpos	nMajor	nMinor
TCGA-CE-A3MD	1	61735	201524064	1	1
TCGA-CE-A3MD	1	201524087	201670591	1	0
TCGA-CE-A3MD	1	201676312	249224388	1	1
TCGA-CE-A3MD	2	12784	243089456	1	1
TCGA-CE-A3MD	3	60345	363254	2	0
TCGA-CE-A3MD	3	367757	47548985	1	1
TCGA-CE-A3MD	3	47550839	51919019	2	0
TCGA-CE-A3MD	3	51925449	197896118	1	1
TCGA-CE-A3MD	4	12281	821576	2	0
TCGA-CE-A3MD	4	821788	191027923	1	1
TCGA-CE-A3MD	5	15532	573395	2	0
TCGA-CE-A3MD	5	573895	25317924	1	1
TCGA-CE-A3MD	5	25323520	28848591	1	0
TCGA-CE-A3MD	5	28849970	81935590	1	1
TCGA-CE-A3MD	5	81936582	82142504	1	0
TCGA-CE-A3MD	5	82146339	180790320	1	1
TCGA-CE-A3MD	6	149661	30063368	1	1
TCGA-CE-A3MD	6	30064562	30745454	1	0
TCGA-CE-A3MD	6	30747216	171051005	1	1
TCGA-CE-A3MD	7	43259	159127004	1	1
TCGA-CE-A3MD	8	31254	146298155	1	1
TCGA-CE-A3MD	9	46587	141091394	1	1
TCGA-CE-A3MD	10	72759	57637819	1	1
TCGA-CE-A3MD	10	57638469	58657586	2	0
TCGA-CE-A3MD	10	58658180	135506704	1	1
TCGA-CE-A3MD	11	198572	134944770	1	1
TCGA-CE-A3MD	12	150442	58801834	1	1
TCGA-CE-A3MD	12	58801936	61404007	2	0
TCGA-CE-A3MD	12	61406915	133778189	1	1
TCGA-CE-A3MD	13	19026949	115108397	1	1
TCGA-CE-A3MD	14	19002124	107285437	1	1
TCGA-CE-A3MD	15	20016328	102469040	1	1
TCGA-CE-A3MD	16	60777	90287535	1	1
TCGA-CE-A3MD	17	526	81049726	1	1
TCGA-CE-A3MD	18	48133	78015057	1	1
TCGA-CE-A3MD	19	90910	59097854	1	1
TCGA-CE-A3MD	20	61305	62956153	1	1
TCGA-CE-A3MD	21	10736871	48096957	1	1
TCGA-CE-A3MD	22	16052528	51234455	1	1
TCGA-CE-A3MD	X	168477	2694240	1	1
TCGA-CE-A3MD	X	2703391	155233846	1	0
