sample	chr	startpos	endpos	nMajor	nMinor
TCGA-A2-A0SX	1	61735	23817728	1	1
TCGA-A2-A0SX	1	23817903	24009378	2	1
TCGA-A2-A0SX	1	24009544	121482979	1	1
TCGA-A2-A0SX	1	144007049	209325667	2	1
TCGA-A2-A0SX	1	209325956	217269911	3	1
TCGA-A2-A0SX	1	217272119	249224388	3	2
TCGA-A2-A0SX	2	12784	38609155	1	1
TCGA-A2-A0SX	2	38611011	38843189	2	1
TCGA-A2-A0SX	2	38847132	243089456	1	1
TCGA-A2-A0SX	3	60345	33315307	1	0
TCGA-A2-A0SX	3	33321659	34164474	2	1
TCGA-A2-A0SX	3	34165785	75265563	1	0
TCGA-A2-A0SX	3	75265920	76982992	1	1
TCGA-A2-A0SX	3	76983424	79366540	2	1
TCGA-A2-A0SX	3	79367244	102197415	1	0
TCGA-A2-A0SX	3	102197454	156138100	1	1
TCGA-A2-A0SX	3	156139099	156207614	3	1
TCGA-A2-A0SX	3	156207628	159934694	1	1
TCGA-A2-A0SX	3	159934715	160420433	3	1
TCGA-A2-A0SX	3	160422521	160585103	1	1
TCGA-A2-A0SX	3	160588285	162494117	3	1
TCGA-A2-A0SX	3	162495253	165860676	1	1
TCGA-A2-A0SX	3	165861028	166118791	5	1
TCGA-A2-A0SX	3	166121660	166298253	1	1
TCGA-A2-A0SX	3	166298493	170960573	3	1
TCGA-A2-A0SX	3	170964909	171404123	1	1
TCGA-A2-A0SX	3	171404478	188328138	3	1
TCGA-A2-A0SX	3	188332503	196866742	2	1
TCGA-A2-A0SX	3	196867871	197896118	1	0
TCGA-A2-A0SX	4	12281	687754	1	0
TCGA-A2-A0SX	4	692369	2520861	3	0
TCGA-A2-A0SX	4	2619331	4560740	2	0
TCGA-A2-A0SX	4	4560776	28979883	3	0
TCGA-A2-A0SX	4	28983457	29069894	1	0
TCGA-A2-A0SX	4	29070017	30468920	3	0
TCGA-A2-A0SX	4	30469697	31421532	1	0
TCGA-A2-A0SX	4	31421751	32194980	2	0
TCGA-A2-A0SX	4	32195062	32298113	1	0
TCGA-A2-A0SX	4	32298459	36576067	3	0
TCGA-A2-A0SX	4	36577433	38222228	2	0
TCGA-A2-A0SX	4	38222275	38841702	3	0
TCGA-A2-A0SX	4	38850110	141022317	1	0
TCGA-A2-A0SX	4	141023396	141343023	3	0
TCGA-A2-A0SX	4	141346268	170205120	1	0
TCGA-A2-A0SX	4	170208249	170610503	3	0
TCGA-A2-A0SX	4	170610810	191027923	1	0
TCGA-A2-A0SX	5	15532	180790320	1	0
TCGA-A2-A0SX	6	149661	107949633	1	1
TCGA-A2-A0SX	6	107952810	171051005	2	0
TCGA-A2-A0SX	7	43259	32832125	1	0
TCGA-A2-A0SX	7	32836100	33193481	2	0
TCGA-A2-A0SX	7	33196259	61987173	1	0
TCGA-A2-A0SX	7	61987244	75901189	1	1
TCGA-A2-A0SX	7	75902618	76156541	1	0
TCGA-A2-A0SX	7	76161297	111546124	1	1
TCGA-A2-A0SX	7	111549030	113555895	1	0
TCGA-A2-A0SX	7	113562026	120363597	1	1
TCGA-A2-A0SX	7	120367836	143112000	1	0
TCGA-A2-A0SX	7	143114985	145920239	1	1
TCGA-A2-A0SX	7	145924161	148224651	1	0
TCGA-A2-A0SX	7	148232416	149422251	1	1
TCGA-A2-A0SX	7	149424974	150667210	1	0
TCGA-A2-A0SX	7	150695195	159127004	1	1
TCGA-A2-A0SX	8	31254	43556104	1	0
TCGA-A2-A0SX	8	43561025	100168481	1	1
TCGA-A2-A0SX	8	100168815	101814142	3	1
TCGA-A2-A0SX	8	101815233	146298155	2	1
TCGA-A2-A0SX	9	46587	47217176	2	1
TCGA-A2-A0SX	9	65616971	141091394	2	0
TCGA-A2-A0SX	10	72759	135506704	1	1
TCGA-A2-A0SX	11	198572	2298259	1	1
TCGA-A2-A0SX	11	2300161	21565229	1	0
TCGA-A2-A0SX	11	21569724	33041338	1	1
TCGA-A2-A0SX	11	33048527	38880299	1	0
TCGA-A2-A0SX	11	38883677	43039674	1	1
TCGA-A2-A0SX	11	43039840	55121706	1	0
TCGA-A2-A0SX	11	55126601	89040251	2	0
TCGA-A2-A0SX	11	89043195	94782720	3	0
TCGA-A2-A0SX	11	94786856	134944770	1	0
TCGA-A2-A0SX	12	150442	133778189	1	1
TCGA-A2-A0SX	13	19026949	24558235	1	0
TCGA-A2-A0SX	13	24559899	115108397	2	0
TCGA-A2-A0SX	14	19002124	37255137	2	0
TCGA-A2-A0SX	14	37255159	37963623	3	0
TCGA-A2-A0SX	14	37963713	107285437	2	0
TCGA-A2-A0SX	15	20016328	33800903	1	1
TCGA-A2-A0SX	15	33801207	102469040	1	0
TCGA-A2-A0SX	16	60777	35283226	1	0
TCGA-A2-A0SX	16	46463782	90287535	1	1
TCGA-A2-A0SX	17	526	81049726	2	0
TCGA-A2-A0SX	18	48133	78015057	1	0
TCGA-A2-A0SX	19	90910	4929715	1	0
TCGA-A2-A0SX	19	4936950	27780956	2	1
TCGA-A2-A0SX	19	27781291	29324460	1	1
TCGA-A2-A0SX	19	29325890	29902335	3	1
TCGA-A2-A0SX	19	29903677	30613188	4	1
TCGA-A2-A0SX	19	30613592	30911056	2	1
TCGA-A2-A0SX	19	30912205	31416539	4	1
TCGA-A2-A0SX	19	31416980	32483895	3	1
TCGA-A2-A0SX	19	32486346	33161274	1	1
TCGA-A2-A0SX	19	33164759	43929402	6	1
TCGA-A2-A0SX	19	43930961	44081499	4	1
TCGA-A2-A0SX	19	44081601	45208782	1	0
TCGA-A2-A0SX	19	45214808	46680300	4	1
TCGA-A2-A0SX	19	46681829	53831502	1	0
TCGA-A2-A0SX	19	53834251	59097854	1	1
TCGA-A2-A0SX	20	61305	23884820	1	1
TCGA-A2-A0SX	20	23891348	25592767	2	1
TCGA-A2-A0SX	20	25593252	48116955	1	1
TCGA-A2-A0SX	20	48119203	62956153	2	1
TCGA-A2-A0SX	21	10736871	48096957	1	1
TCGA-A2-A0SX	22	16052528	45567580	1	0
TCGA-A2-A0SX	22	45568419	45794400	2	0
TCGA-A2-A0SX	22	45798573	51234455	1	0
TCGA-A2-A0SX	X	168477	155233846	1	1
