sample	chr	startpos	endpos	nMajor	nMinor
TCGA-12-1098	1	61735	249224388	1	1
TCGA-12-1098	2	12784	238507656	1	1
TCGA-12-1098	2	238508099	238589853	1	0
TCGA-12-1098	2	238591870	243089456	1	1
TCGA-12-1098	3	60345	187425632	1	1
TCGA-12-1098	3	187426181	188630328	1	0
TCGA-12-1098	3	188633788	189043611	1	1
TCGA-12-1098	3	189044299	197896118	1	0
TCGA-12-1098	4	12281	124650347	1	1
TCGA-12-1098	4	124654309	124731679	1	0
TCGA-12-1098	4	124731732	182859352	1	1
TCGA-12-1098	4	182859848	183812046	2	1
TCGA-12-1098	4	183812883	191027923	1	1
TCGA-12-1098	5	15532	41689123	2	0
TCGA-12-1098	5	41690145	107679657	2	1
TCGA-12-1098	5	107680347	108415833	1	1
TCGA-12-1098	5	108418255	114789207	2	1
TCGA-12-1098	5	114791736	119676770	1	1
TCGA-12-1098	5	119679930	119840194	2	1
TCGA-12-1098	5	119841709	147664251	1	1
TCGA-12-1098	5	147666128	148132070	1	0
TCGA-12-1098	5	148138278	157016209	1	1
TCGA-12-1098	5	157017697	157485743	2	1
TCGA-12-1098	5	157489847	157605461	1	1
TCGA-12-1098	5	157607431	157884899	2	1
TCGA-12-1098	5	157885716	159532893	1	1
TCGA-12-1098	5	159535242	160074985	2	1
TCGA-12-1098	5	160081676	160569327	1	1
TCGA-12-1098	5	160569641	161044238	2	1
TCGA-12-1098	5	161044398	162657404	1	1
TCGA-12-1098	5	162660204	162916947	2	1
TCGA-12-1098	5	162922418	163197001	1	1
TCGA-12-1098	5	163204091	177648443	2	1
TCGA-12-1098	5	177649986	180790320	1	1
TCGA-12-1098	6	149661	63008596	1	0
TCGA-12-1098	6	63016735	69294401	1	1
TCGA-12-1098	6	69294485	69329134	2	0
TCGA-12-1098	6	69331143	72029691	1	0
TCGA-12-1098	6	72034046	72277456	1	1
TCGA-12-1098	6	72279647	81501490	1	0
TCGA-12-1098	6	81504236	81728782	1	1
TCGA-12-1098	6	81728808	85917522	1	0
TCGA-12-1098	6	85926386	86127718	1	1
TCGA-12-1098	6	86130128	120468039	1	0
TCGA-12-1098	6	120473634	121150879	1	1
TCGA-12-1098	6	121151328	125856971	1	0
TCGA-12-1098	6	125857426	126197049	1	1
TCGA-12-1098	6	126197923	128928630	1	0
TCGA-12-1098	6	128931706	171051005	1	1
TCGA-12-1098	7	43259	159127004	2	1
TCGA-12-1098	8	31254	42141385	1	0
TCGA-12-1098	8	42143007	146298155	1	1
TCGA-12-1098	9	46587	1663580	1	0
TCGA-12-1098	9	1664091	1892588	2	0
TCGA-12-1098	9	1892656	2923452	1	0
TCGA-12-1098	9	2928809	3075069	3	0
TCGA-12-1098	9	3076234	5870987	1	0
TCGA-12-1098	9	5871774	5930506	3	0
TCGA-12-1098	9	5931790	6600789	1	0
TCGA-12-1098	9	6602066	6956245	3	0
TCGA-12-1098	9	6956720	7000438	1	0
TCGA-12-1098	9	7002389	7196173	3	0
TCGA-12-1098	9	7199917	7892157	1	0
TCGA-12-1098	9	7897865	8456724	3	0
TCGA-12-1098	9	8458811	11276796	1	0
TCGA-12-1098	9	11281192	11378564	3	0
TCGA-12-1098	9	11378699	11518640	1	0
TCGA-12-1098	9	11519008	19529532	3	0
TCGA-12-1098	9	19530883	22082581	1	0
TCGA-12-1098	9	22086840	23099502	0	0
TCGA-12-1098	9	23111314	27199928	2	0
TCGA-12-1098	9	27200266	27640054	2	1
TCGA-12-1098	9	27641463	28126765	3	1
TCGA-12-1098	9	28127792	32396505	2	1
TCGA-12-1098	9	32397152	37737059	3	1
TCGA-12-1098	9	37743249	47217176	2	1
TCGA-12-1098	9	65616971	141091394	3	1
TCGA-12-1098	10	72759	36847847	1	0
TCGA-12-1098	10	36851094	120208608	1	1
TCGA-12-1098	10	120209352	135506704	1	0
TCGA-12-1098	11	198572	134913095	1	1
TCGA-12-1098	11	134921483	134944770	1	0
TCGA-12-1098	12	150442	133778189	2	1
TCGA-12-1098	13	19026949	115108397	1	1
TCGA-12-1098	14	19002124	107285437	1	1
TCGA-12-1098	15	20016328	100859569	1	1
TCGA-12-1098	15	100860309	102469040	1	0
TCGA-12-1098	16	60777	90287535	1	1
TCGA-12-1098	17	526	47107905	1	0
TCGA-12-1098	17	47112171	81049726	2	1
TCGA-12-1098	18	48133	61027309	1	1
TCGA-12-1098	18	61029511	61708564	1	0
TCGA-12-1098	18	61716353	62649948	1	1
TCGA-12-1098	18	62653186	63121815	1	0
TCGA-12-1098	18	63122038	64245496	1	1
TCGA-12-1098	18	64245718	71693422	1	0
TCGA-12-1098	18	71693583	72129534	1	1
TCGA-12-1098	18	72130431	74530943	1	0
TCGA-12-1098	18	74531093	74939105	1	1
TCGA-12-1098	18	74939705	75173821	1	0
TCGA-12-1098	18	75177715	75385199	2	1
TCGA-12-1098	18	75385228	75651854	1	0
TCGA-12-1098	18	75652876	77713432	1	1
TCGA-12-1098	18	77716624	78015057	1	0
TCGA-12-1098	19	90910	59097854	1	1
TCGA-12-1098	20	61305	56579137	1	1
TCGA-12-1098	20	56579699	60019937	1	0
TCGA-12-1098	20	60021798	62956153	1	1
TCGA-12-1098	21	10736871	48096957	1	1
TCGA-12-1098	22	16052528	47960118	1	1
TCGA-12-1098	22	47960151	51234455	1	0
TCGA-12-1098	X	168477	125812460	1	1
TCGA-12-1098	X	125814808	126175223	1	0
TCGA-12-1098	X	126176491	155233846	1	1
