sample	chr	startpos	endpos	nMajor	nMinor
TCGA-BP-4974	1	61735	18838322	2	2
TCGA-BP-4974	1	18839126	19049946	4	0
TCGA-BP-4974	1	19051404	57766386	2	2
TCGA-BP-4974	1	57767050	58102540	4	0
TCGA-BP-4974	1	58103010	69006454	2	2
TCGA-BP-4974	1	69007341	69924272	3	1
TCGA-BP-4974	1	69924565	88481774	2	2
TCGA-BP-4974	1	88482006	90065925	3	1
TCGA-BP-4974	1	90066052	92336084	2	2
TCGA-BP-4974	1	92337178	92505104	3	1
TCGA-BP-4974	1	92505696	110770594	2	2
TCGA-BP-4974	1	110775195	111155595	3	0
TCGA-BP-4974	1	111158530	112264808	2	2
TCGA-BP-4974	1	112266366	112478444	4	0
TCGA-BP-4974	1	112480536	117767918	2	2
TCGA-BP-4974	1	117769301	118226126	3	0
TCGA-BP-4974	1	118226518	147823776	2	2
TCGA-BP-4974	1	147824176	152028561	4	0
TCGA-BP-4974	1	152029707	158183129	3	1
TCGA-BP-4974	1	158183942	159515471	3	2
TCGA-BP-4974	1	159517379	161677350	2	2
TCGA-BP-4974	1	161677807	162210280	4	1
TCGA-BP-4974	1	162210610	175579024	2	2
TCGA-BP-4974	1	175579287	175839834	4	0
TCGA-BP-4974	1	175840317	185525592	2	2
TCGA-BP-4974	1	185525901	193550557	3	2
TCGA-BP-4974	1	193552084	193807356	5	0
TCGA-BP-4974	1	193808170	200148499	3	2
TCGA-BP-4974	1	200149495	227903359	2	2
TCGA-BP-4974	1	227907380	228641030	4	0
TCGA-BP-4974	1	228643071	249094966	2	2
TCGA-BP-4974	1	249096107	249224388	4	0
TCGA-BP-4974	2	12784	3695870	2	2
TCGA-BP-4974	2	3696636	3978793	3	1
TCGA-BP-4974	2	3979752	13132977	2	2
TCGA-BP-4974	2	13133366	14557090	3	1
TCGA-BP-4974	2	14557334	23531468	2	2
TCGA-BP-4974	2	23532208	23840037	3	0
TCGA-BP-4974	2	23840101	29197017	2	2
TCGA-BP-4974	2	29202386	30048342	3	0
TCGA-BP-4974	2	30048387	31608150	2	2
TCGA-BP-4974	2	31608917	32847060	4	0
TCGA-BP-4974	2	32848658	44347647	2	2
TCGA-BP-4974	2	44347935	47315482	3	1
TCGA-BP-4974	2	47315956	59021110	2	2
TCGA-BP-4974	2	59026052	59234869	3	1
TCGA-BP-4974	2	59235564	74336786	2	2
TCGA-BP-4974	2	74337039	75099237	4	0
TCGA-BP-4974	2	75099381	101997540	2	2
TCGA-BP-4974	2	101997738	103254682	3	1
TCGA-BP-4974	2	103254808	106807545	2	2
TCGA-BP-4974	2	106809447	107413548	3	1
TCGA-BP-4974	2	107415735	120485956	2	2
TCGA-BP-4974	2	120487029	121380247	3	0
TCGA-BP-4974	2	121380361	129147395	2	2
TCGA-BP-4974	2	129149370	129539830	3	0
TCGA-BP-4974	2	129541115	140002855	2	2
TCGA-BP-4974	2	140003570	140604032	3	1
TCGA-BP-4974	2	140605034	149268503	2	2
TCGA-BP-4974	2	149269692	150468553	4	0
TCGA-BP-4974	2	150473263	165524835	2	2
TCGA-BP-4974	2	165525147	166422984	3	1
TCGA-BP-4974	2	166424312	219693766	2	2
TCGA-BP-4974	2	219693856	220632243	3	0
TCGA-BP-4974	2	220632401	224933383	2	2
TCGA-BP-4974	2	224935917	225855086	3	1
TCGA-BP-4974	2	225857707	232154461	2	2
TCGA-BP-4974	2	232154718	232456176	3	0
TCGA-BP-4974	2	232457857	238769680	2	2
TCGA-BP-4974	2	238769861	239524598	4	0
TCGA-BP-4974	2	239525212	243089456	2	2
TCGA-BP-4974	3	60345	81212730	2	1
TCGA-BP-4974	3	81214825	82647592	3	1
TCGA-BP-4974	3	82647990	99049967	2	2
TCGA-BP-4974	3	99051153	99263835	3	1
TCGA-BP-4974	3	99269031	107856619	2	2
TCGA-BP-4974	3	107856822	107912197	4	1
TCGA-BP-4974	3	107912713	110506894	2	2
TCGA-BP-4974	3	110510529	110934582	4	0
TCGA-BP-4974	3	110934660	127621415	2	2
TCGA-BP-4974	3	127621778	128116243	4	0
TCGA-BP-4974	3	128119415	128524793	2	2
TCGA-BP-4974	3	128525003	129704398	4	0
TCGA-BP-4974	3	129704470	133724886	2	2
TCGA-BP-4974	3	133725200	134583292	3	1
TCGA-BP-4974	3	134585642	139935751	2	2
TCGA-BP-4974	3	139935777	140239808	3	1
TCGA-BP-4974	3	140241720	141061415	2	2
TCGA-BP-4974	3	141061438	141425465	4	0
TCGA-BP-4974	3	141426135	157171200	2	2
TCGA-BP-4974	3	157172112	158937938	3	1
TCGA-BP-4974	3	158941021	160499523	2	2
TCGA-BP-4974	3	160502258	161521363	4	0
TCGA-BP-4974	3	161525713	165416993	2	2
TCGA-BP-4974	3	165422825	165828416	4	1
TCGA-BP-4974	3	165830972	170378451	2	2
TCGA-BP-4974	3	170386770	170808638	3	0
TCGA-BP-4974	3	170811355	182398085	2	2
TCGA-BP-4974	3	182398410	183111423	3	1
TCGA-BP-4974	3	183112220	197896118	2	2
TCGA-BP-4974	4	12281	8263498	2	1
TCGA-BP-4974	4	8265516	10018153	3	0
TCGA-BP-4974	4	10021404	12945048	3	1
TCGA-BP-4974	4	12946667	23034054	2	1
TCGA-BP-4974	4	23036522	37359812	2	2
TCGA-BP-4974	4	37360505	37467084	3	0
TCGA-BP-4974	4	37468017	47757178	2	1
TCGA-BP-4974	4	47764293	48068826	3	0
TCGA-BP-4974	4	48069907	108851995	2	1
TCGA-BP-4974	4	108858589	109009655	4	0
TCGA-BP-4974	4	109009696	128535870	2	1
TCGA-BP-4974	4	128538199	129414681	3	0
TCGA-BP-4974	4	129415984	139253139	2	2
TCGA-BP-4974	4	139253392	143941858	2	1
TCGA-BP-4974	4	143942208	157842159	2	2
TCGA-BP-4974	4	157842396	158379103	4	1
TCGA-BP-4974	4	158379120	187979306	2	2
TCGA-BP-4974	4	187979712	188217088	4	0
TCGA-BP-4974	4	188219244	190726783	2	2
TCGA-BP-4974	4	190726865	191027923	4	0
TCGA-BP-4974	5	15532	4299686	3	1
TCGA-BP-4974	5	4303898	7795485	2	2
TCGA-BP-4974	5	7796277	8035272	4	0
TCGA-BP-4974	5	8035843	31193054	2	2
TCGA-BP-4974	5	31199923	32629361	3	1
TCGA-BP-4974	5	32629419	33107961	2	2
TCGA-BP-4974	5	33109177	37923866	3	1
TCGA-BP-4974	5	37925239	38076684	4	0
TCGA-BP-4974	5	38079458	56916436	2	2
TCGA-BP-4974	5	56916877	57015008	3	0
TCGA-BP-4974	5	57018360	71750605	2	2
TCGA-BP-4974	5	71754962	72068069	4	0
TCGA-BP-4974	5	72068085	73386824	3	1
TCGA-BP-4974	5	73390141	95231115	2	2
TCGA-BP-4974	5	95232324	95726158	3	0
TCGA-BP-4974	5	95727372	125233605	2	2
TCGA-BP-4974	5	125236964	134992005	3	1
TCGA-BP-4974	5	134992153	136606375	4	1
TCGA-BP-4974	5	136608677	167367057	3	2
TCGA-BP-4974	5	167370263	179861507	3	1
TCGA-BP-4974	5	179861583	180790320	4	1
TCGA-BP-4974	6	149661	29338170	2	2
TCGA-BP-4974	6	29342236	45488292	2	1
TCGA-BP-4974	6	45488758	47627655	2	2
TCGA-BP-4974	6	47631622	47887755	3	1
TCGA-BP-4974	6	47888350	66451417	2	2
TCGA-BP-4974	6	66451476	66826538	3	1
TCGA-BP-4974	6	66826583	75313207	2	2
TCGA-BP-4974	6	75314119	76517076	3	1
TCGA-BP-4974	6	76517918	77136629	4	0
TCGA-BP-4974	6	77137927	83954372	2	2
TCGA-BP-4974	6	83955763	84706682	3	0
TCGA-BP-4974	6	84711056	87160891	2	1
TCGA-BP-4974	6	87160990	88324057	3	0
TCGA-BP-4974	6	88327108	97204663	2	2
TCGA-BP-4974	6	97205209	97622407	3	1
TCGA-BP-4974	6	97622500	107808202	2	2
TCGA-BP-4974	6	107822074	109611246	3	1
TCGA-BP-4974	6	109613564	119061163	2	2
TCGA-BP-4974	6	119064836	119377807	3	0
TCGA-BP-4974	6	119378069	158489863	2	2
TCGA-BP-4974	6	158494568	159776927	3	1
TCGA-BP-4974	6	159778794	166291287	2	2
TCGA-BP-4974	6	166291344	171051005	3	1
TCGA-BP-4974	7	43259	6734943	2	2
TCGA-BP-4974	7	6738483	7196061	3	0
TCGA-BP-4974	7	7196272	11754092	2	2
TCGA-BP-4974	7	11754881	12032301	3	1
TCGA-BP-4974	7	12032822	22159182	2	2
TCGA-BP-4974	7	22159571	22526550	3	1
TCGA-BP-4974	7	22526636	30571093	2	2
TCGA-BP-4974	7	30573292	31160056	3	1
TCGA-BP-4974	7	31160198	32248910	2	2
TCGA-BP-4974	7	32249448	32629579	4	0
TCGA-BP-4974	7	32629640	38352019	2	2
TCGA-BP-4974	7	38352145	38557432	4	0
TCGA-BP-4974	7	38557544	56831133	2	2
TCGA-BP-4974	7	56833052	63442188	4	0
TCGA-BP-4974	7	63442266	70088113	3	1
TCGA-BP-4974	7	70088656	86628526	2	2
TCGA-BP-4974	7	86629651	87793406	4	0
TCGA-BP-4974	7	87796266	107470838	2	2
TCGA-BP-4974	7	107471103	107742929	4	0
TCGA-BP-4974	7	107743409	140284325	2	2
TCGA-BP-4974	7	140287326	140964275	4	0
TCGA-BP-4974	7	140964847	154015020	2	2
TCGA-BP-4974	7	154015635	154739217	3	1
TCGA-BP-4974	7	154739268	159127004	2	2
TCGA-BP-4974	8	31254	6608117	3	2
TCGA-BP-4974	8	6608289	6684464	3	0
TCGA-BP-4974	8	6684819	30059318	2	2
TCGA-BP-4974	8	30059543	30230387	4	0
TCGA-BP-4974	8	30234296	41390513	2	2
TCGA-BP-4974	8	41391133	43410496	3	1
TCGA-BP-4974	8	43413955	49136171	4	0
TCGA-BP-4974	8	49137947	67503157	2	2
TCGA-BP-4974	8	67503695	68687138	4	0
TCGA-BP-4974	8	68687205	73728478	2	2
TCGA-BP-4974	8	73730013	74029377	3	1
TCGA-BP-4974	8	74030314	89928926	2	2
TCGA-BP-4974	8	89928942	91808971	3	1
TCGA-BP-4974	8	91817251	125603597	2	2
TCGA-BP-4974	8	125604564	125691291	4	0
TCGA-BP-4974	8	125692355	142503593	2	2
TCGA-BP-4974	8	142503617	142877785	4	0
TCGA-BP-4974	8	142878259	146298155	2	2
TCGA-BP-4974	9	46587	1524186	2	2
TCGA-BP-4974	9	1524247	2148966	3	1
TCGA-BP-4974	9	2149934	20334347	2	2
TCGA-BP-4974	9	20336223	21054987	3	1
TCGA-BP-4974	9	21055413	37828492	2	2
TCGA-BP-4974	9	37829130	38293148	4	0
TCGA-BP-4974	9	38293706	47217176	3	1
TCGA-BP-4974	9	65616971	80718109	2	2
TCGA-BP-4974	9	80718738	81018312	3	0
TCGA-BP-4974	9	81019406	86954132	2	2
TCGA-BP-4974	9	86955682	87227029	4	0
TCGA-BP-4974	9	87229223	130787213	2	2
TCGA-BP-4974	9	130787881	132196531	3	0
TCGA-BP-4974	9	132196706	141091394	2	2
TCGA-BP-4974	10	72759	24597092	2	2
TCGA-BP-4974	10	24598240	25450579	3	1
TCGA-BP-4974	10	25454750	30467805	2	2
TCGA-BP-4974	10	30468240	30789588	4	0
TCGA-BP-4974	10	30790080	44954349	2	2
TCGA-BP-4974	10	44955820	45366907	3	1
TCGA-BP-4974	10	45367816	53480390	2	2
TCGA-BP-4974	10	53480628	53713806	3	1
TCGA-BP-4974	10	53714391	71446561	2	2
TCGA-BP-4974	10	71447826	71638994	3	0
TCGA-BP-4974	10	71640491	85060471	2	2
TCGA-BP-4974	10	85061643	85842047	3	1
TCGA-BP-4974	10	85844192	135282201	2	2
TCGA-BP-4974	10	135284098	135373591	2	1
TCGA-BP-4974	10	135375200	135506704	2	2
TCGA-BP-4974	11	198572	4666074	3	1
TCGA-BP-4974	11	4666172	16797768	2	2
TCGA-BP-4974	11	16798396	17562113	3	1
TCGA-BP-4974	11	17562722	45378057	2	2
TCGA-BP-4974	11	45378483	47306493	3	0
TCGA-BP-4974	11	47306585	56042980	2	2
TCGA-BP-4974	11	56043087	57082413	3	1
TCGA-BP-4974	11	57082896	63160323	2	2
TCGA-BP-4974	11	63163220	66287383	3	0
TCGA-BP-4974	11	66288076	76019031	2	2
TCGA-BP-4974	11	76020493	76943969	4	0
TCGA-BP-4974	11	76944049	79226236	2	2
TCGA-BP-4974	11	79226297	79473438	3	0
TCGA-BP-4974	11	79474160	84575373	2	2
TCGA-BP-4974	11	84575387	85348445	4	0
TCGA-BP-4974	11	85348795	91816343	2	2
TCGA-BP-4974	11	91816603	92002443	3	1
TCGA-BP-4974	11	92004215	112742191	2	2
TCGA-BP-4974	11	112754174	112948123	3	0
TCGA-BP-4974	11	112948306	131954147	2	2
TCGA-BP-4974	11	131954335	132625614	4	1
TCGA-BP-4974	11	132625666	134944770	2	2
TCGA-BP-4974	12	150442	2576173	2	2
TCGA-BP-4974	12	2578267	2981965	3	0
TCGA-BP-4974	12	2984833	11266831	2	2
TCGA-BP-4974	12	11267707	14662190	3	1
TCGA-BP-4974	12	14662855	32531757	2	2
TCGA-BP-4974	12	32531972	32934574	4	0
TCGA-BP-4974	12	32936836	51238448	2	2
TCGA-BP-4974	12	51239247	56044416	3	1
TCGA-BP-4974	12	56044859	56815476	3	0
TCGA-BP-4974	12	56815922	87786579	2	2
TCGA-BP-4974	12	87786637	89828591	3	1
TCGA-BP-4974	12	89830117	93864400	2	2
TCGA-BP-4974	12	93864450	94226571	3	1
TCGA-BP-4974	12	94227001	106657312	2	2
TCGA-BP-4974	12	106660021	107532255	4	0
TCGA-BP-4974	12	107536076	111272487	2	2
TCGA-BP-4974	12	111272553	113019594	4	0
TCGA-BP-4974	12	113025661	120995395	2	2
TCGA-BP-4974	12	120999127	122416633	4	0
TCGA-BP-4974	12	122417080	128230197	2	2
TCGA-BP-4974	12	128230496	128474594	4	0
TCGA-BP-4974	12	128474697	133778189	2	2
TCGA-BP-4974	13	19026949	21038752	2	2
TCGA-BP-4974	13	21038904	22321653	4	0
TCGA-BP-4974	13	22321690	23135150	3	1
TCGA-BP-4974	13	23135814	72476988	2	2
TCGA-BP-4974	13	72477555	73448482	3	1
TCGA-BP-4974	13	73448857	76017101	2	2
TCGA-BP-4974	13	76018807	76748033	3	1
TCGA-BP-4974	13	76749769	77543955	2	2
TCGA-BP-4974	13	77545059	78659380	3	1
TCGA-BP-4974	13	78660004	115108397	2	2
TCGA-BP-4974	14	19002124	76951278	2	2
TCGA-BP-4974	14	76952537	77595789	3	0
TCGA-BP-4974	14	77596398	107285437	2	2
TCGA-BP-4974	15	20016328	39654025	2	2
TCGA-BP-4974	15	39654577	43471008	3	1
TCGA-BP-4974	15	43473153	45540431	3	0
TCGA-BP-4974	15	45542312	53376682	2	2
TCGA-BP-4974	15	53376870	53612177	3	1
TCGA-BP-4974	15	53612495	69412018	2	2
TCGA-BP-4974	15	69413196	69943468	4	0
TCGA-BP-4974	15	69945879	72115051	3	1
TCGA-BP-4974	15	72115230	73024380	4	0
TCGA-BP-4974	15	73024636	79880077	2	2
TCGA-BP-4974	15	79883153	80033765	4	0
TCGA-BP-4974	15	80033870	88822562	2	2
TCGA-BP-4974	15	88822674	90968231	3	1
TCGA-BP-4974	15	90968977	102469040	2	2
TCGA-BP-4974	16	60777	25097591	2	2
TCGA-BP-4974	16	25098676	25362209	4	0
TCGA-BP-4974	16	25362894	31656578	2	2
TCGA-BP-4974	16	31657597	35283226	4	0
TCGA-BP-4974	16	46463782	60665133	2	2
TCGA-BP-4974	16	60665240	61060659	3	1
TCGA-BP-4974	16	61061694	74976486	2	2
TCGA-BP-4974	16	74977870	75710529	4	0
TCGA-BP-4974	16	75714499	90287535	2	2
TCGA-BP-4974	17	526	36065495	2	2
TCGA-BP-4974	17	36067425	50257626	3	1
TCGA-BP-4974	17	50257928	53633552	2	2
TCGA-BP-4974	17	53636119	59538663	3	1
TCGA-BP-4974	17	59543727	81049726	2	2
TCGA-BP-4974	18	48133	4001972	3	1
TCGA-BP-4974	18	4002200	11668971	2	2
TCGA-BP-4974	18	11670362	20655272	3	1
TCGA-BP-4974	18	20658245	21253388	3	0
TCGA-BP-4974	18	21257495	36504999	2	2
TCGA-BP-4974	18	36505247	36997886	3	1
TCGA-BP-4974	18	36997949	39569958	2	2
TCGA-BP-4974	18	39572258	40319736	3	1
TCGA-BP-4974	18	40319974	49012920	2	2
TCGA-BP-4974	18	49014543	49652418	4	0
TCGA-BP-4974	18	49659181	50356422	2	2
TCGA-BP-4974	18	50357064	50623640	4	0
TCGA-BP-4974	18	50625741	54976102	2	2
TCGA-BP-4974	18	54977254	55326920	3	0
TCGA-BP-4974	18	55327300	60083218	2	2
TCGA-BP-4974	18	60087078	61814592	3	1
TCGA-BP-4974	18	61819613	66881479	2	2
TCGA-BP-4974	18	66883245	67196218	3	1
TCGA-BP-4974	18	67196340	78015057	2	2
TCGA-BP-4974	19	90910	15505057	2	2
TCGA-BP-4974	19	15505702	19377063	3	1
TCGA-BP-4974	19	19377522	22666145	2	2
TCGA-BP-4974	19	22667560	23657987	4	0
TCGA-BP-4974	19	23658245	29928712	2	2
TCGA-BP-4974	19	29929061	30067812	3	0
TCGA-BP-4974	19	30067853	40428138	2	2
TCGA-BP-4974	19	40429597	40992943	4	0
TCGA-BP-4974	19	40996491	59097854	2	2
TCGA-BP-4974	20	61305	29843878	2	2
TCGA-BP-4974	20	29843973	30568563	4	0
TCGA-BP-4974	20	30569865	36716775	3	1
TCGA-BP-4974	20	36716942	62956153	2	2
TCGA-BP-4974	21	10736871	30813000	2	2
TCGA-BP-4974	21	30814944	30977555	4	0
TCGA-BP-4974	21	30979185	48096957	2	2
TCGA-BP-4974	22	16052528	51234455	2	2
TCGA-BP-4974	X	168477	537198	2	1
TCGA-BP-4974	X	539358	679521	3	2
TCGA-BP-4974	X	679597	1020245	2	2
TCGA-BP-4974	X	1020450	1794333	3	2
TCGA-BP-4974	X	1797545	2330125	2	2
TCGA-BP-4974	X	2347088	2545593	3	2
TCGA-BP-4974	X	2545903	2632482	3	1
TCGA-BP-4974	X	2632822	2674276	4	0
TCGA-BP-4974	X	2677162	2712915	3	0
TCGA-BP-4974	X	2713139	155233846	2	0
