sample	chr	startpos	endpos	nMajor	nMinor
TCGA-YG-AA3P	1	61735	121482979	2	1
TCGA-YG-AA3P	1	144007049	249224388	3	1
TCGA-YG-AA3P	2	12784	98449182	2	1
TCGA-YG-AA3P	2	98456616	123431631	1	1
TCGA-YG-AA3P	2	123431656	123900537	2	1
TCGA-YG-AA3P	2	123903650	143415231	1	1
TCGA-YG-AA3P	2	143415668	152170547	2	1
TCGA-YG-AA3P	2	152182094	172491811	1	1
TCGA-YG-AA3P	2	172494067	173671989	2	1
TCGA-YG-AA3P	2	173672217	229618184	1	1
TCGA-YG-AA3P	2	229626575	229743996	1	0
TCGA-YG-AA3P	2	229744934	243089456	1	1
TCGA-YG-AA3P	3	60345	116404498	1	1
TCGA-YG-AA3P	3	116406199	116504301	2	1
TCGA-YG-AA3P	3	116504866	197896118	1	1
TCGA-YG-AA3P	4	12281	191027923	2	2
TCGA-YG-AA3P	5	15532	44636366	4	1
TCGA-YG-AA3P	5	44638119	180790320	3	2
TCGA-YG-AA3P	6	149661	63871248	5	2
TCGA-YG-AA3P	6	63875254	65032120	19	2
TCGA-YG-AA3P	6	65032828	66192553	30	2
TCGA-YG-AA3P	6	66199767	66855340	19	1
TCGA-YG-AA3P	6	66856353	68329283	43	2
TCGA-YG-AA3P	6	68332261	156293797	2	0
TCGA-YG-AA3P	6	156294343	171051005	3	0
TCGA-YG-AA3P	7	43259	159127004	4	2
TCGA-YG-AA3P	8	31254	3678152	2	0
TCGA-YG-AA3P	8	3679504	3986294	2	2
TCGA-YG-AA3P	8	3987971	6909634	2	0
TCGA-YG-AA3P	8	6909825	13107591	1	1
TCGA-YG-AA3P	8	13107650	16738927	2	0
TCGA-YG-AA3P	8	16743181	16939331	3	2
TCGA-YG-AA3P	8	16942537	35722683	2	0
TCGA-YG-AA3P	8	35728334	36158985	3	1
TCGA-YG-AA3P	8	36159390	41611794	2	0
TCGA-YG-AA3P	8	41613496	43786802	2	2
TCGA-YG-AA3P	8	43824048	81879665	5	2
TCGA-YG-AA3P	8	81880096	82260483	7	2
TCGA-YG-AA3P	8	82261075	94165604	5	2
TCGA-YG-AA3P	8	94166111	139674399	10	2
TCGA-YG-AA3P	8	139674623	146298155	9	2
TCGA-YG-AA3P	9	46587	5277473	2	2
TCGA-YG-AA3P	9	5284123	8751968	3	1
TCGA-YG-AA3P	9	8751985	74098834	2	2
TCGA-YG-AA3P	9	74101003	74804044	9	2
TCGA-YG-AA3P	9	74810060	82454849	2	2
TCGA-YG-AA3P	9	82455997	82759818	9	2
TCGA-YG-AA3P	9	82760254	141091394	2	2
TCGA-YG-AA3P	10	72759	9561339	3	0
TCGA-YG-AA3P	10	9575329	11674966	3	2
TCGA-YG-AA3P	10	11682355	27002797	3	0
TCGA-YG-AA3P	10	27004841	27660353	3	2
TCGA-YG-AA3P	10	27663604	38944217	3	0
TCGA-YG-AA3P	10	38944418	53838761	2	1
TCGA-YG-AA3P	10	53839712	53941075	1	0
TCGA-YG-AA3P	10	53943169	135506704	2	1
TCGA-YG-AA3P	11	198572	38457948	2	2
TCGA-YG-AA3P	11	38457984	47718786	2	1
TCGA-YG-AA3P	11	47720053	48144345	2	0
TCGA-YG-AA3P	11	48144970	51563636	2	2
TCGA-YG-AA3P	11	51564171	56189364	2	0
TCGA-YG-AA3P	11	56190148	56841658	2	2
TCGA-YG-AA3P	11	56845938	56941297	8	3
TCGA-YG-AA3P	11	56941703	57513791	3	2
TCGA-YG-AA3P	11	57514713	58244334	9	2
TCGA-YG-AA3P	11	58249261	66378200	2	0
TCGA-YG-AA3P	11	66381884	66666817	10	1
TCGA-YG-AA3P	11	66673079	67256369	3	1
TCGA-YG-AA3P	11	67256501	67423892	7	4
TCGA-YG-AA3P	11	67423921	68087995	4	2
TCGA-YG-AA3P	11	68088831	69256899	6	2
TCGA-YG-AA3P	11	69261207	69400217	3	2
TCGA-YG-AA3P	11	69405608	69446913	9	8
TCGA-YG-AA3P	11	69447078	69827906	2	2
TCGA-YG-AA3P	11	69828594	70170992	16	2
TCGA-YG-AA3P	11	70171624	70249187	3	1
TCGA-YG-AA3P	11	70251812	70506836	6	2
TCGA-YG-AA3P	11	70511624	70807361	2	1
TCGA-YG-AA3P	11	70807773	72982993	2	0
TCGA-YG-AA3P	11	72984030	74047264	8	2
TCGA-YG-AA3P	11	74048401	74098783	2	0
TCGA-YG-AA3P	11	74114801	74174964	6	2
TCGA-YG-AA3P	11	74175202	74375475	2	0
TCGA-YG-AA3P	11	74375667	74781124	9	2
TCGA-YG-AA3P	11	74781671	74791761	3	0
TCGA-YG-AA3P	11	74793173	74971747	2	0
TCGA-YG-AA3P	11	74977067	75175893	6	2
TCGA-YG-AA3P	11	75178249	75475662	2	0
TCGA-YG-AA3P	11	75478614	75580555	9	2
TCGA-YG-AA3P	11	75587469	75878609	2	0
TCGA-YG-AA3P	11	75884832	75957985	3	1
TCGA-YG-AA3P	11	75958743	76291625	7	1
TCGA-YG-AA3P	11	76301316	76448553	4	2
TCGA-YG-AA3P	11	76450908	76960410	12	2
TCGA-YG-AA3P	11	76961795	78259588	44	2
TCGA-YG-AA3P	11	78262532	128349430	2	0
TCGA-YG-AA3P	11	128350653	128376122	0	0
TCGA-YG-AA3P	11	128378911	134944770	2	0
TCGA-YG-AA3P	12	150442	24701866	3	3
TCGA-YG-AA3P	12	24704498	25757682	7	3
TCGA-YG-AA3P	12	25767170	34854498	4	3
TCGA-YG-AA3P	12	37857751	133778189	3	1
TCGA-YG-AA3P	13	19026949	115108397	2	1
TCGA-YG-AA3P	14	19002124	36455600	2	0
TCGA-YG-AA3P	14	36458204	37229256	2	1
TCGA-YG-AA3P	14	37229817	37319638	3	2
TCGA-YG-AA3P	14	37319718	39191354	2	1
TCGA-YG-AA3P	14	39191388	39390264	3	2
TCGA-YG-AA3P	14	39396637	39551509	2	0
TCGA-YG-AA3P	14	39553063	41810830	2	2
TCGA-YG-AA3P	14	41810988	42742192	4	2
TCGA-YG-AA3P	14	42743101	43076214	2	1
TCGA-YG-AA3P	14	43083557	45595750	2	2
TCGA-YG-AA3P	14	45600467	46586533	5	2
TCGA-YG-AA3P	14	46590910	47156923	3	2
TCGA-YG-AA3P	14	47160489	48877793	2	0
TCGA-YG-AA3P	14	48878159	50446617	2	1
TCGA-YG-AA3P	14	50448719	56695317	2	0
TCGA-YG-AA3P	14	56696472	107285437	2	2
TCGA-YG-AA3P	15	20016328	33345813	2	2
TCGA-YG-AA3P	15	33348748	33520053	3	2
TCGA-YG-AA3P	15	33521422	85644921	2	2
TCGA-YG-AA3P	15	85647210	86962224	4	2
TCGA-YG-AA3P	15	86964503	102469040	2	2
TCGA-YG-AA3P	16	60777	34202742	2	1
TCGA-YG-AA3P	16	34203954	70842097	1	1
TCGA-YG-AA3P	16	70854381	71205194	2	1
TCGA-YG-AA3P	16	71205908	90287535	1	1
TCGA-YG-AA3P	17	526	25298311	2	2
TCGA-YG-AA3P	17	25301016	26462889	2	0
TCGA-YG-AA3P	17	26463596	27170786	3	1
TCGA-YG-AA3P	17	27182923	27350545	5	2
TCGA-YG-AA3P	17	27351097	31190616	2	0
TCGA-YG-AA3P	17	31195094	33846056	3	2
TCGA-YG-AA3P	17	33846417	36300607	2	0
TCGA-YG-AA3P	17	36410383	37551874	2	2
TCGA-YG-AA3P	17	37560740	40062876	2	0
TCGA-YG-AA3P	17	40064451	42773562	2	2
TCGA-YG-AA3P	17	42774693	46991995	2	0
TCGA-YG-AA3P	17	47000251	65996938	2	2
TCGA-YG-AA3P	17	66015963	67843700	2	1
TCGA-YG-AA3P	17	67845800	73444647	2	2
TCGA-YG-AA3P	17	73446891	75215486	2	1
TCGA-YG-AA3P	17	75217179	81049726	2	2
TCGA-YG-AA3P	18	48133	42726713	2	2
TCGA-YG-AA3P	18	42730838	42745814	1	1
TCGA-YG-AA3P	18	42751809	78015057	2	2
TCGA-YG-AA3P	19	90910	59097854	2	1
TCGA-YG-AA3P	20	61305	30168636	2	1
TCGA-YG-AA3P	20	30168740	32506444	4	2
TCGA-YG-AA3P	20	32506595	33192815	7	2
TCGA-YG-AA3P	20	33192996	37735006	4	2
TCGA-YG-AA3P	20	37742646	37875045	2	0
TCGA-YG-AA3P	20	37876434	38068654	4	2
TCGA-YG-AA3P	20	38070211	38304969	2	0
TCGA-YG-AA3P	20	38309046	39433039	2	2
TCGA-YG-AA3P	20	39434527	40616993	4	2
TCGA-YG-AA3P	20	40632225	40735138	2	0
TCGA-YG-AA3P	20	40735894	41268765	7	2
TCGA-YG-AA3P	20	41269306	41326279	2	0
TCGA-YG-AA3P	20	41329753	41337454	14	1
TCGA-YG-AA3P	20	41340860	41506444	15	1
TCGA-YG-AA3P	20	41506886	41712817	3	1
TCGA-YG-AA3P	20	41713839	41750644	2	0
TCGA-YG-AA3P	20	41751866	41773580	13	0
TCGA-YG-AA3P	20	41775371	43639392	2	0
TCGA-YG-AA3P	20	43641874	43800337	7	1
TCGA-YG-AA3P	20	43801865	44037342	4	2
TCGA-YG-AA3P	20	44040386	44072651	2	0
TCGA-YG-AA3P	20	44074932	44200295	2	1
TCGA-YG-AA3P	20	44201884	44227707	13	6
TCGA-YG-AA3P	20	44230292	44303311	14	7
TCGA-YG-AA3P	20	44303525	44361745	17	0
TCGA-YG-AA3P	20	44364020	44430483	2	0
TCGA-YG-AA3P	20	44431655	44518903	2	1
TCGA-YG-AA3P	20	44522005	44895467	5	2
TCGA-YG-AA3P	20	44895779	44939950	2	0
TCGA-YG-AA3P	20	44942005	45128833	4	1
TCGA-YG-AA3P	20	45133043	45143158	21	4
TCGA-YG-AA3P	20	45143453	45218433	13	2
TCGA-YG-AA3P	20	45225018	47678926	2	0
TCGA-YG-AA3P	20	47685981	48795171	4	2
TCGA-YG-AA3P	20	48795413	49400498	2	0
TCGA-YG-AA3P	20	49409504	50987391	2	2
TCGA-YG-AA3P	20	50987941	51303073	7	2
TCGA-YG-AA3P	20	51309344	51407393	2	0
TCGA-YG-AA3P	20	51412016	51557533	7	2
TCGA-YG-AA3P	20	51558452	51613433	2	0
TCGA-YG-AA3P	20	51621922	52685208	5	2
TCGA-YG-AA3P	20	52685241	52709132	2	0
TCGA-YG-AA3P	20	52711324	52817404	7	2
TCGA-YG-AA3P	20	52817810	53035986	2	0
TCGA-YG-AA3P	20	53038298	53498387	7	2
TCGA-YG-AA3P	20	53502749	54969732	2	0
TCGA-YG-AA3P	20	54972296	55254329	5	2
TCGA-YG-AA3P	20	55255054	55559391	2	0
TCGA-YG-AA3P	20	55562463	56771169	6	2
TCGA-YG-AA3P	20	56775131	60975864	2	2
TCGA-YG-AA3P	20	60975899	61421519	7	2
TCGA-YG-AA3P	20	61429144	61514374	2	2
TCGA-YG-AA3P	20	61516773	62187416	6	2
TCGA-YG-AA3P	20	62187642	62956153	4	2
TCGA-YG-AA3P	21	10736871	17181102	2	0
TCGA-YG-AA3P	21	17190409	18679664	2	1
TCGA-YG-AA3P	21	18679830	48096957	2	2
TCGA-YG-AA3P	22	16052528	48891856	2	2
TCGA-YG-AA3P	22	48892314	51234455	4	2
TCGA-YG-AA3P	X	168477	155233846	3	0
