sample	chr	startpos	endpos	nMajor	nMinor
TCGA-B0-4691	1	61735	5384328	1	1
TCGA-B0-4691	1	5384328	10193655	1	0
TCGA-B0-4691	1	10195970	249224388	1	1
TCGA-B0-4691	2	12784	242606036	1	1
TCGA-B0-4691	2	242612784	243089456	2	0
TCGA-B0-4691	3	60345	60741229	1	0
TCGA-B0-4691	3	60741303	197896118	1	1
TCGA-B0-4691	4	12281	65689558	1	1
TCGA-B0-4691	4	65689850	66805081	3	1
TCGA-B0-4691	4	66805499	191027923	1	1
TCGA-B0-4691	5	15532	105874875	1	1
TCGA-B0-4691	5	105881818	180790320	2	1
TCGA-B0-4691	6	149661	171051005	1	1
TCGA-B0-4691	7	43259	159127004	2	1
TCGA-B0-4691	8	31254	90717376	1	1
TCGA-B0-4691	8	90722592	90995019	1	0
TCGA-B0-4691	8	90995803	146298155	1	1
TCGA-B0-4691	9	46587	9662830	1	0
TCGA-B0-4691	9	9662940	10146471	0	0
TCGA-B0-4691	9	10146521	22003223	1	0
TCGA-B0-4691	9	22003260	22183162	0	0
TCGA-B0-4691	9	22190574	141091394	1	0
TCGA-B0-4691	10	72759	756887	2	0
TCGA-B0-4691	10	756996	135506704	1	1
TCGA-B0-4691	11	198572	134944770	1	1
TCGA-B0-4691	12	150442	133778189	2	1
TCGA-B0-4691	13	19026949	108896506	1	0
TCGA-B0-4691	13	108896751	115108397	1	1
TCGA-B0-4691	14	19002124	107285437	1	0
TCGA-B0-4691	15	20016328	95683390	1	1
TCGA-B0-4691	15	95683647	98683189	2	1
TCGA-B0-4691	15	98683360	102469040	1	1
TCGA-B0-4691	16	60777	90287535	1	1
TCGA-B0-4691	17	526	81049726	1	1
TCGA-B0-4691	18	48133	78015057	1	1
TCGA-B0-4691	19	90910	59097854	1	1
TCGA-B0-4691	20	61305	62956153	1	1
TCGA-B0-4691	21	10736871	48096957	1	1
TCGA-B0-4691	22	16052528	51234455	1	1
TCGA-B0-4691	X	168477	2703391	1	1
TCGA-B0-4691	X	2703633	155233846	1	0
