sample	chr	startpos	endpos	nMajor	nMinor
TCGA-78-7155	1	61735	5192703	5	1
TCGA-78-7155	1	5192749	18244707	4	1
TCGA-78-7155	1	18246140	18756580	3	1
TCGA-78-7155	1	18758186	102705645	2	1
TCGA-78-7155	1	102706476	182384250	1	1
TCGA-78-7155	1	182386310	189347039	3	1
TCGA-78-7155	1	189347154	191728450	2	1
TCGA-78-7155	1	191734279	193874709	4	1
TCGA-78-7155	1	193875277	211846984	2	1
TCGA-78-7155	1	211848035	243446867	2	0
TCGA-78-7155	1	243446994	245229309	3	0
TCGA-78-7155	1	245229730	249224388	2	0
TCGA-78-7155	2	12784	52583984	2	1
TCGA-78-7155	2	52584090	90116155	1	1
TCGA-78-7155	2	90116169	104434868	2	1
TCGA-78-7155	2	104436568	104841536	3	1
TCGA-78-7155	2	104841582	106338222	5	1
TCGA-78-7155	2	106338636	109502144	4	1
TCGA-78-7155	2	109503862	113420201	3	1
TCGA-78-7155	2	113421596	114552754	2	1
TCGA-78-7155	2	114553678	115095148	1	1
TCGA-78-7155	2	115095801	115512830	2	1
TCGA-78-7155	2	115513500	116174484	4	1
TCGA-78-7155	2	116175152	117234730	5	1
TCGA-78-7155	2	117235083	120938032	4	1
TCGA-78-7155	2	120938494	128292500	3	1
TCGA-78-7155	2	128295332	157818679	2	1
TCGA-78-7155	2	157825730	168353363	1	1
TCGA-78-7155	2	168355921	168512486	2	1
TCGA-78-7155	2	168512881	231880308	1	1
TCGA-78-7155	2	231881049	241092990	2	1
TCGA-78-7155	2	241093974	243089456	1	1
TCGA-78-7155	3	60345	1090551	2	0
TCGA-78-7155	3	1090602	48032413	3	0
TCGA-78-7155	3	48037043	63084171	2	0
TCGA-78-7155	3	63086071	65793323	3	0
TCGA-78-7155	3	65794968	93519478	2	0
TCGA-78-7155	3	93520016	118471212	2	1
TCGA-78-7155	3	118479483	119554458	4	1
TCGA-78-7155	3	119559762	135558857	2	1
TCGA-78-7155	3	135560653	135621278	1	0
TCGA-78-7155	3	135625498	165950339	2	1
TCGA-78-7155	3	165950464	166950621	4	1
TCGA-78-7155	3	166951314	174697959	2	1
TCGA-78-7155	3	174699255	175080592	4	1
TCGA-78-7155	3	175080611	197210669	2	1
TCGA-78-7155	3	197211135	197896118	1	1
TCGA-78-7155	4	12281	2210179	2	1
TCGA-78-7155	4	2211995	2883951	2	0
TCGA-78-7155	4	2888441	6969727	2	1
TCGA-78-7155	4	6971073	7467316	2	2
TCGA-78-7155	4	7470038	44889517	2	1
TCGA-78-7155	4	44891709	46129682	1	1
TCGA-78-7155	4	46130702	53351414	2	1
TCGA-78-7155	4	53351653	76899499	1	1
TCGA-78-7155	4	76902542	77424223	2	1
TCGA-78-7155	4	77424258	158903735	1	1
TCGA-78-7155	4	158904295	159175475	2	1
TCGA-78-7155	4	159180455	164276613	1	1
TCGA-78-7155	4	164277270	171924714	1	0
TCGA-78-7155	4	171931201	172674844	2	1
TCGA-78-7155	4	172686832	179326421	1	0
TCGA-78-7155	4	179326526	179584474	0	0
TCGA-78-7155	4	179591918	191027923	1	0
TCGA-78-7155	5	15532	4674762	3	2
TCGA-78-7155	5	4674868	5919493	2	2
TCGA-78-7155	5	5920745	7565466	2	1
TCGA-78-7155	5	7569099	11601003	2	2
TCGA-78-7155	5	11604986	13032211	3	2
TCGA-78-7155	5	13032487	13559762	5	2
TCGA-78-7155	5	13559904	20500606	3	3
TCGA-78-7155	5	20500733	20691444	6	4
TCGA-78-7155	5	20695673	32496007	3	3
TCGA-78-7155	5	32497219	39379163	6	2
TCGA-78-7155	5	39380853	51366702	5	2
TCGA-78-7155	5	51368985	55438431	6	2
TCGA-78-7155	5	55438580	95966724	2	0
TCGA-78-7155	5	95969026	101020734	1	0
TCGA-78-7155	5	101023689	118785822	2	0
TCGA-78-7155	5	118787582	119072700	3	0
TCGA-78-7155	5	119075640	120732153	2	0
TCGA-78-7155	5	120732451	121112223	1	0
TCGA-78-7155	5	121118582	148606756	2	0
TCGA-78-7155	5	148608379	149232213	4	0
TCGA-78-7155	5	149233110	152489022	2	0
TCGA-78-7155	5	152489206	168288992	1	0
TCGA-78-7155	5	168290387	180790320	2	0
TCGA-78-7155	6	149661	6239212	3	1
TCGA-78-7155	6	6239659	6280288	1	0
TCGA-78-7155	6	6280839	12197001	3	1
TCGA-78-7155	6	12197213	12405828	3	2
TCGA-78-7155	6	12405906	19128247	3	1
TCGA-78-7155	6	19129678	20713706	3	3
TCGA-78-7155	6	20714321	22197470	3	1
TCGA-78-7155	6	22197588	23771276	3	3
TCGA-78-7155	6	23773342	26819913	3	2
TCGA-78-7155	6	26823026	37357104	3	1
TCGA-78-7155	6	37358022	38115346	3	2
TCGA-78-7155	6	38118778	38673822	3	1
TCGA-78-7155	6	38678719	40304703	3	2
TCGA-78-7155	6	40305093	41277041	3	1
TCGA-78-7155	6	41279161	54859707	2	1
TCGA-78-7155	6	54864756	62020400	3	2
TCGA-78-7155	6	62020474	75929448	2	1
TCGA-78-7155	6	75934073	157098147	2	0
TCGA-78-7155	6	157103621	157467157	1	0
TCGA-78-7155	6	157482222	171051005	2	0
TCGA-78-7155	7	43259	11683448	3	0
TCGA-78-7155	7	11684091	48809766	3	1
TCGA-78-7155	7	48810058	61888128	3	3
TCGA-78-7155	7	61987173	85444975	1	0
TCGA-78-7155	7	85444989	93174176	2	0
TCGA-78-7155	7	93174631	94136847	2	1
TCGA-78-7155	7	94137375	108064399	2	0
TCGA-78-7155	7	108064723	109177733	3	1
TCGA-78-7155	7	109178918	114055128	3	2
TCGA-78-7155	7	114056460	114601956	2	0
TCGA-78-7155	7	114606579	115270516	2	1
TCGA-78-7155	7	115270621	124960759	2	0
TCGA-78-7155	7	124962085	129832002	2	1
TCGA-78-7155	7	129834473	132596331	2	0
TCGA-78-7155	7	132596595	133441165	4	0
TCGA-78-7155	7	133441408	135385987	2	0
TCGA-78-7155	7	135386145	135977244	2	1
TCGA-78-7155	7	135977444	153351856	2	0
TCGA-78-7155	7	153353142	153414126	0	0
TCGA-78-7155	7	153419300	159127004	2	0
TCGA-78-7155	8	31254	5798721	1	0
TCGA-78-7155	8	5802074	5985703	2	0
TCGA-78-7155	8	5987056	22734176	1	0
TCGA-78-7155	8	22735672	22810498	2	0
TCGA-78-7155	8	22814637	36448257	1	0
TCGA-78-7155	8	36453853	40832857	2	1
TCGA-78-7155	8	40833250	49040410	3	1
TCGA-78-7155	8	49040836	49505731	2	1
TCGA-78-7155	8	49509249	49568772	1	0
TCGA-78-7155	8	49569002	66463444	2	1
TCGA-78-7155	8	66463673	69410557	4	1
TCGA-78-7155	8	69410725	69789810	1	0
TCGA-78-7155	8	69793219	72799804	3	1
TCGA-78-7155	8	72805884	77513548	1	1
TCGA-78-7155	8	77517191	81882044	2	1
TCGA-78-7155	8	81882850	101358268	1	1
TCGA-78-7155	8	101366389	105892704	6	1
TCGA-78-7155	8	105893692	114600517	1	1
TCGA-78-7155	8	114600884	120780500	2	1
TCGA-78-7155	8	120782863	122059049	1	1
TCGA-78-7155	8	122059475	123599769	2	1
TCGA-78-7155	8	123599935	125147393	1	1
TCGA-78-7155	8	125147518	125600818	2	1
TCGA-78-7155	8	125600917	125761165	1	1
TCGA-78-7155	8	125763884	129830095	2	1
TCGA-78-7155	8	129832156	146298155	1	1
TCGA-78-7155	9	46587	17198922	2	0
TCGA-78-7155	9	17200328	17450247	0	0
TCGA-78-7155	9	17459626	17894272	2	0
TCGA-78-7155	9	17895105	18009855	4	0
TCGA-78-7155	9	18010485	24587881	2	0
TCGA-78-7155	9	24593978	25672102	2	1
TCGA-78-7155	9	25672341	31634503	1	1
TCGA-78-7155	9	31635015	47217176	2	1
TCGA-78-7155	9	65616971	119154616	2	0
TCGA-78-7155	9	119156770	119279020	4	0
TCGA-78-7155	9	119284614	141091394	2	0
TCGA-78-7155	10	72759	11939481	2	0
TCGA-78-7155	10	11943647	25914366	3	0
TCGA-78-7155	10	25914907	30335122	3	1
TCGA-78-7155	10	30335520	32242660	2	1
TCGA-78-7155	10	32246343	38968743	3	1
TCGA-78-7155	10	38968811	51903768	2	1
TCGA-78-7155	10	51910598	115064197	2	0
TCGA-78-7155	10	115065229	116970460	3	0
TCGA-78-7155	10	116970769	135506704	2	0
TCGA-78-7155	11	198572	48807271	2	0
TCGA-78-7155	11	48807327	118375646	2	1
TCGA-78-7155	11	118375774	134944770	2	2
TCGA-78-7155	12	150442	17996755	2	0
TCGA-78-7155	12	17997861	18014619	3	0
TCGA-78-7155	12	18016357	20568322	3	2
TCGA-78-7155	12	20568884	34759583	2	1
TCGA-78-7155	12	34760331	133778189	2	0
TCGA-78-7155	13	19026949	49771225	1	0
TCGA-78-7155	13	49771984	51094141	2	1
TCGA-78-7155	13	51096095	51589792	3	1
TCGA-78-7155	13	51590411	53409394	2	1
TCGA-78-7155	13	53409474	65907998	1	0
TCGA-78-7155	13	65912181	115108397	2	1
TCGA-78-7155	14	19002124	20422254	3	1
TCGA-78-7155	14	20422583	21848141	2	0
TCGA-78-7155	14	21848171	22605746	3	0
TCGA-78-7155	14	22605884	25098192	2	0
TCGA-78-7155	14	25100882	25456496	7	1
TCGA-78-7155	14	25461233	25938775	2	2
TCGA-78-7155	14	25939274	27311825	6	2
TCGA-78-7155	14	27313976	28688950	2	2
TCGA-78-7155	14	28689780	29679145	2	0
TCGA-78-7155	14	29685948	34075209	2	2
TCGA-78-7155	14	34076068	42285964	7	2
TCGA-78-7155	14	42286453	82126201	2	1
TCGA-78-7155	14	82126408	85894583	1	1
TCGA-78-7155	14	85896161	86481196	2	1
TCGA-78-7155	14	86482009	87610143	1	1
TCGA-78-7155	14	87612282	88217030	2	1
TCGA-78-7155	14	88221122	102913381	1	1
TCGA-78-7155	14	102915469	107285437	1	0
TCGA-78-7155	15	20016328	22588019	1	0
TCGA-78-7155	15	22673399	28060335	2	1
TCGA-78-7155	15	28063249	30184245	3	2
TCGA-78-7155	15	30187945	53761145	2	0
TCGA-78-7155	15	53761226	62817030	1	0
TCGA-78-7155	15	62818668	64236990	2	0
TCGA-78-7155	15	64237125	67656295	1	0
TCGA-78-7155	15	67662529	102469040	2	0
TCGA-78-7155	16	60777	35283226	1	1
TCGA-78-7155	16	46463782	58509151	1	0
TCGA-78-7155	16	58510034	60254942	2	0
TCGA-78-7155	16	60255092	90287535	1	0
TCGA-78-7155	17	526	2077920	2	0
TCGA-78-7155	17	2081286	10697391	3	0
TCGA-78-7155	17	10698734	20514634	2	0
TCGA-78-7155	17	20517010	21005945	1	1
TCGA-78-7155	17	21012523	22124750	2	0
TCGA-78-7155	17	22125034	35001316	2	1
TCGA-78-7155	17	35001337	81049726	2	0
TCGA-78-7155	18	48133	25291773	3	0
TCGA-78-7155	18	25292363	27403694	5	0
TCGA-78-7155	18	27412278	78015057	2	0
TCGA-78-7155	19	90910	9992208	2	0
TCGA-78-7155	19	9994379	10318080	5	0
TCGA-78-7155	19	10318112	51103383	2	0
TCGA-78-7155	19	51109793	59097854	2	1
TCGA-78-7155	20	61305	592801	2	1
TCGA-78-7155	20	594522	29651749	3	1
TCGA-78-7155	20	29835049	30731567	5	0
TCGA-78-7155	20	30734627	60821835	3	0
TCGA-78-7155	20	60825595	62956153	3	2
TCGA-78-7155	21	10736871	11002646	1	0
TCGA-78-7155	21	11008141	48096957	4	0
TCGA-78-7155	22	16052528	29307353	5	0
TCGA-78-7155	22	29315834	51234455	2	0
TCGA-78-7155	X	168477	78586250	1	0
TCGA-78-7155	X	78588704	78658157	0	0
TCGA-78-7155	X	78662396	78671087	2	0
TCGA-78-7155	X	78671215	141387451	1	0
TCGA-78-7155	X	141397741	141798479	2	0
TCGA-78-7155	X	141800893	155233846	1	0
