sample	chr	startpos	endpos	nMajor	nMinor
TCGA-DX-A6YV	1	61735	33676473	3	1
TCGA-DX-A6YV	1	33676791	33819814	1	0
TCGA-DX-A6YV	1	33819830	145311536	2	1
TCGA-DX-A6YV	1	145372550	146043724	2	0
TCGA-DX-A6YV	1	146101240	152698737	3	2
TCGA-DX-A6YV	1	152698755	158386527	2	2
TCGA-DX-A6YV	1	158387146	158985316	4	2
TCGA-DX-A6YV	1	158986477	159320979	3	2
TCGA-DX-A6YV	1	159325834	161841016	4	2
TCGA-DX-A6YV	1	161841948	162043629	2	2
TCGA-DX-A6YV	1	162043710	162537117	2	0
TCGA-DX-A6YV	1	162540283	163028317	3	2
TCGA-DX-A6YV	1	163031421	166548373	2	0
TCGA-DX-A6YV	1	166552201	167175585	2	2
TCGA-DX-A6YV	1	167179776	217799770	2	0
TCGA-DX-A6YV	1	217800038	228801038	2	2
TCGA-DX-A6YV	1	228802765	229535233	3	2
TCGA-DX-A6YV	1	229536785	230732463	2	2
TCGA-DX-A6YV	1	230733946	249074012	2	0
TCGA-DX-A6YV	1	249074032	249224388	1	0
TCGA-DX-A6YV	2	12784	69571124	2	0
TCGA-DX-A6YV	2	69576147	69641946	1	1
TCGA-DX-A6YV	2	69642247	95462839	2	2
TCGA-DX-A6YV	2	95466815	97328874	5	2
TCGA-DX-A6YV	2	97329212	98268388	2	0
TCGA-DX-A6YV	2	98269110	100193898	2	2
TCGA-DX-A6YV	2	100195288	105370734	2	1
TCGA-DX-A6YV	2	105374976	108429638	2	2
TCGA-DX-A6YV	2	108429688	110462496	2	1
TCGA-DX-A6YV	2	110467473	119065912	2	0
TCGA-DX-A6YV	2	119068932	119534858	0	0
TCGA-DX-A6YV	2	119536070	121197733	5	0
TCGA-DX-A6YV	2	121198148	123599473	3	0
TCGA-DX-A6YV	2	123599666	128736101	5	0
TCGA-DX-A6YV	2	128736655	128874475	0	0
TCGA-DX-A6YV	2	128881095	243089456	2	0
TCGA-DX-A6YV	3	60345	8089895	3	2
TCGA-DX-A6YV	3	8091888	8184528	2	0
TCGA-DX-A6YV	3	8185784	17097558	2	2
TCGA-DX-A6YV	3	17098724	197896118	2	0
TCGA-DX-A6YV	4	12281	52821195	1	1
TCGA-DX-A6YV	4	52821319	191027923	2	1
TCGA-DX-A6YV	5	15532	176851489	1	1
TCGA-DX-A6YV	5	176855191	177058378	1	0
TCGA-DX-A6YV	5	177058766	180790320	1	1
TCGA-DX-A6YV	6	149661	1794712	3	1
TCGA-DX-A6YV	6	1795549	22975394	1	1
TCGA-DX-A6YV	6	22975419	23146171	1	0
TCGA-DX-A6YV	6	23147048	91724143	3	1
TCGA-DX-A6YV	6	91728217	91806628	1	0
TCGA-DX-A6YV	6	91806857	94881248	2	1
TCGA-DX-A6YV	6	94888772	94984152	1	0
TCGA-DX-A6YV	6	94986045	95836632	2	1
TCGA-DX-A6YV	6	95837367	171051005	3	1
TCGA-DX-A6YV	7	43259	159127004	2	1
TCGA-DX-A6YV	8	31254	80350211	2	0
TCGA-DX-A6YV	8	80350559	146298155	3	0
TCGA-DX-A6YV	9	46587	34911879	2	2
TCGA-DX-A6YV	9	34915605	35085433	1	1
TCGA-DX-A6YV	9	35087991	141091394	2	2
TCGA-DX-A6YV	10	72759	7116716	1	1
TCGA-DX-A6YV	10	7117267	42636271	2	1
TCGA-DX-A6YV	10	42636467	121719580	2	0
TCGA-DX-A6YV	10	121724910	135506704	2	2
TCGA-DX-A6YV	11	198572	21259318	2	1
TCGA-DX-A6YV	11	21259545	23364531	2	2
TCGA-DX-A6YV	11	23367764	27871076	2	1
TCGA-DX-A6YV	11	27871424	41885983	3	2
TCGA-DX-A6YV	11	41886491	134944770	2	2
TCGA-DX-A6YV	12	150442	9817040	1	0
TCGA-DX-A6YV	12	9817194	10275769	3	1
TCGA-DX-A6YV	12	10278081	11956377	1	0
TCGA-DX-A6YV	12	11957231	13471047	3	1
TCGA-DX-A6YV	12	13471290	14296278	1	0
TCGA-DX-A6YV	12	14299078	15543931	3	1
TCGA-DX-A6YV	12	15544073	16934144	1	0
TCGA-DX-A6YV	12	16934292	34854498	2	1
TCGA-DX-A6YV	12	37857751	133778189	1	1
TCGA-DX-A6YV	13	19026949	81100762	2	0
TCGA-DX-A6YV	13	81102179	114847013	2	2
TCGA-DX-A6YV	13	114858083	115108397	2	0
TCGA-DX-A6YV	14	19002124	22592994	2	1
TCGA-DX-A6YV	14	22594446	22959826	3	0
TCGA-DX-A6YV	14	22959937	32553227	2	0
TCGA-DX-A6YV	14	32554793	34695709	2	1
TCGA-DX-A6YV	14	34696729	37277315	2	2
TCGA-DX-A6YV	14	37277643	78816737	2	1
TCGA-DX-A6YV	14	78823873	79917661	2	0
TCGA-DX-A6YV	14	79918279	107285437	2	1
TCGA-DX-A6YV	15	20016328	24349003	2	0
TCGA-DX-A6YV	15	24350645	24706918	1	0
TCGA-DX-A6YV	15	24707317	102469040	2	0
TCGA-DX-A6YV	16	60777	35283226	2	1
TCGA-DX-A6YV	16	46463782	70839075	1	1
TCGA-DX-A6YV	16	70839157	72807956	2	1
TCGA-DX-A6YV	16	72816981	74548642	3	1
TCGA-DX-A6YV	16	74553501	74741615	1	1
TCGA-DX-A6YV	16	74743736	75597329	2	1
TCGA-DX-A6YV	16	75602797	76628768	1	1
TCGA-DX-A6YV	16	76629275	78979156	4	1
TCGA-DX-A6YV	16	78979515	79293082	2	1
TCGA-DX-A6YV	16	79299842	87955857	1	1
TCGA-DX-A6YV	16	87957458	90115618	2	1
TCGA-DX-A6YV	16	90115921	90287535	1	1
TCGA-DX-A6YV	17	526	5048985	3	2
TCGA-DX-A6YV	17	5052236	5281758	2	1
TCGA-DX-A6YV	17	5282100	6934882	5	3
TCGA-DX-A6YV	17	6935261	7485673	3	0
TCGA-DX-A6YV	17	7499349	7694942	0	0
TCGA-DX-A6YV	17	7696317	8242910	2	1
TCGA-DX-A6YV	17	8247547	8384875	1	0
TCGA-DX-A6YV	17	8388179	26954244	3	2
TCGA-DX-A6YV	17	26957175	27443709	2	0
TCGA-DX-A6YV	17	27445996	27585056	5	2
TCGA-DX-A6YV	17	27590954	43703814	2	0
TCGA-DX-A6YV	17	43710164	43871533	4	0
TCGA-DX-A6YV	17	43877954	44213204	2	0
TCGA-DX-A6YV	17	44213712	44352872	4	0
TCGA-DX-A6YV	17	44353885	47345772	3	0
TCGA-DX-A6YV	17	47345847	47752990	5	0
TCGA-DX-A6YV	17	47759785	52816387	3	0
TCGA-DX-A6YV	17	52816500	64918990	3	2
TCGA-DX-A6YV	17	64923129	65572774	4	3
TCGA-DX-A6YV	17	65576148	67877344	3	2
TCGA-DX-A6YV	17	67882626	74688946	5	2
TCGA-DX-A6YV	17	74690343	81049726	2	2
TCGA-DX-A6YV	18	48133	78015057	2	0
TCGA-DX-A6YV	19	90910	5491818	2	1
TCGA-DX-A6YV	19	5493157	6102083	4	1
TCGA-DX-A6YV	19	6102181	6553077	2	1
TCGA-DX-A6YV	19	6557819	28418686	4	1
TCGA-DX-A6YV	19	28419388	28780065	3	2
TCGA-DX-A6YV	19	28782862	29849562	2	0
TCGA-DX-A6YV	19	29850711	30445059	4	2
TCGA-DX-A6YV	19	30452061	31834554	2	0
TCGA-DX-A6YV	19	31847712	32849526	2	2
TCGA-DX-A6YV	19	32853899	33482848	4	2
TCGA-DX-A6YV	19	33488117	37880749	2	0
TCGA-DX-A6YV	19	37893300	47388577	3	0
TCGA-DX-A6YV	19	47394012	59097854	2	0
TCGA-DX-A6YV	20	61305	44194673	2	0
TCGA-DX-A6YV	20	44194691	44293199	2	1
TCGA-DX-A6YV	20	44295416	47908621	2	0
TCGA-DX-A6YV	20	47910931	48836248	2	1
TCGA-DX-A6YV	20	48836475	54485972	2	0
TCGA-DX-A6YV	20	54489916	54972296	2	1
TCGA-DX-A6YV	20	54972694	55294539	2	0
TCGA-DX-A6YV	20	55295675	55470625	2	1
TCGA-DX-A6YV	20	55471383	62956153	2	0
TCGA-DX-A6YV	21	10736871	48096957	3	1
TCGA-DX-A6YV	22	16052528	49396454	1	1
TCGA-DX-A6YV	22	49397474	51234455	1	0
TCGA-DX-A6YV	X	168477	2703391	2	2
TCGA-DX-A6YV	X	2703633	76771656	2	0
TCGA-DX-A6YV	X	76793272	155233846	1	0
