sample	chr	startpos	endpos	nMajor	nMinor
TCGA-13-1506	1	61735	15240917	2	1
TCGA-13-1506	1	15241979	15647828	4	1
TCGA-13-1506	1	15653845	19689180	2	1
TCGA-13-1506	1	19689279	20029681	3	1
TCGA-13-1506	1	20033207	23293145	2	1
TCGA-13-1506	1	23294438	24061449	2	2
TCGA-13-1506	1	24062098	29370818	2	1
TCGA-13-1506	1	29371499	47088116	2	2
TCGA-13-1506	1	47088845	47516422	4	2
TCGA-13-1506	1	47517591	151246366	2	2
TCGA-13-1506	1	151247329	180276524	2	1
TCGA-13-1506	1	180278954	180886762	4	3
TCGA-13-1506	1	180887289	192724695	2	2
TCGA-13-1506	1	192726064	192741731	5	2
TCGA-13-1506	1	192744790	202887685	2	2
TCGA-13-1506	1	202888496	203840196	3	2
TCGA-13-1506	1	203842292	211533027	2	2
TCGA-13-1506	1	211538685	211925594	4	2
TCGA-13-1506	1	211928880	229359132	2	2
TCGA-13-1506	1	229359166	249224388	2	1
TCGA-13-1506	2	12784	54646929	3	1
TCGA-13-1506	2	54647699	55344338	4	1
TCGA-13-1506	2	55345262	80081940	3	1
TCGA-13-1506	2	80085663	113352674	2	1
TCGA-13-1506	2	113354178	114449003	3	2
TCGA-13-1506	2	114449316	121309231	2	1
TCGA-13-1506	2	121309282	121477502	4	1
TCGA-13-1506	2	121478431	141877104	2	1
TCGA-13-1506	2	141878501	142334359	1	1
TCGA-13-1506	2	142334436	159577339	2	1
TCGA-13-1506	2	159577391	160041993	3	1
TCGA-13-1506	2	160042083	178443854	2	1
TCGA-13-1506	2	178444130	178661986	3	2
TCGA-13-1506	2	178665230	206112444	2	1
TCGA-13-1506	2	206115788	206546283	2	0
TCGA-13-1506	2	206558639	216364035	2	1
TCGA-13-1506	2	216371996	216696316	1	1
TCGA-13-1506	2	216697115	221149197	2	1
TCGA-13-1506	2	221159964	224843401	1	1
TCGA-13-1506	2	224845883	225282465	2	1
TCGA-13-1506	2	225284259	226194748	1	1
TCGA-13-1506	2	226195482	230200897	2	1
TCGA-13-1506	2	230201119	231672090	1	1
TCGA-13-1506	2	231672572	233098061	2	1
TCGA-13-1506	2	233102234	243089456	1	1
TCGA-13-1506	3	60345	15325002	2	1
TCGA-13-1506	3	15325149	15482384	3	2
TCGA-13-1506	3	15484219	37184329	2	1
TCGA-13-1506	3	37184473	37686330	2	0
TCGA-13-1506	3	37687566	59844725	2	1
TCGA-13-1506	3	59849088	59929857	1	1
TCGA-13-1506	3	59933005	86684817	2	1
TCGA-13-1506	3	86685467	89280725	2	2
TCGA-13-1506	3	89280754	89431457	5	2
TCGA-13-1506	3	89432683	116114111	3	2
TCGA-13-1506	3	116114164	123595432	3	1
TCGA-13-1506	3	123595532	124110560	3	2
TCGA-13-1506	3	124112127	158251602	3	1
TCGA-13-1506	3	158252274	161405484	5	1
TCGA-13-1506	3	161406430	197896118	6	1
TCGA-13-1506	4	12281	2723531	2	0
TCGA-13-1506	4	2723869	21898901	2	1
TCGA-13-1506	4	21899151	22199319	1	1
TCGA-13-1506	4	22199977	153826417	2	1
TCGA-13-1506	4	153827704	154225931	5	1
TCGA-13-1506	4	154232337	191027923	2	1
TCGA-13-1506	5	15532	2764273	4	2
TCGA-13-1506	5	2765165	14828032	2	2
TCGA-13-1506	5	14831426	16403075	4	2
TCGA-13-1506	5	16406092	21573438	3	2
TCGA-13-1506	5	21573620	23318886	6	2
TCGA-13-1506	5	23322967	30721169	3	2
TCGA-13-1506	5	30721486	39376249	2	2
TCGA-13-1506	5	39377418	40587975	2	1
TCGA-13-1506	5	40588507	43600087	3	2
TCGA-13-1506	5	43604497	45656133	5	2
TCGA-13-1506	5	45666146	45931050	4	0
TCGA-13-1506	5	45939299	46000775	3	2
TCGA-13-1506	5	46010016	148897836	2	1
TCGA-13-1506	5	148900901	149254823	3	1
TCGA-13-1506	5	149258157	180790320	2	1
TCGA-13-1506	6	149661	18777353	1	1
TCGA-13-1506	6	18782019	56666193	2	1
TCGA-13-1506	6	56666367	75367286	1	1
TCGA-13-1506	6	75375603	75633806	1	0
TCGA-13-1506	6	75638345	119658526	1	1
TCGA-13-1506	6	119665072	119969118	1	0
TCGA-13-1506	6	119984206	163378835	1	1
TCGA-13-1506	6	163378892	163546815	2	1
TCGA-13-1506	6	163547053	171051005	1	1
TCGA-13-1506	7	43259	47487735	2	1
TCGA-13-1506	7	47493993	47932935	4	2
TCGA-13-1506	7	47933014	48195589	3	1
TCGA-13-1506	7	48195607	104306365	2	1
TCGA-13-1506	7	104307675	104513624	4	1
TCGA-13-1506	7	104514305	104751680	4	2
TCGA-13-1506	7	104755514	109887718	2	2
TCGA-13-1506	7	109888464	110441446	2	1
TCGA-13-1506	7	110441630	159127004	2	2
TCGA-13-1506	8	31254	68639410	2	2
TCGA-13-1506	8	68642174	69018080	3	2
TCGA-13-1506	8	69018281	146298155	2	2
TCGA-13-1506	9	46587	114687577	2	1
TCGA-13-1506	9	114691901	114876846	4	1
TCGA-13-1506	9	114876897	129750013	2	1
TCGA-13-1506	9	129750103	130787881	3	2
TCGA-13-1506	9	130788787	141091394	2	1
TCGA-13-1506	10	72759	11712965	2	1
TCGA-13-1506	10	11713298	11837923	3	1
TCGA-13-1506	10	11838400	42523461	2	1
TCGA-13-1506	10	42525124	43862067	2	0
TCGA-13-1506	10	43869467	43926753	1	0
TCGA-13-1506	10	43931720	67931813	2	0
TCGA-13-1506	10	67935179	72795877	2	1
TCGA-13-1506	10	72796463	74109459	3	2
TCGA-13-1506	10	74112186	86153132	2	1
TCGA-13-1506	10	86154012	86460169	3	2
TCGA-13-1506	10	86460895	90718282	2	1
TCGA-13-1506	10	90718677	91145428	4	1
TCGA-13-1506	10	91145547	125952751	2	1
TCGA-13-1506	10	125953254	135506704	3	1
TCGA-13-1506	11	198572	2844854	1	1
TCGA-13-1506	11	2845913	13919553	2	1
TCGA-13-1506	11	13919850	14585997	4	1
TCGA-13-1506	11	14588787	32307530	2	1
TCGA-13-1506	11	32308308	32745957	6	1
TCGA-13-1506	11	32747697	64951427	2	1
TCGA-13-1506	11	64952002	120984999	3	1
TCGA-13-1506	11	120988124	121414628	6	1
TCGA-13-1506	11	121415312	134944770	2	1
TCGA-13-1506	12	150442	27274329	6	2
TCGA-13-1506	12	27274611	27821202	6	3
TCGA-13-1506	12	27821856	31747795	6	2
TCGA-13-1506	12	31748527	46526763	2	2
TCGA-13-1506	12	46530155	47008258	4	2
TCGA-13-1506	12	47009428	54228239	2	2
TCGA-13-1506	12	54228423	54699508	5	2
TCGA-13-1506	12	54703796	133778189	2	2
TCGA-13-1506	13	19026949	81164033	2	2
TCGA-13-1506	13	81166302	115108397	2	1
TCGA-13-1506	14	19002124	50304810	2	1
TCGA-13-1506	14	50305153	50554273	3	1
TCGA-13-1506	14	50554332	68812645	2	1
TCGA-13-1506	14	68812756	69159526	6	1
TCGA-13-1506	14	69159748	69767218	3	1
TCGA-13-1506	14	69769577	71598042	2	1
TCGA-13-1506	14	71598323	71964069	3	1
TCGA-13-1506	14	71964836	77168329	2	1
TCGA-13-1506	14	77168426	77479580	3	1
TCGA-13-1506	14	77481145	102280251	2	1
TCGA-13-1506	14	102281920	103427157	2	0
TCGA-13-1506	14	103428468	107285437	2	1
TCGA-13-1506	15	20016328	71595301	2	0
TCGA-13-1506	15	71598017	71969132	3	0
TCGA-13-1506	15	71973727	77469643	2	0
TCGA-13-1506	15	77470012	78032707	4	0
TCGA-13-1506	15	78038124	90917471	2	0
TCGA-13-1506	15	90917730	102469040	2	1
TCGA-13-1506	16	60777	33644022	2	1
TCGA-13-1506	16	33644292	35283226	2	0
TCGA-13-1506	16	46463782	66334991	2	1
TCGA-13-1506	16	66335108	70842097	2	0
TCGA-13-1506	16	70854381	71202489	2	1
TCGA-13-1506	16	71202797	77495853	2	0
TCGA-13-1506	16	77496182	77881831	1	0
TCGA-13-1506	16	77881965	90287535	2	0
TCGA-13-1506	17	526	13322330	3	0
TCGA-13-1506	17	13323183	27206197	2	0
TCGA-13-1506	17	27207722	27436606	7	0
TCGA-13-1506	17	27437475	39433524	2	0
TCGA-13-1506	17	39433541	40328898	4	0
TCGA-13-1506	17	40330344	46835163	2	0
TCGA-13-1506	17	46840541	48116939	3	0
TCGA-13-1506	17	48117907	62131657	2	0
TCGA-13-1506	17	62131676	81049726	3	0
TCGA-13-1506	18	48133	20584596	2	0
TCGA-13-1506	18	20586252	78015057	1	0
TCGA-13-1506	19	90910	9802808	1	0
TCGA-13-1506	19	9803806	12846160	6	1
TCGA-13-1506	19	12846523	20742286	6	2
TCGA-13-1506	19	20743261	21761587	8	2
TCGA-13-1506	19	21764662	27772025	6	2
TCGA-13-1506	19	27777386	30215361	2	2
TCGA-13-1506	19	30216975	30838280	11	3
TCGA-13-1506	19	30840250	30990700	3	2
TCGA-13-1506	19	30992639	35109411	7	2
TCGA-13-1506	19	35111677	41392155	5	2
TCGA-13-1506	19	41392654	44770160	5	1
TCGA-13-1506	19	44771560	55788445	1	1
TCGA-13-1506	19	55794475	59097854	2	1
TCGA-13-1506	20	61305	14172180	2	2
TCGA-13-1506	20	14173546	14341832	1	1
TCGA-13-1506	20	14342719	26079471	2	2
TCGA-13-1506	20	26079655	45084157	3	2
TCGA-13-1506	20	45084827	46562168	4	2
TCGA-13-1506	20	46562695	56061622	3	2
TCGA-13-1506	20	56061854	56225447	4	2
TCGA-13-1506	20	56225619	60533615	3	2
TCGA-13-1506	20	60533715	61420278	4	3
TCGA-13-1506	20	61421375	62956153	2	2
TCGA-13-1506	21	10736871	16513343	2	1
TCGA-13-1506	21	16521617	34106419	3	1
TCGA-13-1506	21	34110356	34388820	3	2
TCGA-13-1506	21	34390664	48096957	3	1
TCGA-13-1506	22	16052528	23638635	2	0
TCGA-13-1506	22	23640410	23880522	4	0
TCGA-13-1506	22	23881587	27955783	2	0
TCGA-13-1506	22	27956134	28754176	3	0
TCGA-13-1506	22	28754368	32157599	2	0
TCGA-13-1506	22	32173658	32623052	4	0
TCGA-13-1506	22	32624603	51234455	2	0
TCGA-13-1506	X	168477	8381530	2	0
TCGA-13-1506	X	8382247	8661556	3	0
TCGA-13-1506	X	8667515	48655164	2	0
TCGA-13-1506	X	48655447	49149580	4	0
TCGA-13-1506	X	49149744	155233846	2	0
