sample	chr	startpos	endpos	nMajor	nMinor
TCGA-Q1-A6DT	1	61735	39279767	1	1
TCGA-Q1-A6DT	1	39282753	46172638	3	1
TCGA-Q1-A6DT	1	46189270	55762702	2	1
TCGA-Q1-A6DT	1	55763000	55807259	20	8
TCGA-Q1-A6DT	1	55807501	57064104	2	1
TCGA-Q1-A6DT	1	57065295	59151958	3	1
TCGA-Q1-A6DT	1	59157050	59874107	16	0
TCGA-Q1-A6DT	1	59877747	61416840	4	1
TCGA-Q1-A6DT	1	61418465	62482870	54	0
TCGA-Q1-A6DT	1	62486381	63582737	3	1
TCGA-Q1-A6DT	1	63588694	64268288	5	1
TCGA-Q1-A6DT	1	64268334	67511502	3	1
TCGA-Q1-A6DT	1	67513401	77870149	1	1
TCGA-Q1-A6DT	1	77870324	78326725	3	1
TCGA-Q1-A6DT	1	78329156	79893016	1	1
TCGA-Q1-A6DT	1	79897775	80305102	3	1
TCGA-Q1-A6DT	1	80305206	84030509	2	1
TCGA-Q1-A6DT	1	84030634	107879848	1	1
TCGA-Q1-A6DT	1	107891918	107940396	43	18
TCGA-Q1-A6DT	1	107941478	108986197	2	1
TCGA-Q1-A6DT	1	109013908	119910505	1	1
TCGA-Q1-A6DT	1	119913684	121172329	5	2
TCGA-Q1-A6DT	1	121172840	121482979	8	3
TCGA-Q1-A6DT	1	144007049	145173084	4	2
TCGA-Q1-A6DT	1	145173140	154506449	2	1
TCGA-Q1-A6DT	1	154508437	157401352	5	2
TCGA-Q1-A6DT	1	157401706	157865947	2	1
TCGA-Q1-A6DT	1	157870092	158140205	4	2
TCGA-Q1-A6DT	1	158140884	159319296	2	1
TCGA-Q1-A6DT	1	159320979	159680537	4	2
TCGA-Q1-A6DT	1	159681131	161835487	7	2
TCGA-Q1-A6DT	1	161835953	164264687	2	1
TCGA-Q1-A6DT	1	164265432	165063900	4	2
TCGA-Q1-A6DT	1	165065366	165424733	9	2
TCGA-Q1-A6DT	1	165424747	165658750	5	2
TCGA-Q1-A6DT	1	165664293	167383636	2	1
TCGA-Q1-A6DT	1	167386002	168860168	6	2
TCGA-Q1-A6DT	1	168860199	169036648	10	2
TCGA-Q1-A6DT	1	169038413	169107230	19	2
TCGA-Q1-A6DT	1	169110840	249224388	2	1
TCGA-Q1-A6DT	2	12784	178958540	2	1
TCGA-Q1-A6DT	2	178960742	181230512	3	1
TCGA-Q1-A6DT	2	181230915	187492742	2	1
TCGA-Q1-A6DT	2	187492964	189170838	3	1
TCGA-Q1-A6DT	2	189174910	192891409	4	1
TCGA-Q1-A6DT	2	192891677	193482057	2	1
TCGA-Q1-A6DT	2	193487771	243089456	1	1
TCGA-Q1-A6DT	3	60345	26311241	2	0
TCGA-Q1-A6DT	3	26314437	26357037	5	0
TCGA-Q1-A6DT	3	26358041	26362447	4	1
TCGA-Q1-A6DT	3	26362842	27874943	3	2
TCGA-Q1-A6DT	3	27875759	29167614	4	2
TCGA-Q1-A6DT	3	29174906	37057140	3	2
TCGA-Q1-A6DT	3	37057141	37743968	2	1
TCGA-Q1-A6DT	3	37745384	38594499	3	2
TCGA-Q1-A6DT	3	38594973	48319987	2	1
TCGA-Q1-A6DT	3	48324466	60412561	2	0
TCGA-Q1-A6DT	3	60414407	60536590	0	0
TCGA-Q1-A6DT	3	60536669	69260261	2	0
TCGA-Q1-A6DT	3	69268516	69290033	6	1
TCGA-Q1-A6DT	3	69292395	69535468	18	2
TCGA-Q1-A6DT	3	69536024	70129148	10	2
TCGA-Q1-A6DT	3	70129775	70878561	2	0
TCGA-Q1-A6DT	3	70883160	71019050	3	2
TCGA-Q1-A6DT	3	71019750	71318628	9	2
TCGA-Q1-A6DT	3	71319746	72067953	5	2
TCGA-Q1-A6DT	3	72069484	76367444	2	0
TCGA-Q1-A6DT	3	76379074	81236828	3	0
TCGA-Q1-A6DT	3	81237717	81389597	5	0
TCGA-Q1-A6DT	3	81390542	81909338	8	0
TCGA-Q1-A6DT	3	81918699	90086802	3	0
TCGA-Q1-A6DT	3	90095897	138579015	4	0
TCGA-Q1-A6DT	3	138579050	197896118	4	2
TCGA-Q1-A6DT	4	12281	62686956	1	1
TCGA-Q1-A6DT	4	62690404	68086343	2	1
TCGA-Q1-A6DT	4	68086451	75765579	4	1
TCGA-Q1-A6DT	4	75767929	77608087	3	1
TCGA-Q1-A6DT	4	77616209	80025118	4	1
TCGA-Q1-A6DT	4	80025546	82560470	3	1
TCGA-Q1-A6DT	4	82564162	83230102	5	1
TCGA-Q1-A6DT	4	83233675	86129520	3	1
TCGA-Q1-A6DT	4	86133345	191027923	2	1
TCGA-Q1-A6DT	5	15532	4375782	6	1
TCGA-Q1-A6DT	5	4375862	22156955	5	1
TCGA-Q1-A6DT	5	22158745	23440681	7	1
TCGA-Q1-A6DT	5	23441324	46042719	4	1
TCGA-Q1-A6DT	5	46061985	180790320	1	1
TCGA-Q1-A6DT	6	149661	65781962	3	0
TCGA-Q1-A6DT	6	65781983	107142309	2	0
TCGA-Q1-A6DT	6	107142323	107297976	6	0
TCGA-Q1-A6DT	6	107298159	107419069	14	0
TCGA-Q1-A6DT	6	107421844	111511464	7	0
TCGA-Q1-A6DT	6	111512494	171051005	2	0
TCGA-Q1-A6DT	7	43259	57770040	5	1
TCGA-Q1-A6DT	7	57774867	61987173	3	1
TCGA-Q1-A6DT	7	61987244	65080288	1	1
TCGA-Q1-A6DT	7	65082759	67204396	3	1
TCGA-Q1-A6DT	7	67207837	95915267	1	1
TCGA-Q1-A6DT	7	95916552	96630320	3	1
TCGA-Q1-A6DT	7	96630637	97030728	4	1
TCGA-Q1-A6DT	7	97030765	101043597	2	1
TCGA-Q1-A6DT	7	101051925	101469792	5	1
TCGA-Q1-A6DT	7	101470889	110180549	3	1
TCGA-Q1-A6DT	7	110180605	111160356	1	1
TCGA-Q1-A6DT	7	111160370	133888403	2	1
TCGA-Q1-A6DT	7	133889429	159127004	1	1
TCGA-Q1-A6DT	8	31254	32971808	1	0
TCGA-Q1-A6DT	8	32973524	34516894	2	1
TCGA-Q1-A6DT	8	34518650	35479110	3	1
TCGA-Q1-A6DT	8	35479911	37616914	5	1
TCGA-Q1-A6DT	8	37619853	39588338	1	0
TCGA-Q1-A6DT	8	39588503	39899387	2	1
TCGA-Q1-A6DT	8	39899475	53047383	1	1
TCGA-Q1-A6DT	8	53047764	58370384	2	1
TCGA-Q1-A6DT	8	58370983	146298155	2	2
TCGA-Q1-A6DT	9	46587	28928833	1	0
TCGA-Q1-A6DT	9	28931466	29173831	2	1
TCGA-Q1-A6DT	9	29174711	31947949	1	1
TCGA-Q1-A6DT	9	31951247	37092153	2	1
TCGA-Q1-A6DT	9	37092247	47217176	1	1
TCGA-Q1-A6DT	9	65616971	141091394	3	1
TCGA-Q1-A6DT	10	72759	22295818	2	1
TCGA-Q1-A6DT	10	22296421	38618753	1	1
TCGA-Q1-A6DT	10	38623375	63847173	2	1
TCGA-Q1-A6DT	10	63847501	65507717	3	2
TCGA-Q1-A6DT	10	65508766	68072084	2	2
TCGA-Q1-A6DT	10	68072168	68354704	5	2
TCGA-Q1-A6DT	10	68354869	115777224	2	0
TCGA-Q1-A6DT	10	115778928	116430736	3	0
TCGA-Q1-A6DT	10	116430948	135506704	2	0
TCGA-Q1-A6DT	11	198572	45051971	2	0
TCGA-Q1-A6DT	11	45053693	46551397	2	2
TCGA-Q1-A6DT	11	46556961	47645171	2	1
TCGA-Q1-A6DT	11	47648042	51564171	2	0
TCGA-Q1-A6DT	11	51564427	61590580	2	1
TCGA-Q1-A6DT	11	61591295	71855145	4	1
TCGA-Q1-A6DT	11	71857373	72946308	3	1
TCGA-Q1-A6DT	11	72949543	80236788	1	1
TCGA-Q1-A6DT	11	80239399	80722227	3	1
TCGA-Q1-A6DT	11	80722309	102165199	1	1
TCGA-Q1-A6DT	11	102166182	102691162	2	1
TCGA-Q1-A6DT	11	102691419	134944770	1	1
TCGA-Q1-A6DT	12	150442	34854498	1	0
TCGA-Q1-A6DT	12	37857751	43497187	2	1
TCGA-Q1-A6DT	12	43498652	44310604	4	1
TCGA-Q1-A6DT	12	44310956	80245695	2	1
TCGA-Q1-A6DT	12	80246378	80695919	5	1
TCGA-Q1-A6DT	12	80697274	81245450	1	1
TCGA-Q1-A6DT	12	81246830	81552338	1	0
TCGA-Q1-A6DT	12	81552690	107039689	2	1
TCGA-Q1-A6DT	12	107040022	123661449	1	1
TCGA-Q1-A6DT	12	123673952	124427421	4	1
TCGA-Q1-A6DT	12	124429513	128824513	2	1
TCGA-Q1-A6DT	12	128826190	133778189	1	1
TCGA-Q1-A6DT	13	19026949	73940726	1	1
TCGA-Q1-A6DT	13	73941456	74055429	2	1
TCGA-Q1-A6DT	13	74055805	115108397	1	1
TCGA-Q1-A6DT	14	19002124	30901763	2	1
TCGA-Q1-A6DT	14	30902139	107285437	3	1
TCGA-Q1-A6DT	15	20016328	102469040	2	1
TCGA-Q1-A6DT	16	60777	5670591	2	2
TCGA-Q1-A6DT	16	5670601	30168341	2	1
TCGA-Q1-A6DT	16	30169525	35283226	1	1
TCGA-Q1-A6DT	16	46463782	64848289	2	0
TCGA-Q1-A6DT	16	64848689	86806905	2	1
TCGA-Q1-A6DT	16	86807312	89280839	2	2
TCGA-Q1-A6DT	16	89280896	90287535	2	0
TCGA-Q1-A6DT	17	526	21536339	1	1
TCGA-Q1-A6DT	17	21540367	30830116	2	1
TCGA-Q1-A6DT	17	30830373	31183587	1	1
TCGA-Q1-A6DT	17	31184209	81049726	2	1
TCGA-Q1-A6DT	18	48133	20275516	2	1
TCGA-Q1-A6DT	18	20281356	24082826	1	1
TCGA-Q1-A6DT	18	24085202	27393619	2	1
TCGA-Q1-A6DT	18	27397136	28863634	5	1
TCGA-Q1-A6DT	18	28872653	78015057	1	1
TCGA-Q1-A6DT	19	90910	10772803	2	1
TCGA-Q1-A6DT	19	10773215	15701202	1	1
TCGA-Q1-A6DT	19	15701339	27828586	2	1
TCGA-Q1-A6DT	19	27828664	29710038	1	1
TCGA-Q1-A6DT	19	29710233	33762301	3	1
TCGA-Q1-A6DT	19	33763121	38371624	1	1
TCGA-Q1-A6DT	19	38373478	38447050	18	3
TCGA-Q1-A6DT	19	38447110	38955743	6	1
TCGA-Q1-A6DT	19	38956803	40183616	3	1
TCGA-Q1-A6DT	19	40183872	41869789	1	1
TCGA-Q1-A6DT	19	41872492	42429941	3	1
TCGA-Q1-A6DT	19	42434473	43712250	1	1
TCGA-Q1-A6DT	19	43712598	44578113	3	1
TCGA-Q1-A6DT	19	44578176	53376586	1	1
TCGA-Q1-A6DT	19	53378801	54147526	4	1
TCGA-Q1-A6DT	19	54148045	55117517	6	1
TCGA-Q1-A6DT	19	55118460	55547934	3	1
TCGA-Q1-A6DT	19	55548625	56368427	11	1
TCGA-Q1-A6DT	19	56369215	57041257	3	1
TCGA-Q1-A6DT	19	57049198	57602016	1	1
TCGA-Q1-A6DT	19	57605453	58529769	7	1
TCGA-Q1-A6DT	19	58536649	59097854	4	1
TCGA-Q1-A6DT	20	61305	30428850	3	2
TCGA-Q1-A6DT	20	30429904	48483221	2	2
TCGA-Q1-A6DT	20	48483623	51875723	3	2
TCGA-Q1-A6DT	20	51876196	62956153	2	2
TCGA-Q1-A6DT	21	10736871	19215516	2	2
TCGA-Q1-A6DT	21	19220121	48096957	2	1
TCGA-Q1-A6DT	22	16052528	51234455	1	1
TCGA-Q1-A6DT	X	168477	22918867	3	2
TCGA-Q1-A6DT	X	22919329	34325429	3	1
TCGA-Q1-A6DT	X	34327629	54181933	2	1
TCGA-Q1-A6DT	X	54184254	70441975	2	2
TCGA-Q1-A6DT	X	70445622	78017654	3	2
TCGA-Q1-A6DT	X	78019369	155233846	2	2
