sample	chr	startpos	endpos	nMajor	nMinor
TCGA-CV-5443	1	61735	249224388	2	2
TCGA-CV-5443	2	12784	227654290	2	2
TCGA-CV-5443	2	227654399	243089456	2	0
TCGA-CV-5443	3	60345	42928238	2	2
TCGA-CV-5443	3	42929416	57469097	2	0
TCGA-CV-5443	3	57469487	197896118	2	2
TCGA-CV-5443	4	12281	141388235	2	2
TCGA-CV-5443	4	141388248	141565766	2	0
TCGA-CV-5443	4	141567053	145225632	2	2
TCGA-CV-5443	4	145226422	191027923	2	0
TCGA-CV-5443	5	15532	180790320	2	2
TCGA-CV-5443	6	149661	728418	2	2
TCGA-CV-5443	6	728997	11072124	2	0
TCGA-CV-5443	6	11074302	32180120	2	2
TCGA-CV-5443	6	32180146	56474885	2	0
TCGA-CV-5443	6	56479512	169630437	2	2
TCGA-CV-5443	6	169633799	171051005	2	0
TCGA-CV-5443	7	43259	159127004	2	2
TCGA-CV-5443	8	31254	121814813	2	2
TCGA-CV-5443	8	121815192	122297594	2	0
TCGA-CV-5443	8	122299849	146298155	2	2
TCGA-CV-5443	9	46587	5370141	4	2
TCGA-CV-5443	9	5371299	5429108	11	2
TCGA-CV-5443	9	5430341	5488449	87	15
TCGA-CV-5443	9	5491344	27340668	2	2
TCGA-CV-5443	9	27341338	28360425	2	0
TCGA-CV-5443	9	28362326	141091394	2	2
TCGA-CV-5443	10	72759	135234175	2	2
TCGA-CV-5443	10	135234192	135506704	3	1
TCGA-CV-5443	11	198572	90075653	2	2
TCGA-CV-5443	11	90077900	133855149	2	0
TCGA-CV-5443	11	133858766	134944770	2	2
TCGA-CV-5443	12	150442	133778189	2	2
TCGA-CV-5443	13	19026949	115108397	2	2
TCGA-CV-5443	14	19002124	83600878	2	2
TCGA-CV-5443	14	83601317	103354456	2	0
TCGA-CV-5443	14	103356363	103619513	0	0
TCGA-CV-5443	14	103619846	106874361	2	0
TCGA-CV-5443	14	106879831	107285437	2	2
TCGA-CV-5443	15	20016328	102469040	2	2
TCGA-CV-5443	16	60777	34199480	2	2
TCGA-CV-5443	16	34202673	56995038	2	0
TCGA-CV-5443	16	57003787	57089959	0	0
TCGA-CV-5443	16	57090075	90287535	2	0
TCGA-CV-5443	17	526	81049726	2	2
TCGA-CV-5443	18	48133	7184419	2	2
TCGA-CV-5443	18	7186222	14418424	2	0
TCGA-CV-5443	18	14418535	78015057	2	2
TCGA-CV-5443	19	90910	59097854	2	2
TCGA-CV-5443	20	61305	20804514	2	2
TCGA-CV-5443	20	20804745	20965038	2	0
TCGA-CV-5443	20	20967219	29937827	2	2
TCGA-CV-5443	20	29939408	31475843	11	2
TCGA-CV-5443	20	31478135	33116758	18	1
TCGA-CV-5443	20	33120990	33831187	7	2
TCGA-CV-5443	20	33831394	34721555	3	2
TCGA-CV-5443	20	34726105	35749995	2	0
TCGA-CV-5443	20	35751087	62956153	2	2
TCGA-CV-5443	21	10736871	15336621	2	2
TCGA-CV-5443	21	15337085	20772235	5	2
TCGA-CV-5443	21	20772976	23751877	2	2
TCGA-CV-5443	21	23758584	24959406	5	2
TCGA-CV-5443	21	24960819	25209156	2	2
TCGA-CV-5443	21	25209972	34981280	2	0
TCGA-CV-5443	21	34986862	37962171	2	2
TCGA-CV-5443	21	37962638	48096957	4	2
TCGA-CV-5443	22	16052528	51234455	2	2
TCGA-CV-5443	X	168477	2694240	2	2
TCGA-CV-5443	X	2703391	154966634	2	0
TCGA-CV-5443	X	154972517	154990627	6	1
TCGA-CV-5443	X	154994995	155233846	5	1
