sample	chr	startpos	endpos	nMajor	nMinor
TCGA-HZ-8637	1	61735	121482979	1	1
TCGA-HZ-8637	1	144007049	249224388	2	1
TCGA-HZ-8637	2	12784	147739149	1	1
TCGA-HZ-8637	2	147740694	150290908	2	1
TCGA-HZ-8637	2	150291056	201214071	1	1
TCGA-HZ-8637	2	201218916	243089456	2	1
TCGA-HZ-8637	3	60345	82433521	1	1
TCGA-HZ-8637	3	82434257	93614529	2	1
TCGA-HZ-8637	3	93620867	197896118	1	1
TCGA-HZ-8637	4	12281	15722955	2	2
TCGA-HZ-8637	4	15725766	64956545	2	1
TCGA-HZ-8637	4	64963279	65493869	9	2
TCGA-HZ-8637	4	65503084	114365275	1	1
TCGA-HZ-8637	4	114365441	115553376	2	0
TCGA-HZ-8637	4	115553989	191027923	1	1
TCGA-HZ-8637	5	15532	50583244	2	1
TCGA-HZ-8637	5	50584064	110442915	1	0
TCGA-HZ-8637	5	110443281	180790320	1	1
TCGA-HZ-8637	6	149661	31516363	1	1
TCGA-HZ-8637	6	31518354	33476980	2	1
TCGA-HZ-8637	6	33477140	171051005	1	1
TCGA-HZ-8637	7	43259	77058391	2	1
TCGA-HZ-8637	7	77062401	79023187	3	1
TCGA-HZ-8637	7	79023377	159127004	2	1
TCGA-HZ-8637	8	31254	42356369	1	1
TCGA-HZ-8637	8	42360991	146298155	2	1
TCGA-HZ-8637	9	46587	141091394	1	1
TCGA-HZ-8637	10	72759	88481899	2	1
TCGA-HZ-8637	10	88483655	102671317	1	0
TCGA-HZ-8637	10	102673292	104132535	10	1
TCGA-HZ-8637	10	104140278	135506704	1	1
TCGA-HZ-8637	11	198572	82824134	1	1
TCGA-HZ-8637	11	82824210	102025340	2	1
TCGA-HZ-8637	11	102025772	130618549	2	2
TCGA-HZ-8637	11	130620778	131149978	5	1
TCGA-HZ-8637	11	131150123	134944770	2	2
TCGA-HZ-8637	12	150442	21598714	2	1
TCGA-HZ-8637	12	21599648	133778189	1	1
TCGA-HZ-8637	13	19026949	115108397	1	1
TCGA-HZ-8637	14	19002124	52669002	2	1
TCGA-HZ-8637	14	52669059	54772433	1	1
TCGA-HZ-8637	14	54772629	76305778	2	2
TCGA-HZ-8637	14	76306359	77532343	1	1
TCGA-HZ-8637	14	77532688	80227223	2	1
TCGA-HZ-8637	14	80229052	86429234	1	0
TCGA-HZ-8637	14	86429256	92000260	2	1
TCGA-HZ-8637	14	92000796	107285437	1	1
TCGA-HZ-8637	15	20016328	102469040	1	1
TCGA-HZ-8637	16	60777	90287535	1	1
TCGA-HZ-8637	17	526	8108914	2	0
TCGA-HZ-8637	17	8109665	81049726	1	1
TCGA-HZ-8637	18	48133	28118809	2	1
TCGA-HZ-8637	18	28121239	78015057	1	0
TCGA-HZ-8637	19	90910	24374211	1	1
TCGA-HZ-8637	19	24374419	59097854	2	1
TCGA-HZ-8637	20	61305	62956153	2	1
TCGA-HZ-8637	21	10736871	43512719	1	1
TCGA-HZ-8637	21	43513025	46173391	2	1
TCGA-HZ-8637	21	46174999	48096957	1	1
TCGA-HZ-8637	22	16052528	51234455	1	1
TCGA-HZ-8637	X	168477	61752280	1	1
TCGA-HZ-8637	X	61753130	80499475	2	1
TCGA-HZ-8637	X	80499779	85069918	2	2
TCGA-HZ-8637	X	85069985	86849482	4	2
TCGA-HZ-8637	X	86854135	155233846	2	2
