sample	chr	startpos	endpos	nMajor	nMinor
TCGA-DD-A1EI-b	1	61735	237673871	1	1
TCGA-DD-A1EI-b	1	237674436	241024589	2	1
TCGA-DD-A1EI-b	1	241027252	249224388	1	1
TCGA-DD-A1EI-b	2	12784	243089456	1	1
TCGA-DD-A1EI-b	3	60345	197896118	1	1
TCGA-DD-A1EI-b	4	12281	31544686	1	1
TCGA-DD-A1EI-b	4	31548909	35001205	3	1
TCGA-DD-A1EI-b	4	35008591	36317551	7	1
TCGA-DD-A1EI-b	4	36318925	37525276	9	1
TCGA-DD-A1EI-b	4	37525333	39613709	8	1
TCGA-DD-A1EI-b	4	39616548	44302628	4	1
TCGA-DD-A1EI-b	4	44306514	47002177	2	1
TCGA-DD-A1EI-b	4	47006917	47318109	4	1
TCGA-DD-A1EI-b	4	47318302	49148834	3	1
TCGA-DD-A1EI-b	4	49148922	56237327	1	1
TCGA-DD-A1EI-b	4	56238263	56895847	3	1
TCGA-DD-A1EI-b	4	56903251	59635567	1	1
TCGA-DD-A1EI-b	4	59635968	162925692	1	0
TCGA-DD-A1EI-b	4	162925724	166443310	1	1
TCGA-DD-A1EI-b	4	166443999	191027923	1	0
TCGA-DD-A1EI-b	5	15532	1368443	3	2
TCGA-DD-A1EI-b	5	1368819	2685567	3	0
TCGA-DD-A1EI-b	5	2685812	2930405	4	0
TCGA-DD-A1EI-b	5	2930485	2975332	2	0
TCGA-DD-A1EI-b	5	2980386	4369573	3	0
TCGA-DD-A1EI-b	5	4369887	8187528	4	0
TCGA-DD-A1EI-b	5	8187548	8766155	3	0
TCGA-DD-A1EI-b	5	8766520	12545070	4	0
TCGA-DD-A1EI-b	5	12545089	16365879	5	0
TCGA-DD-A1EI-b	5	16366050	19708513	3	0
TCGA-DD-A1EI-b	5	19708652	22484224	4	0
TCGA-DD-A1EI-b	5	22484373	25386522	4	2
TCGA-DD-A1EI-b	5	25386907	26067127	3	3
TCGA-DD-A1EI-b	5	26067327	27132818	3	0
TCGA-DD-A1EI-b	5	27135351	30257911	2	0
TCGA-DD-A1EI-b	5	30260291	31728206	4	0
TCGA-DD-A1EI-b	5	31729863	34508183	2	0
TCGA-DD-A1EI-b	5	34508478	34857470	3	0
TCGA-DD-A1EI-b	5	34859337	37423118	3	3
TCGA-DD-A1EI-b	5	37424364	38537621	2	0
TCGA-DD-A1EI-b	5	38542595	40255304	3	2
TCGA-DD-A1EI-b	5	40265475	42564748	2	0
TCGA-DD-A1EI-b	5	42569585	43854024	3	2
TCGA-DD-A1EI-b	5	43855046	44462648	2	0
TCGA-DD-A1EI-b	5	44467919	46382652	2	1
TCGA-DD-A1EI-b	5	46383335	63361832	1	0
TCGA-DD-A1EI-b	5	63362312	164457094	1	1
TCGA-DD-A1EI-b	5	164457484	167044636	2	1
TCGA-DD-A1EI-b	5	167046690	180790320	1	1
TCGA-DD-A1EI-b	6	149661	171051005	1	1
TCGA-DD-A1EI-b	7	43259	51435267	1	1
TCGA-DD-A1EI-b	7	51435507	54725019	2	1
TCGA-DD-A1EI-b	7	54725070	159127004	1	1
TCGA-DD-A1EI-b	8	31254	39070960	1	0
TCGA-DD-A1EI-b	8	39072091	68972405	2	1
TCGA-DD-A1EI-b	8	68972556	77046317	3	1
TCGA-DD-A1EI-b	8	77047811	96100175	5	1
TCGA-DD-A1EI-b	8	96100272	96255956	9	1
TCGA-DD-A1EI-b	8	96259051	133832937	4	1
TCGA-DD-A1EI-b	8	133836098	134038654	8	1
TCGA-DD-A1EI-b	8	134040090	146298155	4	1
TCGA-DD-A1EI-b	9	46587	3203365	1	0
TCGA-DD-A1EI-b	9	3204115	4514551	1	1
TCGA-DD-A1EI-b	9	4516070	6712314	1	0
TCGA-DD-A1EI-b	9	6715049	7928514	2	1
TCGA-DD-A1EI-b	9	7928994	10361350	1	0
TCGA-DD-A1EI-b	9	10363716	10705417	1	1
TCGA-DD-A1EI-b	9	10706026	47217176	1	0
TCGA-DD-A1EI-b	9	65616971	141091394	1	1
TCGA-DD-A1EI-b	10	72759	135506704	1	1
TCGA-DD-A1EI-b	11	198572	134944770	1	1
TCGA-DD-A1EI-b	12	150442	1590677	2	1
TCGA-DD-A1EI-b	12	1590758	133778189	1	1
TCGA-DD-A1EI-b	13	19026949	115108397	1	0
TCGA-DD-A1EI-b	14	19002124	27135931	1	0
TCGA-DD-A1EI-b	14	27138678	29821001	2	1
TCGA-DD-A1EI-b	14	29821717	31455094	6	1
TCGA-DD-A1EI-b	14	31459129	32330260	1	1
TCGA-DD-A1EI-b	14	32331866	33998343	1	0
TCGA-DD-A1EI-b	14	33998797	34273744	1	1
TCGA-DD-A1EI-b	14	34276720	37061658	2	1
TCGA-DD-A1EI-b	14	37064249	37575033	4	1
TCGA-DD-A1EI-b	14	37575825	90343930	1	0
TCGA-DD-A1EI-b	14	90345674	91896021	2	1
TCGA-DD-A1EI-b	14	91896144	93229970	1	1
TCGA-DD-A1EI-b	14	93232601	94381428	2	1
TCGA-DD-A1EI-b	14	94384284	94801350	3	1
TCGA-DD-A1EI-b	14	94801368	105102555	1	0
TCGA-DD-A1EI-b	14	105110417	107285437	1	1
TCGA-DD-A1EI-b	15	20016328	102469040	1	1
TCGA-DD-A1EI-b	16	60777	90287535	1	0
TCGA-DD-A1EI-b	17	526	21716624	1	0
TCGA-DD-A1EI-b	17	21717257	81049726	1	1
TCGA-DD-A1EI-b	18	48133	78015057	1	1
TCGA-DD-A1EI-b	19	90910	10179678	1	0
TCGA-DD-A1EI-b	19	10180597	11515433	1	1
TCGA-DD-A1EI-b	19	11516133	17876535	1	0
TCGA-DD-A1EI-b	19	17878502	18691320	4	1
TCGA-DD-A1EI-b	19	18691942	20906896	7	1
TCGA-DD-A1EI-b	19	20908521	23633133	4	1
TCGA-DD-A1EI-b	19	23633923	59097854	1	1
TCGA-DD-A1EI-b	20	61305	62956153	1	1
TCGA-DD-A1EI-b	21	10736871	48096957	1	1
TCGA-DD-A1EI-b	22	16052528	51234455	1	1
TCGA-DD-A1EI-b	X	168477	2694240	1	1
TCGA-DD-A1EI-b	X	2703391	154645298	1	0
TCGA-DD-A1EI-b	X	154651314	155233846	0	0
