sample	chr	startpos	endpos	nMajor	nMinor
TCGA-E1-A7Z3	1	61735	249224388	1	1
TCGA-E1-A7Z3	2	12784	243089456	1	1
TCGA-E1-A7Z3	3	60345	107778796	1	1
TCGA-E1-A7Z3	3	107780406	108926636	2	0
TCGA-E1-A7Z3	3	108927099	197896118	1	1
TCGA-E1-A7Z3	4	12281	191027923	1	1
TCGA-E1-A7Z3	5	15532	180790320	1	1
TCGA-E1-A7Z3	6	149661	171051005	1	1
TCGA-E1-A7Z3	7	43259	88423662	1	1
TCGA-E1-A7Z3	7	88426836	159127004	2	1
TCGA-E1-A7Z3	8	31254	146298155	1	1
TCGA-E1-A7Z3	9	46587	47217176	1	1
TCGA-E1-A7Z3	9	65616971	141091394	2	1
TCGA-E1-A7Z3	10	72759	135287316	1	1
TCGA-E1-A7Z3	10	135287537	135506704	2	0
TCGA-E1-A7Z3	11	198572	9204070	1	1
TCGA-E1-A7Z3	11	9204256	10371677	2	1
TCGA-E1-A7Z3	11	10372959	134944770	1	1
TCGA-E1-A7Z3	12	150442	133778189	1	1
TCGA-E1-A7Z3	13	19026949	114821392	1	1
TCGA-E1-A7Z3	13	114822553	115108397	2	0
TCGA-E1-A7Z3	14	19002124	107285437	1	1
TCGA-E1-A7Z3	15	20016328	102469040	1	1
TCGA-E1-A7Z3	16	60777	35283226	1	1
TCGA-E1-A7Z3	16	46463782	47056546	2	0
TCGA-E1-A7Z3	16	47059354	90287535	1	1
TCGA-E1-A7Z3	17	526	21122102	2	0
TCGA-E1-A7Z3	17	21123836	81049726	1	1
TCGA-E1-A7Z3	18	48133	78015057	1	1
TCGA-E1-A7Z3	19	90910	59097854	1	1
TCGA-E1-A7Z3	20	61305	62956153	1	1
TCGA-E1-A7Z3	21	10736871	48096957	1	1
TCGA-E1-A7Z3	22	16052528	51234455	1	1
TCGA-E1-A7Z3	X	168477	55827152	1	0
TCGA-E1-A7Z3	X	55827867	155233846	1	1
