sample	chr	startpos	endpos	nMajor	nMinor
TCGA-E9-A22G	1	61735	16830820	1	0
TCGA-E9-A22G	1	16831863	41225565	1	1
TCGA-E9-A22G	1	41226602	43297808	2	1
TCGA-E9-A22G	1	43299092	44013355	1	1
TCGA-E9-A22G	1	44014573	46009886	2	1
TCGA-E9-A22G	1	46017592	84151121	1	1
TCGA-E9-A22G	1	84156168	85035692	2	1
TCGA-E9-A22G	1	85036784	118649840	1	0
TCGA-E9-A22G	1	118650682	146156692	1	1
TCGA-E9-A22G	1	146476526	155536004	2	1
TCGA-E9-A22G	1	155540193	156954267	2	2
TCGA-E9-A22G	1	156954384	207366822	2	1
TCGA-E9-A22G	1	207367304	207513526	4	1
TCGA-E9-A22G	1	207516692	215327063	2	1
TCGA-E9-A22G	1	215331175	216643877	5	1
TCGA-E9-A22G	1	216644270	233315042	2	1
TCGA-E9-A22G	1	233315057	249224388	2	2
TCGA-E9-A22G	2	12784	18069699	2	1
TCGA-E9-A22G	2	18072301	24189930	2	0
TCGA-E9-A22G	2	24190263	78814295	2	1
TCGA-E9-A22G	2	78818453	100819629	1	1
TCGA-E9-A22G	2	100820201	243089456	1	0
TCGA-E9-A22G	3	60345	12615864	5	0
TCGA-E9-A22G	3	12616179	23122196	3	0
TCGA-E9-A22G	3	23123130	46196265	2	0
TCGA-E9-A22G	3	46198771	77499440	1	0
TCGA-E9-A22G	3	77499957	77578221	0	0
TCGA-E9-A22G	3	77581118	89975054	1	0
TCGA-E9-A22G	3	89983403	108532149	1	1
TCGA-E9-A22G	3	108533911	138230408	1	0
TCGA-E9-A22G	3	138233037	151970777	1	1
TCGA-E9-A22G	3	151971474	168982572	2	1
TCGA-E9-A22G	3	168983547	197896118	1	1
TCGA-E9-A22G	4	12281	42571685	1	0
TCGA-E9-A22G	4	42574373	46319991	1	1
TCGA-E9-A22G	4	46320676	79179009	2	1
TCGA-E9-A22G	4	79182772	111153421	1	1
TCGA-E9-A22G	4	111157150	191027923	1	0
TCGA-E9-A22G	5	15532	35345497	2	1
TCGA-E9-A22G	5	35348103	49843274	1	1
TCGA-E9-A22G	5	49845474	65317181	1	0
TCGA-E9-A22G	5	65317913	66151464	2	0
TCGA-E9-A22G	5	66152258	142292518	1	0
TCGA-E9-A22G	5	142294369	142386071	2	0
TCGA-E9-A22G	5	142387961	170216921	1	0
TCGA-E9-A22G	5	170222545	171101894	2	0
TCGA-E9-A22G	5	171102163	180790320	1	0
TCGA-E9-A22G	6	149661	34705879	1	1
TCGA-E9-A22G	6	34706982	41469071	2	1
TCGA-E9-A22G	6	41473882	43945404	1	1
TCGA-E9-A22G	6	43948260	44753026	2	1
TCGA-E9-A22G	6	44756050	104622978	1	1
TCGA-E9-A22G	6	104625659	117168025	1	0
TCGA-E9-A22G	6	117174074	149257600	2	0
TCGA-E9-A22G	6	149265255	171051005	1	0
TCGA-E9-A22G	7	43259	5454843	1	0
TCGA-E9-A22G	7	5457785	6471475	2	0
TCGA-E9-A22G	7	6473549	20266770	1	0
TCGA-E9-A22G	7	20267202	20945319	0	0
TCGA-E9-A22G	7	20946100	50757097	1	0
TCGA-E9-A22G	7	50760220	90678992	1	1
TCGA-E9-A22G	7	90679137	90891924	1	0
TCGA-E9-A22G	7	90899755	105890298	1	1
TCGA-E9-A22G	7	105900235	106765627	2	1
TCGA-E9-A22G	7	106768356	121756182	1	1
TCGA-E9-A22G	7	121759761	121965555	1	0
TCGA-E9-A22G	7	121972532	123066710	1	1
TCGA-E9-A22G	7	123067143	123467419	2	1
TCGA-E9-A22G	7	123468115	125533154	1	0
TCGA-E9-A22G	7	125533302	147233944	2	0
TCGA-E9-A22G	7	147234974	159127004	2	1
TCGA-E9-A22G	8	31254	2654408	1	0
TCGA-E9-A22G	8	2654569	21629312	1	1
TCGA-E9-A22G	8	21640671	25026032	2	1
TCGA-E9-A22G	8	25026474	46954707	1	1
TCGA-E9-A22G	8	46993896	61798817	1	0
TCGA-E9-A22G	8	61802347	61893936	2	0
TCGA-E9-A22G	8	61901412	105834137	2	1
TCGA-E9-A22G	8	105837017	145880926	1	1
TCGA-E9-A22G	8	145881333	146298155	2	1
TCGA-E9-A22G	9	46587	297878	1	0
TCGA-E9-A22G	9	302226	17132394	1	1
TCGA-E9-A22G	9	17137696	32259070	1	0
TCGA-E9-A22G	9	32270454	36009843	1	1
TCGA-E9-A22G	9	36010848	37597595	2	1
TCGA-E9-A22G	9	37597705	109933273	1	1
TCGA-E9-A22G	9	109936523	111354035	1	0
TCGA-E9-A22G	9	111354168	123680449	1	1
TCGA-E9-A22G	9	123680809	125239914	2	1
TCGA-E9-A22G	9	125240626	137345126	1	1
TCGA-E9-A22G	9	137352122	141091394	4	1
TCGA-E9-A22G	10	72759	61598255	1	1
TCGA-E9-A22G	10	61598305	61631171	1	0
TCGA-E9-A22G	10	61631416	71251560	1	1
TCGA-E9-A22G	10	71251607	94121337	1	0
TCGA-E9-A22G	10	94130694	135506704	1	1
TCGA-E9-A22G	11	198572	11788344	1	0
TCGA-E9-A22G	11	11789992	14639930	1	1
TCGA-E9-A22G	11	14640116	18801194	1	0
TCGA-E9-A22G	11	18802340	35161670	1	1
TCGA-E9-A22G	11	35163486	35958505	2	1
TCGA-E9-A22G	11	35961323	72807762	1	1
TCGA-E9-A22G	11	72811268	73030521	2	1
TCGA-E9-A22G	11	73030823	79239764	1	1
TCGA-E9-A22G	11	79243425	99064188	1	0
TCGA-E9-A22G	11	99064639	101354635	0	0
TCGA-E9-A22G	11	101354968	102898868	1	0
TCGA-E9-A22G	11	102900224	103057411	0	0
TCGA-E9-A22G	11	103061618	121042627	1	0
TCGA-E9-A22G	11	121052913	121416828	2	0
TCGA-E9-A22G	11	121417124	134944770	1	0
TCGA-E9-A22G	12	150442	4576578	3	1
TCGA-E9-A22G	12	4581371	7023022	3	2
TCGA-E9-A22G	12	7023123	17814908	3	1
TCGA-E9-A22G	12	17821101	23678552	2	1
TCGA-E9-A22G	12	23685450	40154881	1	1
TCGA-E9-A22G	12	40156462	46617588	1	0
TCGA-E9-A22G	12	46622269	47498757	2	0
TCGA-E9-A22G	12	47499471	61535246	1	0
TCGA-E9-A22G	12	61535335	61701252	3	0
TCGA-E9-A22G	12	61702567	68799544	1	0
TCGA-E9-A22G	12	68800282	70589731	2	0
TCGA-E9-A22G	12	70600542	101587518	1	0
TCGA-E9-A22G	12	101590039	124152889	2	0
TCGA-E9-A22G	12	124152902	125430969	3	0
TCGA-E9-A22G	12	125433704	133251939	2	0
TCGA-E9-A22G	12	133252556	133778189	1	0
TCGA-E9-A22G	13	19026949	24843356	1	1
TCGA-E9-A22G	13	24844795	52209461	1	0
TCGA-E9-A22G	13	52210268	73642877	2	0
TCGA-E9-A22G	13	73646859	115108397	3	0
TCGA-E9-A22G	14	19002124	107285437	1	0
TCGA-E9-A22G	15	20016328	65550225	1	0
TCGA-E9-A22G	15	65558136	66782848	2	0
TCGA-E9-A22G	15	66785518	102107547	1	0
TCGA-E9-A22G	15	102108876	102469040	2	0
TCGA-E9-A22G	16	60777	83475674	1	0
TCGA-E9-A22G	16	83477889	83538474	2	0
TCGA-E9-A22G	16	83538905	90287535	1	0
TCGA-E9-A22G	17	526	233410	0	0
TCGA-E9-A22G	17	234110	53003692	1	0
TCGA-E9-A22G	17	53006324	71463117	2	0
TCGA-E9-A22G	17	71465264	72198428	1	0
TCGA-E9-A22G	17	72198839	77054881	2	0
TCGA-E9-A22G	17	77055709	79223899	4	0
TCGA-E9-A22G	17	79239759	81049726	2	0
TCGA-E9-A22G	18	48133	4316883	2	1
TCGA-E9-A22G	18	4326305	6026665	3	1
TCGA-E9-A22G	18	6026986	8642003	2	1
TCGA-E9-A22G	18	8642189	33756990	1	1
TCGA-E9-A22G	18	33761421	33882448	2	1
TCGA-E9-A22G	18	33882987	39855710	1	1
TCGA-E9-A22G	18	39856496	42269833	1	0
TCGA-E9-A22G	18	42273470	78015057	1	1
TCGA-E9-A22G	19	90910	12719196	2	0
TCGA-E9-A22G	19	12731462	24596750	2	1
TCGA-E9-A22G	19	27747993	32231627	3	1
TCGA-E9-A22G	19	32231711	39471436	3	2
TCGA-E9-A22G	19	39475041	41919000	2	0
TCGA-E9-A22G	19	41920765	59097854	1	0
TCGA-E9-A22G	20	61305	2898170	2	0
TCGA-E9-A22G	20	2898880	20083694	2	1
TCGA-E9-A22G	20	20083949	34669913	1	1
TCGA-E9-A22G	20	34670325	62956153	1	0
TCGA-E9-A22G	21	10736871	17730609	1	1
TCGA-E9-A22G	21	17730899	28977458	2	1
TCGA-E9-A22G	21	28979507	30663721	4	1
TCGA-E9-A22G	21	30667043	31795198	2	1
TCGA-E9-A22G	21	31798219	48096957	2	0
TCGA-E9-A22G	22	16052528	26488625	1	1
TCGA-E9-A22G	22	26488650	26754620	1	0
TCGA-E9-A22G	22	26754908	36606629	1	1
TCGA-E9-A22G	22	36609634	36772753	1	0
TCGA-E9-A22G	22	36775751	51234455	1	1
TCGA-E9-A22G	X	168477	131934706	1	0
TCGA-E9-A22G	X	131938351	132022987	2	0
TCGA-E9-A22G	X	132024504	155233846	1	0
