sample	chr	startpos	endpos	nMajor	nMinor
TCGA-AX-A1CE	1	61735	249224388	1	1
TCGA-AX-A1CE	2	12784	243089456	1	1
TCGA-AX-A1CE	3	60345	197896118	1	1
TCGA-AX-A1CE	4	12281	181825293	1	1
TCGA-AX-A1CE	4	181825319	182353344	1	0
TCGA-AX-A1CE	4	182353549	191027923	1	1
TCGA-AX-A1CE	5	15532	180790320	1	1
TCGA-AX-A1CE	6	149661	171051005	1	1
TCGA-AX-A1CE	7	43259	140998967	1	1
TCGA-AX-A1CE	7	141000013	141141678	4	1
TCGA-AX-A1CE	7	141142479	159127004	1	1
TCGA-AX-A1CE	8	31254	36033431	1	1
TCGA-AX-A1CE	8	36035708	36985891	2	1
TCGA-AX-A1CE	8	36985919	146298155	1	1
TCGA-AX-A1CE	9	46587	141091394	1	1
TCGA-AX-A1CE	10	72759	135506704	1	1
TCGA-AX-A1CE	11	198572	134944770	1	1
TCGA-AX-A1CE	12	150442	130752632	1	1
TCGA-AX-A1CE	12	130753999	131251359	3	1
TCGA-AX-A1CE	12	131255413	133778189	1	1
TCGA-AX-A1CE	13	19026949	115108397	1	1
TCGA-AX-A1CE	14	19002124	33127066	1	1
TCGA-AX-A1CE	14	33128026	33245114	3	1
TCGA-AX-A1CE	14	33245138	107285437	1	1
TCGA-AX-A1CE	15	20016328	102469040	1	1
TCGA-AX-A1CE	16	60777	90287535	1	1
TCGA-AX-A1CE	17	526	81049726	1	1
TCGA-AX-A1CE	18	48133	78015057	1	1
TCGA-AX-A1CE	19	90910	59097854	1	1
TCGA-AX-A1CE	20	61305	62956153	1	1
TCGA-AX-A1CE	21	10736871	48096957	1	1
TCGA-AX-A1CE	22	16052528	51234455	1	1
TCGA-AX-A1CE	X	168477	6962523	1	1
TCGA-AX-A1CE	X	6962892	7434722	4	1
TCGA-AX-A1CE	X	7435464	155233846	1	1
