sample	chr	startpos	endpos	nMajor	nMinor
TCGA-DI-A1BY	1	61735	38002223	2	0
TCGA-DI-A1BY	1	38002343	249224388	1	1
TCGA-DI-A1BY	2	12784	15796245	1	1
TCGA-DI-A1BY	2	15797907	16360852	2	1
TCGA-DI-A1BY	2	16362345	243089456	1	1
TCGA-DI-A1BY	3	60345	197896118	1	1
TCGA-DI-A1BY	4	12281	191027923	1	1
TCGA-DI-A1BY	5	15532	180790320	1	1
TCGA-DI-A1BY	6	149661	171051005	1	1
TCGA-DI-A1BY	7	43259	159127004	1	1
TCGA-DI-A1BY	8	31254	146298155	1	1
TCGA-DI-A1BY	9	46587	141091394	1	1
TCGA-DI-A1BY	10	72759	415240	2	0
TCGA-DI-A1BY	10	419721	135506704	1	1
TCGA-DI-A1BY	11	198572	134944770	1	1
TCGA-DI-A1BY	12	150442	133778189	1	1
TCGA-DI-A1BY	13	19026949	115108397	1	1
TCGA-DI-A1BY	14	19002124	107285437	1	1
TCGA-DI-A1BY	15	20016328	102469040	1	1
TCGA-DI-A1BY	16	60777	78773274	1	1
TCGA-DI-A1BY	16	78775941	79525694	2	1
TCGA-DI-A1BY	16	79526169	90287535	1	1
TCGA-DI-A1BY	17	526	81049726	1	1
TCGA-DI-A1BY	18	48133	78015057	1	1
TCGA-DI-A1BY	19	90910	59097854	1	1
TCGA-DI-A1BY	20	61305	62956153	1	1
TCGA-DI-A1BY	21	10736871	48096957	1	1
TCGA-DI-A1BY	22	16052528	51234455	1	1
TCGA-DI-A1BY	X	168477	155233846	1	1
