sample	chr	startpos	endpos	nMajor	nMinor
TCGA-24-2036	1	61735	83370203	1	1
TCGA-24-2036	1	83371416	84807134	2	1
TCGA-24-2036	1	84807423	120344880	1	1
TCGA-24-2036	1	120344900	121482979	2	0
TCGA-24-2036	1	144007049	175999700	1	1
TCGA-24-2036	1	176000113	176878970	2	0
TCGA-24-2036	1	176879820	181046911	1	1
TCGA-24-2036	1	181047780	213145404	2	1
TCGA-24-2036	1	213149211	227736272	4	1
TCGA-24-2036	1	227736694	228706145	2	1
TCGA-24-2036	1	228707678	249224388	3	1
TCGA-24-2036	2	12784	24264313	2	1
TCGA-24-2036	2	24265694	52737183	1	1
TCGA-24-2036	2	52738012	53466884	2	1
TCGA-24-2036	2	53467361	57119716	1	1
TCGA-24-2036	2	57128988	57942021	2	0
TCGA-24-2036	2	57943511	101696649	1	1
TCGA-24-2036	2	101698144	102148140	2	1
TCGA-24-2036	2	102154092	218309709	1	1
TCGA-24-2036	2	218310340	218360733	3	1
TCGA-24-2036	2	218361621	243089456	1	1
TCGA-24-2036	3	60345	11025128	1	1
TCGA-24-2036	3	11025916	11588773	2	1
TCGA-24-2036	3	11588989	117921519	1	1
TCGA-24-2036	3	117926897	118733481	2	1
TCGA-24-2036	3	118733726	168103752	1	1
TCGA-24-2036	3	168105987	197896118	2	1
TCGA-24-2036	4	12281	42906742	1	1
TCGA-24-2036	4	42907021	43870232	2	0
TCGA-24-2036	4	43870263	103612969	1	1
TCGA-24-2036	4	103618624	139301730	1	0
TCGA-24-2036	4	139301744	191027923	1	1
TCGA-24-2036	5	15532	180790320	1	1
TCGA-24-2036	6	149661	13863385	1	1
TCGA-24-2036	6	13863733	18566760	2	1
TCGA-24-2036	6	18567164	25051022	3	2
TCGA-24-2036	6	25051702	32715629	2	1
TCGA-24-2036	6	32718681	33060840	2	0
TCGA-24-2036	6	33061098	33954567	1	1
TCGA-24-2036	6	33954642	41725274	1	0
TCGA-24-2036	6	41726138	42244207	2	0
TCGA-24-2036	6	42244630	43746410	1	0
TCGA-24-2036	6	43746927	80588034	1	1
TCGA-24-2036	6	80592755	81391023	2	0
TCGA-24-2036	6	81392005	94538696	1	1
TCGA-24-2036	6	94548125	96146809	1	0
TCGA-24-2036	6	96151517	97456716	2	0
TCGA-24-2036	6	97459553	171051005	1	0
TCGA-24-2036	7	43259	16853866	2	1
TCGA-24-2036	7	16854191	18976142	4	1
TCGA-24-2036	7	18977047	19327168	2	1
TCGA-24-2036	7	19327430	159127004	1	1
TCGA-24-2036	8	31254	1359035	1	1
TCGA-24-2036	8	1359156	1784859	2	1
TCGA-24-2036	8	1788946	111048490	1	1
TCGA-24-2036	8	111051403	146298155	2	1
TCGA-24-2036	9	46587	38121300	1	0
TCGA-24-2036	9	38121338	141091394	1	1
TCGA-24-2036	10	72759	1675548	1	0
TCGA-24-2036	10	1676185	26718856	1	1
TCGA-24-2036	10	26719196	28197526	2	1
TCGA-24-2036	10	28201375	66289282	1	1
TCGA-24-2036	10	66290693	86286554	1	0
TCGA-24-2036	10	86291229	88337100	2	0
TCGA-24-2036	10	88343979	90626793	0	0
TCGA-24-2036	10	90627736	135506704	1	0
TCGA-24-2036	11	198572	25826684	1	1
TCGA-24-2036	11	25829965	26227314	1	0
TCGA-24-2036	11	26227595	96937609	1	1
TCGA-24-2036	11	96939994	103137270	2	1
TCGA-24-2036	11	103146791	134944770	2	0
TCGA-24-2036	12	150442	27059512	1	1
TCGA-24-2036	12	27059592	28470084	2	0
TCGA-24-2036	12	28473666	45678717	1	1
TCGA-24-2036	12	45684278	46748965	2	1
TCGA-24-2036	12	46749088	52675917	1	1
TCGA-24-2036	12	52676403	62379548	1	0
TCGA-24-2036	12	62380942	62721085	1	1
TCGA-24-2036	12	62724863	65650738	1	0
TCGA-24-2036	12	65653134	73053392	1	1
TCGA-24-2036	12	73055482	84729548	1	0
TCGA-24-2036	12	84730113	86664769	1	1
TCGA-24-2036	12	86666722	99562568	1	0
TCGA-24-2036	12	99563285	99907629	1	1
TCGA-24-2036	12	99909295	100826900	1	0
TCGA-24-2036	12	100832218	100885107	2	0
TCGA-24-2036	12	100887467	108642484	1	0
TCGA-24-2036	12	108648186	108931143	1	1
TCGA-24-2036	12	108931554	114294966	2	1
TCGA-24-2036	12	114295102	114420428	1	1
TCGA-24-2036	12	114427973	119934900	1	0
TCGA-24-2036	12	119937399	133778189	2	0
TCGA-24-2036	13	19026949	19605410	2	1
TCGA-24-2036	13	19610329	31150815	1	1
TCGA-24-2036	13	31153436	43234775	1	0
TCGA-24-2036	13	43234814	115108397	2	0
TCGA-24-2036	14	19002124	43110221	1	1
TCGA-24-2036	14	43110652	44269150	2	0
TCGA-24-2036	14	44269730	66500800	1	1
TCGA-24-2036	14	66504526	67776057	2	0
TCGA-24-2036	14	67782844	107285437	1	0
TCGA-24-2036	15	20016328	47729299	1	1
TCGA-24-2036	15	47730015	102469040	1	0
TCGA-24-2036	16	60777	60245496	1	1
TCGA-24-2036	16	60254788	62420026	1	0
TCGA-24-2036	16	62420332	64250509	1	1
TCGA-24-2036	16	64251121	69321503	1	0
TCGA-24-2036	16	69322766	80652111	1	1
TCGA-24-2036	16	80652246	90287535	1	0
TCGA-24-2036	17	526	32674569	1	0
TCGA-24-2036	17	32674674	74934409	2	0
TCGA-24-2036	17	74934536	81049726	3	0
TCGA-24-2036	18	48133	39152692	1	1
TCGA-24-2036	18	39153814	78015057	1	0
TCGA-24-2036	19	90910	4349816	1	0
TCGA-24-2036	19	4375162	45242623	1	1
TCGA-24-2036	19	45242740	52047077	1	0
TCGA-24-2036	19	52047314	56561225	2	0
TCGA-24-2036	19	56561749	59097854	3	0
TCGA-24-2036	20	61305	17244675	2	0
TCGA-24-2036	20	17244951	23615768	1	0
TCGA-24-2036	20	23616724	31925785	1	1
TCGA-24-2036	20	31925918	33491389	2	1
TCGA-24-2036	20	33498267	36354896	1	0
TCGA-24-2036	20	36355249	62956153	1	1
TCGA-24-2036	21	10736871	48096957	1	1
TCGA-24-2036	22	16052528	29337523	1	1
TCGA-24-2036	22	29338235	29750948	2	0
TCGA-24-2036	22	29754070	51234455	1	0
TCGA-24-2036	X	168477	72312805	1	1
TCGA-24-2036	X	72313420	77968206	2	0
TCGA-24-2036	X	77968362	105275579	1	1
TCGA-24-2036	X	105275706	108870459	2	1
TCGA-24-2036	X	108870605	109398288	1	1
TCGA-24-2036	X	109399727	111910414	2	0
TCGA-24-2036	X	111919616	152955070	1	1
TCGA-24-2036	X	152957619	155233846	2	0
