sample	chr	startpos	endpos	nMajor	nMinor
TCGA-2H-A9GO	1	61735	32334477	4	0
TCGA-2H-A9GO	1	32336098	104362129	3	0
TCGA-2H-A9GO	1	104362457	115685644	4	3
TCGA-2H-A9GO	1	115685802	121482979	3	2
TCGA-2H-A9GO	1	144007049	249224388	6	0
TCGA-2H-A9GO	2	12784	104462512	4	1
TCGA-2H-A9GO	2	104463192	112418431	7	1
TCGA-2H-A9GO	2	112419998	113488735	11	1
TCGA-2H-A9GO	2	113489255	115527629	14	1
TCGA-2H-A9GO	2	115527730	117139253	11	1
TCGA-2H-A9GO	2	117144959	117823120	8	1
TCGA-2H-A9GO	2	117823299	126735059	2	1
TCGA-2H-A9GO	2	126736245	179491934	3	2
TCGA-2H-A9GO	2	179492119	186007591	2	0
TCGA-2H-A9GO	2	186007621	243089456	5	0
TCGA-2H-A9GO	3	60345	16164946	3	0
TCGA-2H-A9GO	3	16165133	21231361	4	0
TCGA-2H-A9GO	3	21241423	29538444	7	0
TCGA-2H-A9GO	3	29542126	34268755	9	0
TCGA-2H-A9GO	3	34270403	35100361	12	0
TCGA-2H-A9GO	3	35100661	36766419	6	0
TCGA-2H-A9GO	3	36767274	40173957	9	1
TCGA-2H-A9GO	3	40174761	42722871	11	1
TCGA-2H-A9GO	3	42723662	45661955	5	0
TCGA-2H-A9GO	3	45662682	53725571	2	0
TCGA-2H-A9GO	3	53727215	53831983	3	3
TCGA-2H-A9GO	3	53832678	59873043	2	0
TCGA-2H-A9GO	3	59873356	60076365	0	0
TCGA-2H-A9GO	3	60076989	60388289	3	0
TCGA-2H-A9GO	3	60388322	60498172	0	0
TCGA-2H-A9GO	3	60498887	62615298	2	0
TCGA-2H-A9GO	3	62615346	66043129	5	0
TCGA-2H-A9GO	3	66044682	73017557	2	0
TCGA-2H-A9GO	3	73019546	79701412	4	4
TCGA-2H-A9GO	3	79703460	81547264	3	2
TCGA-2H-A9GO	3	81550076	90502862	2	1
TCGA-2H-A9GO	3	93519478	95875551	3	2
TCGA-2H-A9GO	3	95882260	100783075	2	0
TCGA-2H-A9GO	3	100783832	105453946	5	2
TCGA-2H-A9GO	3	105455462	149792430	4	4
TCGA-2H-A9GO	3	149793194	161109618	3	3
TCGA-2H-A9GO	3	161109916	166907750	4	3
TCGA-2H-A9GO	3	166909276	175034635	4	4
TCGA-2H-A9GO	3	175034701	197896118	5	5
TCGA-2H-A9GO	4	12281	52714484	4	0
TCGA-2H-A9GO	4	52714511	97829965	3	0
TCGA-2H-A9GO	4	97831185	104140129	2	0
TCGA-2H-A9GO	4	104140848	119873368	3	0
TCGA-2H-A9GO	4	119874487	124974957	2	0
TCGA-2H-A9GO	4	124975183	139117012	3	0
TCGA-2H-A9GO	4	139120683	146717120	5	0
TCGA-2H-A9GO	4	146717169	172394198	4	0
TCGA-2H-A9GO	4	172405998	191027923	3	0
TCGA-2H-A9GO	5	15532	23482726	2	2
TCGA-2H-A9GO	5	23483860	37518945	3	2
TCGA-2H-A9GO	5	37522086	37592617	7	6
TCGA-2H-A9GO	5	37593191	38597369	13	3
TCGA-2H-A9GO	5	38597395	40956764	19	2
TCGA-2H-A9GO	5	40958526	46389273	15	2
TCGA-2H-A9GO	5	49432831	50163475	2	0
TCGA-2H-A9GO	5	50167292	104052793	1	1
TCGA-2H-A9GO	5	104053209	135916094	1	0
TCGA-2H-A9GO	5	135916096	180790320	2	1
TCGA-2H-A9GO	6	149661	2037632	3	2
TCGA-2H-A9GO	6	2038374	2209577	1	0
TCGA-2H-A9GO	6	2209680	57539480	3	2
TCGA-2H-A9GO	6	57548391	58140300	7	1
TCGA-2H-A9GO	6	58140442	66600279	3	3
TCGA-2H-A9GO	6	66604261	94728183	4	1
TCGA-2H-A9GO	6	94735469	96241296	4	3
TCGA-2H-A9GO	6	96243576	125418472	4	1
TCGA-2H-A9GO	6	125418529	171051005	6	1
TCGA-2H-A9GO	7	43259	32345931	5	5
TCGA-2H-A9GO	7	32346814	40427262	5	4
TCGA-2H-A9GO	7	40427634	53963084	4	3
TCGA-2H-A9GO	7	53966535	62079883	4	4
TCGA-2H-A9GO	7	62080122	71052041	3	0
TCGA-2H-A9GO	7	71052523	73723094	4	0
TCGA-2H-A9GO	7	73727340	81227541	6	0
TCGA-2H-A9GO	7	81227810	82742153	8	0
TCGA-2H-A9GO	7	82742494	86459136	5	0
TCGA-2H-A9GO	7	86460830	88248135	8	0
TCGA-2H-A9GO	7	88252535	92092052	15	0
TCGA-2H-A9GO	7	92093809	93041548	16	8
TCGA-2H-A9GO	7	93042385	94087489	10	9
TCGA-2H-A9GO	7	94088398	96421888	16	9
TCGA-2H-A9GO	7	96422106	96708789	14	2
TCGA-2H-A9GO	7	96709882	97405591	9	0
TCGA-2H-A9GO	7	97406045	101101064	16	0
TCGA-2H-A9GO	7	101101477	103451091	9	0
TCGA-2H-A9GO	7	103459935	104444695	13	0
TCGA-2H-A9GO	7	104447307	108870507	6	0
TCGA-2H-A9GO	7	108870569	113103264	7	0
TCGA-2H-A9GO	7	113110630	158393107	4	0
TCGA-2H-A9GO	7	158393488	158495869	0	0
TCGA-2H-A9GO	7	158498994	159127004	4	0
TCGA-2H-A9GO	8	31254	6731487	3	3
TCGA-2H-A9GO	8	6731503	10740879	4	3
TCGA-2H-A9GO	8	10742605	11895245	50	3
TCGA-2H-A9GO	8	11897177	12838999	6	2
TCGA-2H-A9GO	8	12839013	13291835	51	2
TCGA-2H-A9GO	8	13291944	14630927	38	3
TCGA-2H-A9GO	8	14631554	32370626	3	3
TCGA-2H-A9GO	8	32375126	33204550	42	2
TCGA-2H-A9GO	8	33207975	38659103	4	3
TCGA-2H-A9GO	8	38665688	40551044	6	3
TCGA-2H-A9GO	8	40552277	79021115	3	3
TCGA-2H-A9GO	8	79025034	82245226	5	4
TCGA-2H-A9GO	8	82245360	99996347	4	4
TCGA-2H-A9GO	8	100003226	127863764	3	3
TCGA-2H-A9GO	8	127863840	129900869	3	2
TCGA-2H-A9GO	8	129901532	130322529	6	2
TCGA-2H-A9GO	8	130323221	134941556	3	2
TCGA-2H-A9GO	8	134942372	146298155	3	3
TCGA-2H-A9GO	9	46587	29291496	2	0
TCGA-2H-A9GO	9	29291780	37358607	3	0
TCGA-2H-A9GO	9	37359575	47217176	2	0
TCGA-2H-A9GO	9	65616971	121540495	2	1
TCGA-2H-A9GO	9	121541179	141091394	2	2
TCGA-2H-A9GO	10	72759	44709806	3	3
TCGA-2H-A9GO	10	44717231	45378353	12	3
TCGA-2H-A9GO	10	45379759	46177093	18	3
TCGA-2H-A9GO	10	46189527	54397074	9	3
TCGA-2H-A9GO	10	54403325	55361361	5	4
TCGA-2H-A9GO	10	55372017	135506704	3	1
TCGA-2H-A9GO	11	198572	50643915	7	0
TCGA-2H-A9GO	11	50651567	134944770	4	0
TCGA-2H-A9GO	12	150442	34114272	4	3
TCGA-2H-A9GO	12	34114737	133778189	4	1
TCGA-2H-A9GO	13	19026949	115108397	2	2
TCGA-2H-A9GO	14	19002124	107285437	4	0
TCGA-2H-A9GO	15	20016328	102469040	2	2
TCGA-2H-A9GO	16	60777	35283226	3	2
TCGA-2H-A9GO	16	46463782	88474258	3	0
TCGA-2H-A9GO	16	88480080	90287535	4	3
TCGA-2H-A9GO	17	526	8598614	5	0
TCGA-2H-A9GO	17	8603967	22159899	3	3
TCGA-2H-A9GO	17	22166511	81049726	2	2
TCGA-2H-A9GO	18	48133	3998885	4	4
TCGA-2H-A9GO	18	3999231	7034932	3	0
TCGA-2H-A9GO	18	7035915	7546383	0	0
TCGA-2H-A9GO	18	7551965	14910525	3	0
TCGA-2H-A9GO	18	14916966	20009691	2	2
TCGA-2H-A9GO	18	20010241	22791049	1	1
TCGA-2H-A9GO	18	22791558	36486853	2	1
TCGA-2H-A9GO	18	36487248	39619816	1	1
TCGA-2H-A9GO	18	39621947	70120933	2	1
TCGA-2H-A9GO	18	70123101	78015057	3	1
TCGA-2H-A9GO	19	90910	21815640	2	2
TCGA-2H-A9GO	19	21819869	27747993	2	1
TCGA-2H-A9GO	19	27751675	31543470	3	2
TCGA-2H-A9GO	19	31543730	33334415	4	4
TCGA-2H-A9GO	19	33345838	34600936	5	5
TCGA-2H-A9GO	19	34601518	50271502	3	3
TCGA-2H-A9GO	19	50271924	59097854	6	2
TCGA-2H-A9GO	20	61305	14760044	4	1
TCGA-2H-A9GO	20	14761461	14788743	3	3
TCGA-2H-A9GO	20	14788767	15205396	1	0
TCGA-2H-A9GO	20	15206141	29635466	4	1
TCGA-2H-A9GO	20	29641265	62956153	5	4
TCGA-2H-A9GO	21	10736871	48096957	4	1
TCGA-2H-A9GO	22	16052528	51234455	3	0
TCGA-2H-A9GO	X	168477	62283839	4	0
TCGA-2H-A9GO	X	62289650	96736301	5	0
TCGA-2H-A9GO	X	96741405	96860054	10	0
TCGA-2H-A9GO	X	96865980	154929308	5	0
TCGA-2H-A9GO	X	154929498	155233846	4	0
