sample	chr	startpos	endpos	nMajor	nMinor
TCGA-QU-A6IM	1	61735	249224388	1	1
TCGA-QU-A6IM	2	12784	123739515	1	1
TCGA-QU-A6IM	2	123740214	125570587	1	0
TCGA-QU-A6IM	2	125574863	126848840	1	1
TCGA-QU-A6IM	2	126851817	133114639	1	0
TCGA-QU-A6IM	2	133115037	135087209	0	0
TCGA-QU-A6IM	2	135088453	155476149	1	0
TCGA-QU-A6IM	2	155476165	155735580	1	1
TCGA-QU-A6IM	2	155735942	157785902	1	0
TCGA-QU-A6IM	2	157791556	211516870	1	1
TCGA-QU-A6IM	2	211517423	211617528	1	0
TCGA-QU-A6IM	2	211618187	212459964	1	1
TCGA-QU-A6IM	2	212461291	213613802	1	0
TCGA-QU-A6IM	2	213614457	243089456	1	1
TCGA-QU-A6IM	3	60345	63007861	1	1
TCGA-QU-A6IM	3	63020774	80547621	1	0
TCGA-QU-A6IM	3	80547664	103939397	1	1
TCGA-QU-A6IM	3	103942996	104538958	1	0
TCGA-QU-A6IM	3	104542237	197896118	1	1
TCGA-QU-A6IM	4	12281	48814927	1	1
TCGA-QU-A6IM	4	48815840	49267784	1	0
TCGA-QU-A6IM	4	49267848	65039108	1	1
TCGA-QU-A6IM	4	65041199	65932769	1	0
TCGA-QU-A6IM	4	65933416	175482787	1	1
TCGA-QU-A6IM	4	175483121	182183915	1	0
TCGA-QU-A6IM	4	182183963	191027923	1	1
TCGA-QU-A6IM	5	15532	100612401	1	1
TCGA-QU-A6IM	5	100620693	100776850	1	0
TCGA-QU-A6IM	5	100776941	111281611	1	1
TCGA-QU-A6IM	5	111284646	111361905	1	0
TCGA-QU-A6IM	5	111365866	112443378	1	1
TCGA-QU-A6IM	5	112450364	112549735	1	0
TCGA-QU-A6IM	5	112550247	180790320	1	1
TCGA-QU-A6IM	6	149661	87126023	1	1
TCGA-QU-A6IM	6	87126861	87474864	1	0
TCGA-QU-A6IM	6	87474883	94589929	1	1
TCGA-QU-A6IM	6	94592955	95098265	1	0
TCGA-QU-A6IM	6	95100167	171051005	1	1
TCGA-QU-A6IM	7	43259	10026628	2	1
TCGA-QU-A6IM	7	10026926	21778966	2	2
TCGA-QU-A6IM	7	21780079	77653221	2	1
TCGA-QU-A6IM	7	77653409	118890472	2	2
TCGA-QU-A6IM	7	118903138	159127004	2	0
TCGA-QU-A6IM	8	31254	59581016	1	1
TCGA-QU-A6IM	8	59585061	62097189	1	0
TCGA-QU-A6IM	8	62097259	146298155	1	1
TCGA-QU-A6IM	9	46587	9727555	1	1
TCGA-QU-A6IM	9	9728354	9830675	1	0
TCGA-QU-A6IM	9	9831068	141091394	1	1
TCGA-QU-A6IM	10	72759	135506704	1	1
TCGA-QU-A6IM	11	198572	42666583	1	1
TCGA-QU-A6IM	11	42669205	49586841	1	0
TCGA-QU-A6IM	11	49595248	87526627	1	1
TCGA-QU-A6IM	11	87533951	88896406	1	0
TCGA-QU-A6IM	11	88896609	134944770	1	1
TCGA-QU-A6IM	12	150442	133778189	1	1
TCGA-QU-A6IM	13	19026949	36081432	1	1
TCGA-QU-A6IM	13	36082142	85337174	1	0
TCGA-QU-A6IM	13	85337282	115108397	1	1
TCGA-QU-A6IM	14	19002124	107285437	1	1
TCGA-QU-A6IM	15	20016328	94296426	1	1
TCGA-QU-A6IM	15	94300073	102469040	1	0
TCGA-QU-A6IM	16	60777	90287535	1	1
TCGA-QU-A6IM	17	526	81049726	1	1
TCGA-QU-A6IM	18	48133	2872449	1	1
TCGA-QU-A6IM	18	2872586	2882318	0	0
TCGA-QU-A6IM	18	2884667	78015057	1	1
TCGA-QU-A6IM	19	90910	59097854	1	1
TCGA-QU-A6IM	20	61305	62956153	1	1
TCGA-QU-A6IM	21	10736871	48096957	1	1
TCGA-QU-A6IM	22	16052528	51234455	1	1
TCGA-QU-A6IM	X	168477	2703391	1	1
TCGA-QU-A6IM	X	2703633	155233846	1	0
