sample	chr	startpos	endpos	nMajor	nMinor
TCGA-55-7283-b	1	61735	40504468	2	1
TCGA-55-7283-b	1	40513710	46242809	5	2
TCGA-55-7283-b	1	46243756	53515994	2	1
TCGA-55-7283-b	1	53516383	54123850	4	2
TCGA-55-7283-b	1	54123873	56769856	2	1
TCGA-55-7283-b	1	56770155	57408519	5	2
TCGA-55-7283-b	1	57411637	57722920	2	1
TCGA-55-7283-b	1	57723510	58760227	5	2
TCGA-55-7283-b	1	58760710	121482979	2	1
TCGA-55-7283-b	1	144007049	249224388	4	4
TCGA-55-7283-b	2	12784	208712410	3	3
TCGA-55-7283-b	2	208712855	213375866	4	3
TCGA-55-7283-b	2	213376304	243089456	3	1
TCGA-55-7283-b	3	60345	90182383	2	2
TCGA-55-7283-b	3	90184651	98862644	2	1
TCGA-55-7283-b	3	98863012	100819687	3	1
TCGA-55-7283-b	3	100819755	197896118	2	1
TCGA-55-7283-b	4	12281	55477576	3	1
TCGA-55-7283-b	4	55477883	56046056	6	1
TCGA-55-7283-b	4	56046495	191027923	3	1
TCGA-55-7283-b	5	15532	13848225	2	2
TCGA-55-7283-b	5	13848452	14450135	3	2
TCGA-55-7283-b	5	14452339	180790320	2	2
TCGA-55-7283-b	6	149661	29162840	3	3
TCGA-55-7283-b	6	29167575	62123362	5	2
TCGA-55-7283-b	6	62206268	112340210	2	0
TCGA-55-7283-b	6	112341409	171051005	3	0
TCGA-55-7283-b	7	43259	159127004	3	3
TCGA-55-7283-b	8	31254	10040427	3	0
TCGA-55-7283-b	8	10040977	10129944	5	0
TCGA-55-7283-b	8	10130696	46924122	3	0
TCGA-55-7283-b	8	46924211	60856302	3	1
TCGA-55-7283-b	8	60856330	128828698	3	3
TCGA-55-7283-b	8	128829417	129171496	2	0
TCGA-55-7283-b	8	129174099	146298155	3	3
TCGA-55-7283-b	9	46587	25018149	2	1
TCGA-55-7283-b	9	25018452	25930352	3	1
TCGA-55-7283-b	9	25934932	111143339	2	1
TCGA-55-7283-b	9	111143660	111275950	2	0
TCGA-55-7283-b	9	111276902	141091394	2	1
TCGA-55-7283-b	10	72759	19026793	2	0
TCGA-55-7283-b	10	19026841	24498867	2	1
TCGA-55-7283-b	10	24499924	26636901	2	0
TCGA-55-7283-b	10	26637052	27212449	2	2
TCGA-55-7283-b	10	27212609	28939549	6	2
TCGA-55-7283-b	10	28939852	31442010	2	0
TCGA-55-7283-b	10	31442435	31981659	3	2
TCGA-55-7283-b	10	31983429	34574182	6	2
TCGA-55-7283-b	10	34575243	135506704	3	2
TCGA-55-7283-b	11	198572	100814638	3	1
TCGA-55-7283-b	11	100817655	134944770	1	1
TCGA-55-7283-b	12	150442	995606	7	1
TCGA-55-7283-b	12	997783	17637071	1	1
TCGA-55-7283-b	12	17637904	18706269	7	1
TCGA-55-7283-b	12	18706814	24745537	3	1
TCGA-55-7283-b	12	24748492	26704840	6	1
TCGA-55-7283-b	12	26704996	133778189	2	1
TCGA-55-7283-b	13	19026949	20143769	2	2
TCGA-55-7283-b	13	20143915	43559768	2	1
TCGA-55-7283-b	13	43559804	51133097	2	2
TCGA-55-7283-b	13	51134226	54507087	3	3
TCGA-55-7283-b	13	54507153	115108397	2	2
TCGA-55-7283-b	14	19002124	63779264	2	1
TCGA-55-7283-b	14	63779322	65757748	3	1
TCGA-55-7283-b	14	65761610	107285437	2	1
TCGA-55-7283-b	15	20016328	102469040	2	1
TCGA-55-7283-b	16	60777	90287535	2	2
TCGA-55-7283-b	17	526	42672239	2	2
TCGA-55-7283-b	17	42674503	81049726	3	3
TCGA-55-7283-b	18	48133	78015057	2	0
TCGA-55-7283-b	19	90910	4658401	4	2
TCGA-55-7283-b	19	4658904	37715996	2	2
TCGA-55-7283-b	19	37716580	59097854	2	1
TCGA-55-7283-b	20	61305	14463869	2	1
TCGA-55-7283-b	20	14464497	22027884	2	2
TCGA-55-7283-b	20	22027919	24067642	2	1
TCGA-55-7283-b	20	24068768	62956153	2	2
TCGA-55-7283-b	21	10736871	17126820	3	2
TCGA-55-7283-b	21	17130370	36256308	2	2
TCGA-55-7283-b	21	36267242	48096957	2	1
TCGA-55-7283-b	22	16052528	51234455	2	1
TCGA-55-7283-b	X	168477	155233846	2	1
