sample	chr	startpos	endpos	nMajor	nMinor
TCGA-F4-6806	1	61735	2845486	2	2
TCGA-F4-6806	1	2846274	37018640	2	0
TCGA-F4-6806	1	37018719	249224388	2	2
TCGA-F4-6806	2	12784	74938531	3	1
TCGA-F4-6806	2	74939176	243089456	2	2
TCGA-F4-6806	3	60345	197896118	2	2
TCGA-F4-6806	4	12281	191027923	2	2
TCGA-F4-6806	5	15532	180790320	2	2
TCGA-F4-6806	6	149661	171051005	2	2
TCGA-F4-6806	7	43259	159127004	2	2
TCGA-F4-6806	8	31254	146298155	2	2
TCGA-F4-6806	9	46587	91104700	2	2
TCGA-F4-6806	9	91109302	141091394	3	1
TCGA-F4-6806	10	72759	135506704	2	2
TCGA-F4-6806	11	198572	134944770	2	2
TCGA-F4-6806	12	150442	133778189	2	2
TCGA-F4-6806	13	19026949	115108397	3	2
TCGA-F4-6806	14	19002124	107285437	2	1
TCGA-F4-6806	15	20016328	102469040	2	2
TCGA-F4-6806	16	60777	90287535	2	2
TCGA-F4-6806	17	526	81049726	2	2
TCGA-F4-6806	18	48133	78015057	2	1
TCGA-F4-6806	19	90910	59097854	2	2
TCGA-F4-6806	20	61305	26159059	2	1
TCGA-F4-6806	20	26161415	62956153	3	2
TCGA-F4-6806	21	10736871	48096957	2	1
TCGA-F4-6806	22	16052528	51234455	2	2
TCGA-F4-6806	X	168477	155233846	3	2
