sample	chr	startpos	endpos	nMajor	nMinor
TCGA-VD-A8KA	1	61735	121482979	2	0
TCGA-VD-A8KA	1	144007049	249224388	2	2
TCGA-VD-A8KA	2	12784	31609961	4	2
TCGA-VD-A8KA	2	31609993	243089456	2	2
TCGA-VD-A8KA	3	60345	197896118	2	1
TCGA-VD-A8KA	4	12281	191027923	2	2
TCGA-VD-A8KA	5	15532	8711848	2	0
TCGA-VD-A8KA	5	8711995	180790320	2	2
TCGA-VD-A8KA	6	149661	44619015	5	4
TCGA-VD-A8KA	6	44623053	49785570	5	2
TCGA-VD-A8KA	6	49788037	171051005	2	2
TCGA-VD-A8KA	7	43259	159127004	2	2
TCGA-VD-A8KA	8	31254	50507893	2	2
TCGA-VD-A8KA	8	50508255	52840130	3	2
TCGA-VD-A8KA	8	52841261	62948483	4	2
TCGA-VD-A8KA	8	62950855	112301252	5	2
TCGA-VD-A8KA	8	112303183	146298155	5	4
TCGA-VD-A8KA	9	46587	141091394	2	2
TCGA-VD-A8KA	10	72759	135506704	2	2
TCGA-VD-A8KA	11	198572	134944770	2	2
TCGA-VD-A8KA	12	150442	133778189	2	2
TCGA-VD-A8KA	13	19026949	115108397	2	2
TCGA-VD-A8KA	14	19002124	87543943	2	2
TCGA-VD-A8KA	14	87545223	107285437	2	1
TCGA-VD-A8KA	15	20016328	102469040	2	2
TCGA-VD-A8KA	16	60777	90287535	2	2
TCGA-VD-A8KA	17	526	81049726	2	2
TCGA-VD-A8KA	18	48133	78015057	2	2
TCGA-VD-A8KA	19	90910	59097854	2	2
TCGA-VD-A8KA	20	61305	62956153	2	2
TCGA-VD-A8KA	21	10736871	48096957	2	2
TCGA-VD-A8KA	22	16052528	51234455	2	2
TCGA-VD-A8KA	X	168477	2694240	2	2
TCGA-VD-A8KA	X	2703391	155233846	2	0
