sample	chr	startpos	endpos	nMajor	nMinor
TCGA-21-1078	1	61735	249224388	2	2
TCGA-21-1078	2	12784	243089456	2	2
TCGA-21-1078	3	60345	197896118	2	2
TCGA-21-1078	4	12281	16950905	3	1
TCGA-21-1078	4	16954248	191027923	2	2
TCGA-21-1078	5	15532	180790320	2	2
TCGA-21-1078	6	149661	171051005	2	2
TCGA-21-1078	7	43259	159127004	2	2
TCGA-21-1078	8	31254	146298155	2	2
TCGA-21-1078	9	46587	7730419	4	0
TCGA-21-1078	9	7731398	7735724	0	0
TCGA-21-1078	9	7736081	20868287	4	0
TCGA-21-1078	9	20870244	21959051	0	0
TCGA-21-1078	9	21963430	38049774	4	0
TCGA-21-1078	9	38052129	141091394	2	2
TCGA-21-1078	10	72759	135506704	2	2
TCGA-21-1078	11	198572	134944770	2	2
TCGA-21-1078	12	150442	133778189	2	2
TCGA-21-1078	13	19026949	115108397	2	2
TCGA-21-1078	14	19002124	107285437	2	2
TCGA-21-1078	15	20016328	102469040	2	2
TCGA-21-1078	16	60777	90287535	2	2
TCGA-21-1078	17	526	81049726	2	2
TCGA-21-1078	18	48133	78015057	2	2
TCGA-21-1078	19	90910	59097854	2	2
TCGA-21-1078	20	61305	26305579	2	0
TCGA-21-1078	20	29420352	62956153	4	2
TCGA-21-1078	21	10736871	48096957	2	2
TCGA-21-1078	22	16052528	51234455	2	2
TCGA-21-1078	X	168477	2694240	3	2
TCGA-21-1078	X	2703391	154787567	2	0
TCGA-21-1078	X	154789183	155233846	2	1
