sample	chr	startpos	endpos	nMajor	nMinor
TCGA-CV-7238-a	1	61735	249224388	1	1
TCGA-CV-7238-a	2	12784	243089456	1	1
TCGA-CV-7238-a	3	60345	90257834	1	0
TCGA-CV-7238-a	3	90258929	197896118	2	1
TCGA-CV-7238-a	4	12281	35202323	1	0
TCGA-CV-7238-a	4	35202790	36384404	2	1
TCGA-CV-7238-a	4	36384732	191027923	1	1
TCGA-CV-7238-a	5	15532	72071576	1	1
TCGA-CV-7238-a	5	72071803	93986844	1	0
TCGA-CV-7238-a	5	93988894	180790320	1	1
TCGA-CV-7238-a	6	149661	171051005	1	1
TCGA-CV-7238-a	7	43259	159127004	1	1
TCGA-CV-7238-a	8	31254	43717668	1	0
TCGA-CV-7238-a	8	43724464	146298155	2	1
TCGA-CV-7238-a	9	46587	32329378	1	1
TCGA-CV-7238-a	9	32330515	34582445	2	1
TCGA-CV-7238-a	9	34582883	36165047	6	1
TCGA-CV-7238-a	9	36167464	37612036	3	1
TCGA-CV-7238-a	9	37615548	141091394	1	1
TCGA-CV-7238-a	10	72759	135506704	1	1
TCGA-CV-7238-a	11	198572	134944770	1	1
TCGA-CV-7238-a	12	150442	133778189	1	1
TCGA-CV-7238-a	13	19026949	115108397	1	1
TCGA-CV-7238-a	14	19002124	22420837	1	1
TCGA-CV-7238-a	14	22421494	22995108	2	2
TCGA-CV-7238-a	14	22995817	107285437	2	1
TCGA-CV-7238-a	15	20016328	102469040	1	1
TCGA-CV-7238-a	16	60777	90287535	1	1
TCGA-CV-7238-a	17	526	7560501	2	0
TCGA-CV-7238-a	17	7560742	57929589	1	1
TCGA-CV-7238-a	17	57930646	81049726	2	1
TCGA-CV-7238-a	18	48133	78015057	1	1
TCGA-CV-7238-a	19	90910	59097854	1	1
TCGA-CV-7238-a	20	61305	62956153	1	1
TCGA-CV-7238-a	21	10736871	48096957	1	1
TCGA-CV-7238-a	22	16052528	51234455	1	1
TCGA-CV-7238-a	X	168477	155233846	1	1
