sample	chr	startpos	endpos	nMajor	nMinor
TCGA-B8-5553	1	61735	121482979	2	2
TCGA-B8-5553	1	144007049	249224388	3	2
TCGA-B8-5553	2	12784	243089456	2	2
TCGA-B8-5553	3	60345	65000486	2	0
TCGA-B8-5553	3	65000530	197896118	2	2
TCGA-B8-5553	4	12281	191027923	2	2
TCGA-B8-5553	5	15532	100542114	2	2
TCGA-B8-5553	5	100542616	180790320	4	2
TCGA-B8-5553	6	149661	168331594	2	2
TCGA-B8-5553	6	168332348	168607208	3	1
TCGA-B8-5553	6	168607552	171051005	2	2
TCGA-B8-5553	7	43259	159127004	2	2
TCGA-B8-5553	8	31254	17757596	2	2
TCGA-B8-5553	8	17757685	32605365	2	1
TCGA-B8-5553	8	32605388	146298155	2	2
TCGA-B8-5553	9	46587	6701145	2	2
TCGA-B8-5553	9	6701385	7232797	3	0
TCGA-B8-5553	9	7237331	71943845	2	2
TCGA-B8-5553	9	71949333	75370448	2	0
TCGA-B8-5553	9	75375810	141091394	2	2
TCGA-B8-5553	10	72759	135506704	2	2
TCGA-B8-5553	11	198572	134944770	2	2
TCGA-B8-5553	12	150442	133778189	2	2
TCGA-B8-5553	13	19026949	115108397	2	2
TCGA-B8-5553	14	19002124	107285437	2	0
TCGA-B8-5553	15	20016328	102469040	2	2
TCGA-B8-5553	16	60777	90287535	2	2
TCGA-B8-5553	17	526	81049726	2	2
TCGA-B8-5553	18	48133	78015057	2	2
TCGA-B8-5553	19	90910	59097854	2	2
TCGA-B8-5553	20	61305	62956153	2	2
TCGA-B8-5553	21	10736871	48096957	2	0
TCGA-B8-5553	22	16052528	51234455	2	2
TCGA-B8-5553	X	168477	155233846	2	2
