sample	chr	startpos	endpos	nMajor	nMinor
TCGA-66-2788	1	61735	249224388	1	1
TCGA-66-2788	2	12784	243089456	1	1
TCGA-66-2788	3	60345	83373902	1	0
TCGA-66-2788	3	83374159	84747498	3	1
TCGA-66-2788	3	84748013	90113814	1	0
TCGA-66-2788	3	90114002	197896118	1	1
TCGA-66-2788	4	12281	191027923	1	1
TCGA-66-2788	5	15532	9390489	2	1
TCGA-66-2788	5	9390722	12017623	3	1
TCGA-66-2788	5	12026663	13663916	2	1
TCGA-66-2788	5	13664748	28367409	3	1
TCGA-66-2788	5	28370935	38101612	1	1
TCGA-66-2788	5	38101802	46334337	2	1
TCGA-66-2788	5	46334879	81469502	1	0
TCGA-66-2788	5	81470435	82051309	1	1
TCGA-66-2788	5	82051552	82810850	3	1
TCGA-66-2788	5	82811278	83853307	1	1
TCGA-66-2788	5	83857993	180790320	1	0
TCGA-66-2788	6	149661	14869366	1	0
TCGA-66-2788	6	14869595	105768250	1	1
TCGA-66-2788	6	105768944	106778072	1	0
TCGA-66-2788	6	106778384	109505444	1	1
TCGA-66-2788	6	109505740	109642240	1	0
TCGA-66-2788	6	109642287	116424116	1	1
TCGA-66-2788	6	116424714	131173346	1	0
TCGA-66-2788	6	131173452	134214227	1	1
TCGA-66-2788	6	134214525	135025079	1	0
TCGA-66-2788	6	135025753	139665425	1	1
TCGA-66-2788	6	139670841	153140488	1	0
TCGA-66-2788	6	153141032	155613732	1	1
TCGA-66-2788	6	155613906	159889433	1	0
TCGA-66-2788	6	159890755	161581516	1	1
TCGA-66-2788	6	161582333	171051005	2	1
TCGA-66-2788	7	43259	159127004	1	0
TCGA-66-2788	8	31254	146298155	2	1
TCGA-66-2788	9	46587	1945007	0	0
TCGA-66-2788	9	1945044	4184968	1	0
TCGA-66-2788	9	4185441	4747921	2	0
TCGA-66-2788	9	4748098	6721011	1	0
TCGA-66-2788	9	6722102	7226794	2	0
TCGA-66-2788	9	7229073	8548320	1	0
TCGA-66-2788	9	8548429	9098121	3	0
TCGA-66-2788	9	9098698	9961188	0	0
TCGA-66-2788	9	9961522	12420496	1	0
TCGA-66-2788	9	12421646	13425163	2	0
TCGA-66-2788	9	13426561	17485649	1	0
TCGA-66-2788	9	17485788	19208907	2	0
TCGA-66-2788	9	19209003	19700491	1	0
TCGA-66-2788	9	19700870	21688297	3	0
TCGA-66-2788	9	21691467	26356526	0	0
TCGA-66-2788	9	26356883	32218526	1	0
TCGA-66-2788	9	32218797	33932351	2	0
TCGA-66-2788	9	33933107	141091394	1	0
TCGA-66-2788	10	72759	135506704	2	0
TCGA-66-2788	11	198572	10145879	1	0
TCGA-66-2788	11	10150111	11639866	2	1
TCGA-66-2788	11	11644600	134944770	1	1
TCGA-66-2788	12	150442	133778189	1	1
TCGA-66-2788	13	19026949	115108397	1	0
TCGA-66-2788	14	19002124	107285437	2	1
TCGA-66-2788	15	20016328	102469040	1	1
TCGA-66-2788	16	60777	90287535	1	1
TCGA-66-2788	17	526	37600462	1	0
TCGA-66-2788	17	37603302	38880307	1	1
TCGA-66-2788	17	38880531	40174748	2	1
TCGA-66-2788	17	40174841	64465875	1	1
TCGA-66-2788	17	64469698	65292589	2	1
TCGA-66-2788	17	65293101	67403111	1	1
TCGA-66-2788	17	67403192	68102331	3	1
TCGA-66-2788	17	68102351	69414867	1	1
TCGA-66-2788	17	69415027	71849489	2	1
TCGA-66-2788	17	71849700	72941357	1	1
TCGA-66-2788	17	72944972	75283541	2	1
TCGA-66-2788	17	75289071	77084914	1	1
TCGA-66-2788	17	77095143	77541107	1	0
TCGA-66-2788	17	77541232	81049726	1	1
TCGA-66-2788	18	48133	78015057	2	0
TCGA-66-2788	19	90910	24507167	1	0
TCGA-66-2788	19	24507172	59097854	1	1
TCGA-66-2788	20	61305	62956153	1	1
TCGA-66-2788	21	10736871	25246860	0	0
TCGA-66-2788	21	25247299	48096957	1	0
TCGA-66-2788	22	16052528	51234455	1	1
TCGA-66-2788	X	168477	2706944	1	1
TCGA-66-2788	X	2707734	155233846	1	0
