sample	chr	startpos	endpos	nMajor	nMinor
TCGA-CV-5435-b	1	61735	33460805	2	0
TCGA-CV-5435-b	1	33460871	34019140	8	2
TCGA-CV-5435-b	1	34023178	34210731	5	2
TCGA-CV-5435-b	1	34212876	101768580	2	2
TCGA-CV-5435-b	1	101769433	121482979	2	1
TCGA-CV-5435-b	1	144007049	249224388	2	2
TCGA-CV-5435-b	2	12784	237011943	3	1
TCGA-CV-5435-b	2	237012029	243089456	3	3
TCGA-CV-5435-b	3	60345	93520016	2	0
TCGA-CV-5435-b	3	93523357	154563868	3	2
TCGA-CV-5435-b	3	154566439	197896118	6	2
TCGA-CV-5435-b	4	12281	78723741	2	0
TCGA-CV-5435-b	4	78725120	156446799	2	1
TCGA-CV-5435-b	4	156447611	157234291	2	0
TCGA-CV-5435-b	4	157235050	176118622	2	1
TCGA-CV-5435-b	4	176119318	191027923	2	0
TCGA-CV-5435-b	5	15532	46389273	6	0
TCGA-CV-5435-b	5	49432831	180790320	2	0
TCGA-CV-5435-b	6	149661	26694599	1	0
TCGA-CV-5435-b	6	26694779	56711276	7	1
TCGA-CV-5435-b	6	56712571	57548391	4	0
TCGA-CV-5435-b	6	57553403	57582554	5	0
TCGA-CV-5435-b	6	57583876	171051005	3	1
TCGA-CV-5435-b	7	43259	69691475	2	1
TCGA-CV-5435-b	7	69695535	76143625	1	0
TCGA-CV-5435-b	7	76143782	78028398	2	1
TCGA-CV-5435-b	7	78028698	78035001	5	3
TCGA-CV-5435-b	7	78035433	85983561	4	1
TCGA-CV-5435-b	7	85986033	159127004	3	2
TCGA-CV-5435-b	8	31254	3904034	2	1
TCGA-CV-5435-b	8	3904248	4303662	1	0
TCGA-CV-5435-b	8	4305779	43786802	2	1
TCGA-CV-5435-b	8	43824048	146298155	4	1
TCGA-CV-5435-b	9	46587	141091394	3	0
TCGA-CV-5435-b	10	72759	135506704	2	1
TCGA-CV-5435-b	11	198572	134944770	2	2
TCGA-CV-5435-b	12	150442	133778189	3	1
TCGA-CV-5435-b	13	19026949	115108397	3	1
TCGA-CV-5435-b	14	19002124	22420469	2	0
TCGA-CV-5435-b	14	22420497	22978078	3	0
TCGA-CV-5435-b	14	22978098	30735944	2	0
TCGA-CV-5435-b	14	30739207	107285437	2	2
TCGA-CV-5435-b	15	20016328	102469040	2	1
TCGA-CV-5435-b	16	60777	90287535	2	2
TCGA-CV-5435-b	17	526	16904915	4	0
TCGA-CV-5435-b	17	16907573	81049726	2	2
TCGA-CV-5435-b	18	48133	20116621	2	1
TCGA-CV-5435-b	18	20119651	20633687	2	2
TCGA-CV-5435-b	18	20637781	78015057	2	1
TCGA-CV-5435-b	19	90910	55237315	2	2
TCGA-CV-5435-b	19	55238393	57099817	3	2
TCGA-CV-5435-b	19	57100221	59097854	2	0
TCGA-CV-5435-b	20	61305	62956153	5	1
TCGA-CV-5435-b	21	10736871	48096957	2	2
TCGA-CV-5435-b	22	16052528	51234455	2	2
TCGA-CV-5435-b	X	168477	62195974	1	0
TCGA-CV-5435-b	X	62199859	154929308	2	0
TCGA-CV-5435-b	X	154929498	155233846	2	2
