sample	chr	startpos	endpos	nMajor	nMinor
TCGA-08-0345	1	61735	5030660	1	1
TCGA-08-0345	1	5031379	10326130	1	0
TCGA-08-0345	1	10326184	249224388	1	1
TCGA-08-0345	2	12784	2106563	1	0
TCGA-08-0345	2	2107154	3742071	1	1
TCGA-08-0345	2	3742156	6921790	1	0
TCGA-08-0345	2	6922783	236796332	1	1
TCGA-08-0345	2	236801423	237150378	1	0
TCGA-08-0345	2	237150841	243089456	1	1
TCGA-08-0345	3	60345	197896118	2	1
TCGA-08-0345	4	12281	679481	1	1
TCGA-08-0345	4	686563	1684457	1	0
TCGA-08-0345	4	1684596	191027923	1	1
TCGA-08-0345	5	15532	180790320	1	1
TCGA-08-0345	6	149661	158281442	1	1
TCGA-08-0345	6	158284964	158876025	1	0
TCGA-08-0345	6	158877135	171051005	1	1
TCGA-08-0345	7	43259	116223718	2	1
TCGA-08-0345	7	116224638	116710305	32	6
TCGA-08-0345	7	116711356	159127004	2	1
TCGA-08-0345	8	31254	113160641	1	1
TCGA-08-0345	8	113160665	113762843	1	0
TCGA-08-0345	8	113766048	146298155	1	1
TCGA-08-0345	9	46587	20960862	1	1
TCGA-08-0345	9	20961906	21198033	1	0
TCGA-08-0345	9	21201183	22089599	0	0
TCGA-08-0345	9	22096338	137653736	1	1
TCGA-08-0345	9	137654688	138140002	1	0
TCGA-08-0345	9	138151672	141091394	1	1
TCGA-08-0345	10	72759	135506704	1	0
TCGA-08-0345	11	198572	134944770	1	1
TCGA-08-0345	12	150442	133778189	1	1
TCGA-08-0345	13	19026949	115108397	1	1
TCGA-08-0345	14	19002124	107285437	1	1
TCGA-08-0345	15	20016328	43845422	1	1
TCGA-08-0345	15	43845443	50766155	1	0
TCGA-08-0345	15	50768175	102469040	1	1
TCGA-08-0345	16	60777	90287535	1	1
TCGA-08-0345	17	526	81049726	1	1
TCGA-08-0345	18	48133	78015057	1	1
TCGA-08-0345	19	90910	43302509	2	0
TCGA-08-0345	19	43305335	43482741	0	0
TCGA-08-0345	19	43484232	59097854	2	0
TCGA-08-0345	20	61305	62956153	1	1
TCGA-08-0345	21	10736871	48096957	1	1
TCGA-08-0345	22	16052528	51234455	1	1
TCGA-08-0345	X	168477	155233846	1	1
