sample	chr	startpos	endpos	nMajor	nMinor
TCGA-D6-A6ES	1	61735	9780015	2	1
TCGA-D6-A6ES	1	9782556	10040290	1	0
TCGA-D6-A6ES	1	10044491	23845288	2	1
TCGA-D6-A6ES	1	23845963	240779499	1	1
TCGA-D6-A6ES	1	240779881	241058446	1	0
TCGA-D6-A6ES	1	241065033	249224388	1	1
TCGA-D6-A6ES	2	12784	28497276	1	1
TCGA-D6-A6ES	2	28499604	28731797	2	1
TCGA-D6-A6ES	2	28733361	38968497	1	1
TCGA-D6-A6ES	2	38972281	39031968	1	0
TCGA-D6-A6ES	2	39034153	187801554	1	1
TCGA-D6-A6ES	2	187802144	188291105	1	0
TCGA-D6-A6ES	2	188301336	191068001	1	1
TCGA-D6-A6ES	2	191072387	191134714	1	0
TCGA-D6-A6ES	2	191135301	211063879	1	1
TCGA-D6-A6ES	2	211068757	211289215	1	0
TCGA-D6-A6ES	2	211289689	213345197	1	1
TCGA-D6-A6ES	2	213345277	213778280	1	0
TCGA-D6-A6ES	2	213783516	243089456	1	1
TCGA-D6-A6ES	3	60345	74028765	1	0
TCGA-D6-A6ES	3	74028809	90455162	1	1
TCGA-D6-A6ES	3	90485636	152989543	3	1
TCGA-D6-A6ES	3	152996756	153106483	1	0
TCGA-D6-A6ES	3	153118913	186972327	3	1
TCGA-D6-A6ES	3	186976141	193532637	4	1
TCGA-D6-A6ES	3	193533201	197896118	3	1
TCGA-D6-A6ES	4	12281	139921877	1	1
TCGA-D6-A6ES	4	139935117	187461629	1	0
TCGA-D6-A6ES	4	187461644	187553929	0	0
TCGA-D6-A6ES	4	187554022	188577551	1	0
TCGA-D6-A6ES	4	188582698	189042413	1	1
TCGA-D6-A6ES	4	189043703	189396075	1	0
TCGA-D6-A6ES	4	189398600	191027923	1	1
TCGA-D6-A6ES	5	15532	147840345	1	1
TCGA-D6-A6ES	5	147841360	147914048	1	0
TCGA-D6-A6ES	5	147918845	166855795	1	1
TCGA-D6-A6ES	5	166857015	167104368	1	0
TCGA-D6-A6ES	5	167104392	180790320	1	1
TCGA-D6-A6ES	6	149661	21069064	1	1
TCGA-D6-A6ES	6	21070476	21158547	1	0
TCGA-D6-A6ES	6	21159853	101193525	1	1
TCGA-D6-A6ES	6	101195653	101411632	1	0
TCGA-D6-A6ES	6	101417955	171051005	1	1
TCGA-D6-A6ES	7	43259	125699229	1	1
TCGA-D6-A6ES	7	125699561	125819539	1	0
TCGA-D6-A6ES	7	125821577	159127004	1	1
TCGA-D6-A6ES	8	31254	43824048	1	0
TCGA-D6-A6ES	8	46847534	146298155	2	1
TCGA-D6-A6ES	9	46587	21226817	1	0
TCGA-D6-A6ES	9	21227467	22696612	0	0
TCGA-D6-A6ES	9	22697535	37857067	1	0
TCGA-D6-A6ES	9	37857279	38918559	0	0
TCGA-D6-A6ES	9	38919085	91541169	1	0
TCGA-D6-A6ES	9	91547459	141091394	2	0
TCGA-D6-A6ES	10	72759	42614436	1	1
TCGA-D6-A6ES	10	42621181	135506704	1	0
TCGA-D6-A6ES	11	198572	11741835	1	0
TCGA-D6-A6ES	11	11742309	30432282	1	1
TCGA-D6-A6ES	11	30434675	48930328	1	0
TCGA-D6-A6ES	11	48964733	49789994	3	1
TCGA-D6-A6ES	11	49796470	68832730	1	1
TCGA-D6-A6ES	11	68842491	69387976	7	1
TCGA-D6-A6ES	11	69388907	71533931	10	1
TCGA-D6-A6ES	11	71536872	134944770	1	0
TCGA-D6-A6ES	12	150442	21588816	2	1
TCGA-D6-A6ES	12	21591847	75556809	1	1
TCGA-D6-A6ES	12	75564057	76104853	1	0
TCGA-D6-A6ES	12	76104904	133778189	1	1
TCGA-D6-A6ES	13	19026949	23685499	1	0
TCGA-D6-A6ES	13	23685594	109341054	1	1
TCGA-D6-A6ES	13	109341542	115108397	2	1
TCGA-D6-A6ES	14	19002124	107285437	1	1
TCGA-D6-A6ES	15	20016328	29227521	1	1
TCGA-D6-A6ES	15	29231339	29515658	1	0
TCGA-D6-A6ES	15	29517620	102469040	1	1
TCGA-D6-A6ES	16	60777	7479067	1	0
TCGA-D6-A6ES	16	7479132	9515402	2	1
TCGA-D6-A6ES	16	9516112	10849726	3	1
TCGA-D6-A6ES	16	10852033	90287535	1	1
TCGA-D6-A6ES	17	526	12773137	2	0
TCGA-D6-A6ES	17	12781177	28383646	1	1
TCGA-D6-A6ES	17	28387610	32635553	1	0
TCGA-D6-A6ES	17	32635581	33120786	2	1
TCGA-D6-A6ES	17	33120981	37423688	1	1
TCGA-D6-A6ES	17	37426184	37532800	9	1
TCGA-D6-A6ES	17	37532916	38565990	16	1
TCGA-D6-A6ES	17	38567908	53008873	1	1
TCGA-D6-A6ES	17	53010381	53088043	1	0
TCGA-D6-A6ES	17	53093965	81049726	1	1
TCGA-D6-A6ES	18	48133	19495668	1	1
TCGA-D6-A6ES	18	19496983	23239826	2	1
TCGA-D6-A6ES	18	23247465	25643513	1	0
TCGA-D6-A6ES	18	25643698	27584537	2	1
TCGA-D6-A6ES	18	27587099	31692602	1	1
TCGA-D6-A6ES	18	31694135	46871466	1	0
TCGA-D6-A6ES	18	46871705	59483795	1	1
TCGA-D6-A6ES	18	59486222	61563550	2	1
TCGA-D6-A6ES	18	61564513	78015057	1	0
TCGA-D6-A6ES	19	90910	6454189	1	0
TCGA-D6-A6ES	19	6454354	7001405	2	1
TCGA-D6-A6ES	19	7006595	59097854	1	1
TCGA-D6-A6ES	20	61305	62956153	1	1
TCGA-D6-A6ES	21	10736871	48096957	1	1
TCGA-D6-A6ES	22	16052528	51234455	1	1
TCGA-D6-A6ES	X	168477	155233846	1	0
