sample	chr	startpos	endpos	nMajor	nMinor
TCGA-F5-6863	1	61735	121482979	4	0
TCGA-F5-6863	1	144007049	162196530	4	2
TCGA-F5-6863	1	162196574	162417107	2	0
TCGA-F5-6863	1	162417689	233427467	4	2
TCGA-F5-6863	1	233427620	233623975	2	2
TCGA-F5-6863	1	233623988	249224388	4	2
TCGA-F5-6863	2	12784	46576722	2	2
TCGA-F5-6863	2	46576894	243089456	4	2
TCGA-F5-6863	3	60345	3297593	2	2
TCGA-F5-6863	3	3304796	3621775	2	0
TCGA-F5-6863	3	3621922	117623366	2	2
TCGA-F5-6863	3	117623941	197896118	4	2
TCGA-F5-6863	4	12281	56491371	2	2
TCGA-F5-6863	4	56491856	63953599	2	0
TCGA-F5-6863	4	63954340	74998484	2	2
TCGA-F5-6863	4	74999784	89973182	2	0
TCGA-F5-6863	4	89974554	103221565	2	2
TCGA-F5-6863	4	103223504	113976698	2	0
TCGA-F5-6863	4	113976831	119247475	2	2
TCGA-F5-6863	4	119251748	120869741	2	0
TCGA-F5-6863	4	120880067	191027923	2	2
TCGA-F5-6863	5	15532	46271008	4	2
TCGA-F5-6863	5	46271108	65639349	2	2
TCGA-F5-6863	5	65640226	72125280	2	0
TCGA-F5-6863	5	72136291	75579762	2	2
TCGA-F5-6863	5	75579952	81545797	2	0
TCGA-F5-6863	5	81546918	132081450	2	2
TCGA-F5-6863	5	132081897	132266389	2	0
TCGA-F5-6863	5	132272356	180790320	2	2
TCGA-F5-6863	6	149661	161990499	2	2
TCGA-F5-6863	6	161990516	162799418	2	0
TCGA-F5-6863	6	162799603	171051005	2	2
TCGA-F5-6863	7	43259	159127004	4	2
TCGA-F5-6863	8	31254	40811968	2	1
TCGA-F5-6863	8	40815142	46919273	7	2
TCGA-F5-6863	8	46922320	47914922	3	3
TCGA-F5-6863	8	47919398	118782353	6	2
TCGA-F5-6863	8	118783713	146298155	7	2
TCGA-F5-6863	9	46587	141091394	2	2
TCGA-F5-6863	10	72759	135506704	2	2
TCGA-F5-6863	11	198572	134944770	2	2
TCGA-F5-6863	12	150442	133778189	2	2
TCGA-F5-6863	13	19026949	69809660	5	4
TCGA-F5-6863	13	69810142	75252823	5	5
TCGA-F5-6863	13	75258151	96072069	5	4
TCGA-F5-6863	13	96072263	115108397	5	5
TCGA-F5-6863	14	19002124	107285437	2	2
TCGA-F5-6863	15	20016328	102469040	2	2
TCGA-F5-6863	16	60777	90287535	3	2
TCGA-F5-6863	17	526	47420155	2	0
TCGA-F5-6863	17	47428573	81049726	4	0
TCGA-F5-6863	18	48133	78015057	2	0
TCGA-F5-6863	19	90910	59097854	2	2
TCGA-F5-6863	20	61305	20342193	4	2
TCGA-F5-6863	20	20342797	29525422	5	2
TCGA-F5-6863	20	29527893	62956153	8	2
TCGA-F5-6863	21	10736871	24184173	2	1
TCGA-F5-6863	21	24184489	25519726	2	0
TCGA-F5-6863	21	25519758	36109499	2	1
TCGA-F5-6863	21	36111201	36245198	1	0
TCGA-F5-6863	21	36245236	48096957	2	1
TCGA-F5-6863	22	16052528	51234455	2	0
TCGA-F5-6863	X	168477	155233846	2	2
