sample	chr	startpos	endpos	nMajor	nMinor
TCGA-06-0142	1	61735	249224388	1	1
TCGA-06-0142	2	12784	243089456	1	1
TCGA-06-0142	3	60345	197896118	1	1
TCGA-06-0142	4	12281	191027923	1	1
TCGA-06-0142	5	15532	180790320	1	1
TCGA-06-0142	6	149661	171051005	1	1
TCGA-06-0142	7	43259	48188039	1	1
TCGA-06-0142	7	48191884	48625621	4	1
TCGA-06-0142	7	48626480	49087711	1	1
TCGA-06-0142	7	49087732	49146597	3	2
TCGA-06-0142	7	49149552	49850873	4	1
TCGA-06-0142	7	49856295	50716056	1	1
TCGA-06-0142	7	50717939	50767072	3	1
TCGA-06-0142	7	50767896	51245720	1	1
TCGA-06-0142	7	51250299	51297347	3	1
TCGA-06-0142	7	51299018	51381043	3	2
TCGA-06-0142	7	51388088	53538657	1	1
TCGA-06-0142	7	53539478	54016167	2	1
TCGA-06-0142	7	54016766	54430135	7	1
TCGA-06-0142	7	54430805	55251541	5	1
TCGA-06-0142	7	55251648	56142755	3	1
TCGA-06-0142	7	56145722	159127004	1	1
TCGA-06-0142	8	31254	146298155	1	1
TCGA-06-0142	9	46587	141091394	1	1
TCGA-06-0142	10	72759	135506704	1	1
TCGA-06-0142	11	198572	134944770	1	1
TCGA-06-0142	12	150442	133778189	1	1
TCGA-06-0142	13	19026949	115108397	1	1
TCGA-06-0142	14	19002124	107285437	1	1
TCGA-06-0142	15	20016328	102469040	1	1
TCGA-06-0142	16	60777	90287535	1	1
TCGA-06-0142	17	526	81049726	1	1
TCGA-06-0142	18	48133	78015057	1	1
TCGA-06-0142	19	90910	59097854	1	1
TCGA-06-0142	20	61305	62956153	1	1
TCGA-06-0142	21	10736871	48096957	1	1
TCGA-06-0142	22	16052528	51234455	1	1
TCGA-06-0142	X	168477	2694240	1	1
TCGA-06-0142	X	2703391	154929498	1	0
TCGA-06-0142	X	154963439	155233846	1	1
