sample	chr	startpos	endpos	nMajor	nMinor
TCGA-CN-6018	1	61735	249224388	2	0
TCGA-CN-6018	2	12784	100015532	2	1
TCGA-CN-6018	2	100015773	112632326	3	2
TCGA-CN-6018	2	112637630	141572109	2	0
TCGA-CN-6018	2	141572694	142196011	1	0
TCGA-CN-6018	2	142196555	200391220	2	0
TCGA-CN-6018	2	200391897	215624135	1	0
TCGA-CN-6018	2	215624679	222927286	2	0
TCGA-CN-6018	2	222930945	223109307	0	0
TCGA-CN-6018	2	223109489	243089456	2	0
TCGA-CN-6018	3	60345	146268692	1	1
TCGA-CN-6018	3	146270331	197896118	3	1
TCGA-CN-6018	4	12281	191027923	1	1
TCGA-CN-6018	5	15532	180790320	2	1
TCGA-CN-6018	6	149661	171051005	3	0
TCGA-CN-6018	7	43259	68455892	2	1
TCGA-CN-6018	7	68455929	96295344	2	0
TCGA-CN-6018	7	96298195	96322965	8	3
TCGA-CN-6018	7	96323525	99001027	8	2
TCGA-CN-6018	7	99002790	100332842	15	2
TCGA-CN-6018	7	100351005	134923406	2	0
TCGA-CN-6018	7	134923506	159127004	1	0
TCGA-CN-6018	8	31254	29180598	1	1
TCGA-CN-6018	8	29183862	30191244	16	1
TCGA-CN-6018	8	30191584	31640005	21	0
TCGA-CN-6018	8	31640248	32841653	11	1
TCGA-CN-6018	8	32842924	36956397	1	1
TCGA-CN-6018	8	36962608	37721744	12	1
TCGA-CN-6018	8	37725421	42851076	5	1
TCGA-CN-6018	8	42851139	146298155	2	1
TCGA-CN-6018	9	46587	2905854	7	1
TCGA-CN-6018	9	2906158	4776703	7	0
TCGA-CN-6018	9	4778777	8094773	9	0
TCGA-CN-6018	9	8094833	8816479	13	0
TCGA-CN-6018	9	8816665	9824373	7	0
TCGA-CN-6018	9	9824599	10032421	1	0
TCGA-CN-6018	9	10032996	10574064	7	0
TCGA-CN-6018	9	10574153	12274713	4	0
TCGA-CN-6018	9	12274774	16048164	9	0
TCGA-CN-6018	9	16048248	21819477	7	0
TCGA-CN-6018	9	21828110	22037369	0	0
TCGA-CN-6018	9	22041998	26457170	8	0
TCGA-CN-6018	9	26457404	29445684	6	0
TCGA-CN-6018	9	29445865	80381052	2	0
TCGA-CN-6018	9	80384947	89861967	4	0
TCGA-CN-6018	9	89865031	91207491	6	0
TCGA-CN-6018	9	91214930	97886456	7	0
TCGA-CN-6018	9	97886669	100228436	4	0
TCGA-CN-6018	9	100243214	103263851	2	0
TCGA-CN-6018	9	103265761	104842152	5	0
TCGA-CN-6018	9	104842187	128612304	4	0
TCGA-CN-6018	9	128620255	141091394	2	0
TCGA-CN-6018	10	72759	34795333	1	0
TCGA-CN-6018	10	34795666	45011597	2	1
TCGA-CN-6018	10	45012252	102056205	2	0
TCGA-CN-6018	10	102056218	102092067	0	0
TCGA-CN-6018	10	102092455	135506704	2	0
TCGA-CN-6018	11	198572	44668437	2	1
TCGA-CN-6018	11	44669028	44692584	0	0
TCGA-CN-6018	11	44693193	84270238	2	1
TCGA-CN-6018	11	84270954	134944770	3	2
TCGA-CN-6018	12	150442	30555068	3	2
TCGA-CN-6018	12	30555125	34454133	2	2
TCGA-CN-6018	12	34455571	133778189	2	1
TCGA-CN-6018	13	19026949	115108397	1	1
TCGA-CN-6018	14	19002124	107285437	3	0
TCGA-CN-6018	15	20016328	102469040	2	1
TCGA-CN-6018	16	60777	90287535	2	1
TCGA-CN-6018	17	526	2344770	3	1
TCGA-CN-6018	17	2353309	7856376	3	0
TCGA-CN-6018	17	7856438	21457926	3	1
TCGA-CN-6018	17	21459843	81049726	2	1
TCGA-CN-6018	18	48133	22353839	2	1
TCGA-CN-6018	18	22354025	23648394	6	1
TCGA-CN-6018	18	23648771	25727510	9	1
TCGA-CN-6018	18	25727570	26770951	5	1
TCGA-CN-6018	18	26774772	64057535	1	1
TCGA-CN-6018	18	64057777	66040072	6	1
TCGA-CN-6018	18	66040206	78015057	1	1
TCGA-CN-6018	19	90910	59097854	1	1
TCGA-CN-6018	20	61305	14613019	2	1
TCGA-CN-6018	20	14614171	15122361	1	0
TCGA-CN-6018	20	15122578	29855344	2	1
TCGA-CN-6018	20	29860167	62956153	2	2
TCGA-CN-6018	21	10736871	40935773	2	0
TCGA-CN-6018	21	40935830	40970832	0	0
TCGA-CN-6018	21	40971505	48096957	2	0
TCGA-CN-6018	22	16052528	51234455	1	1
TCGA-CN-6018	X	168477	41402624	1	1
TCGA-CN-6018	X	41408108	62057549	2	1
TCGA-CN-6018	X	62058620	155233846	3	1
