sample	chr	startpos	endpos	nMajor	nMinor
TCGA-E9-A245	1	61735	121482979	1	1
TCGA-E9-A245	1	144007049	249224388	2	2
TCGA-E9-A245	2	12784	42588627	1	1
TCGA-E9-A245	2	42588856	44058694	1	0
TCGA-E9-A245	2	44059863	243089456	1	1
TCGA-E9-A245	3	60345	71253019	1	1
TCGA-E9-A245	3	71253307	71770143	1	0
TCGA-E9-A245	3	71770574	197896118	1	1
TCGA-E9-A245	4	12281	191027923	1	1
TCGA-E9-A245	5	15532	180790320	1	1
TCGA-E9-A245	6	149661	171051005	1	1
TCGA-E9-A245	7	43259	159127004	1	1
TCGA-E9-A245	8	31254	146298155	1	1
TCGA-E9-A245	9	46587	141091394	1	1
TCGA-E9-A245	10	72759	135506704	1	1
TCGA-E9-A245	11	198572	134944770	1	1
TCGA-E9-A245	12	150442	133778189	1	1
TCGA-E9-A245	13	19026949	115108397	1	1
TCGA-E9-A245	14	19002124	107285437	1	1
TCGA-E9-A245	15	20016328	102469040	1	1
TCGA-E9-A245	16	60777	90287535	1	1
TCGA-E9-A245	17	526	81049726	1	1
TCGA-E9-A245	18	48133	78015057	1	1
TCGA-E9-A245	19	90910	59097854	1	1
TCGA-E9-A245	20	61305	62956153	1	1
TCGA-E9-A245	21	10736871	48096957	1	1
TCGA-E9-A245	22	16052528	51234455	1	1
TCGA-E9-A245	X	168477	155233846	1	1
