sample	chr	startpos	endpos	nMajor	nMinor
TCGA-04-1369	1	61735	33534350	2	1
TCGA-04-1369	1	33543621	36860800	5	1
TCGA-04-1369	1	36862254	39679685	2	1
TCGA-04-1369	1	39681045	41085926	3	1
TCGA-04-1369	1	41086224	48488234	2	1
TCGA-04-1369	1	48494186	49704911	1	1
TCGA-04-1369	1	49707901	56792679	2	1
TCGA-04-1369	1	56795419	57802421	1	0
TCGA-04-1369	1	57802603	58502643	2	0
TCGA-04-1369	1	58502705	60593303	3	1
TCGA-04-1369	1	60597914	74453561	2	1
TCGA-04-1369	1	74455274	76027536	3	1
TCGA-04-1369	1	76029502	81080518	4	1
TCGA-04-1369	1	81080541	81107720	1	0
TCGA-04-1369	1	81111793	88297741	2	1
TCGA-04-1369	1	88297927	89028777	1	1
TCGA-04-1369	1	89029331	90787386	3	1
TCGA-04-1369	1	90789357	95667618	2	2
TCGA-04-1369	1	95668518	100182220	2	1
TCGA-04-1369	1	100185926	105266399	2	2
TCGA-04-1369	1	105267426	106687752	3	1
TCGA-04-1369	1	106687949	109158513	2	1
TCGA-04-1369	1	109164118	111403793	3	2
TCGA-04-1369	1	111404291	121482979	2	1
TCGA-04-1369	1	144007049	150001721	3	1
TCGA-04-1369	1	150001899	151955230	5	2
TCGA-04-1369	1	151955230	154470507	3	1
TCGA-04-1369	1	154472761	160790548	2	1
TCGA-04-1369	1	160793442	164268559	3	1
TCGA-04-1369	1	164270704	167175585	2	1
TCGA-04-1369	1	167179776	171924452	3	2
TCGA-04-1369	1	171927636	173315018	2	1
TCGA-04-1369	1	173315625	201925327	2	2
TCGA-04-1369	1	201925555	207422493	3	2
TCGA-04-1369	1	207424386	217573979	2	2
TCGA-04-1369	1	217577346	218556297	3	2
TCGA-04-1369	1	218557040	222640795	2	1
TCGA-04-1369	1	222641291	227506948	3	2
TCGA-04-1369	1	227508250	231082454	2	2
TCGA-04-1369	1	231085237	232023201	3	2
TCGA-04-1369	1	232024105	232447672	2	2
TCGA-04-1369	1	232448541	233809001	3	2
TCGA-04-1369	1	233811689	238827051	2	2
TCGA-04-1369	1	238827206	244406512	2	1
TCGA-04-1369	1	244408550	245535264	3	1
TCGA-04-1369	1	245535862	247567932	2	1
TCGA-04-1369	1	247568051	249224388	3	1
TCGA-04-1369	2	12784	8327963	3	2
TCGA-04-1369	2	8331237	25320367	2	2
TCGA-04-1369	2	25327771	25892403	4	2
TCGA-04-1369	2	25898224	29716164	3	2
TCGA-04-1369	2	29716266	30028683	3	1
TCGA-04-1369	2	30029435	32080515	3	2
TCGA-04-1369	2	32082097	34319717	3	3
TCGA-04-1369	2	34323274	36564578	3	1
TCGA-04-1369	2	36565239	39848761	2	2
TCGA-04-1369	2	39851236	42305131	2	1
TCGA-04-1369	2	42306071	42588627	5	2
TCGA-04-1369	2	42588856	49217916	2	2
TCGA-04-1369	2	49219034	49560530	1	1
TCGA-04-1369	2	49562932	50704638	2	2
TCGA-04-1369	2	50705098	52288297	4	2
TCGA-04-1369	2	52297892	53371760	2	2
TCGA-04-1369	2	53372709	53464142	1	1
TCGA-04-1369	2	53464381	56733890	2	2
TCGA-04-1369	2	56734035	57037438	2	1
TCGA-04-1369	2	57039905	60440477	3	2
TCGA-04-1369	2	60444875	61233022	5	2
TCGA-04-1369	2	61233289	66162120	3	3
TCGA-04-1369	2	66162412	68599714	2	2
TCGA-04-1369	2	68600062	69395252	2	1
TCGA-04-1369	2	69395379	70160982	3	2
TCGA-04-1369	2	70163316	104836403	2	2
TCGA-04-1369	2	104836526	106437693	3	2
TCGA-04-1369	2	106441002	112960333	2	1
TCGA-04-1369	2	112965473	116908296	2	2
TCGA-04-1369	2	116909434	120869889	3	1
TCGA-04-1369	2	120870129	127118353	2	1
TCGA-04-1369	2	127121408	137244995	2	2
TCGA-04-1369	2	137247928	139007754	1	1
TCGA-04-1369	2	139008089	140935648	3	1
TCGA-04-1369	2	140935866	147000348	2	2
TCGA-04-1369	2	147004159	148324646	4	1
TCGA-04-1369	2	148326918	164854125	3	2
TCGA-04-1369	2	164858817	167667379	2	1
TCGA-04-1369	2	167669615	170262735	4	1
TCGA-04-1369	2	170264277	172234699	5	2
TCGA-04-1369	2	172237268	188576295	2	1
TCGA-04-1369	2	188585490	192006599	3	2
TCGA-04-1369	2	192009138	201666904	2	1
TCGA-04-1369	2	201669957	204693876	3	2
TCGA-04-1369	2	204700574	205651906	2	1
TCGA-04-1369	2	205657564	207738878	3	1
TCGA-04-1369	2	207739131	212437072	2	1
TCGA-04-1369	2	212437161	212522682	3	3
TCGA-04-1369	2	212524973	214536012	2	2
TCGA-04-1369	2	214537311	217974277	3	1
TCGA-04-1369	2	217974444	221848212	2	1
TCGA-04-1369	2	221851716	222738635	2	2
TCGA-04-1369	2	222738999	228380803	2	1
TCGA-04-1369	2	228382698	229479387	3	1
TCGA-04-1369	2	229482373	236190652	1	1
TCGA-04-1369	2	236192057	243089456	2	1
TCGA-04-1369	3	60345	7172721	3	2
TCGA-04-1369	3	7173002	8950205	2	2
TCGA-04-1369	3	8956131	8976019	6	5
TCGA-04-1369	3	8976115	18586100	3	2
TCGA-04-1369	3	18587253	18969649	2	1
TCGA-04-1369	3	18971710	20372799	3	2
TCGA-04-1369	3	20377232	27250296	2	1
TCGA-04-1369	3	27250858	29976103	3	1
TCGA-04-1369	3	29976238	31254014	1	1
TCGA-04-1369	3	31257467	56681190	2	1
TCGA-04-1369	3	56683246	59487521	3	2
TCGA-04-1369	3	59487628	71786050	2	1
TCGA-04-1369	3	71794407	75374569	2	2
TCGA-04-1369	3	75374659	76470029	3	1
TCGA-04-1369	3	76470473	96028708	2	2
TCGA-04-1369	3	96028986	108666777	2	1
TCGA-04-1369	3	108667200	113674583	3	1
TCGA-04-1369	3	113679725	117015831	1	1
TCGA-04-1369	3	117023557	121133335	2	1
TCGA-04-1369	3	121137232	122344647	4	1
TCGA-04-1369	3	122346908	123008019	2	1
TCGA-04-1369	3	123012140	128311738	2	2
TCGA-04-1369	3	128311781	132522536	3	2
TCGA-04-1369	3	132532009	132687292	1	1
TCGA-04-1369	3	132687517	135082715	2	2
TCGA-04-1369	3	135085611	138180947	3	1
TCGA-04-1369	3	138181295	147059334	2	1
TCGA-04-1369	3	147060267	149493999	4	2
TCGA-04-1369	3	149495855	153290152	3	2
TCGA-04-1369	3	153290897	156588479	2	1
TCGA-04-1369	3	156591311	158583410	3	2
TCGA-04-1369	3	158584086	162982473	2	1
TCGA-04-1369	3	162983181	165130134	5	1
TCGA-04-1369	3	165130177	168272967	2	1
TCGA-04-1369	3	168273749	170816016	4	1
TCGA-04-1369	3	170816903	172213444	2	1
TCGA-04-1369	3	172215575	173143395	4	2
TCGA-04-1369	3	173152428	177824078	2	2
TCGA-04-1369	3	177826047	182347404	4	2
TCGA-04-1369	3	182349694	184792086	4	4
TCGA-04-1369	3	184792899	185696854	8	4
TCGA-04-1369	3	185697697	188129554	5	3
TCGA-04-1369	3	188132110	192493940	4	4
TCGA-04-1369	3	192496354	194397835	6	3
TCGA-04-1369	3	194398236	197896118	4	4
TCGA-04-1369	4	12281	1792018	2	2
TCGA-04-1369	4	1793283	3745414	3	1
TCGA-04-1369	4	3746850	11885204	2	1
TCGA-04-1369	4	11887483	14914042	1	1
TCGA-04-1369	4	14914978	24013946	2	1
TCGA-04-1369	4	24014210	24476604	3	1
TCGA-04-1369	4	24477408	25458394	2	1
TCGA-04-1369	4	25462901	28227160	2	2
TCGA-04-1369	4	28227790	33729231	2	1
TCGA-04-1369	4	33729776	36015518	3	1
TCGA-04-1369	4	36017518	37230747	2	1
TCGA-04-1369	4	37232076	37808675	2	2
TCGA-04-1369	4	37812202	39957712	4	2
TCGA-04-1369	4	39964070	47557485	2	1
TCGA-04-1369	4	47558132	49061209	3	3
TCGA-04-1369	4	49063479	56307214	2	1
TCGA-04-1369	4	56311248	57041598	4	1
TCGA-04-1369	4	57048702	58702130	2	2
TCGA-04-1369	4	58702467	62501870	2	1
TCGA-04-1369	4	62503140	62730710	3	2
TCGA-04-1369	4	62731462	68221992	2	1
TCGA-04-1369	4	68222008	68673583	3	1
TCGA-04-1369	4	68675665	76408064	2	1
TCGA-04-1369	4	76410420	78123574	3	1
TCGA-04-1369	4	78124218	78331073	1	0
TCGA-04-1369	4	78332587	84262086	2	1
TCGA-04-1369	4	84264027	88457507	3	1
TCGA-04-1369	4	88457759	98821683	2	1
TCGA-04-1369	4	98822322	99527572	3	1
TCGA-04-1369	4	99528671	102278382	2	1
TCGA-04-1369	4	102280237	103520406	4	1
TCGA-04-1369	4	103521127	111745640	2	1
TCGA-04-1369	4	111745854	114021233	3	1
TCGA-04-1369	4	114021252	114863406	2	1
TCGA-04-1369	4	114863593	114885883	1	0
TCGA-04-1369	4	114887611	117886886	2	1
TCGA-04-1369	4	117887706	120225484	3	1
TCGA-04-1369	4	120226884	130918985	2	1
TCGA-04-1369	4	130920124	133764080	3	1
TCGA-04-1369	4	133764147	139909714	2	1
TCGA-04-1369	4	139911424	140158104	4	2
TCGA-04-1369	4	140162415	156239090	2	1
TCGA-04-1369	4	156244157	160319812	5	1
TCGA-04-1369	4	160324949	165650316	2	1
TCGA-04-1369	4	165650618	168162185	3	1
TCGA-04-1369	4	168162746	173828581	2	1
TCGA-04-1369	4	173832468	174164747	7	1
TCGA-04-1369	4	174165126	176453586	2	1
TCGA-04-1369	4	176458259	178264219	4	1
TCGA-04-1369	4	178264389	182886126	2	1
TCGA-04-1369	4	182886408	184251579	3	1
TCGA-04-1369	4	184251673	188589919	2	1
TCGA-04-1369	4	188594278	191027923	2	2
TCGA-04-1369	5	15532	5881234	3	2
TCGA-04-1369	5	5881311	6642426	4	2
TCGA-04-1369	5	6643847	16694309	2	2
TCGA-04-1369	5	16694349	22833783	3	2
TCGA-04-1369	5	22839432	23256268	4	2
TCGA-04-1369	5	23256452	29655298	3	2
TCGA-04-1369	5	29655565	36799236	3	1
TCGA-04-1369	5	36800871	40251324	6	2
TCGA-04-1369	5	40252294	42747446	2	1
TCGA-04-1369	5	42750177	46386392	2	2
TCGA-04-1369	5	46389273	49912277	2	0
TCGA-04-1369	5	49917122	51081294	2	2
TCGA-04-1369	5	51085083	59884317	2	0
TCGA-04-1369	5	59891304	61977704	3	0
TCGA-04-1369	5	61978989	63353864	2	0
TCGA-04-1369	5	63355863	64167202	3	0
TCGA-04-1369	5	64167550	65691630	6	0
TCGA-04-1369	5	65691760	70680128	2	0
TCGA-04-1369	5	70680532	75642707	1	0
TCGA-04-1369	5	75642735	78287942	2	0
TCGA-04-1369	5	78290155	79985657	1	0
TCGA-04-1369	5	79985689	82971512	2	0
TCGA-04-1369	5	82971921	95011189	1	0
TCGA-04-1369	5	95014045	118320318	2	0
TCGA-04-1369	5	118320490	118690998	3	1
TCGA-04-1369	5	118698609	121279041	1	0
TCGA-04-1369	5	121279253	123889184	3	0
TCGA-04-1369	5	123895098	124351539	6	0
TCGA-04-1369	5	124351644	125880109	2	0
TCGA-04-1369	5	125882825	128004752	3	0
TCGA-04-1369	5	128005001	132012806	2	0
TCGA-04-1369	5	132013179	134454329	3	0
TCGA-04-1369	5	134454689	137230044	2	0
TCGA-04-1369	5	137233534	141504065	2	1
TCGA-04-1369	5	141507835	142849379	2	0
TCGA-04-1369	5	142849609	145505337	1	0
TCGA-04-1369	5	145508340	148868169	2	0
TCGA-04-1369	5	148869387	151511997	3	0
TCGA-04-1369	5	151513833	154853297	1	0
TCGA-04-1369	5	154853392	154888908	0	0
TCGA-04-1369	5	154889003	157949188	2	0
TCGA-04-1369	5	157949553	160509695	3	0
TCGA-04-1369	5	160510960	172110188	2	0
TCGA-04-1369	5	172117315	173164663	3	0
TCGA-04-1369	5	173164938	174309043	4	1
TCGA-04-1369	5	174309210	180790320	2	0
TCGA-04-1369	6	149661	1216376	1	1
TCGA-04-1369	6	1216526	7646031	2	1
TCGA-04-1369	6	7646108	9071376	2	2
TCGA-04-1369	6	9072091	10240374	2	1
TCGA-04-1369	6	10241822	10362819	2	0
TCGA-04-1369	6	10365025	24046037	2	1
TCGA-04-1369	6	24051873	25633131	3	1
TCGA-04-1369	6	25634760	25891859	1	1
TCGA-04-1369	6	25892529	27441608	2	1
TCGA-04-1369	6	27442247	30010139	3	1
TCGA-04-1369	6	30010508	33218180	1	1
TCGA-04-1369	6	33222163	35066772	3	1
TCGA-04-1369	6	35071656	36374113	2	1
TCGA-04-1369	6	36375304	38391806	3	2
TCGA-04-1369	6	38398803	39969542	2	1
TCGA-04-1369	6	39970537	40125459	1	0
TCGA-04-1369	6	40132914	41195440	2	1
TCGA-04-1369	6	41195473	41822199	3	1
TCGA-04-1369	6	41825053	45933157	2	1
TCGA-04-1369	6	45935309	65078193	1	1
TCGA-04-1369	6	65081256	65331854	3	2
TCGA-04-1369	6	65332657	65350776	2	1
TCGA-04-1369	6	65350813	65637533	3	2
TCGA-04-1369	6	65640659	75943029	2	1
TCGA-04-1369	6	75943069	77839876	3	1
TCGA-04-1369	6	77841116	78318935	2	2
TCGA-04-1369	6	78322516	78883080	3	1
TCGA-04-1369	6	78888462	82308619	2	1
TCGA-04-1369	6	82310321	82755270	1	0
TCGA-04-1369	6	82757480	85296553	2	1
TCGA-04-1369	6	85297841	89452355	2	0
TCGA-04-1369	6	89463017	91246007	3	0
TCGA-04-1369	6	91247118	92906188	1	0
TCGA-04-1369	6	92907718	96908174	3	1
TCGA-04-1369	6	96908653	129512133	2	1
TCGA-04-1369	6	129513058	131396001	3	1
TCGA-04-1369	6	131397303	147552476	2	1
TCGA-04-1369	6	147559082	148088178	4	2
TCGA-04-1369	6	148088928	149480717	2	1
TCGA-04-1369	6	149480990	150132143	3	1
TCGA-04-1369	6	150132652	151299529	3	2
TCGA-04-1369	6	151299724	155509196	3	1
TCGA-04-1369	6	155509242	156402794	1	1
TCGA-04-1369	6	156403634	161318071	2	1
TCGA-04-1369	6	161318210	162359198	4	2
TCGA-04-1369	6	162359335	163993344	2	2
TCGA-04-1369	6	163995772	171051005	2	1
TCGA-04-1369	7	43259	8145733	2	1
TCGA-04-1369	7	8148032	8449727	3	1
TCGA-04-1369	7	8449905	12022690	2	1
TCGA-04-1369	7	12025058	12853416	3	1
TCGA-04-1369	7	12853902	13991464	2	1
TCGA-04-1369	7	13991577	14013178	3	2
TCGA-04-1369	7	14013219	20434251	2	1
TCGA-04-1369	7	20439353	23262435	4	1
TCGA-04-1369	7	23263474	25617847	6	1
TCGA-04-1369	7	25618430	26471874	7	1
TCGA-04-1369	7	26473995	28494599	3	1
TCGA-04-1369	7	28494663	35047376	2	1
TCGA-04-1369	7	35052169	35593963	3	2
TCGA-04-1369	7	35594094	38404387	3	1
TCGA-04-1369	7	38404971	45178324	2	1
TCGA-04-1369	7	45178602	49034597	2	2
TCGA-04-1369	7	49035890	51835276	3	2
TCGA-04-1369	7	51835471	86428208	2	2
TCGA-04-1369	7	86434619	86684705	1	1
TCGA-04-1369	7	86689773	87166085	2	1
TCGA-04-1369	7	87169037	90989395	3	2
TCGA-04-1369	7	90989868	96607128	2	1
TCGA-04-1369	7	96610366	101509171	2	2
TCGA-04-1369	7	101511905	102620082	4	2
TCGA-04-1369	7	102625517	105263059	2	1
TCGA-04-1369	7	105266640	109533590	3	2
TCGA-04-1369	7	109541756	109866785	2	1
TCGA-04-1369	7	109867444	109882736	3	2
TCGA-04-1369	7	109882848	127054905	2	1
TCGA-04-1369	7	127054987	131016455	3	2
TCGA-04-1369	7	131017440	134093813	3	3
TCGA-04-1369	7	134094036	135213668	4	2
TCGA-04-1369	7	135214060	136467934	2	2
TCGA-04-1369	7	136470215	137079949	2	1
TCGA-04-1369	7	137080712	159127004	2	2
TCGA-04-1369	8	31254	17176495	1	0
TCGA-04-1369	8	17176644	17581155	2	0
TCGA-04-1369	8	17582137	17601560	1	0
TCGA-04-1369	8	17602602	17756639	2	0
TCGA-04-1369	8	17757402	24080621	1	0
TCGA-04-1369	8	24083207	28208204	1	1
TCGA-04-1369	8	28209288	34275425	2	1
TCGA-04-1369	8	34277594	34287750	1	0
TCGA-04-1369	8	34287761	39671380	2	1
TCGA-04-1369	8	39671986	41879528	3	1
TCGA-04-1369	8	41879825	47801979	2	1
TCGA-04-1369	8	47807322	50480613	2	2
TCGA-04-1369	8	50483024	50772267	3	1
TCGA-04-1369	8	50773302	55032681	2	1
TCGA-04-1369	8	55035012	57981300	3	2
TCGA-04-1369	8	57981401	85879636	2	1
TCGA-04-1369	8	85880705	88411745	3	1
TCGA-04-1369	8	88411869	96726034	1	1
TCGA-04-1369	8	96726063	98590335	2	1
TCGA-04-1369	8	98591093	101312115	3	1
TCGA-04-1369	8	101324078	116154091	2	1
TCGA-04-1369	8	116154344	120427856	2	2
TCGA-04-1369	8	120428965	121269836	4	1
TCGA-04-1369	8	121270355	122297594	2	1
TCGA-04-1369	8	122299849	123226459	4	1
TCGA-04-1369	8	123227177	124008215	2	1
TCGA-04-1369	8	124008323	125448760	4	1
TCGA-04-1369	8	125453045	126782740	4	2
TCGA-04-1369	8	126783530	127189842	2	1
TCGA-04-1369	8	127195413	127846315	3	1
TCGA-04-1369	8	127846474	130080412	4	1
TCGA-04-1369	8	130088605	131314287	2	1
TCGA-04-1369	8	131314429	133313545	3	1
TCGA-04-1369	8	133315021	140112718	2	1
TCGA-04-1369	8	140112841	140179101	1	0
TCGA-04-1369	8	140179554	144090428	3	1
TCGA-04-1369	8	144090682	144578103	2	2
TCGA-04-1369	8	144578748	146298155	2	1
TCGA-04-1369	9	46587	8380716	2	2
TCGA-04-1369	9	8384686	9160107	4	3
TCGA-04-1369	9	9162435	12406559	2	2
TCGA-04-1369	9	12415123	16652737	4	3
TCGA-04-1369	9	16654167	17581039	5	3
TCGA-04-1369	9	17581150	22423291	3	2
TCGA-04-1369	9	22425639	33652109	2	1
TCGA-04-1369	9	33653151	33702623	1	1
TCGA-04-1369	9	33705185	47217176	2	2
TCGA-04-1369	9	65616971	77482275	2	1
TCGA-04-1369	9	77482646	80921446	3	1
TCGA-04-1369	9	80921599	89078466	2	1
TCGA-04-1369	9	89080046	89447319	1	1
TCGA-04-1369	9	89450376	91566754	2	1
TCGA-04-1369	9	91569248	98952597	1	1
TCGA-04-1369	9	98957280	99154862	2	1
TCGA-04-1369	9	99157157	103757199	1	1
TCGA-04-1369	9	103759621	104755866	1	0
TCGA-04-1369	9	104756381	112968739	1	1
TCGA-04-1369	9	112975784	113139783	2	1
TCGA-04-1369	9	113140590	115416612	1	1
TCGA-04-1369	9	115417891	119647003	2	1
TCGA-04-1369	9	119647656	121419778	1	0
TCGA-04-1369	9	121421860	125391369	2	1
TCGA-04-1369	9	125391409	128766193	1	1
TCGA-04-1369	9	128769544	133671003	2	1
TCGA-04-1369	9	133671066	139030762	1	1
TCGA-04-1369	9	139033891	140442045	2	1
TCGA-04-1369	9	140442173	141091394	1	1
TCGA-04-1369	10	72759	4961021	2	2
TCGA-04-1369	10	4962583	5211330	2	1
TCGA-04-1369	10	5217177	16421596	2	2
TCGA-04-1369	10	16422047	18519874	3	3
TCGA-04-1369	10	18526451	27304215	2	2
TCGA-04-1369	10	27304541	29232856	3	2
TCGA-04-1369	10	29236395	36494365	2	2
TCGA-04-1369	10	36494808	37140884	3	3
TCGA-04-1369	10	37145496	45659227	2	2
TCGA-04-1369	10	45661400	50231880	3	2
TCGA-04-1369	10	50233977	64948554	2	1
TCGA-04-1369	10	64948684	65397717	3	3
TCGA-04-1369	10	65401016	67570226	2	2
TCGA-04-1369	10	67570266	77227430	3	2
TCGA-04-1369	10	77227763	78552842	2	1
TCGA-04-1369	10	78562819	81233076	2	2
TCGA-04-1369	10	81239361	83199282	3	2
TCGA-04-1369	10	83199656	83844997	5	3
TCGA-04-1369	10	83850959	88078786	2	1
TCGA-04-1369	10	88086262	89180864	2	2
TCGA-04-1369	10	89182615	121455733	2	1
TCGA-04-1369	10	121455929	122684548	2	2
TCGA-04-1369	10	122685062	127826252	2	1
TCGA-04-1369	10	127827684	129084659	3	1
TCGA-04-1369	10	129087520	130890102	2	1
TCGA-04-1369	10	130890818	131652277	3	2
TCGA-04-1369	10	131654891	135506704	2	1
TCGA-04-1369	11	198572	4793758	2	1
TCGA-04-1369	11	4793882	8233029	1	1
TCGA-04-1369	11	8233876	11809545	2	1
TCGA-04-1369	11	11809694	13086459	2	2
TCGA-04-1369	11	13088435	14938175	2	1
TCGA-04-1369	11	14938596	24491940	1	1
TCGA-04-1369	11	24492262	24516439	0	0
TCGA-04-1369	11	24517243	30762335	1	1
TCGA-04-1369	11	30762662	30768772	0	0
TCGA-04-1369	11	30774525	31046656	1	1
TCGA-04-1369	11	31048683	33364464	2	2
TCGA-04-1369	11	33371849	35544832	1	1
TCGA-04-1369	11	35545649	40630133	2	1
TCGA-04-1369	11	40630417	43290468	1	1
TCGA-04-1369	11	43290703	50297319	2	1
TCGA-04-1369	11	50297466	55323570	1	1
TCGA-04-1369	11	55325928	67437857	2	1
TCGA-04-1369	11	67441095	71527895	4	1
TCGA-04-1369	11	71533931	74331879	6	1
TCGA-04-1369	11	74332262	79713765	4	1
TCGA-04-1369	11	79714621	85150154	2	1
TCGA-04-1369	11	85153290	87017001	3	1
TCGA-04-1369	11	87018161	94541735	2	1
TCGA-04-1369	11	94542581	94629906	4	2
TCGA-04-1369	11	94630083	95484494	3	1
TCGA-04-1369	11	95489184	98747199	4	1
TCGA-04-1369	11	98747537	111052828	2	1
TCGA-04-1369	11	111052969	114618994	3	1
TCGA-04-1369	11	114619372	119229964	2	1
TCGA-04-1369	11	119232296	122590875	2	2
TCGA-04-1369	11	122591233	126783878	3	1
TCGA-04-1369	11	126784367	127792290	2	1
TCGA-04-1369	11	127792983	130270230	2	2
TCGA-04-1369	11	130272401	134944770	2	1
TCGA-04-1369	12	150442	4792492	3	1
TCGA-04-1369	12	4793464	7610722	4	1
TCGA-04-1369	12	7617856	11663886	2	1
TCGA-04-1369	12	11665814	14716569	5	1
TCGA-04-1369	12	14721203	25007014	2	1
TCGA-04-1369	12	25009028	28605426	3	1
TCGA-04-1369	12	28607355	28683082	1	0
TCGA-04-1369	12	28686237	29273524	2	1
TCGA-04-1369	12	29274655	31850653	2	2
TCGA-04-1369	12	31851044	32720485	3	1
TCGA-04-1369	12	32727494	33852460	2	2
TCGA-04-1369	12	33855419	39434104	2	1
TCGA-04-1369	12	39439630	42398871	2	2
TCGA-04-1369	12	42401114	46479080	4	2
TCGA-04-1369	12	46480642	46598477	3	1
TCGA-04-1369	12	46599376	48989009	2	2
TCGA-04-1369	12	48991521	50212164	3	1
TCGA-04-1369	12	50214637	58393503	2	1
TCGA-04-1369	12	58396673	58843858	1	1
TCGA-04-1369	12	58843966	68228709	2	0
TCGA-04-1369	12	68231947	68511390	3	0
TCGA-04-1369	12	68513684	70610002	4	0
TCGA-04-1369	12	70610602	70752968	8	0
TCGA-04-1369	12	70753020	72614485	5	0
TCGA-04-1369	12	72614559	109754924	2	0
TCGA-04-1369	12	109761152	111614736	4	0
TCGA-04-1369	12	111616207	127389524	2	0
TCGA-04-1369	12	127389717	129348770	3	0
TCGA-04-1369	12	129349136	129911472	4	0
TCGA-04-1369	12	129911848	132176123	2	0
TCGA-04-1369	12	132177712	133778189	3	0
TCGA-04-1369	13	19026949	23224826	2	1
TCGA-04-1369	13	23227414	24128606	4	1
TCGA-04-1369	13	24129102	29898086	2	1
TCGA-04-1369	13	29898292	34725892	4	1
TCGA-04-1369	13	34725977	46372134	2	1
TCGA-04-1369	13	46374573	51106369	2	2
TCGA-04-1369	13	51106555	57555692	2	1
TCGA-04-1369	13	57559566	64127128	3	1
TCGA-04-1369	13	64127365	64244496	4	2
TCGA-04-1369	13	64246746	68487251	3	1
TCGA-04-1369	13	68491817	74728820	2	1
TCGA-04-1369	13	74729084	80967791	2	0
TCGA-04-1369	13	80969243	85337174	2	1
TCGA-04-1369	13	85337282	87189190	4	1
TCGA-04-1369	13	87196916	89139212	2	1
TCGA-04-1369	13	89140402	93840053	4	1
TCGA-04-1369	13	93840126	93843421	2	0
TCGA-04-1369	13	93848635	95652341	4	1
TCGA-04-1369	13	95654167	96176999	7	1
TCGA-04-1369	13	96177637	96347177	3	1
TCGA-04-1369	13	96348673	115108397	2	1
TCGA-04-1369	14	19002124	23371780	1	1
TCGA-04-1369	14	23372746	24543808	2	1
TCGA-04-1369	14	24545984	26708020	1	1
TCGA-04-1369	14	26714220	26779399	2	1
TCGA-04-1369	14	26779642	26842126	2	2
TCGA-04-1369	14	26845285	27000378	3	2
TCGA-04-1369	14	27001285	27019244	7	0
TCGA-04-1369	14	27022704	27218757	2	1
TCGA-04-1369	14	27219015	41585647	1	1
TCGA-04-1369	14	41585708	43069483	2	1
TCGA-04-1369	14	43070466	48251532	1	1
TCGA-04-1369	14	48252682	51252669	2	1
TCGA-04-1369	14	51254908	56032861	1	1
TCGA-04-1369	14	56035078	57173235	2	1
TCGA-04-1369	14	57173763	61253597	1	1
TCGA-04-1369	14	61253805	62309274	2	1
TCGA-04-1369	14	62315627	62938369	1	0
TCGA-04-1369	14	62938588	77604695	1	1
TCGA-04-1369	14	77605565	78248726	2	1
TCGA-04-1369	14	78251631	88796116	1	1
TCGA-04-1369	14	88798458	92972162	2	1
TCGA-04-1369	14	92973090	107285437	1	1
TCGA-04-1369	15	20016328	22769349	3	0
TCGA-04-1369	15	22770435	24222299	3	2
TCGA-04-1369	15	24224131	26524839	2	1
TCGA-04-1369	15	26525600	31040535	2	0
TCGA-04-1369	15	31044155	31495113	3	2
TCGA-04-1369	15	31495821	34678777	2	1
TCGA-04-1369	15	34694636	43914749	2	0
TCGA-04-1369	15	43929351	44823049	3	0
TCGA-04-1369	15	44823262	46935126	2	0
TCGA-04-1369	15	46936359	47686263	1	0
TCGA-04-1369	15	47686590	70191844	2	0
TCGA-04-1369	15	70194313	72431883	3	0
TCGA-04-1369	15	72433144	73797527	2	1
TCGA-04-1369	15	73799829	77970563	2	0
TCGA-04-1369	15	77972555	78304736	4	0
TCGA-04-1369	15	78309553	86623407	2	0
TCGA-04-1369	15	86628765	88471605	1	0
TCGA-04-1369	15	88472650	94110801	3	0
TCGA-04-1369	15	94111168	94790863	2	0
TCGA-04-1369	15	94790863	94988111	4	0
TCGA-04-1369	15	94988175	95211259	2	0
TCGA-04-1369	15	95211562	95612398	3	0
TCGA-04-1369	15	95613234	100413583	2	0
TCGA-04-1369	15	100415574	102469040	3	0
TCGA-04-1369	16	60777	7471779	2	0
TCGA-04-1369	16	7475872	7727693	3	0
TCGA-04-1369	16	7728249	24270958	2	0
TCGA-04-1369	16	24271059	27135358	3	0
TCGA-04-1369	16	27137395	35283226	2	0
TCGA-04-1369	16	46463782	46552617	4	0
TCGA-04-1369	16	46554423	46859467	7	0
TCGA-04-1369	16	46860534	46896221	7	1
TCGA-04-1369	16	46900438	47189187	5	0
TCGA-04-1369	16	47190596	50091556	3	0
TCGA-04-1369	16	50094615	50932797	1	0
TCGA-04-1369	16	50935200	51753958	2	0
TCGA-04-1369	16	51759149	52988925	1	0
TCGA-04-1369	16	52989386	54850214	2	0
TCGA-04-1369	16	54850716	58846851	3	0
TCGA-04-1369	16	58847217	68861864	2	0
TCGA-04-1369	16	68861904	70838203	4	0
TCGA-04-1369	16	70839075	71205908	2	1
TCGA-04-1369	16	71207728	73879175	2	0
TCGA-04-1369	16	73882647	76021509	4	0
TCGA-04-1369	16	76021533	78868109	2	0
TCGA-04-1369	16	78869116	79093371	3	0
TCGA-04-1369	16	79095848	88734344	2	0
TCGA-04-1369	16	88737172	90287535	4	0
TCGA-04-1369	17	526	25526035	2	0
TCGA-04-1369	17	25526240	28868729	6	0
TCGA-04-1369	17	28869069	30601771	2	0
TCGA-04-1369	17	30602138	38041099	3	0
TCGA-04-1369	17	38041774	46083732	2	0
TCGA-04-1369	17	46086267	49571507	6	0
TCGA-04-1369	17	49571738	50613712	5	0
TCGA-04-1369	17	50613878	50799903	2	0
TCGA-04-1369	17	50805354	50810147	6	0
TCGA-04-1369	17	50810147	55912970	2	0
TCGA-04-1369	17	55914026	65064534	3	0
TCGA-04-1369	17	65064908	68785393	5	0
TCGA-04-1369	17	68786239	73186822	3	0
TCGA-04-1369	17	73192340	75150386	2	0
TCGA-04-1369	17	75154029	78207690	4	0
TCGA-04-1369	17	78211732	81049726	2	0
TCGA-04-1369	18	48133	3053430	2	1
TCGA-04-1369	18	3053491	5092420	3	1
TCGA-04-1369	18	5097287	10219382	2	1
TCGA-04-1369	18	10225335	19014583	2	2
TCGA-04-1369	18	19020700	45892913	2	1
TCGA-04-1369	18	45893124	46596847	3	1
TCGA-04-1369	18	46597856	52360707	2	1
TCGA-04-1369	18	52365364	56461373	2	2
TCGA-04-1369	18	56461646	57521875	2	1
TCGA-04-1369	18	57522070	57633654	3	2
TCGA-04-1369	18	57634420	59579209	5	1
TCGA-04-1369	18	59579388	61761540	8	1
TCGA-04-1369	18	61766976	63117493	6	1
TCGA-04-1369	18	63117507	78015057	3	1
TCGA-04-1369	19	90910	11570802	2	1
TCGA-04-1369	19	11571380	12589174	2	2
TCGA-04-1369	19	12590384	15645769	3	2
TCGA-04-1369	19	15646051	18988218	2	1
TCGA-04-1369	19	18988247	20826692	3	3
TCGA-04-1369	19	20826976	24357311	2	2
TCGA-04-1369	19	24357593	28070421	1	0
TCGA-04-1369	19	28072042	28809979	2	2
TCGA-04-1369	19	28812580	29927476	11	3
TCGA-04-1369	19	29928712	31296680	6	2
TCGA-04-1369	19	31296854	35022319	3	2
TCGA-04-1369	19	35024183	38446088	2	1
TCGA-04-1369	19	38446211	40046952	4	1
TCGA-04-1369	19	40047331	42081245	3	1
TCGA-04-1369	19	42085873	59097854	1	1
TCGA-04-1369	20	61305	190013	2	2
TCGA-04-1369	20	193171	9905647	3	3
TCGA-04-1369	20	9908095	13532922	3	2
TCGA-04-1369	20	13533417	15477704	3	3
TCGA-04-1369	20	15479871	23075155	2	2
TCGA-04-1369	20	23078546	31338931	4	2
TCGA-04-1369	20	31353435	36077472	2	2
TCGA-04-1369	20	36078079	38875418	2	1
TCGA-04-1369	20	38876148	40740041	3	2
TCGA-04-1369	20	40740195	44602846	2	1
TCGA-04-1369	20	44606041	51145600	3	1
TCGA-04-1369	20	51149532	53393691	5	1
TCGA-04-1369	20	53394617	54211960	4	1
TCGA-04-1369	20	54216994	54903466	2	1
TCGA-04-1369	20	54904079	56321231	3	1
TCGA-04-1369	20	56321560	58899565	4	1
TCGA-04-1369	20	58900315	60281236	3	1
TCGA-04-1369	20	60282962	62956153	3	2
TCGA-04-1369	21	10736871	16898892	2	1
TCGA-04-1369	21	16899144	16965380	1	0
TCGA-04-1369	21	16966074	18053153	3	1
TCGA-04-1369	21	18055803	18083007	6	0
TCGA-04-1369	21	18083156	22748515	2	1
TCGA-04-1369	21	22748754	26229827	5	1
TCGA-04-1369	21	26230454	26842278	3	1
TCGA-04-1369	21	26846444	29354773	3	2
TCGA-04-1369	21	29357172	31709615	3	1
TCGA-04-1369	21	31709691	38140659	2	1
TCGA-04-1369	21	38141045	39398787	2	2
TCGA-04-1369	21	39398850	40579684	2	1
TCGA-04-1369	21	40580141	44109883	3	1
TCGA-04-1369	21	44113269	48096957	2	1
TCGA-04-1369	22	16052528	22333268	2	1
TCGA-04-1369	22	22333573	25224954	3	1
TCGA-04-1369	22	25225248	29671036	2	1
TCGA-04-1369	22	29679339	32847116	2	2
TCGA-04-1369	22	32849129	35515997	2	1
TCGA-04-1369	22	35517673	39310414	3	2
TCGA-04-1369	22	39317688	47706455	2	1
TCGA-04-1369	22	47706502	48192731	2	2
TCGA-04-1369	22	48193646	51234455	2	1
TCGA-04-1369	X	168477	3008775	2	1
TCGA-04-1369	X	3011751	4160830	3	1
TCGA-04-1369	X	4161853	4528445	4	2
TCGA-04-1369	X	4528647	12074796	2	1
TCGA-04-1369	X	12074952	12215515	1	1
TCGA-04-1369	X	12220383	13870476	3	1
TCGA-04-1369	X	13871417	15520542	2	1
TCGA-04-1369	X	15520848	27991835	1	1
TCGA-04-1369	X	27994559	30110492	3	1
TCGA-04-1369	X	30111060	32077134	1	1
TCGA-04-1369	X	32077609	32237711	1	0
TCGA-04-1369	X	32242124	38817628	2	1
TCGA-04-1369	X	38817920	43598603	2	2
TCGA-04-1369	X	43600684	44107265	2	1
TCGA-04-1369	X	44121357	45021198	3	3
TCGA-04-1369	X	45021345	50125558	2	1
TCGA-04-1369	X	50128485	50300133	1	0
TCGA-04-1369	X	50301103	53881334	2	2
TCGA-04-1369	X	53884631	55420842	3	1
TCGA-04-1369	X	55421437	73003799	2	1
TCGA-04-1369	X	73010635	73668759	3	2
TCGA-04-1369	X	73668829	79449612	2	1
TCGA-04-1369	X	79451948	81019006	2	2
TCGA-04-1369	X	81019672	95864708	2	1
TCGA-04-1369	X	95867425	101384794	3	1
TCGA-04-1369	X	101386584	113724212	2	1
TCGA-04-1369	X	113725525	114665177	3	2
TCGA-04-1369	X	114672867	115831427	4	2
TCGA-04-1369	X	115834984	115960293	3	1
TCGA-04-1369	X	115960725	116114541	3	2
TCGA-04-1369	X	116115405	121194281	2	1
TCGA-04-1369	X	121202076	150222659	2	0
TCGA-04-1369	X	150223011	150257944	6	0
TCGA-04-1369	X	150260144	150260144	3	0
TCGA-04-1369	X	150264874	150633228	6	0
TCGA-04-1369	X	150633502	155233846	2	0
