sample	chr	startpos	endpos	nMajor	nMinor
TCGA-WJ-A86L	1	61735	41264808	1	1
TCGA-WJ-A86L	1	41269700	41615596	2	1
TCGA-WJ-A86L	1	41617951	43636128	1	1
TCGA-WJ-A86L	1	43639728	43991832	2	1
TCGA-WJ-A86L	1	43992893	52954768	1	1
TCGA-WJ-A86L	1	52958627	53353462	2	1
TCGA-WJ-A86L	1	53361928	54463413	1	1
TCGA-WJ-A86L	1	54465802	54805179	2	1
TCGA-WJ-A86L	1	54805633	121482979	1	1
TCGA-WJ-A86L	1	144007049	146498838	2	1
TCGA-WJ-A86L	1	146499296	168410137	3	1
TCGA-WJ-A86L	1	168410254	215797021	2	1
TCGA-WJ-A86L	1	215800176	215887929	4	1
TCGA-WJ-A86L	1	215888119	239657705	2	1
TCGA-WJ-A86L	1	239658575	239781454	1	1
TCGA-WJ-A86L	1	239786199	249224388	2	1
TCGA-WJ-A86L	2	12784	20241888	2	1
TCGA-WJ-A86L	2	20242558	20481605	3	1
TCGA-WJ-A86L	2	20482519	85656347	1	1
TCGA-WJ-A86L	2	85667368	85718248	3	1
TCGA-WJ-A86L	2	85721138	102369757	1	1
TCGA-WJ-A86L	2	102372852	102680856	2	1
TCGA-WJ-A86L	2	102682374	211446449	1	1
TCGA-WJ-A86L	2	211448624	219461350	1	0
TCGA-WJ-A86L	2	219462484	243089456	1	1
TCGA-WJ-A86L	3	60345	4615533	1	1
TCGA-WJ-A86L	3	4617259	5063879	2	1
TCGA-WJ-A86L	3	5069843	42629281	1	1
TCGA-WJ-A86L	3	42636141	42937682	3	1
TCGA-WJ-A86L	3	42944201	46613222	1	1
TCGA-WJ-A86L	3	46617311	46747037	3	1
TCGA-WJ-A86L	3	46747192	46754978	2	2
TCGA-WJ-A86L	3	46759707	46813072	3	0
TCGA-WJ-A86L	3	46818240	48847918	1	1
TCGA-WJ-A86L	3	48848422	49654440	1	0
TCGA-WJ-A86L	3	49656602	50112162	1	1
TCGA-WJ-A86L	3	50112747	50378991	2	1
TCGA-WJ-A86L	3	50382613	114171726	1	1
TCGA-WJ-A86L	3	114178424	114631956	1	0
TCGA-WJ-A86L	3	114634134	126028192	1	1
TCGA-WJ-A86L	3	126033522	133338862	1	0
TCGA-WJ-A86L	3	133340474	149345445	1	1
TCGA-WJ-A86L	3	149345945	172121443	2	1
TCGA-WJ-A86L	3	172121904	172339351	5	1
TCGA-WJ-A86L	3	172339752	188449052	2	1
TCGA-WJ-A86L	3	188449859	188872977	3	2
TCGA-WJ-A86L	3	188875380	197896118	2	1
TCGA-WJ-A86L	4	12281	93637379	1	1
TCGA-WJ-A86L	4	93639305	93994597	1	0
TCGA-WJ-A86L	4	93994636	97426396	1	1
TCGA-WJ-A86L	4	97430110	97516438	1	0
TCGA-WJ-A86L	4	97520476	155339465	1	1
TCGA-WJ-A86L	4	155350609	155714399	2	1
TCGA-WJ-A86L	4	155716142	191027923	1	1
TCGA-WJ-A86L	5	15532	67278917	1	1
TCGA-WJ-A86L	5	67288210	67586022	2	1
TCGA-WJ-A86L	5	67586539	90085850	1	1
TCGA-WJ-A86L	5	90088983	90409081	2	1
TCGA-WJ-A86L	5	90409218	137618613	1	1
TCGA-WJ-A86L	5	137618772	137925722	2	1
TCGA-WJ-A86L	5	137942331	142633367	1	1
TCGA-WJ-A86L	5	142636456	143069672	2	1
TCGA-WJ-A86L	5	143071382	180790320	1	1
TCGA-WJ-A86L	6	149661	18588914	2	1
TCGA-WJ-A86L	6	18588949	31296292	1	1
TCGA-WJ-A86L	6	31296451	31394179	2	1
TCGA-WJ-A86L	6	31399515	116595909	1	1
TCGA-WJ-A86L	6	116601919	116768445	2	1
TCGA-WJ-A86L	6	116769598	150703329	1	1
TCGA-WJ-A86L	6	150705173	150844808	2	1
TCGA-WJ-A86L	6	150846648	168359315	1	1
TCGA-WJ-A86L	6	168364127	171051005	1	0
TCGA-WJ-A86L	7	43259	30178632	1	1
TCGA-WJ-A86L	7	30180241	30468056	2	1
TCGA-WJ-A86L	7	30473822	98671888	1	1
TCGA-WJ-A86L	7	98674917	98907396	4	0
TCGA-WJ-A86L	7	98915958	155213800	1	1
TCGA-WJ-A86L	7	155218440	155565621	2	1
TCGA-WJ-A86L	7	155568707	159127004	1	1
TCGA-WJ-A86L	8	31254	9278707	1	0
TCGA-WJ-A86L	8	9280516	9556051	2	0
TCGA-WJ-A86L	8	9556847	43786802	1	0
TCGA-WJ-A86L	8	43824048	109428917	1	1
TCGA-WJ-A86L	8	109429372	131024880	1	0
TCGA-WJ-A86L	8	131025034	146298155	1	1
TCGA-WJ-A86L	9	46587	30713117	1	1
TCGA-WJ-A86L	9	30715913	30776892	0	0
TCGA-WJ-A86L	9	30777508	30935525	1	0
TCGA-WJ-A86L	9	30935939	34169940	1	1
TCGA-WJ-A86L	9	34174337	34401764	2	1
TCGA-WJ-A86L	9	34407648	141091394	1	1
TCGA-WJ-A86L	10	72759	5359932	1	1
TCGA-WJ-A86L	10	5361231	5587867	2	1
TCGA-WJ-A86L	10	5595343	89437999	1	1
TCGA-WJ-A86L	10	89439198	89728012	1	0
TCGA-WJ-A86L	10	89728024	97086975	1	1
TCGA-WJ-A86L	10	97092090	97468768	2	1
TCGA-WJ-A86L	10	97468899	102010197	1	1
TCGA-WJ-A86L	10	102016162	102205425	2	1
TCGA-WJ-A86L	10	102208227	135506704	1	1
TCGA-WJ-A86L	11	198572	6257379	1	1
TCGA-WJ-A86L	11	6257669	6525011	2	1
TCGA-WJ-A86L	11	6525439	34312342	1	1
TCGA-WJ-A86L	11	34312530	34741374	2	1
TCGA-WJ-A86L	11	34741788	47413733	1	1
TCGA-WJ-A86L	11	47419663	47776409	2	1
TCGA-WJ-A86L	11	47791291	58931391	1	1
TCGA-WJ-A86L	11	58934685	59203343	2	1
TCGA-WJ-A86L	11	59205053	82706248	1	1
TCGA-WJ-A86L	11	82709334	83016447	2	1
TCGA-WJ-A86L	11	83018775	116530998	1	1
TCGA-WJ-A86L	11	116531020	117120998	2	1
TCGA-WJ-A86L	11	117121190	134944770	1	1
TCGA-WJ-A86L	12	150442	9277875	1	1
TCGA-WJ-A86L	12	9279431	9518240	2	1
TCGA-WJ-A86L	12	9518864	66167654	1	1
TCGA-WJ-A86L	12	66174856	66771606	1	0
TCGA-WJ-A86L	12	66772339	118589718	1	1
TCGA-WJ-A86L	12	118591520	118986590	2	1
TCGA-WJ-A86L	12	118987183	133778189	1	1
TCGA-WJ-A86L	13	19026949	77750949	1	0
TCGA-WJ-A86L	13	77760080	109483362	2	0
TCGA-WJ-A86L	13	109488455	115108397	5	0
TCGA-WJ-A86L	14	19002124	94938713	1	1
TCGA-WJ-A86L	14	94940717	95253783	2	1
TCGA-WJ-A86L	14	95254217	103579649	1	1
TCGA-WJ-A86L	14	103582802	103728456	2	1
TCGA-WJ-A86L	14	103732265	107285437	1	1
TCGA-WJ-A86L	15	20016328	58638613	1	1
TCGA-WJ-A86L	15	58646332	58684154	3	1
TCGA-WJ-A86L	15	58684282	58694613	2	1
TCGA-WJ-A86L	15	58701412	66799754	1	1
TCGA-WJ-A86L	15	66802913	67089931	2	1
TCGA-WJ-A86L	15	67090278	70550428	1	1
TCGA-WJ-A86L	15	70550711	70801870	2	1
TCGA-WJ-A86L	15	70804814	90592429	1	1
TCGA-WJ-A86L	15	90593103	90760289	2	1
TCGA-WJ-A86L	15	90762808	102469040	1	1
TCGA-WJ-A86L	16	60777	4037918	1	1
TCGA-WJ-A86L	16	4039968	4324293	2	1
TCGA-WJ-A86L	16	4324385	18982685	1	1
TCGA-WJ-A86L	16	18982732	19303504	2	1
TCGA-WJ-A86L	16	19303921	52316530	1	1
TCGA-WJ-A86L	16	52318360	70855202	1	0
TCGA-WJ-A86L	16	70855479	71202489	2	0
TCGA-WJ-A86L	16	71202797	82961823	1	0
TCGA-WJ-A86L	16	82964799	87709933	1	1
TCGA-WJ-A86L	16	87713846	90287535	1	0
TCGA-WJ-A86L	17	526	18293427	1	0
TCGA-WJ-A86L	17	18313830	20216447	1	1
TCGA-WJ-A86L	17	20218793	22227841	1	0
TCGA-WJ-A86L	17	22235650	66662970	2	1
TCGA-WJ-A86L	17	66663125	66971575	4	1
TCGA-WJ-A86L	17	66971879	81049726	1	1
TCGA-WJ-A86L	18	48133	47010121	1	1
TCGA-WJ-A86L	18	47011611	47329735	2	1
TCGA-WJ-A86L	18	47330880	78015057	1	1
TCGA-WJ-A86L	19	90910	35562313	1	1
TCGA-WJ-A86L	19	35569039	35769367	2	1
TCGA-WJ-A86L	19	35770491	59097854	1	1
TCGA-WJ-A86L	20	61305	48802618	1	1
TCGA-WJ-A86L	20	48802994	48978686	2	1
TCGA-WJ-A86L	20	48981061	52252706	1	1
TCGA-WJ-A86L	20	52260603	52607396	2	1
TCGA-WJ-A86L	20	52608223	62956153	1	1
TCGA-WJ-A86L	21	10736871	14929930	2	0
TCGA-WJ-A86L	21	14930698	48096957	1	1
TCGA-WJ-A86L	22	16052528	17960586	1	1
TCGA-WJ-A86L	22	17962127	18262767	1	0
TCGA-WJ-A86L	22	18262946	21068945	1	1
TCGA-WJ-A86L	22	21075605	21422467	2	1
TCGA-WJ-A86L	22	21422561	46995948	1	1
TCGA-WJ-A86L	22	46996309	47321623	2	1
TCGA-WJ-A86L	22	47325040	51234455	1	1
TCGA-WJ-A86L	X	168477	147530241	1	1
TCGA-WJ-A86L	X	147530762	147611788	1	0
TCGA-WJ-A86L	X	147616608	155233846	1	1
