sample	chr	startpos	endpos	nMajor	nMinor
TCGA-DD-AAD8	1	61735	107339653	3	1
TCGA-DD-AAD8	1	107344791	236840419	3	2
TCGA-DD-AAD8	1	236840431	241596093	3	3
TCGA-DD-AAD8	1	241596427	249224388	3	2
TCGA-DD-AAD8	2	12784	76387084	2	2
TCGA-DD-AAD8	2	76387104	82029233	3	2
TCGA-DD-AAD8	2	82032704	151897026	2	2
TCGA-DD-AAD8	2	151897331	243089456	3	2
TCGA-DD-AAD8	3	60345	8406230	3	2
TCGA-DD-AAD8	3	8410210	197896118	2	2
TCGA-DD-AAD8	4	12281	191027923	2	1
TCGA-DD-AAD8	5	15532	2911070	3	2
TCGA-DD-AAD8	5	2912049	53870483	3	3
TCGA-DD-AAD8	5	53872402	54610949	6	2
TCGA-DD-AAD8	5	54614267	58439632	2	2
TCGA-DD-AAD8	5	58439663	180790320	2	1
TCGA-DD-AAD8	6	149661	68060337	2	2
TCGA-DD-AAD8	6	68061429	171051005	2	1
TCGA-DD-AAD8	7	43259	159127004	2	2
TCGA-DD-AAD8	8	31254	312480	1	0
TCGA-DD-AAD8	8	315843	1449487	7	0
TCGA-DD-AAD8	8	1459232	1757547	1	0
TCGA-DD-AAD8	8	1770462	2347503	3	0
TCGA-DD-AAD8	8	2347665	3508393	2	0
TCGA-DD-AAD8	8	3508672	13294971	1	0
TCGA-DD-AAD8	8	13295355	14425593	2	0
TCGA-DD-AAD8	8	14426310	30014989	1	0
TCGA-DD-AAD8	8	30015758	30522276	2	0
TCGA-DD-AAD8	8	30522313	39637502	1	0
TCGA-DD-AAD8	8	39638137	146298155	2	0
TCGA-DD-AAD8	9	46587	47217176	2	2
TCGA-DD-AAD8	9	65616971	141091394	2	1
TCGA-DD-AAD8	10	72759	135506704	2	0
TCGA-DD-AAD8	11	198572	54701645	2	2
TCGA-DD-AAD8	11	54720024	59635189	2	1
TCGA-DD-AAD8	11	59635349	66000820	2	0
TCGA-DD-AAD8	11	66000947	67475601	2	1
TCGA-DD-AAD8	11	67475625	68583671	2	0
TCGA-DD-AAD8	11	68585986	69647997	61	6
TCGA-DD-AAD8	11	69650887	134944770	2	0
TCGA-DD-AAD8	12	150442	21070137	2	1
TCGA-DD-AAD8	12	21070922	28896542	2	0
TCGA-DD-AAD8	12	28898884	125975388	2	1
TCGA-DD-AAD8	12	125977392	133778189	2	2
TCGA-DD-AAD8	13	19026949	115108397	2	1
TCGA-DD-AAD8	14	19002124	22102374	2	2
TCGA-DD-AAD8	14	22102745	22947282	3	2
TCGA-DD-AAD8	14	22947903	107285437	2	2
TCGA-DD-AAD8	15	20016328	29551374	3	2
TCGA-DD-AAD8	15	29551464	102469040	2	2
TCGA-DD-AAD8	16	60777	5042592	2	2
TCGA-DD-AAD8	16	5044200	8201754	3	2
TCGA-DD-AAD8	16	8203679	25285100	2	2
TCGA-DD-AAD8	16	25285624	26911725	3	2
TCGA-DD-AAD8	16	26912690	90287535	2	2
TCGA-DD-AAD8	17	526	12234807	2	0
TCGA-DD-AAD8	17	12235284	25343371	2	1
TCGA-DD-AAD8	17	25346379	81049726	2	2
TCGA-DD-AAD8	18	48133	78015057	2	2
TCGA-DD-AAD8	19	90910	3104652	2	2
TCGA-DD-AAD8	19	3106588	24464137	2	1
TCGA-DD-AAD8	19	24464844	59097854	2	2
TCGA-DD-AAD8	20	61305	62956153	2	2
TCGA-DD-AAD8	21	10736871	21212675	2	1
TCGA-DD-AAD8	21	21213035	48096957	1	1
TCGA-DD-AAD8	22	16052528	51234455	2	2
TCGA-DD-AAD8	X	168477	155233846	2	0
