sample	chr	startpos	endpos	nMajor	nMinor
TCGA-EJ-7314-b	1	61735	249224388	1	1
TCGA-EJ-7314-b	2	12784	243089456	1	1
TCGA-EJ-7314-b	3	60345	197896118	1	1
TCGA-EJ-7314-b	4	12281	181808930	1	1
TCGA-EJ-7314-b	4	181811813	182311061	1	0
TCGA-EJ-7314-b	4	182311124	191027923	1	1
TCGA-EJ-7314-b	5	15532	180790320	1	1
TCGA-EJ-7314-b	6	149661	171051005	1	1
TCGA-EJ-7314-b	7	43259	159127004	2	1
TCGA-EJ-7314-b	8	31254	36733516	1	0
TCGA-EJ-7314-b	8	36737493	122404007	1	1
TCGA-EJ-7314-b	8	122405182	123410777	1	0
TCGA-EJ-7314-b	8	123410872	146298155	1	1
TCGA-EJ-7314-b	9	46587	141091394	1	1
TCGA-EJ-7314-b	10	72759	5665458	1	1
TCGA-EJ-7314-b	10	5665774	12724797	1	0
TCGA-EJ-7314-b	10	12724812	17361043	1	1
TCGA-EJ-7314-b	10	17362784	17628776	1	0
TCGA-EJ-7314-b	10	17628797	47099260	1	1
TCGA-EJ-7314-b	10	47099529	48350185	1	0
TCGA-EJ-7314-b	10	48350357	88727330	1	1
TCGA-EJ-7314-b	10	88732052	91011627	1	0
TCGA-EJ-7314-b	10	91011953	135506704	1	1
TCGA-EJ-7314-b	11	198572	134944770	1	1
TCGA-EJ-7314-b	12	150442	10892877	1	1
TCGA-EJ-7314-b	12	10893895	12929518	1	0
TCGA-EJ-7314-b	12	12937274	13403073	1	1
TCGA-EJ-7314-b	12	13403222	14532699	1	0
TCGA-EJ-7314-b	12	14540137	133778189	1	1
TCGA-EJ-7314-b	13	19026949	115108397	1	1
TCGA-EJ-7314-b	14	19002124	107285437	1	1
TCGA-EJ-7314-b	15	20016328	102469040	1	1
TCGA-EJ-7314-b	16	60777	14703527	1	1
TCGA-EJ-7314-b	16	14705701	16169102	1	0
TCGA-EJ-7314-b	16	16169566	84403477	1	1
TCGA-EJ-7314-b	16	84403702	88727733	1	0
TCGA-EJ-7314-b	16	88734268	90287535	1	1
TCGA-EJ-7314-b	17	526	41844689	1	1
TCGA-EJ-7314-b	17	41845235	43208626	1	0
TCGA-EJ-7314-b	17	43217165	81049726	1	1
TCGA-EJ-7314-b	18	48133	78015057	1	1
TCGA-EJ-7314-b	19	90910	59097854	1	1
TCGA-EJ-7314-b	20	61305	23075036	1	0
TCGA-EJ-7314-b	20	23075155	62956153	1	1
TCGA-EJ-7314-b	21	10736871	48096957	1	1
TCGA-EJ-7314-b	22	16052528	51234455	1	1
TCGA-EJ-7314-b	X	168477	2703955	1	1
TCGA-EJ-7314-b	X	2706944	123768963	1	0
TCGA-EJ-7314-b	X	123769816	123828955	0	0
TCGA-EJ-7314-b	X	123829864	154929308	1	0
TCGA-EJ-7314-b	X	154929498	155233846	1	1
