sample	chr	startpos	endpos	nMajor	nMinor
TCGA-EK-A3GJ	1	61735	46009435	4	0
TCGA-EK-A3GJ	1	46009536	249224388	2	2
TCGA-EK-A3GJ	2	12784	97460442	4	2
TCGA-EK-A3GJ	2	97461123	183618705	2	2
TCGA-EK-A3GJ	2	183621668	186863432	2	0
TCGA-EK-A3GJ	2	186864402	187008302	0	0
TCGA-EK-A3GJ	2	187008880	189185766	2	0
TCGA-EK-A3GJ	2	189186150	189243266	1	1
TCGA-EK-A3GJ	2	189244556	243089456	2	2
TCGA-EK-A3GJ	3	60345	188988098	2	2
TCGA-EK-A3GJ	3	188988930	189175669	5	2
TCGA-EK-A3GJ	3	189176519	197896118	2	2
TCGA-EK-A3GJ	4	12281	191027923	2	2
TCGA-EK-A3GJ	5	15532	180790320	2	2
TCGA-EK-A3GJ	6	149661	38060879	5	0
TCGA-EK-A3GJ	6	38068626	47192475	3	0
TCGA-EK-A3GJ	6	47194449	171051005	2	1
TCGA-EK-A3GJ	7	43259	64038519	2	2
TCGA-EK-A3GJ	7	64042783	64394829	2	0
TCGA-EK-A3GJ	7	64400699	88482805	2	2
TCGA-EK-A3GJ	7	88483140	100737347	4	2
TCGA-EK-A3GJ	7	100739160	159127004	4	0
TCGA-EK-A3GJ	8	31254	82361129	2	1
TCGA-EK-A3GJ	8	82361521	129492416	3	2
TCGA-EK-A3GJ	8	129492753	132669831	4	1
TCGA-EK-A3GJ	8	132670481	146298155	3	2
TCGA-EK-A3GJ	9	46587	141091394	2	2
TCGA-EK-A3GJ	10	72759	135506704	2	2
TCGA-EK-A3GJ	11	198572	89095210	2	1
TCGA-EK-A3GJ	11	89095640	101197276	2	2
TCGA-EK-A3GJ	11	101205821	103084838	4	2
TCGA-EK-A3GJ	11	103085493	134944770	2	0
TCGA-EK-A3GJ	12	150442	133778189	2	2
TCGA-EK-A3GJ	13	19026949	35235555	2	2
TCGA-EK-A3GJ	13	35237613	63865669	2	0
TCGA-EK-A3GJ	13	63872027	115108397	2	2
TCGA-EK-A3GJ	14	19002124	107285437	2	2
TCGA-EK-A3GJ	15	20016328	50808362	1	1
TCGA-EK-A3GJ	15	50812239	61679597	2	1
TCGA-EK-A3GJ	15	61679669	102469040	3	1
TCGA-EK-A3GJ	16	60777	18845166	4	2
TCGA-EK-A3GJ	16	18850074	90287535	2	2
TCGA-EK-A3GJ	17	526	22227075	2	0
TCGA-EK-A3GJ	17	22227741	76281368	2	2
TCGA-EK-A3GJ	17	76282132	81049726	2	0
TCGA-EK-A3GJ	18	48133	78015057	2	2
TCGA-EK-A3GJ	19	90910	49216064	2	1
TCGA-EK-A3GJ	19	49221960	59097854	4	1
TCGA-EK-A3GJ	20	61305	62956153	2	2
TCGA-EK-A3GJ	21	10736871	48096957	2	2
TCGA-EK-A3GJ	22	16052528	28660414	2	2
TCGA-EK-A3GJ	22	28660525	51234455	4	0
TCGA-EK-A3GJ	X	168477	128641271	2	2
TCGA-EK-A3GJ	X	128652480	155233846	5	2
