sample	chr	startpos	endpos	nMajor	nMinor
TCGA-25-2397	1	61735	11838455	2	0
TCGA-25-2397	1	11843167	15064382	2	1
TCGA-25-2397	1	15066944	15367812	1	1
TCGA-25-2397	1	15373038	24076974	2	1
TCGA-25-2397	1	24078940	24561842	3	1
TCGA-25-2397	1	24563565	56016980	2	1
TCGA-25-2397	1	56017405	156089706	1	1
TCGA-25-2397	1	156093861	156468593	2	2
TCGA-25-2397	1	156469364	180350529	1	1
TCGA-25-2397	1	180350959	222926121	2	1
TCGA-25-2397	1	222931672	249224388	2	0
TCGA-25-2397	2	12784	25834848	1	0
TCGA-25-2397	2	25841454	28726440	1	1
TCGA-25-2397	2	28728254	29018052	2	1
TCGA-25-2397	2	29020681	158769096	1	1
TCGA-25-2397	2	158770912	159164550	2	1
TCGA-25-2397	2	159168561	159495498	1	1
TCGA-25-2397	2	159496390	160953273	2	1
TCGA-25-2397	2	160962000	185055727	1	1
TCGA-25-2397	2	185057587	185698782	2	1
TCGA-25-2397	2	185699935	236012793	1	1
TCGA-25-2397	2	236015267	236097980	2	1
TCGA-25-2397	2	236098136	243089456	1	1
TCGA-25-2397	3	60345	15152784	2	0
TCGA-25-2397	3	15153969	15635236	4	0
TCGA-25-2397	3	15637009	29961533	2	0
TCGA-25-2397	3	29967312	39558448	1	0
TCGA-25-2397	3	39560534	47893921	1	1
TCGA-25-2397	3	47897367	48630698	2	1
TCGA-25-2397	3	48635432	116613393	1	1
TCGA-25-2397	3	116614189	119355746	1	0
TCGA-25-2397	3	119357913	122329174	1	1
TCGA-25-2397	3	122329782	141080954	2	1
TCGA-25-2397	3	141081822	169221104	1	1
TCGA-25-2397	3	169221651	169535266	2	1
TCGA-25-2397	3	169535386	197896118	1	1
TCGA-25-2397	4	12281	7084858	1	1
TCGA-25-2397	4	7084985	7171739	2	1
TCGA-25-2397	4	7171767	19466432	1	1
TCGA-25-2397	4	19467398	20219445	1	0
TCGA-25-2397	4	20219460	22067544	1	1
TCGA-25-2397	4	22068136	22396932	2	1
TCGA-25-2397	4	22397135	54960539	1	1
TCGA-25-2397	4	54967214	61472922	2	1
TCGA-25-2397	4	61475813	142896664	2	0
TCGA-25-2397	4	142900372	191027923	1	0
TCGA-25-2397	5	15532	9757852	2	0
TCGA-25-2397	5	9758916	37280505	2	1
TCGA-25-2397	5	37281472	59927460	1	1
TCGA-25-2397	5	59928948	109975175	1	0
TCGA-25-2397	5	109975441	126130101	3	0
TCGA-25-2397	5	126131171	146986355	2	0
TCGA-25-2397	5	146993851	150677806	3	0
TCGA-25-2397	5	150678488	164064050	3	1
TCGA-25-2397	5	164070063	171401779	1	0
TCGA-25-2397	5	171403749	172015232	2	0
TCGA-25-2397	5	172015621	180790320	1	0
TCGA-25-2397	6	149661	13297298	3	0
TCGA-25-2397	6	13298184	13457926	9	0
TCGA-25-2397	6	13460802	13625622	5	0
TCGA-25-2397	6	13627151	24999197	3	0
TCGA-25-2397	6	24999740	31247871	4	0
TCGA-25-2397	6	31251360	35176563	3	0
TCGA-25-2397	6	35176649	41915519	2	0
TCGA-25-2397	6	41915717	125277911	1	0
TCGA-25-2397	6	125285409	151851124	2	0
TCGA-25-2397	6	151851339	152438103	4	0
TCGA-25-2397	6	152440225	171051005	2	0
TCGA-25-2397	7	43259	6084460	2	1
TCGA-25-2397	7	6085852	28096968	3	1
TCGA-25-2397	7	28098906	90336634	1	1
TCGA-25-2397	7	90338850	98528221	2	1
TCGA-25-2397	7	98531883	98809738	1	1
TCGA-25-2397	7	98810612	122212847	2	2
TCGA-25-2397	7	122221480	131191270	2	0
TCGA-25-2397	7	131191790	131470351	3	0
TCGA-25-2397	7	131470718	159127004	2	0
TCGA-25-2397	8	31254	28746324	1	0
TCGA-25-2397	8	28746342	94986761	1	1
TCGA-25-2397	8	94987088	95766635	2	1
TCGA-25-2397	8	95768151	96192034	2	2
TCGA-25-2397	8	96192855	98471716	2	1
TCGA-25-2397	8	98472159	99030280	2	2
TCGA-25-2397	8	99034414	100021840	3	1
TCGA-25-2397	8	100024447	105351998	2	1
TCGA-25-2397	8	105362656	109203178	4	1
TCGA-25-2397	8	109206026	121901575	6	1
TCGA-25-2397	8	121903155	137808823	5	1
TCGA-25-2397	8	137808923	146298155	3	1
TCGA-25-2397	9	46587	3395593	1	1
TCGA-25-2397	9	3395848	32412291	1	0
TCGA-25-2397	9	32415007	127406603	1	1
TCGA-25-2397	9	127406961	127652460	2	1
TCGA-25-2397	9	127653089	129602800	1	1
TCGA-25-2397	9	129603560	129915631	2	1
TCGA-25-2397	9	129915722	134287449	1	1
TCGA-25-2397	9	134287546	141091394	1	0
TCGA-25-2397	10	72759	6164427	2	1
TCGA-25-2397	10	6165525	6792765	3	1
TCGA-25-2397	10	6795127	12515823	2	1
TCGA-25-2397	10	12516850	12626977	1	1
TCGA-25-2397	10	12628501	12828453	2	1
TCGA-25-2397	10	12828772	24576622	1	1
TCGA-25-2397	10	24577138	25122898	2	1
TCGA-25-2397	10	25123182	61528535	1	1
TCGA-25-2397	10	61528790	79753868	2	1
TCGA-25-2397	10	79759426	93791341	2	0
TCGA-25-2397	10	93797788	94444420	4	0
TCGA-25-2397	10	94446123	135506704	2	0
TCGA-25-2397	11	198572	1553131	1	1
TCGA-25-2397	11	1566025	50685130	1	0
TCGA-25-2397	11	50702287	68847005	1	1
TCGA-25-2397	11	68847259	68935127	2	1
TCGA-25-2397	11	68936063	85374624	1	1
TCGA-25-2397	11	85379051	86885572	2	1
TCGA-25-2397	11	86887592	101969643	1	1
TCGA-25-2397	11	101970249	102263273	2	1
TCGA-25-2397	11	102266643	102719730	3	1
TCGA-25-2397	11	102720344	108220657	1	1
TCGA-25-2397	11	108221003	112470750	1	0
TCGA-25-2397	11	112475544	119534335	1	1
TCGA-25-2397	11	119536695	132086096	2	1
TCGA-25-2397	11	132087554	132185326	2	0
TCGA-25-2397	11	132186477	134944770	2	1
TCGA-25-2397	12	150442	17413678	2	1
TCGA-25-2397	12	17417147	26271582	1	1
TCGA-25-2397	12	26272824	26528199	2	1
TCGA-25-2397	12	26528764	43514977	1	1
TCGA-25-2397	12	43520308	53340393	1	0
TCGA-25-2397	12	53344830	53988763	2	0
TCGA-25-2397	12	53989167	71532099	1	0
TCGA-25-2397	12	71533210	71577101	0	0
TCGA-25-2397	12	71577302	133778189	1	0
TCGA-25-2397	13	19026949	62222833	1	0
TCGA-25-2397	13	62223361	62570309	1	1
TCGA-25-2397	13	62570826	78504855	1	0
TCGA-25-2397	13	78504888	115108397	2	0
TCGA-25-2397	14	19002124	33081192	1	1
TCGA-25-2397	14	33083817	45782057	2	1
TCGA-25-2397	14	45782344	61659734	2	0
TCGA-25-2397	14	61659848	62222454	3	0
TCGA-25-2397	14	62226177	62277827	2	0
TCGA-25-2397	14	62280819	71588894	1	0
TCGA-25-2397	14	71589209	71954248	3	0
TCGA-25-2397	14	71963371	77399229	1	0
TCGA-25-2397	14	77400897	77642647	3	0
TCGA-25-2397	14	77649177	107285437	1	0
TCGA-25-2397	15	20016328	32876984	1	1
TCGA-25-2397	15	32902983	42335464	1	0
TCGA-25-2397	15	42335477	51852161	1	1
TCGA-25-2397	15	51853801	52288365	2	1
TCGA-25-2397	15	52292441	59535701	1	1
TCGA-25-2397	15	59535904	64340138	1	0
TCGA-25-2397	15	64340617	71342246	2	1
TCGA-25-2397	15	71345202	91490460	1	1
TCGA-25-2397	15	91490797	92462667	2	1
TCGA-25-2397	15	92464383	102469040	1	0
TCGA-25-2397	16	60777	21599499	1	0
TCGA-25-2397	16	21601728	22325781	2	1
TCGA-25-2397	16	22327950	35283226	1	1
TCGA-25-2397	16	46463782	46954348	2	1
TCGA-25-2397	16	46954673	75238103	1	1
TCGA-25-2397	16	75242729	75402803	1	0
TCGA-25-2397	16	75404912	75828510	1	1
TCGA-25-2397	16	75837335	85377652	1	0
TCGA-25-2397	16	85378569	90287535	1	1
TCGA-25-2397	17	526	5366710	1	0
TCGA-25-2397	17	5369229	18935523	2	0
TCGA-25-2397	17	18950867	74036112	1	0
TCGA-25-2397	17	74036468	81049726	2	0
TCGA-25-2397	18	48133	20151361	1	1
TCGA-25-2397	18	20153008	20754055	3	1
TCGA-25-2397	18	20755690	52305678	2	1
TCGA-25-2397	18	52305858	78015057	2	0
TCGA-25-2397	19	90910	4000154	1	0
TCGA-25-2397	19	4030651	4829321	1	1
TCGA-25-2397	19	4833835	10154826	1	0
TCGA-25-2397	19	10155199	10439711	2	0
TCGA-25-2397	19	10441403	11231013	1	0
TCGA-25-2397	19	11231431	18925699	1	1
TCGA-25-2397	19	18926477	19299961	2	1
TCGA-25-2397	19	19300959	44986563	1	1
TCGA-25-2397	19	44986886	45447097	2	1
TCGA-25-2397	19	45447997	59097854	1	1
TCGA-25-2397	20	61305	687387	1	1
TCGA-25-2397	20	687401	5284251	2	1
TCGA-25-2397	20	5284380	43879847	1	1
TCGA-25-2397	20	43884861	44160890	2	1
TCGA-25-2397	20	44161281	52272680	1	1
TCGA-25-2397	20	52272737	52580440	2	1
TCGA-25-2397	20	52583505	55726703	1	1
TCGA-25-2397	20	55728852	55866704	2	1
TCGA-25-2397	20	55868734	60103968	1	1
TCGA-25-2397	20	60104659	62956153	2	1
TCGA-25-2397	21	10736871	45441055	1	1
TCGA-25-2397	21	45446589	45703844	2	1
TCGA-25-2397	21	45717728	47149335	1	1
TCGA-25-2397	21	47149432	48096957	1	0
TCGA-25-2397	22	16052528	18617515	1	1
TCGA-25-2397	22	18620961	33483333	1	0
TCGA-25-2397	22	33483511	33565867	2	0
TCGA-25-2397	22	33565885	51234455	1	0
TCGA-25-2397	X	168477	8060660	1	0
TCGA-25-2397	X	8063233	8988021	2	0
TCGA-25-2397	X	8994182	29752131	1	0
TCGA-25-2397	X	29762477	35786535	0	0
TCGA-25-2397	X	35788979	48491206	1	0
TCGA-25-2397	X	48499388	140233487	1	1
TCGA-25-2397	X	140234225	141418101	2	1
TCGA-25-2397	X	141418302	155233846	1	1
