sample	chr	startpos	endpos	nMajor	nMinor
TCGA-85-7843	1	61735	30578618	3	3
TCGA-85-7843	1	30578922	84244210	3	1
TCGA-85-7843	1	84248333	87136455	3	3
TCGA-85-7843	1	87140602	189981354	3	1
TCGA-85-7843	1	189983720	192084952	6	1
TCGA-85-7843	1	192087319	249224388	3	1
TCGA-85-7843	2	12784	19073106	4	2
TCGA-85-7843	2	19075323	19331655	2	2
TCGA-85-7843	2	19331676	139735718	4	2
TCGA-85-7843	2	139739500	141231988	6	2
TCGA-85-7843	2	141232182	141499380	2	1
TCGA-85-7843	2	141499404	141572109	5	2
TCGA-85-7843	2	141572694	141925871	4	0
TCGA-85-7843	2	141928949	142180914	2	0
TCGA-85-7843	2	142181582	165645577	2	2
TCGA-85-7843	2	165649177	165890840	6	2
TCGA-85-7843	2	165893231	178592406	2	2
TCGA-85-7843	2	178595183	179513769	4	2
TCGA-85-7843	2	179527128	243089456	2	2
TCGA-85-7843	3	60345	3395044	5	0
TCGA-85-7843	3	3395167	41979473	3	3
TCGA-85-7843	3	41981490	71215532	3	0
TCGA-85-7843	3	71217055	90502862	2	0
TCGA-85-7843	3	93519478	95980611	3	3
TCGA-85-7843	3	95982725	96352282	12	2
TCGA-85-7843	3	96354575	97026360	15	1
TCGA-85-7843	3	97034837	99460405	2	1
TCGA-85-7843	3	99462239	101278070	3	2
TCGA-85-7843	3	101278170	107427103	2	1
TCGA-85-7843	3	107427969	114207503	3	2
TCGA-85-7843	3	114208180	114471087	5	0
TCGA-85-7843	3	114471819	145745692	5	2
TCGA-85-7843	3	145745707	186951154	13	2
TCGA-85-7843	3	186951873	187240553	8	3
TCGA-85-7843	3	187242528	197896118	13	2
TCGA-85-7843	4	12281	49216631	4	0
TCGA-85-7843	4	49267784	54339478	5	5
TCGA-85-7843	4	54342658	59732099	4	3
TCGA-85-7843	4	59732118	60851695	9	3
TCGA-85-7843	4	60852284	61846748	6	3
TCGA-85-7843	4	61846956	62222428	10	3
TCGA-85-7843	4	62222797	62853298	8	0
TCGA-85-7843	4	62853382	63441218	10	3
TCGA-85-7843	4	63441862	64076390	7	3
TCGA-85-7843	4	64076807	120059978	4	3
TCGA-85-7843	4	120062151	191027923	3	2
TCGA-85-7843	5	15532	2778396	6	5
TCGA-85-7843	5	2778782	46389273	8	4
TCGA-85-7843	5	49432831	50420389	4	4
TCGA-85-7843	5	50423310	58337549	4	0
TCGA-85-7843	5	58340339	58665119	2	0
TCGA-85-7843	5	58667118	59359461	4	0
TCGA-85-7843	5	59360341	59817862	2	0
TCGA-85-7843	5	59818040	180790320	4	0
TCGA-85-7843	6	149661	25548246	4	0
TCGA-85-7843	6	25548288	46016548	3	3
TCGA-85-7843	6	46023356	56107886	4	3
TCGA-85-7843	6	56108853	62865840	4	4
TCGA-85-7843	6	62867373	67133952	4	2
TCGA-85-7843	6	67137293	67923645	5	5
TCGA-85-7843	6	67924301	93400020	4	2
TCGA-85-7843	6	93406605	100910585	5	2
TCGA-85-7843	6	100914602	101042125	2	1
TCGA-85-7843	6	101043022	162693560	5	2
TCGA-85-7843	6	162702832	162740440	3	1
TCGA-85-7843	6	162745580	162838684	0	0
TCGA-85-7843	6	162838746	162931446	1	1
TCGA-85-7843	6	162933012	171051005	5	2
TCGA-85-7843	7	43259	55550594	4	0
TCGA-85-7843	7	55550693	62080122	8	0
TCGA-85-7843	7	62080741	75386873	4	0
TCGA-85-7843	7	75388031	78264474	4	3
TCGA-85-7843	7	78265795	78703768	4	0
TCGA-85-7843	7	78703954	80394394	4	3
TCGA-85-7843	7	80396037	81063188	4	0
TCGA-85-7843	7	81071080	82950427	3	3
TCGA-85-7843	7	82951894	83638574	3	0
TCGA-85-7843	7	83646019	87155626	4	3
TCGA-85-7843	7	87157051	159127004	4	4
TCGA-85-7843	8	31254	3241474	2	0
TCGA-85-7843	8	3242944	3687399	1	0
TCGA-85-7843	8	3687704	4104656	2	0
TCGA-85-7843	8	4105583	4426539	0	0
TCGA-85-7843	8	4432379	33260717	2	0
TCGA-85-7843	8	33261089	34720036	4	3
TCGA-85-7843	8	34720226	35266668	7	7
TCGA-85-7843	8	35267895	37334059	3	2
TCGA-85-7843	8	37334289	39578498	28	3
TCGA-85-7843	8	39581016	40262248	17	6
TCGA-85-7843	8	40264413	43756313	11	5
TCGA-85-7843	8	43762681	52620219	6	2
TCGA-85-7843	8	52621368	87874261	2	2
TCGA-85-7843	8	87874948	89306603	3	2
TCGA-85-7843	8	89309524	92139452	5	2
TCGA-85-7843	8	92140428	92426693	10	2
TCGA-85-7843	8	92427394	92948266	5	2
TCGA-85-7843	8	92948617	97458792	3	2
TCGA-85-7843	8	97459000	146298155	5	2
TCGA-85-7843	9	46587	28676418	4	0
TCGA-85-7843	9	28677376	29032308	6	0
TCGA-85-7843	9	29032372	31846527	3	0
TCGA-85-7843	9	31846729	34198058	3	3
TCGA-85-7843	9	34210872	35497753	5	5
TCGA-85-7843	9	35501892	37942820	3	3
TCGA-85-7843	9	37944489	141091394	4	0
TCGA-85-7843	10	72759	6778087	5	1
TCGA-85-7843	10	6779899	7974341	4	0
TCGA-85-7843	10	7975179	9134869	4	2
TCGA-85-7843	10	9135110	9468634	4	0
TCGA-85-7843	10	9468920	34459381	4	2
TCGA-85-7843	10	34459887	34729222	4	0
TCGA-85-7843	10	34732533	42869463	4	2
TCGA-85-7843	10	42869557	59687559	2	2
TCGA-85-7843	10	59689048	60035152	2	0
TCGA-85-7843	10	60035372	65287583	2	2
TCGA-85-7843	10	65289834	135506704	3	2
TCGA-85-7843	11	198572	26894394	2	1
TCGA-85-7843	11	26895905	27182688	1	0
TCGA-85-7843	11	27183495	51126742	2	1
TCGA-85-7843	11	51127104	58902325	7	2
TCGA-85-7843	11	58904284	68995896	6	2
TCGA-85-7843	11	68995958	69174982	22	1
TCGA-85-7843	11	69177047	70795265	31	1
TCGA-85-7843	11	70807361	134944770	6	2
TCGA-85-7843	12	150442	30834681	5	0
TCGA-85-7843	12	30842467	32607697	6	5
TCGA-85-7843	12	32607932	34316296	5	5
TCGA-85-7843	12	34317844	34325877	6	0
TCGA-85-7843	12	34327934	34697403	9	0
TCGA-85-7843	12	34697492	79822169	5	0
TCGA-85-7843	12	79823851	133778189	7	0
TCGA-85-7843	13	19026949	58116684	4	0
TCGA-85-7843	13	58119733	82022322	6	0
TCGA-85-7843	13	82022579	83598718	5	2
TCGA-85-7843	13	83605204	110633495	6	0
TCGA-85-7843	13	110633645	115108397	5	0
TCGA-85-7843	14	19002124	26374179	2	0
TCGA-85-7843	14	26376806	27766471	4	0
TCGA-85-7843	14	27768748	32231442	2	0
TCGA-85-7843	14	32233685	32553018	4	0
TCGA-85-7843	14	32553227	33043003	11	0
TCGA-85-7843	14	33043158	33645635	6	0
TCGA-85-7843	14	33651174	34254749	2	0
TCGA-85-7843	14	34258545	34533575	6	0
TCGA-85-7843	14	34539468	37000456	11	0
TCGA-85-7843	14	37000781	37463603	14	0
TCGA-85-7843	14	37463872	38235871	10	3
TCGA-85-7843	14	38243215	52703871	2	0
TCGA-85-7843	14	52704809	73526148	2	2
TCGA-85-7843	14	73526613	73927879	2	0
TCGA-85-7843	14	73927910	96332114	2	2
TCGA-85-7843	14	96333096	107285437	8	2
TCGA-85-7843	15	20016328	102469040	2	2
TCGA-85-7843	16	60777	22851630	2	2
TCGA-85-7843	16	22853928	23083597	8	2
TCGA-85-7843	16	23087030	74049724	4	2
TCGA-85-7843	16	74051881	78333329	6	2
TCGA-85-7843	16	78333363	78518857	2	2
TCGA-85-7843	16	78519689	78775941	6	2
TCGA-85-7843	16	78776033	78992441	6	0
TCGA-85-7843	16	78992479	81425674	6	2
TCGA-85-7843	16	81425858	81745038	5	0
TCGA-85-7843	16	81745554	82728552	6	2
TCGA-85-7843	16	82731740	82969954	3	3
TCGA-85-7843	16	82970256	89648809	6	2
TCGA-85-7843	16	89649094	90287535	9	4
TCGA-85-7843	17	526	22198297	4	0
TCGA-85-7843	17	22199315	28575927	4	2
TCGA-85-7843	17	28576076	32709066	4	4
TCGA-85-7843	17	32709898	33671156	9	4
TCGA-85-7843	17	33671466	33817688	4	3
TCGA-85-7843	17	33818130	36909499	4	0
TCGA-85-7843	17	36911996	41399657	4	2
TCGA-85-7843	17	41415522	46807134	4	0
TCGA-85-7843	17	46813531	57918370	4	2
TCGA-85-7843	17	57919716	69320777	6	2
TCGA-85-7843	17	69322424	70406269	5	5
TCGA-85-7843	17	70406624	81049726	5	0
TCGA-85-7843	18	48133	3941508	3	3
TCGA-85-7843	18	3942535	4283186	2	2
TCGA-85-7843	18	4283592	24393963	3	3
TCGA-85-7843	18	24395903	78015057	4	0
TCGA-85-7843	19	90910	4211181	4	0
TCGA-85-7843	19	4212604	27747993	4	3
TCGA-85-7843	19	27751675	29780813	15	0
TCGA-85-7843	19	29782730	33392490	16	0
TCGA-85-7843	19	33393053	34347723	11	0
TCGA-85-7843	19	34347742	39916753	12	2
TCGA-85-7843	19	39921479	59097854	2	2
TCGA-85-7843	20	61305	14301155	4	2
TCGA-85-7843	20	14302875	61958353	3	3
TCGA-85-7843	20	61963671	62956153	2	2
TCGA-85-7843	21	10736871	23962150	4	0
TCGA-85-7843	21	23962399	24710011	12	4
TCGA-85-7843	21	24711881	25839612	4	4
TCGA-85-7843	21	25842618	25945326	3	0
TCGA-85-7843	21	25950881	28744173	4	4
TCGA-85-7843	21	28744290	43401312	4	0
TCGA-85-7843	21	43403115	43529269	5	4
TCGA-85-7843	21	43529515	48096957	4	0
TCGA-85-7843	22	16052528	48192731	4	1
TCGA-85-7843	22	48193646	48272470	1	1
TCGA-85-7843	22	48272878	48594652	4	1
TCGA-85-7843	22	48595546	49171021	4	0
TCGA-85-7843	22	49171362	51234455	4	1
TCGA-85-7843	X	168477	2703391	3	0
TCGA-85-7843	X	2703633	31367568	4	0
TCGA-85-7843	X	31370516	32284000	2	0
TCGA-85-7843	X	32286572	96090544	4	0
TCGA-85-7843	X	96091531	96123421	3	0
TCGA-85-7843	X	96132241	96533956	1	0
TCGA-85-7843	X	96538373	155233846	4	0
