sample	chr	startpos	endpos	nMajor	nMinor
TCGA-06-1086	1	61735	249224388	2	1
TCGA-06-1086	2	12784	49245264	2	2
TCGA-06-1086	2	49245358	53223616	3	2
TCGA-06-1086	2	53228506	75382462	2	2
TCGA-06-1086	2	75382710	84362597	3	2
TCGA-06-1086	2	84363462	243089456	2	2
TCGA-06-1086	3	60345	197896118	2	1
TCGA-06-1086	4	12281	191027923	2	1
TCGA-06-1086	5	15532	180790320	2	1
TCGA-06-1086	6	149661	171051005	2	1
TCGA-06-1086	7	43259	120378	2	1
TCGA-06-1086	7	120429	159127004	2	2
TCGA-06-1086	8	31254	146298155	2	1
TCGA-06-1086	9	46587	21331197	2	0
TCGA-06-1086	9	21332347	21684722	1	0
TCGA-06-1086	9	21688238	27312047	0	0
TCGA-06-1086	9	27313439	29326816	1	0
TCGA-06-1086	9	29329325	141091394	2	0
TCGA-06-1086	10	72759	135506704	2	1
TCGA-06-1086	11	198572	45505737	2	0
TCGA-06-1086	11	45509084	50750724	2	1
TCGA-06-1086	11	50751358	134944770	2	2
TCGA-06-1086	12	150442	133778189	2	2
TCGA-06-1086	13	19026949	115108397	2	1
TCGA-06-1086	14	19002124	107285437	2	1
TCGA-06-1086	15	20016328	102469040	2	1
TCGA-06-1086	16	60777	90287535	2	2
TCGA-06-1086	17	526	81049726	2	1
TCGA-06-1086	18	48133	78015057	1	1
TCGA-06-1086	19	90910	59097854	3	2
TCGA-06-1086	20	61305	62956153	2	1
TCGA-06-1086	21	10736871	32409291	5	2
TCGA-06-1086	21	32414554	48096957	4	2
TCGA-06-1086	22	16052528	51234455	2	2
TCGA-06-1086	X	168477	2694240	2	1
TCGA-06-1086	X	2703391	154929308	2	0
TCGA-06-1086	X	154929498	155233846	2	1
