sample	chr	startpos	endpos	nMajor	nMinor
TCGA-04-1525	1	61735	24713682	2	1
TCGA-04-1525	1	24714396	31001700	2	2
TCGA-04-1525	1	31005713	31457928	3	2
TCGA-04-1525	1	31459813	59856808	2	2
TCGA-04-1525	1	59860256	60045372	2	1
TCGA-04-1525	1	60045860	188671432	2	2
TCGA-04-1525	1	188672106	189112184	3	2
TCGA-04-1525	1	189119685	210598837	2	2
TCGA-04-1525	1	210604746	211262834	2	0
TCGA-04-1525	1	211272776	249224388	2	2
TCGA-04-1525	2	12784	128032305	2	1
TCGA-04-1525	2	128032386	128911448	3	1
TCGA-04-1525	2	128912167	142606736	2	1
TCGA-04-1525	2	142606822	142689093	2	0
TCGA-04-1525	2	142692608	243089456	2	1
TCGA-04-1525	3	60345	15717844	2	1
TCGA-04-1525	3	15718836	16744285	2	2
TCGA-04-1525	3	16748360	71741557	2	1
TCGA-04-1525	3	71742607	72548867	3	1
TCGA-04-1525	3	72549515	94337850	2	1
TCGA-04-1525	3	94338290	127040724	3	1
TCGA-04-1525	3	127043799	127932717	4	1
TCGA-04-1525	3	127934329	197896118	3	1
TCGA-04-1525	4	12281	21157245	2	1
TCGA-04-1525	4	21157481	21494680	1	0
TCGA-04-1525	4	21494981	21782455	1	1
TCGA-04-1525	4	21782619	153729816	2	1
TCGA-04-1525	4	153730456	154202651	2	2
TCGA-04-1525	4	154203265	191027923	2	1
TCGA-04-1525	5	15532	35779433	2	1
TCGA-04-1525	5	35779447	36285126	2	2
TCGA-04-1525	5	36285965	68038077	2	1
TCGA-04-1525	5	68039040	68723554	2	2
TCGA-04-1525	5	68724918	76004328	2	1
TCGA-04-1525	5	76007214	76897761	3	1
TCGA-04-1525	5	76898268	180790320	2	1
TCGA-04-1525	6	149661	42460072	2	2
TCGA-04-1525	6	42460113	42977486	4	2
TCGA-04-1525	6	42979841	64544232	2	2
TCGA-04-1525	6	64551451	73741526	2	1
TCGA-04-1525	6	73742334	158946133	1	1
TCGA-04-1525	6	158949491	171051005	3	1
TCGA-04-1525	7	43259	62079883	2	1
TCGA-04-1525	7	62080122	67900419	3	1
TCGA-04-1525	7	67904728	159127004	3	0
TCGA-04-1525	8	31254	3153365	1	0
TCGA-04-1525	8	3154167	96595798	2	1
TCGA-04-1525	8	96596132	146298155	3	1
TCGA-04-1525	9	46587	141091394	2	0
TCGA-04-1525	10	72759	135506704	2	1
TCGA-04-1525	11	198572	29198384	1	1
TCGA-04-1525	11	29205876	30413623	2	1
TCGA-04-1525	11	30417122	32368529	1	1
TCGA-04-1525	11	32368744	33975510	2	1
TCGA-04-1525	11	33979193	35961323	6	1
TCGA-04-1525	11	35962249	134944770	2	1
TCGA-04-1525	12	150442	42945552	2	1
TCGA-04-1525	12	42947979	49022976	3	2
TCGA-04-1525	12	49023163	52714097	2	1
TCGA-04-1525	12	52715815	53275686	3	2
TCGA-04-1525	12	53275912	133778189	2	1
TCGA-04-1525	13	19026949	115108397	2	0
TCGA-04-1525	14	19002124	39432506	2	0
TCGA-04-1525	14	39434556	40328572	3	0
TCGA-04-1525	14	40330584	73264675	2	0
TCGA-04-1525	14	73268235	73827900	3	0
TCGA-04-1525	14	73837791	103224044	2	0
TCGA-04-1525	14	103224758	104874558	3	0
TCGA-04-1525	14	104875013	107285437	2	0
TCGA-04-1525	15	20016328	102469040	1	1
TCGA-04-1525	16	60777	19246524	2	1
TCGA-04-1525	16	19247797	20064495	3	1
TCGA-04-1525	16	20066892	28998970	2	1
TCGA-04-1525	16	29003107	35283226	2	2
TCGA-04-1525	16	46463782	60957191	2	0
TCGA-04-1525	16	60957663	63933220	1	0
TCGA-04-1525	16	63943790	90287535	2	0
TCGA-04-1525	17	526	39636595	2	0
TCGA-04-1525	17	39638286	47897056	3	0
TCGA-04-1525	17	47901061	54632531	4	0
TCGA-04-1525	17	54632692	55112347	6	0
TCGA-04-1525	17	55115729	73070742	4	0
TCGA-04-1525	17	73070788	74278675	5	0
TCGA-04-1525	17	74279361	81049726	4	0
TCGA-04-1525	18	48133	28554127	2	1
TCGA-04-1525	18	28558965	44591366	1	1
TCGA-04-1525	18	44595225	45207893	2	1
TCGA-04-1525	18	45211898	45491880	3	1
TCGA-04-1525	18	45495577	66731187	2	1
TCGA-04-1525	18	66732318	69538426	1	1
TCGA-04-1525	18	69539182	78015057	2	1
TCGA-04-1525	19	90910	4257356	2	0
TCGA-04-1525	19	4265942	8496364	2	2
TCGA-04-1525	19	8497282	9218054	2	0
TCGA-04-1525	19	9218125	10495380	3	2
TCGA-04-1525	19	10495539	11315574	5	2
TCGA-04-1525	19	11315817	12994337	3	2
TCGA-04-1525	19	12995403	15762938	5	2
TCGA-04-1525	19	15764071	17633349	4	2
TCGA-04-1525	19	17637161	17883282	2	1
TCGA-04-1525	19	17884120	21372011	2	2
TCGA-04-1525	19	21372308	22796916	6	2
TCGA-04-1525	19	22799279	27747993	4	2
TCGA-04-1525	19	27751675	30543709	8	2
TCGA-04-1525	19	30546184	33332516	7	2
TCGA-04-1525	19	33332868	36825248	4	2
TCGA-04-1525	19	36825458	41099134	2	2
TCGA-04-1525	19	41113742	59097854	2	0
TCGA-04-1525	20	61305	29847618	2	1
TCGA-04-1525	20	29850586	31023756	2	2
TCGA-04-1525	20	31024509	31825996	3	2
TCGA-04-1525	20	31829083	34448810	2	2
TCGA-04-1525	20	34451227	62956153	2	1
TCGA-04-1525	21	10736871	15469930	2	1
TCGA-04-1525	21	15471360	20058761	4	1
TCGA-04-1525	21	20059626	20879383	3	1
TCGA-04-1525	21	20882644	48096957	2	1
TCGA-04-1525	22	16052528	51234455	2	0
TCGA-04-1525	X	168477	39933326	2	0
TCGA-04-1525	X	39933339	48441493	2	1
TCGA-04-1525	X	48445506	56813587	2	0
TCGA-04-1525	X	56813718	136154118	2	1
TCGA-04-1525	X	136154667	136972866	3	2
TCGA-04-1525	X	136972880	155233846	2	1
