sample	chr	startpos	endpos	nMajor	nMinor
TCGA-B0-5399	1	61735	249224388	1	1
TCGA-B0-5399	2	12784	243089456	1	1
TCGA-B0-5399	3	60345	108347979	1	0
TCGA-B0-5399	3	108352935	197896118	1	1
TCGA-B0-5399	4	12281	102865988	1	0
TCGA-B0-5399	4	102866247	104356627	1	1
TCGA-B0-5399	4	104359831	106482757	1	0
TCGA-B0-5399	4	106482887	191027923	1	1
TCGA-B0-5399	5	15532	180790320	1	1
TCGA-B0-5399	6	149661	171051005	1	1
TCGA-B0-5399	7	43259	159127004	1	1
TCGA-B0-5399	8	31254	146298155	1	1
TCGA-B0-5399	9	46587	141091394	1	1
TCGA-B0-5399	10	72759	135506704	1	1
TCGA-B0-5399	11	198572	134944770	1	1
TCGA-B0-5399	12	150442	133778189	1	1
TCGA-B0-5399	13	19026949	115108397	1	1
TCGA-B0-5399	14	19002124	107285437	1	1
TCGA-B0-5399	15	20016328	102469040	1	1
TCGA-B0-5399	16	60777	90287535	1	1
TCGA-B0-5399	17	526	81049726	1	1
TCGA-B0-5399	18	48133	78015057	1	1
TCGA-B0-5399	19	90910	59097854	1	1
TCGA-B0-5399	20	61305	62956153	1	1
TCGA-B0-5399	21	10736871	48096957	1	1
TCGA-B0-5399	22	16052528	51234455	1	1
TCGA-B0-5399	X	168477	155233846	1	0
