sample	chr	startpos	endpos	nMajor	nMinor
TCGA-CR-7391	1	61735	249224388	1	1
TCGA-CR-7391	2	12784	243089456	1	1
TCGA-CR-7391	3	60345	197896118	1	1
TCGA-CR-7391	4	12281	191027923	1	1
TCGA-CR-7391	5	15532	180790320	1	1
TCGA-CR-7391	6	149661	171051005	1	1
TCGA-CR-7391	7	43259	159127004	1	1
TCGA-CR-7391	8	31254	146298155	1	1
TCGA-CR-7391	9	46587	141091394	1	1
TCGA-CR-7391	10	72759	135506704	1	1
TCGA-CR-7391	11	198572	134944770	1	1
TCGA-CR-7391	12	150442	133778189	1	1
TCGA-CR-7391	13	19026949	115108397	1	1
TCGA-CR-7391	14	19002124	107285437	1	1
TCGA-CR-7391	15	20016328	102469040	1	1
TCGA-CR-7391	16	60777	90287535	1	1
TCGA-CR-7391	17	526	81049726	1	1
TCGA-CR-7391	18	48133	78015057	1	1
TCGA-CR-7391	19	90910	59097854	1	1
TCGA-CR-7391	20	61305	62956153	1	1
TCGA-CR-7391	21	10736871	48096957	1	1
TCGA-CR-7391	22	16052528	51234455	1	1
TCGA-CR-7391	X	168477	155233846	1	1
