sample	chr	startpos	endpos	nMajor	nMinor
TCGA-FU-A57G	1	61735	117898930	4	0
TCGA-FU-A57G	1	117902649	249224388	2	2
TCGA-FU-A57G	2	12784	243089456	2	2
TCGA-FU-A57G	3	60345	197896118	2	2
TCGA-FU-A57G	4	12281	191027923	2	2
TCGA-FU-A57G	5	15532	180790320	2	2
TCGA-FU-A57G	6	149661	64917865	3	3
TCGA-FU-A57G	6	64922442	171051005	2	0
TCGA-FU-A57G	7	43259	159127004	2	2
TCGA-FU-A57G	8	31254	31760211	2	0
TCGA-FU-A57G	8	31763117	146298155	3	3
TCGA-FU-A57G	9	46587	141091394	2	2
TCGA-FU-A57G	10	72759	135506704	2	2
TCGA-FU-A57G	11	198572	134944770	2	2
TCGA-FU-A57G	12	150442	133778189	2	2
TCGA-FU-A57G	13	19026949	94088707	2	2
TCGA-FU-A57G	13	94091262	115108397	4	0
TCGA-FU-A57G	14	19002124	107285437	2	2
TCGA-FU-A57G	15	20016328	102469040	2	2
TCGA-FU-A57G	16	60777	90287535	2	2
TCGA-FU-A57G	17	526	81049726	2	2
TCGA-FU-A57G	18	48133	78015057	2	2
TCGA-FU-A57G	19	90910	59097854	2	2
TCGA-FU-A57G	20	61305	62956153	2	2
TCGA-FU-A57G	21	10736871	48096957	2	2
TCGA-FU-A57G	22	16052528	51234455	2	2
TCGA-FU-A57G	X	168477	155233846	2	2
