sample	chr	startpos	endpos	nMajor	nMinor
TCGA-B0-5104	1	61735	249224388	1	1
TCGA-B0-5104	2	12784	163093767	1	1
TCGA-B0-5104	2	163096071	243089456	2	1
TCGA-B0-5104	3	60345	79060103	1	0
TCGA-B0-5104	3	79063023	79482052	1	1
TCGA-B0-5104	3	79484539	81680035	1	0
TCGA-B0-5104	3	81682991	197896118	1	1
TCGA-B0-5104	4	12281	191027923	1	1
TCGA-B0-5104	5	15532	180790320	1	1
TCGA-B0-5104	6	149661	171051005	1	1
TCGA-B0-5104	7	43259	93757816	1	1
TCGA-B0-5104	7	93760674	94206443	1	0
TCGA-B0-5104	7	94206715	159127004	1	1
TCGA-B0-5104	8	31254	146298155	1	1
TCGA-B0-5104	9	46587	141091394	1	1
TCGA-B0-5104	10	72759	135506704	1	1
TCGA-B0-5104	11	198572	134944770	1	1
TCGA-B0-5104	12	150442	133778189	1	1
TCGA-B0-5104	13	19026949	115108397	1	1
TCGA-B0-5104	14	19002124	107285437	1	1
TCGA-B0-5104	15	20016328	102469040	1	1
TCGA-B0-5104	16	60777	90287535	1	1
TCGA-B0-5104	17	526	81049726	1	1
TCGA-B0-5104	18	48133	78015057	1	1
TCGA-B0-5104	19	90910	59097854	1	1
TCGA-B0-5104	20	61305	62956153	1	1
TCGA-B0-5104	21	10736871	48096957	1	1
TCGA-B0-5104	22	16052528	51234455	1	1
TCGA-B0-5104	X	168477	155233846	1	0
