sample	chr	startpos	endpos	nMajor	nMinor
TCGA-79-5596	1	61735	114095838	1	0
TCGA-79-5596	1	114095931	115277802	2	0
TCGA-79-5596	1	115278822	121482979	1	0
TCGA-79-5596	1	144007049	249224388	1	1
TCGA-79-5596	2	12784	6795330	2	0
TCGA-79-5596	2	6795606	15064586	2	1
TCGA-79-5596	2	15071092	120779852	1	1
TCGA-79-5596	2	120787510	122189458	2	1
TCGA-79-5596	2	122189631	196492255	1	1
TCGA-79-5596	2	196492592	198304141	2	1
TCGA-79-5596	2	198305272	199350684	1	1
TCGA-79-5596	2	199352368	199719089	2	1
TCGA-79-5596	2	199721166	243089456	1	0
TCGA-79-5596	3	60345	31984961	1	0
TCGA-79-5596	3	31988094	33432951	2	0
TCGA-79-5596	3	33433308	90502862	1	0
TCGA-79-5596	3	93519478	165527268	1	1
TCGA-79-5596	3	165534523	165611410	1	0
TCGA-79-5596	3	165613906	190264270	5	1
TCGA-79-5596	3	190269671	197152312	5	2
TCGA-79-5596	3	197154507	197896118	4	2
TCGA-79-5596	4	12281	49057912	1	0
TCGA-79-5596	4	49061141	58961150	2	0
TCGA-79-5596	4	58970286	61777080	1	0
TCGA-79-5596	4	61778148	138354033	1	1
TCGA-79-5596	4	138357608	139116783	2	1
TCGA-79-5596	4	139117012	191027923	1	1
TCGA-79-5596	5	15532	55797900	1	1
TCGA-79-5596	5	55799184	57360670	2	1
TCGA-79-5596	5	57367593	57962746	2	2
TCGA-79-5596	5	57962983	61541886	2	1
TCGA-79-5596	5	61545261	65450196	1	1
TCGA-79-5596	5	65450218	121844881	1	0
TCGA-79-5596	5	121851919	122797914	2	0
TCGA-79-5596	5	122801317	180790320	1	0
TCGA-79-5596	6	149661	40859171	1	0
TCGA-79-5596	6	40859320	43221896	2	1
TCGA-79-5596	6	43221909	78708860	1	1
TCGA-79-5596	6	78712839	80077665	2	1
TCGA-79-5596	6	80081376	171051005	1	1
TCGA-79-5596	7	43259	68085486	1	1
TCGA-79-5596	7	68087092	69568087	2	1
TCGA-79-5596	7	69569119	159127004	1	1
TCGA-79-5596	8	31254	37643123	1	0
TCGA-79-5596	8	37645346	39179922	3	1
TCGA-79-5596	8	39192481	62216733	1	1
TCGA-79-5596	8	62216778	62260816	1	0
TCGA-79-5596	8	62263087	96315443	1	1
TCGA-79-5596	8	96316141	146298155	2	1
TCGA-79-5596	9	46587	47217176	1	0
TCGA-79-5596	9	65616971	141091394	1	1
TCGA-79-5596	10	72759	42760916	1	1
TCGA-79-5596	10	42763230	120787220	1	0
TCGA-79-5596	10	120800832	125197850	2	0
TCGA-79-5596	10	125198916	135506704	1	0
TCGA-79-5596	11	198572	888566	2	1
TCGA-79-5596	11	892810	134944770	1	1
TCGA-79-5596	12	150442	1763120	1	1
TCGA-79-5596	12	1763876	1869709	3	1
TCGA-79-5596	12	1872687	133778189	1	1
TCGA-79-5596	13	19026949	100107365	1	1
TCGA-79-5596	13	100108807	100893221	2	1
TCGA-79-5596	13	100895853	115108397	1	1
TCGA-79-5596	14	19002124	107285437	1	1
TCGA-79-5596	15	20016328	28349910	1	1
TCGA-79-5596	15	28356130	31248010	2	1
TCGA-79-5596	15	31248655	72698562	1	1
TCGA-79-5596	15	72699549	102469040	2	1
TCGA-79-5596	16	60777	53086008	1	1
TCGA-79-5596	16	53086543	53664597	2	1
TCGA-79-5596	16	53670387	90287535	1	0
TCGA-79-5596	17	526	14574644	2	0
TCGA-79-5596	17	14576452	58011982	1	1
TCGA-79-5596	17	58012092	59481373	2	1
TCGA-79-5596	17	59483608	81049726	1	1
TCGA-79-5596	18	48133	78015057	1	1
TCGA-79-5596	19	90910	13008826	1	0
TCGA-79-5596	19	13009056	59097854	1	1
TCGA-79-5596	20	61305	8125611	2	2
TCGA-79-5596	20	8126273	30727658	2	1
TCGA-79-5596	20	30727683	37836220	1	1
TCGA-79-5596	20	37837311	62956153	1	0
TCGA-79-5596	21	10736871	22010695	1	0
TCGA-79-5596	21	22010741	27687150	1	1
TCGA-79-5596	21	27688232	48096957	1	0
TCGA-79-5596	22	16052528	33312282	1	1
TCGA-79-5596	22	33313367	51234455	1	0
TCGA-79-5596	X	168477	155233846	1	0
