sample	chr	startpos	endpos	nMajor	nMinor
TCGA-CV-7422	1	61735	1871337	2	1
TCGA-CV-7422	1	1877790	9698333	4	1
TCGA-CV-7422	1	9699377	207552414	2	1
TCGA-CV-7422	1	207552768	249224388	4	1
TCGA-CV-7422	2	12784	22960514	3	2
TCGA-CV-7422	2	22960628	165689230	2	2
TCGA-CV-7422	2	165691520	173299284	4	2
TCGA-CV-7422	2	173299348	175230189	8	2
TCGA-CV-7422	2	175230875	176896871	6	2
TCGA-CV-7422	2	176897054	177822624	8	2
TCGA-CV-7422	2	177822702	182099371	5	2
TCGA-CV-7422	2	182105110	243089456	2	1
TCGA-CV-7422	3	60345	9568974	2	2
TCGA-CV-7422	3	9574327	85057511	2	0
TCGA-CV-7422	3	85058250	95329226	2	2
TCGA-CV-7422	3	95332350	96720604	5	2
TCGA-CV-7422	3	96722860	104544379	2	2
TCGA-CV-7422	3	104544408	133806584	2	1
TCGA-CV-7422	3	133806879	142245490	2	2
TCGA-CV-7422	3	142246041	155738821	7	1
TCGA-CV-7422	3	155740655	197896118	5	1
TCGA-CV-7422	4	12281	48825205	2	0
TCGA-CV-7422	4	48825543	62384375	2	2
TCGA-CV-7422	4	62384757	65193090	1	1
TCGA-CV-7422	4	65194272	78544487	2	2
TCGA-CV-7422	4	78545755	84539539	1	1
TCGA-CV-7422	4	84540258	191027923	2	0
TCGA-CV-7422	5	15532	49502256	2	1
TCGA-CV-7422	5	49520012	61322413	3	1
TCGA-CV-7422	5	61323853	180790320	1	1
TCGA-CV-7422	6	149661	1315309	2	0
TCGA-CV-7422	6	1315946	26644650	4	0
TCGA-CV-7422	6	26644976	43178361	3	0
TCGA-CV-7422	6	43180695	161069653	2	1
TCGA-CV-7422	6	161069941	161844839	4	1
TCGA-CV-7422	6	161845644	171051005	2	1
TCGA-CV-7422	7	43259	109595013	2	2
TCGA-CV-7422	7	109595209	142338989	2	1
TCGA-CV-7422	7	142339392	142492004	3	3
TCGA-CV-7422	7	142493129	159127004	2	1
TCGA-CV-7422	8	31254	35766773	1	1
TCGA-CV-7422	8	35774475	36868400	5	1
TCGA-CV-7422	8	36869192	40171900	3	1
TCGA-CV-7422	8	40173349	46938171	2	1
TCGA-CV-7422	8	46940022	94439696	2	0
TCGA-CV-7422	8	94440881	146298155	2	1
TCGA-CV-7422	9	46587	11796213	2	0
TCGA-CV-7422	9	11796276	13036469	1	0
TCGA-CV-7422	9	13037088	27824832	2	0
TCGA-CV-7422	9	27825279	30232353	1	0
TCGA-CV-7422	9	30232517	30469144	5	0
TCGA-CV-7422	9	30469417	32873872	3	0
TCGA-CV-7422	9	32874281	32891041	0	0
TCGA-CV-7422	9	32894709	35933323	3	0
TCGA-CV-7422	9	35937611	47217176	2	0
TCGA-CV-7422	9	65616971	141091394	2	2
TCGA-CV-7422	10	72759	135506704	2	1
TCGA-CV-7422	11	198572	56414125	2	1
TCGA-CV-7422	11	56416730	60565244	2	2
TCGA-CV-7422	11	60566362	68598534	3	2
TCGA-CV-7422	11	68600104	69973982	19	1
TCGA-CV-7422	11	69974423	71467755	12	2
TCGA-CV-7422	11	71477580	134944770	2	0
TCGA-CV-7422	12	150442	133778189	2	2
TCGA-CV-7422	13	19026949	115108397	2	0
TCGA-CV-7422	14	19002124	22481705	2	1
TCGA-CV-7422	14	22481767	22959826	4	4
TCGA-CV-7422	14	22959937	59829973	2	2
TCGA-CV-7422	14	59830512	107285437	2	0
TCGA-CV-7422	15	20016328	102469040	2	1
TCGA-CV-7422	16	60777	75933859	2	1
TCGA-CV-7422	16	75936861	90287535	2	2
TCGA-CV-7422	17	526	15060561	2	0
TCGA-CV-7422	17	15060607	81049726	2	1
TCGA-CV-7422	18	48133	8656226	4	1
TCGA-CV-7422	18	8658333	51064851	2	1
TCGA-CV-7422	18	51065247	78015057	2	0
TCGA-CV-7422	19	90910	59097854	2	1
TCGA-CV-7422	20	61305	62956153	2	1
TCGA-CV-7422	21	10736871	48096957	2	0
TCGA-CV-7422	22	16052528	29831631	2	1
TCGA-CV-7422	22	29832235	49756863	3	1
TCGA-CV-7422	22	49756989	51234455	1	1
TCGA-CV-7422	X	168477	28504260	2	2
TCGA-CV-7422	X	28504925	28658970	1	0
TCGA-CV-7422	X	28667209	155233846	2	2
