sample	chr	startpos	endpos	nMajor	nMinor
TCGA-DK-AA6U	1	61735	113385947	2	1
TCGA-DK-AA6U	1	113386071	119426206	3	2
TCGA-DK-AA6U	1	119427454	121482979	2	1
TCGA-DK-AA6U	1	144007049	154221643	3	3
TCGA-DK-AA6U	1	154222032	158764550	2	2
TCGA-DK-AA6U	1	158764565	159362808	3	2
TCGA-DK-AA6U	1	159373590	165197844	3	3
TCGA-DK-AA6U	1	165199987	249224388	3	2
TCGA-DK-AA6U	2	12784	445543	3	2
TCGA-DK-AA6U	2	445604	2251568	2	2
TCGA-DK-AA6U	2	2252462	2257857	9	9
TCGA-DK-AA6U	2	2257901	2946331	16	2
TCGA-DK-AA6U	2	2948459	4973779	3	2
TCGA-DK-AA6U	2	4974948	7355574	4	2
TCGA-DK-AA6U	2	7359004	9255610	5	2
TCGA-DK-AA6U	2	9256210	10124822	3	2
TCGA-DK-AA6U	2	10125365	40047904	2	2
TCGA-DK-AA6U	2	40050016	42043121	3	2
TCGA-DK-AA6U	2	42043445	107246587	2	2
TCGA-DK-AA6U	2	107246998	108543652	3	2
TCGA-DK-AA6U	2	108544082	142345901	2	2
TCGA-DK-AA6U	2	142348214	142455213	0	0
TCGA-DK-AA6U	2	142457916	142877592	2	0
TCGA-DK-AA6U	2	142882593	145219688	2	2
TCGA-DK-AA6U	2	145220163	148555609	4	2
TCGA-DK-AA6U	2	148561845	149118343	2	0
TCGA-DK-AA6U	2	149123697	151335163	4	2
TCGA-DK-AA6U	2	151335648	163634488	3	2
TCGA-DK-AA6U	2	163637960	165718359	2	2
TCGA-DK-AA6U	2	165725838	165853974	8	8
TCGA-DK-AA6U	2	165857581	166303982	2	2
TCGA-DK-AA6U	2	166304847	171105788	3	2
TCGA-DK-AA6U	2	171106816	171243297	2	0
TCGA-DK-AA6U	2	171244291	175015128	3	2
TCGA-DK-AA6U	2	175019633	178066787	2	2
TCGA-DK-AA6U	2	178071199	178219956	9	0
TCGA-DK-AA6U	2	178220864	178538185	4	0
TCGA-DK-AA6U	2	178538584	179730326	3	0
TCGA-DK-AA6U	2	179731839	181598169	2	0
TCGA-DK-AA6U	2	181603629	182041797	3	0
TCGA-DK-AA6U	2	182043094	182117323	5	0
TCGA-DK-AA6U	2	182117625	184712596	6	0
TCGA-DK-AA6U	2	184712927	189366230	2	0
TCGA-DK-AA6U	2	189368466	191741805	6	0
TCGA-DK-AA6U	2	191749035	192002699	3	0
TCGA-DK-AA6U	2	192004895	195147431	6	0
TCGA-DK-AA6U	2	195151349	195211075	4	0
TCGA-DK-AA6U	2	195212024	237576064	2	0
TCGA-DK-AA6U	2	237577767	238863741	3	0
TCGA-DK-AA6U	2	238868196	239345394	19	0
TCGA-DK-AA6U	2	239346196	239377992	12	0
TCGA-DK-AA6U	2	239385989	242025635	2	0
TCGA-DK-AA6U	2	242025882	243089456	3	0
TCGA-DK-AA6U	3	60345	888078	2	1
TCGA-DK-AA6U	3	888151	3699238	2	2
TCGA-DK-AA6U	3	3701606	4658341	3	2
TCGA-DK-AA6U	3	4658835	5515986	4	3
TCGA-DK-AA6U	3	5516098	5904821	5	2
TCGA-DK-AA6U	3	5907223	7931140	2	2
TCGA-DK-AA6U	3	7932027	10100776	3	2
TCGA-DK-AA6U	3	10103215	11463730	2	2
TCGA-DK-AA6U	3	11464121	12907356	4	2
TCGA-DK-AA6U	3	12908200	16093957	3	2
TCGA-DK-AA6U	3	16102761	16370675	2	1
TCGA-DK-AA6U	3	16371229	19833077	3	2
TCGA-DK-AA6U	3	19836421	60145772	2	2
TCGA-DK-AA6U	3	60146059	62114428	2	1
TCGA-DK-AA6U	3	62114948	71320898	2	2
TCGA-DK-AA6U	3	71321398	73786057	2	1
TCGA-DK-AA6U	3	73786144	88931477	2	2
TCGA-DK-AA6U	3	88933154	116189829	3	2
TCGA-DK-AA6U	3	116189862	116415472	1	1
TCGA-DK-AA6U	3	116416357	116540479	2	2
TCGA-DK-AA6U	3	116542296	116736739	2	0
TCGA-DK-AA6U	3	116736995	172850759	3	1
TCGA-DK-AA6U	3	172852313	174659364	4	2
TCGA-DK-AA6U	3	174663877	187202594	3	1
TCGA-DK-AA6U	3	187203329	190525955	4	2
TCGA-DK-AA6U	3	190527427	197896118	3	1
TCGA-DK-AA6U	4	12281	102999081	2	2
TCGA-DK-AA6U	4	103000101	103343362	2	1
TCGA-DK-AA6U	4	103344422	162383466	2	2
TCGA-DK-AA6U	4	162388543	166694985	2	1
TCGA-DK-AA6U	4	166697225	180788084	2	2
TCGA-DK-AA6U	4	180788381	181556804	2	1
TCGA-DK-AA6U	4	181560805	182797928	2	2
TCGA-DK-AA6U	4	182798201	191027923	2	1
TCGA-DK-AA6U	5	15532	2320003	4	2
TCGA-DK-AA6U	5	2320313	5112689	5	3
TCGA-DK-AA6U	5	5112927	46382652	4	3
TCGA-DK-AA6U	5	46383335	54458763	2	2
TCGA-DK-AA6U	5	54458904	59185779	2	1
TCGA-DK-AA6U	5	59187397	59753819	1	0
TCGA-DK-AA6U	5	59759042	64990969	2	1
TCGA-DK-AA6U	5	64991219	65134190	1	1
TCGA-DK-AA6U	5	65134321	166591337	2	1
TCGA-DK-AA6U	5	166595126	167051291	1	0
TCGA-DK-AA6U	5	167051620	180790320	2	1
TCGA-DK-AA6U	6	149661	17445241	2	1
TCGA-DK-AA6U	6	17446263	20366088	2	2
TCGA-DK-AA6U	6	20368246	20406943	16	2
TCGA-DK-AA6U	6	20412122	20455280	15	2
TCGA-DK-AA6U	6	20459673	21200543	39	1
TCGA-DK-AA6U	6	21203154	21511003	17	2
TCGA-DK-AA6U	6	21514238	22003895	38	2
TCGA-DK-AA6U	6	22010639	24037089	2	2
TCGA-DK-AA6U	6	24037322	37663272	2	1
TCGA-DK-AA6U	6	37668212	38058694	16	2
TCGA-DK-AA6U	6	38058709	38317686	9	1
TCGA-DK-AA6U	6	38318707	38546302	13	1
TCGA-DK-AA6U	6	38548637	38886732	10	2
TCGA-DK-AA6U	6	38889057	39293898	31	2
TCGA-DK-AA6U	6	39293929	39298730	17	16
TCGA-DK-AA6U	6	39300475	77289288	2	1
TCGA-DK-AA6U	6	77289311	85552535	2	2
TCGA-DK-AA6U	6	85555015	91313940	2	1
TCGA-DK-AA6U	6	91317922	91462261	4	2
TCGA-DK-AA6U	6	91462732	105229646	2	1
TCGA-DK-AA6U	6	105231407	112759989	2	2
TCGA-DK-AA6U	6	112760169	115542299	2	1
TCGA-DK-AA6U	6	115569351	118218870	6	2
TCGA-DK-AA6U	6	118218905	119239324	8	2
TCGA-DK-AA6U	6	119243648	119633534	11	1
TCGA-DK-AA6U	6	119633625	119956740	5	1
TCGA-DK-AA6U	6	119962782	120257858	2	1
TCGA-DK-AA6U	6	120261177	120742455	6	2
TCGA-DK-AA6U	6	120748728	132038829	2	1
TCGA-DK-AA6U	6	132039361	134420012	3	2
TCGA-DK-AA6U	6	134421688	150855864	2	1
TCGA-DK-AA6U	6	150856770	150965335	1	0
TCGA-DK-AA6U	6	150965769	171051005	2	1
TCGA-DK-AA6U	7	43259	17409764	3	2
TCGA-DK-AA6U	7	17414677	17774257	4	2
TCGA-DK-AA6U	7	17780171	67416977	3	2
TCGA-DK-AA6U	7	67417160	69464942	6	2
TCGA-DK-AA6U	7	69470696	70045941	2	1
TCGA-DK-AA6U	7	70046675	70228949	2	0
TCGA-DK-AA6U	7	70231070	78116289	2	2
TCGA-DK-AA6U	7	78116522	80970341	3	2
TCGA-DK-AA6U	7	80970635	96215648	2	2
TCGA-DK-AA6U	7	96219862	102039696	2	1
TCGA-DK-AA6U	7	102040551	130622564	2	2
TCGA-DK-AA6U	7	130623257	130705821	1	0
TCGA-DK-AA6U	7	130706371	159127004	2	2
TCGA-DK-AA6U	8	31254	13126845	1	0
TCGA-DK-AA6U	8	13128224	21070134	2	0
TCGA-DK-AA6U	8	21070689	38614107	1	0
TCGA-DK-AA6U	8	38615855	43410496	4	2
TCGA-DK-AA6U	8	43413955	48251598	6	2
TCGA-DK-AA6U	8	48251764	53487423	5	2
TCGA-DK-AA6U	8	53488242	56143443	6	2
TCGA-DK-AA6U	8	56143819	57925830	4	2
TCGA-DK-AA6U	8	57926726	146298155	6	2
TCGA-DK-AA6U	9	46587	9143014	2	1
TCGA-DK-AA6U	9	9144115	9986152	1	1
TCGA-DK-AA6U	9	9988418	76122866	2	1
TCGA-DK-AA6U	9	76126245	115915133	2	0
TCGA-DK-AA6U	9	115915194	141091394	2	1
TCGA-DK-AA6U	10	72759	8496413	5	2
TCGA-DK-AA6U	10	8500122	10238316	6	2
TCGA-DK-AA6U	10	10239143	18358603	5	2
TCGA-DK-AA6U	10	18360580	18800372	4	2
TCGA-DK-AA6U	10	18800554	29176558	2	2
TCGA-DK-AA6U	10	29181179	67956349	2	0
TCGA-DK-AA6U	10	67956919	84144725	4	0
TCGA-DK-AA6U	10	84146872	95303332	2	0
TCGA-DK-AA6U	10	95303356	110647878	3	0
TCGA-DK-AA6U	10	110648164	110884116	4	0
TCGA-DK-AA6U	10	110884770	135506704	3	0
TCGA-DK-AA6U	11	198572	49195802	3	0
TCGA-DK-AA6U	11	49196947	57728993	3	1
TCGA-DK-AA6U	11	57731168	58404733	3	2
TCGA-DK-AA6U	11	58405458	60306905	3	3
TCGA-DK-AA6U	11	60312863	61368630	3	1
TCGA-DK-AA6U	11	61370853	62175013	7	3
TCGA-DK-AA6U	11	62177522	62548239	5	3
TCGA-DK-AA6U	11	62548243	80326376	3	1
TCGA-DK-AA6U	11	80326697	80614777	2	0
TCGA-DK-AA6U	11	80615666	106084472	3	1
TCGA-DK-AA6U	11	106091643	106657233	3	0
TCGA-DK-AA6U	11	106662438	134944770	3	1
TCGA-DK-AA6U	12	150442	21300553	3	2
TCGA-DK-AA6U	12	21312320	31073016	2	2
TCGA-DK-AA6U	12	31074862	38432789	3	2
TCGA-DK-AA6U	12	38436964	81234834	2	2
TCGA-DK-AA6U	12	81240694	98905019	3	2
TCGA-DK-AA6U	12	98908812	114615784	2	2
TCGA-DK-AA6U	12	114615845	116318411	3	2
TCGA-DK-AA6U	12	116318530	126328705	2	2
TCGA-DK-AA6U	12	126328809	128749736	3	2
TCGA-DK-AA6U	12	128750217	129334814	2	2
TCGA-DK-AA6U	12	129334854	129953816	2	1
TCGA-DK-AA6U	12	129954540	133778189	2	2
TCGA-DK-AA6U	13	19026949	105909261	2	2
TCGA-DK-AA6U	13	105912316	108631497	3	2
TCGA-DK-AA6U	13	108633879	115108397	2	2
TCGA-DK-AA6U	14	19002124	22378835	2	0
TCGA-DK-AA6U	14	22378861	43076214	3	0
TCGA-DK-AA6U	14	43083557	97913273	2	0
TCGA-DK-AA6U	14	97914075	99727677	3	0
TCGA-DK-AA6U	14	99728900	107285437	2	0
TCGA-DK-AA6U	15	20016328	23765819	3	2
TCGA-DK-AA6U	15	23771999	33045694	2	2
TCGA-DK-AA6U	15	33058304	33251727	2	0
TCGA-DK-AA6U	15	33255481	45020317	2	2
TCGA-DK-AA6U	15	45026123	50551714	3	2
TCGA-DK-AA6U	15	50555011	52815388	4	2
TCGA-DK-AA6U	15	52815946	56541155	3	2
TCGA-DK-AA6U	15	56542632	80834358	2	2
TCGA-DK-AA6U	15	80834520	99459216	3	2
TCGA-DK-AA6U	15	99459807	102469040	2	1
TCGA-DK-AA6U	16	60777	5704841	2	2
TCGA-DK-AA6U	16	5705280	26603412	3	2
TCGA-DK-AA6U	16	26604008	35283226	2	2
TCGA-DK-AA6U	16	46463782	51611799	2	1
TCGA-DK-AA6U	16	51612225	66116920	3	1
TCGA-DK-AA6U	16	66119176	78854318	2	1
TCGA-DK-AA6U	16	78854487	78905250	2	0
TCGA-DK-AA6U	16	78905503	83756819	3	1
TCGA-DK-AA6U	16	83756988	90287535	2	1
TCGA-DK-AA6U	17	526	1651697	3	1
TCGA-DK-AA6U	17	1656518	1703982	4	3
TCGA-DK-AA6U	17	1704296	4454179	2	2
TCGA-DK-AA6U	17	4455166	18070741	2	0
TCGA-DK-AA6U	17	18073596	27267508	2	2
TCGA-DK-AA6U	17	27271839	34447402	3	2
TCGA-DK-AA6U	17	34449108	50027198	3	1
TCGA-DK-AA6U	17	50027242	52353106	4	1
TCGA-DK-AA6U	17	52353351	70406269	3	1
TCGA-DK-AA6U	17	70406624	78408213	3	2
TCGA-DK-AA6U	17	78413429	81049726	4	2
TCGA-DK-AA6U	18	48133	8162450	3	3
TCGA-DK-AA6U	18	8163867	15152212	2	0
TCGA-DK-AA6U	18	15154066	25908296	3	1
TCGA-DK-AA6U	18	25909135	27559036	3	2
TCGA-DK-AA6U	18	27559052	73961500	3	1
TCGA-DK-AA6U	18	73963655	75419449	2	1
TCGA-DK-AA6U	18	75420230	77110514	3	2
TCGA-DK-AA6U	18	77110713	78015057	2	1
TCGA-DK-AA6U	19	90910	13005509	2	1
TCGA-DK-AA6U	19	13007458	20009817	2	2
TCGA-DK-AA6U	19	20011018	27910675	3	2
TCGA-DK-AA6U	19	27951817	28240509	12	4
TCGA-DK-AA6U	19	28243193	28788472	26	2
TCGA-DK-AA6U	19	28789999	29124509	12	3
TCGA-DK-AA6U	19	29124524	30039247	15	3
TCGA-DK-AA6U	19	30049154	30332654	41	2
TCGA-DK-AA6U	19	30333090	30844089	29	2
TCGA-DK-AA6U	19	30845404	31572921	15	3
TCGA-DK-AA6U	19	31573480	31735499	10	3
TCGA-DK-AA6U	19	31736443	32442917	2	0
TCGA-DK-AA6U	19	32443304	34725299	2	2
TCGA-DK-AA6U	19	34727835	35124670	8	2
TCGA-DK-AA6U	19	35124907	37817274	2	0
TCGA-DK-AA6U	19	37819294	49572547	3	3
TCGA-DK-AA6U	19	49572577	50478932	6	2
TCGA-DK-AA6U	19	50485758	53211465	5	2
TCGA-DK-AA6U	19	53212361	56900486	4	4
TCGA-DK-AA6U	19	56901293	58499423	6	3
TCGA-DK-AA6U	19	58500677	58633494	3	1
TCGA-DK-AA6U	19	58635111	58918017	3	0
TCGA-DK-AA6U	19	58918337	59097854	3	1
TCGA-DK-AA6U	20	61305	7516000	6	2
TCGA-DK-AA6U	20	7518928	13083780	7	2
TCGA-DK-AA6U	20	13084031	55726366	6	2
TCGA-DK-AA6U	20	55726703	56515919	5	2
TCGA-DK-AA6U	20	56519045	60102232	8	2
TCGA-DK-AA6U	20	60103968	62956153	7	2
TCGA-DK-AA6U	21	10736871	20487398	4	3
TCGA-DK-AA6U	21	20488792	28026499	3	3
TCGA-DK-AA6U	21	28026512	42465472	4	3
TCGA-DK-AA6U	21	42466753	48096957	3	3
TCGA-DK-AA6U	22	16052528	22054351	5	1
TCGA-DK-AA6U	22	22054607	28384261	7	1
TCGA-DK-AA6U	22	28387749	31353761	5	1
TCGA-DK-AA6U	22	31353825	32935403	3	1
TCGA-DK-AA6U	22	32935552	38307275	3	2
TCGA-DK-AA6U	22	38310686	45881227	3	1
TCGA-DK-AA6U	22	45881315	49733196	4	1
TCGA-DK-AA6U	22	49733658	51234455	3	1
TCGA-DK-AA6U	X	168477	2694240	2	1
TCGA-DK-AA6U	X	2703391	7114581	2	0
TCGA-DK-AA6U	X	7114694	7225221	0	0
TCGA-DK-AA6U	X	7227728	7345549	1	0
TCGA-DK-AA6U	X	7351212	7441920	0	0
TCGA-DK-AA6U	X	7442025	8374722	1	0
TCGA-DK-AA6U	X	8374935	34570164	2	0
TCGA-DK-AA6U	X	34571942	37215200	3	0
TCGA-DK-AA6U	X	37220642	39733582	2	0
TCGA-DK-AA6U	X	39733843	62117442	3	0
TCGA-DK-AA6U	X	62120663	140490210	2	0
TCGA-DK-AA6U	X	140496809	141788134	4	0
TCGA-DK-AA6U	X	141792031	142390882	2	0
TCGA-DK-AA6U	X	142392700	154787567	4	0
TCGA-DK-AA6U	X	154789183	155233846	5	0
