sample	chr	startpos	endpos	nMajor	nMinor
TCGA-EM-A4FR	1	61735	249224388	1	1
TCGA-EM-A4FR	2	12784	29545195	1	1
TCGA-EM-A4FR	2	29547862	29621756	1	0
TCGA-EM-A4FR	2	29621890	30665168	1	1
TCGA-EM-A4FR	2	30668418	30831821	1	0
TCGA-EM-A4FR	2	30832754	243089456	1	1
TCGA-EM-A4FR	3	60345	197896118	1	1
TCGA-EM-A4FR	4	12281	191027923	1	1
TCGA-EM-A4FR	5	15532	180790320	1	1
TCGA-EM-A4FR	6	149661	171051005	1	1
TCGA-EM-A4FR	7	43259	159127004	1	1
TCGA-EM-A4FR	8	31254	146298155	1	1
TCGA-EM-A4FR	9	46587	141091394	1	1
TCGA-EM-A4FR	10	72759	135506704	1	1
TCGA-EM-A4FR	11	198572	134944770	1	1
TCGA-EM-A4FR	12	150442	133778189	1	1
TCGA-EM-A4FR	13	19026949	115108397	1	1
TCGA-EM-A4FR	14	19002124	107285437	1	1
TCGA-EM-A4FR	15	20016328	102469040	1	1
TCGA-EM-A4FR	16	60777	90287535	1	1
TCGA-EM-A4FR	17	526	81049726	1	1
TCGA-EM-A4FR	18	48133	78015057	1	1
TCGA-EM-A4FR	19	90910	59097854	1	1
TCGA-EM-A4FR	20	61305	62956153	1	1
TCGA-EM-A4FR	21	10736871	48096957	1	1
TCGA-EM-A4FR	22	16052528	51234455	1	0
TCGA-EM-A4FR	X	168477	2694240	1	1
TCGA-EM-A4FR	X	2703391	154929498	1	0
TCGA-EM-A4FR	X	154963439	155233846	1	1
