sample	chr	startpos	endpos	nMajor	nMinor
TCGA-2H-A9GF	1	61735	15031315	2	1
TCGA-2H-A9GF	1	15031898	15502539	1	1
TCGA-2H-A9GF	1	15503634	56491737	2	1
TCGA-2H-A9GF	1	56494019	56746087	2	0
TCGA-2H-A9GF	1	56748145	108417044	2	1
TCGA-2H-A9GF	1	108418552	109357456	3	0
TCGA-2H-A9GF	1	109358184	189173235	2	1
TCGA-2H-A9GF	1	189176230	189520248	1	1
TCGA-2H-A9GF	1	189520505	220868508	2	1
TCGA-2H-A9GF	1	220879252	238226828	2	2
TCGA-2H-A9GF	1	238227268	238543703	2	1
TCGA-2H-A9GF	1	238544006	240963070	3	2
TCGA-2H-A9GF	1	240963558	244614097	2	2
TCGA-2H-A9GF	1	244622250	245281776	2	1
TCGA-2H-A9GF	1	245282154	248577691	2	2
TCGA-2H-A9GF	1	248578622	249224388	3	0
TCGA-2H-A9GF	2	12784	50634786	2	1
TCGA-2H-A9GF	2	50635445	52394883	2	0
TCGA-2H-A9GF	2	52395370	83082347	2	1
TCGA-2H-A9GF	2	83082439	95341550	3	2
TCGA-2H-A9GF	2	95341700	186912587	2	1
TCGA-2H-A9GF	2	186918007	187144859	2	0
TCGA-2H-A9GF	2	187152664	212235377	2	1
TCGA-2H-A9GF	2	212235491	212364542	1	1
TCGA-2H-A9GF	2	212364641	220400014	2	1
TCGA-2H-A9GF	2	220405906	220643397	2	0
TCGA-2H-A9GF	2	220643451	221789893	2	1
TCGA-2H-A9GF	2	221792364	236675082	1	1
TCGA-2H-A9GF	2	236675099	239969762	1	0
TCGA-2H-A9GF	2	239972561	243089456	2	0
TCGA-2H-A9GF	3	60345	22018053	2	1
TCGA-2H-A9GF	3	22019395	28824657	1	1
TCGA-2H-A9GF	3	28828525	60284894	2	1
TCGA-2H-A9GF	3	60286386	60598617	0	0
TCGA-2H-A9GF	3	60604489	77150126	2	1
TCGA-2H-A9GF	3	77150163	77325050	2	0
TCGA-2H-A9GF	3	77325155	93523357	2	1
TCGA-2H-A9GF	3	93526657	96053691	3	2
TCGA-2H-A9GF	3	96056259	173497947	2	1
TCGA-2H-A9GF	3	173500259	173758360	1	1
TCGA-2H-A9GF	3	173763416	174492746	2	1
TCGA-2H-A9GF	3	174493102	174997538	1	0
TCGA-2H-A9GF	3	175002708	175028613	2	0
TCGA-2H-A9GF	3	175034635	175035304	1	0
TCGA-2H-A9GF	3	175035714	197896118	2	1
TCGA-2H-A9GF	4	12281	1343405	8	0
TCGA-2H-A9GF	4	1346190	2958186	5	0
TCGA-2H-A9GF	4	2959173	2979757	9	0
TCGA-2H-A9GF	4	2981627	2982501	3	0
TCGA-2H-A9GF	4	2982929	49589148	1	0
TCGA-2H-A9GF	4	49590333	91145601	2	0
TCGA-2H-A9GF	4	91146829	91276263	0	0
TCGA-2H-A9GF	4	91283146	91653800	2	0
TCGA-2H-A9GF	4	91655219	91868826	1	0
TCGA-2H-A9GF	4	91869226	114441244	2	0
TCGA-2H-A9GF	4	114443356	141726539	2	1
TCGA-2H-A9GF	4	141730958	145298145	1	1
TCGA-2H-A9GF	4	145298476	146236497	3	1
TCGA-2H-A9GF	4	146239107	191027923	1	1
TCGA-2H-A9GF	5	15532	17788618	3	0
TCGA-2H-A9GF	5	17792016	31191910	4	0
TCGA-2H-A9GF	5	31192038	49455636	3	0
TCGA-2H-A9GF	5	49459054	51583067	4	1
TCGA-2H-A9GF	5	51594810	51644460	2	0
TCGA-2H-A9GF	5	51648095	59390527	1	1
TCGA-2H-A9GF	5	59393009	59698081	1	0
TCGA-2H-A9GF	5	59698674	103557092	1	1
TCGA-2H-A9GF	5	103557164	104957493	1	0
TCGA-2H-A9GF	5	104958073	128890109	2	1
TCGA-2H-A9GF	5	128890453	129185999	1	0
TCGA-2H-A9GF	5	129188362	131810619	3	0
TCGA-2H-A9GF	5	131815384	180790320	2	1
TCGA-2H-A9GF	6	149661	54979492	3	1
TCGA-2H-A9GF	6	54980367	57299309	1	1
TCGA-2H-A9GF	6	57308995	58082951	3	1
TCGA-2H-A9GF	6	58140300	61931989	1	1
TCGA-2H-A9GF	6	61949118	70300533	4	1
TCGA-2H-A9GF	6	70303212	162651797	1	1
TCGA-2H-A9GF	6	162659048	162757005	1	0
TCGA-2H-A9GF	6	162765177	171051005	1	1
TCGA-2H-A9GF	7	43259	41510177	4	2
TCGA-2H-A9GF	7	41510218	41828789	4	1
TCGA-2H-A9GF	7	41830546	48254986	4	2
TCGA-2H-A9GF	7	48260793	50524208	2	0
TCGA-2H-A9GF	7	50526219	54148306	5	2
TCGA-2H-A9GF	7	54150785	61888128	4	2
TCGA-2H-A9GF	7	61987173	158132165	2	0
TCGA-2H-A9GF	7	158136164	158266446	0	0
TCGA-2H-A9GF	7	158268596	159127004	2	0
TCGA-2H-A9GF	8	31254	246363	2	0
TCGA-2H-A9GF	8	246667	1639199	3	2
TCGA-2H-A9GF	8	1641109	6113993	2	0
TCGA-2H-A9GF	8	6114142	6553942	2	2
TCGA-2H-A9GF	8	6554249	8117505	3	2
TCGA-2H-A9GF	8	8117565	9264405	2	2
TCGA-2H-A9GF	8	9264711	9657592	2	0
TCGA-2H-A9GF	8	9665604	9797177	2	2
TCGA-2H-A9GF	8	9798084	10317738	2	0
TCGA-2H-A9GF	8	10321881	13301600	2	2
TCGA-2H-A9GF	8	13302699	27476815	2	0
TCGA-2H-A9GF	8	27477019	28299342	1	0
TCGA-2H-A9GF	8	28300445	28667463	2	1
TCGA-2H-A9GF	8	28669722	30133314	3	1
TCGA-2H-A9GF	8	30134015	31042205	2	1
TCGA-2H-A9GF	8	31044581	46912027	1	0
TCGA-2H-A9GF	8	46912314	89274417	2	0
TCGA-2H-A9GF	8	89275320	90564417	3	2
TCGA-2H-A9GF	8	90570309	91238763	2	1
TCGA-2H-A9GF	8	91240355	105918800	2	2
TCGA-2H-A9GF	8	105923357	136318796	3	2
TCGA-2H-A9GF	8	136319523	140652863	3	3
TCGA-2H-A9GF	8	140654038	146298155	3	2
TCGA-2H-A9GF	9	46587	7329786	1	1
TCGA-2H-A9GF	9	7330203	9009365	1	0
TCGA-2H-A9GF	9	9010032	9724816	0	0
TCGA-2H-A9GF	9	9724976	9856544	1	0
TCGA-2H-A9GF	9	9857166	10076478	0	0
TCGA-2H-A9GF	9	10076860	10575711	1	0
TCGA-2H-A9GF	9	10579056	13085397	4	0
TCGA-2H-A9GF	9	13086041	20756613	1	0
TCGA-2H-A9GF	9	20756865	27287004	0	0
TCGA-2H-A9GF	9	27290237	27546828	1	0
TCGA-2H-A9GF	9	27546870	29281634	3	3
TCGA-2H-A9GF	9	29283813	47217176	3	1
TCGA-2H-A9GF	9	65616971	121485160	1	1
TCGA-2H-A9GF	9	121497402	141091394	2	1
TCGA-2H-A9GF	10	72759	4406002	1	1
TCGA-2H-A9GF	10	4406237	10059877	3	1
TCGA-2H-A9GF	10	10063352	18142613	1	1
TCGA-2H-A9GF	10	18150761	18277400	2	2
TCGA-2H-A9GF	10	18282667	18867148	3	1
TCGA-2H-A9GF	10	18867838	20526792	4	1
TCGA-2H-A9GF	10	20535949	21392668	1	1
TCGA-2H-A9GF	10	21401731	24524783	3	1
TCGA-2H-A9GF	10	24525954	38009432	4	1
TCGA-2H-A9GF	10	38009483	49945594	3	1
TCGA-2H-A9GF	10	49945945	52427578	2	1
TCGA-2H-A9GF	10	52428015	53081072	2	0
TCGA-2H-A9GF	10	53084093	54130033	2	1
TCGA-2H-A9GF	10	54136199	64304495	4	1
TCGA-2H-A9GF	10	64305143	77183994	1	1
TCGA-2H-A9GF	10	77192405	77431581	1	0
TCGA-2H-A9GF	10	77431718	135506704	1	1
TCGA-2H-A9GF	11	198572	134944770	2	1
TCGA-2H-A9GF	12	150442	33440216	2	0
TCGA-2H-A9GF	12	33440614	76588407	2	1
TCGA-2H-A9GF	12	76593029	97543091	2	0
TCGA-2H-A9GF	12	97544055	98924213	2	2
TCGA-2H-A9GF	12	98924357	100578633	2	0
TCGA-2H-A9GF	12	100580696	109549579	2	2
TCGA-2H-A9GF	12	109549905	111743540	4	2
TCGA-2H-A9GF	12	111746598	113868290	2	0
TCGA-2H-A9GF	12	113868711	113917285	3	2
TCGA-2H-A9GF	12	113922615	129042548	2	2
TCGA-2H-A9GF	12	129043402	130234593	2	0
TCGA-2H-A9GF	12	130235061	131300095	2	2
TCGA-2H-A9GF	12	131306278	133778189	2	1
TCGA-2H-A9GF	13	19026949	23270264	1	1
TCGA-2H-A9GF	13	23271909	25645581	2	1
TCGA-2H-A9GF	13	25646078	28856288	1	1
TCGA-2H-A9GF	13	28858812	30319414	3	1
TCGA-2H-A9GF	13	30323568	30859732	1	1
TCGA-2H-A9GF	13	30863683	32190404	4	1
TCGA-2H-A9GF	13	32194033	35879786	7	1
TCGA-2H-A9GF	13	35886368	36216506	2	1
TCGA-2H-A9GF	13	36216658	37156453	1	0
TCGA-2H-A9GF	13	37159471	37949152	5	1
TCGA-2H-A9GF	13	37951691	39448455	3	1
TCGA-2H-A9GF	13	39448476	41094729	1	0
TCGA-2H-A9GF	13	41098012	42797439	18	1
TCGA-2H-A9GF	13	42798361	44041378	9	1
TCGA-2H-A9GF	13	44042612	44147460	3	1
TCGA-2H-A9GF	13	44150535	49603601	1	0
TCGA-2H-A9GF	13	49605833	51728432	14	1
TCGA-2H-A9GF	13	51728446	52699834	8	1
TCGA-2H-A9GF	13	52701782	53611250	10	1
TCGA-2H-A9GF	13	53612618	63540263	1	0
TCGA-2H-A9GF	13	63543053	64392255	17	0
TCGA-2H-A9GF	13	64394120	66612121	5	1
TCGA-2H-A9GF	13	66613187	67176219	2	1
TCGA-2H-A9GF	13	67177783	67757490	1	0
TCGA-2H-A9GF	13	67762147	67763004	2	0
TCGA-2H-A9GF	13	67766550	67781447	3	0
TCGA-2H-A9GF	13	67791850	69620895	12	1
TCGA-2H-A9GF	13	69631502	70034915	1	1
TCGA-2H-A9GF	13	70037760	89109427	1	0
TCGA-2H-A9GF	13	89114288	89694220	1	1
TCGA-2H-A9GF	13	89694400	90864890	4	1
TCGA-2H-A9GF	13	90865381	91253008	2	1
TCGA-2H-A9GF	13	91255367	91664054	5	1
TCGA-2H-A9GF	13	91667999	92676950	10	1
TCGA-2H-A9GF	13	92689655	95302901	1	0
TCGA-2H-A9GF	13	95303719	101917089	1	1
TCGA-2H-A9GF	13	101919476	103683658	1	0
TCGA-2H-A9GF	13	103684072	113265241	1	1
TCGA-2H-A9GF	13	113265563	115108397	2	1
TCGA-2H-A9GF	14	19002124	45438655	3	1
TCGA-2H-A9GF	14	45447187	46900183	6	3
TCGA-2H-A9GF	14	46900209	46987703	4	2
TCGA-2H-A9GF	14	46993635	85394297	3	0
TCGA-2H-A9GF	14	85398480	87887075	4	1
TCGA-2H-A9GF	14	87887077	107285437	3	1
TCGA-2H-A9GF	15	20016328	37602307	2	2
TCGA-2H-A9GF	15	37604619	49070736	2	0
TCGA-2H-A9GF	15	49073903	86643135	2	2
TCGA-2H-A9GF	15	86647178	88284911	3	2
TCGA-2H-A9GF	15	88285061	90387346	2	2
TCGA-2H-A9GF	15	90391921	90723549	2	1
TCGA-2H-A9GF	15	90724190	93979911	2	2
TCGA-2H-A9GF	15	93980096	98161778	3	2
TCGA-2H-A9GF	15	98162150	102469040	2	0
TCGA-2H-A9GF	16	60777	78163154	2	1
TCGA-2H-A9GF	16	78167658	78369019	2	0
TCGA-2H-A9GF	16	78369088	78651562	2	1
TCGA-2H-A9GF	16	78653387	78677370	0	0
TCGA-2H-A9GF	16	78677377	78807256	2	0
TCGA-2H-A9GF	16	78807770	90287535	2	1
TCGA-2H-A9GF	17	526	1248392	2	0
TCGA-2H-A9GF	17	1249777	2190669	1	0
TCGA-2H-A9GF	17	2191022	25316463	2	0
TCGA-2H-A9GF	17	25317154	37350511	2	2
TCGA-2H-A9GF	17	37352278	37651539	4	0
TCGA-2H-A9GF	17	37652116	38070001	42	6
TCGA-2H-A9GF	17	38077601	38987760	12	1
TCGA-2H-A9GF	17	38987900	38998515	12	0
TCGA-2H-A9GF	17	38999150	39356999	6	2
TCGA-2H-A9GF	17	39364603	40157289	3	2
TCGA-2H-A9GF	17	40159314	81049726	2	1
TCGA-2H-A9GF	18	48133	14718153	2	0
TCGA-2H-A9GF	18	14726146	24176344	3	0
TCGA-2H-A9GF	18	24183059	48889006	2	0
TCGA-2H-A9GF	18	48892848	49156168	3	0
TCGA-2H-A9GF	18	49164300	50813287	1	0
TCGA-2H-A9GF	18	50814934	53256593	0	0
TCGA-2H-A9GF	18	53258224	53856680	1	0
TCGA-2H-A9GF	18	53857314	64718419	2	0
TCGA-2H-A9GF	18	64718910	68374284	1	0
TCGA-2H-A9GF	18	68377939	68426862	0	0
TCGA-2H-A9GF	18	68427051	77909944	1	0
TCGA-2H-A9GF	18	77910539	78015057	0	0
TCGA-2H-A9GF	19	90910	59097854	1	1
TCGA-2H-A9GF	20	61305	14877850	2	2
TCGA-2H-A9GF	20	14877886	14991447	0	0
TCGA-2H-A9GF	20	14995343	15039601	1	1
TCGA-2H-A9GF	20	15039702	15070036	1	0
TCGA-2H-A9GF	20	15070049	62956153	2	2
TCGA-2H-A9GF	21	10736871	33340134	1	0
TCGA-2H-A9GF	21	33340519	35709758	2	1
TCGA-2H-A9GF	21	35711621	48096957	1	1
TCGA-2H-A9GF	22	16052528	18320258	1	0
TCGA-2H-A9GF	22	18323609	18673357	2	1
TCGA-2H-A9GF	22	18732919	19962380	1	0
TCGA-2H-A9GF	22	19962769	26081536	2	1
TCGA-2H-A9GF	22	26083230	29600928	1	0
TCGA-2H-A9GF	22	29601204	32148818	2	1
TCGA-2H-A9GF	22	32151214	38252519	1	0
TCGA-2H-A9GF	22	38254819	46783116	2	1
TCGA-2H-A9GF	22	46787788	50973112	1	0
TCGA-2H-A9GF	22	50973113	51222515	4	1
TCGA-2H-A9GF	22	51223995	51234455	6	0
TCGA-2H-A9GF	X	168477	6927532	3	0
TCGA-2H-A9GF	X	6930507	7072549	2	0
TCGA-2H-A9GF	X	7074362	7852726	1	0
TCGA-2H-A9GF	X	7853345	25420564	3	0
TCGA-2H-A9GF	X	25423744	61818211	2	0
TCGA-2H-A9GF	X	61877285	64267194	0	0
TCGA-2H-A9GF	X	64269133	68784257	2	0
TCGA-2H-A9GF	X	68784828	72989564	3	0
TCGA-2H-A9GF	X	72989778	72989778	1	0
TCGA-2H-A9GF	X	72998315	73333425	3	0
TCGA-2H-A9GF	X	73335263	75740765	1	0
TCGA-2H-A9GF	X	75741067	76760338	0	0
TCGA-2H-A9GF	X	76771656	76848940	3	0
TCGA-2H-A9GF	X	76864704	78900473	2	0
TCGA-2H-A9GF	X	78900804	79678393	5	0
TCGA-2H-A9GF	X	79680430	81956758	0	0
TCGA-2H-A9GF	X	81959654	149993890	2	0
TCGA-2H-A9GF	X	149999696	150486962	1	0
TCGA-2H-A9GF	X	150490707	155233846	2	0
