sample	chr	startpos	endpos	nMajor	nMinor
TCGA-95-7944	1	61735	31917971	1	0
TCGA-95-7944	1	31919017	249224388	1	1
TCGA-95-7944	2	12784	14148015	1	0
TCGA-95-7944	2	14149849	76035965	1	1
TCGA-95-7944	2	76036269	84363858	2	1
TCGA-95-7944	2	84368311	103368825	1	1
TCGA-95-7944	2	103370850	105584092	2	1
TCGA-95-7944	2	105586017	115109616	1	1
TCGA-95-7944	2	115112328	118753262	2	1
TCGA-95-7944	2	118753993	123001976	1	1
TCGA-95-7944	2	123002290	127582332	2	1
TCGA-95-7944	2	127582465	189202876	1	1
TCGA-95-7944	2	189209322	243089456	1	0
TCGA-95-7944	3	60345	147094030	1	1
TCGA-95-7944	3	147094222	163884569	1	0
TCGA-95-7944	3	163884584	173989472	1	1
TCGA-95-7944	3	173990158	177190496	1	0
TCGA-95-7944	3	177190711	179247185	1	1
TCGA-95-7944	3	179247616	187808606	1	0
TCGA-95-7944	3	187812104	188680659	1	1
TCGA-95-7944	3	188683032	197896118	1	0
TCGA-95-7944	4	12281	191027923	1	0
TCGA-95-7944	5	15532	49643074	1	1
TCGA-95-7944	5	49646456	160360383	1	0
TCGA-95-7944	5	160360749	166438210	1	1
TCGA-95-7944	5	166438415	180790320	1	0
TCGA-95-7944	6	149661	54709851	1	1
TCGA-95-7944	6	54709868	171051005	1	0
TCGA-95-7944	7	43259	7824708	2	1
TCGA-95-7944	7	7825370	12481025	3	1
TCGA-95-7944	7	12481054	51650502	2	1
TCGA-95-7944	7	51650669	54585273	3	1
TCGA-95-7944	7	54594535	97620778	2	1
TCGA-95-7944	7	97621936	100166048	5	1
TCGA-95-7944	7	100177478	117033695	2	1
TCGA-95-7944	7	117036601	117260428	1	0
TCGA-95-7944	7	117261293	117466265	5	1
TCGA-95-7944	7	117468056	121609658	2	1
TCGA-95-7944	7	121611614	127453234	1	0
TCGA-95-7944	7	127457228	127931108	2	1
TCGA-95-7944	7	127931285	129081276	6	1
TCGA-95-7944	7	129086288	134720558	5	1
TCGA-95-7944	7	134723814	136200127	3	1
TCGA-95-7944	7	136202827	136727136	6	1
TCGA-95-7944	7	136727323	137812369	3	1
TCGA-95-7944	7	137816374	142099013	2	1
TCGA-95-7944	7	142099968	142220308	1	0
TCGA-95-7944	7	142223495	142275710	2	1
TCGA-95-7944	7	142275836	159127004	1	0
TCGA-95-7944	8	31254	146298155	1	0
TCGA-95-7944	9	46587	141091394	1	1
TCGA-95-7944	10	72759	39074638	1	1
TCGA-95-7944	10	39074821	135506704	1	0
TCGA-95-7944	11	198572	32723951	1	1
TCGA-95-7944	11	32724064	36721248	1	0
TCGA-95-7944	11	36722276	57358710	1	1
TCGA-95-7944	11	57359802	134944770	1	0
TCGA-95-7944	12	150442	133778189	1	1
TCGA-95-7944	13	19026949	33224861	1	0
TCGA-95-7944	13	33227683	35606213	2	0
TCGA-95-7944	13	35614889	59239051	1	0
TCGA-95-7944	13	59239476	63672002	2	0
TCGA-95-7944	13	63676885	67728012	1	0
TCGA-95-7944	13	67728051	92574447	2	0
TCGA-95-7944	13	92574651	94739933	1	0
TCGA-95-7944	13	94742168	96992806	2	0
TCGA-95-7944	13	96993681	97970886	1	0
TCGA-95-7944	13	97971156	99002032	2	0
TCGA-95-7944	13	99005232	105938591	1	0
TCGA-95-7944	13	105940331	115108397	2	0
TCGA-95-7944	14	19002124	22466734	1	0
TCGA-95-7944	14	22466884	22999558	0	0
TCGA-95-7944	14	22999617	107285437	1	0
TCGA-95-7944	15	20016328	102469040	1	1
TCGA-95-7944	16	60777	90287535	1	1
TCGA-95-7944	17	526	36168538	1	0
TCGA-95-7944	17	36169057	81049726	2	0
TCGA-95-7944	18	48133	14908175	2	1
TCGA-95-7944	18	14908606	78015057	1	1
TCGA-95-7944	19	90910	1271274	1	0
TCGA-95-7944	19	1271529	59097854	1	1
TCGA-95-7944	20	61305	62956153	1	1
TCGA-95-7944	21	10736871	20196488	1	1
TCGA-95-7944	21	20196847	24648054	1	0
TCGA-95-7944	21	24649171	41575065	1	1
TCGA-95-7944	21	41575334	42048598	2	1
TCGA-95-7944	21	42050276	48096957	1	1
TCGA-95-7944	22	16052528	35403031	1	1
TCGA-95-7944	22	35408367	51234455	1	0
TCGA-95-7944	X	168477	2694240	3	1
TCGA-95-7944	X	2703391	154787567	1	0
TCGA-95-7944	X	154789183	155233846	0	0
