sample	chr	startpos	endpos	nMajor	nMinor
TCGA-60-2725	1	61735	10196620	1	1
TCGA-60-2725	1	10197612	11304720	1	0
TCGA-60-2725	1	11305098	249224388	1	1
TCGA-60-2725	2	12784	62681222	1	1
TCGA-60-2725	2	62687380	64714857	1	0
TCGA-60-2725	2	64715407	243089456	1	1
TCGA-60-2725	3	60345	93523357	1	0
TCGA-60-2725	3	93526657	197896118	2	1
TCGA-60-2725	4	12281	31059403	1	1
TCGA-60-2725	4	31064726	31879574	2	1
TCGA-60-2725	4	31880683	185226450	1	1
TCGA-60-2725	4	185226966	187556672	1	0
TCGA-60-2725	4	187557893	191027923	1	1
TCGA-60-2725	5	15532	15679147	2	1
TCGA-60-2725	5	15680105	16797794	1	1
TCGA-60-2725	5	16799341	49459054	2	1
TCGA-60-2725	5	49459535	180790320	1	0
TCGA-60-2725	6	149661	62004928	1	0
TCGA-60-2725	6	62009262	171051005	1	1
TCGA-60-2725	7	43259	57878993	1	1
TCGA-60-2725	7	57879105	126425473	1	0
TCGA-60-2725	7	126425745	159127004	1	1
TCGA-60-2725	8	31254	38426012	1	0
TCGA-60-2725	8	38426012	146298155	1	1
TCGA-60-2725	9	46587	16929682	1	1
TCGA-60-2725	9	16929803	30392093	1	0
TCGA-60-2725	9	30396359	31835154	1	1
TCGA-60-2725	9	31835242	33352746	2	1
TCGA-60-2725	9	33353212	141091394	1	0
TCGA-60-2725	10	72759	16548382	1	1
TCGA-60-2725	10	16548575	135506704	1	0
TCGA-60-2725	11	198572	69058751	1	1
TCGA-60-2725	11	69067883	69946971	19	0
TCGA-60-2725	11	69947879	70543015	12	0
TCGA-60-2725	11	70544921	70787123	3	1
TCGA-60-2725	11	70787123	72935043	1	1
TCGA-60-2725	11	72935825	134944770	1	0
TCGA-60-2725	12	150442	31269298	1	1
TCGA-60-2725	12	31278031	31395843	2	0
TCGA-60-2725	12	31402690	82304412	2	1
TCGA-60-2725	12	82304499	118103035	1	1
TCGA-60-2725	12	118104214	122628537	1	0
TCGA-60-2725	12	122631208	133778189	1	1
TCGA-60-2725	13	19026949	115108397	1	0
TCGA-60-2725	14	19002124	36805856	1	0
TCGA-60-2725	14	36808102	54375427	1	1
TCGA-60-2725	14	54375454	107285437	1	0
TCGA-60-2725	15	20016328	102469040	1	1
TCGA-60-2725	16	60777	23930526	1	0
TCGA-60-2725	16	23931149	24221758	2	1
TCGA-60-2725	16	24222161	25203748	4	1
TCGA-60-2725	16	25210279	25234688	10	4
TCGA-60-2725	16	25235939	26626758	22	0
TCGA-60-2725	16	26627856	26885076	13	0
TCGA-60-2725	16	26885967	35283226	1	1
TCGA-60-2725	16	46463782	90287535	1	0
TCGA-60-2725	17	526	22168795	1	0
TCGA-60-2725	17	22170994	81049726	1	1
TCGA-60-2725	18	48133	78015057	1	1
TCGA-60-2725	19	90910	59097854	1	1
TCGA-60-2725	20	61305	38709446	2	0
TCGA-60-2725	20	38710444	62956153	1	0
TCGA-60-2725	21	10736871	48096957	1	0
TCGA-60-2725	22	16052528	51234455	2	1
TCGA-60-2725	X	168477	155233846	1	0
