sample	chr	startpos	endpos	nMajor	nMinor
TCGA-A4-A5Y1	1	61735	121482979	4	0
TCGA-A4-A5Y1	1	144007049	145390114	4	2
TCGA-A4-A5Y1	1	145390170	237258267	4	4
TCGA-A4-A5Y1	1	237258584	249224388	5	4
TCGA-A4-A5Y1	2	12784	4438142	4	2
TCGA-A4-A5Y1	2	4438249	77210992	3	3
TCGA-A4-A5Y1	2	77211155	84464227	4	3
TCGA-A4-A5Y1	2	84464745	243089456	3	3
TCGA-A4-A5Y1	3	60345	73173916	4	0
TCGA-A4-A5Y1	3	73174319	81214825	5	5
TCGA-A4-A5Y1	3	81215840	87630433	4	0
TCGA-A4-A5Y1	3	87635147	197896118	4	2
TCGA-A4-A5Y1	4	12281	181575641	3	3
TCGA-A4-A5Y1	4	181576057	182407633	3	2
TCGA-A4-A5Y1	4	182407681	191027923	3	3
TCGA-A4-A5Y1	5	15532	180790320	3	3
TCGA-A4-A5Y1	6	149661	91443771	3	3
TCGA-A4-A5Y1	6	91450473	95675592	2	0
TCGA-A4-A5Y1	6	95680019	95841978	5	1
TCGA-A4-A5Y1	6	95842444	171051005	3	3
TCGA-A4-A5Y1	7	43259	12178164	2	2
TCGA-A4-A5Y1	7	12178344	13191310	2	1
TCGA-A4-A5Y1	7	13196300	159127004	2	2
TCGA-A4-A5Y1	8	31254	31276330	2	0
TCGA-A4-A5Y1	8	31276365	146298155	2	2
TCGA-A4-A5Y1	9	46587	47217176	2	0
TCGA-A4-A5Y1	9	65616971	141091394	2	2
TCGA-A4-A5Y1	10	72759	52649771	2	2
TCGA-A4-A5Y1	10	52650502	53042078	2	0
TCGA-A4-A5Y1	10	53042298	135506704	2	2
TCGA-A4-A5Y1	11	198572	84823110	3	3
TCGA-A4-A5Y1	11	84825146	127747129	2	0
TCGA-A4-A5Y1	11	127747436	134944770	2	2
TCGA-A4-A5Y1	12	150442	32628042	4	0
TCGA-A4-A5Y1	12	32629495	44736013	4	2
TCGA-A4-A5Y1	12	44740921	53384547	4	0
TCGA-A4-A5Y1	12	53385172	75929351	4	2
TCGA-A4-A5Y1	12	75931210	77492338	4	4
TCGA-A4-A5Y1	12	77494859	78517522	4	2
TCGA-A4-A5Y1	12	78517968	81321662	4	3
TCGA-A4-A5Y1	12	81326593	82162845	4	1
TCGA-A4-A5Y1	12	82162939	83426288	4	3
TCGA-A4-A5Y1	12	83426977	83937757	4	2
TCGA-A4-A5Y1	12	83941693	100039156	4	3
TCGA-A4-A5Y1	12	100042163	100653330	3	0
TCGA-A4-A5Y1	12	100658512	126383917	4	4
TCGA-A4-A5Y1	12	126388097	129567741	5	4
TCGA-A4-A5Y1	12	129568010	133167749	4	2
TCGA-A4-A5Y1	12	133182408	133778189	4	0
TCGA-A4-A5Y1	13	19026949	23697921	4	0
TCGA-A4-A5Y1	13	23699575	28072003	4	4
TCGA-A4-A5Y1	13	28072433	29037790	4	0
TCGA-A4-A5Y1	13	29045852	45830851	4	4
TCGA-A4-A5Y1	13	45831182	46515425	9	4
TCGA-A4-A5Y1	13	46516468	47494618	4	4
TCGA-A4-A5Y1	13	47501359	47970177	9	4
TCGA-A4-A5Y1	13	47970250	51006690	5	4
TCGA-A4-A5Y1	13	51020921	57801654	10	4
TCGA-A4-A5Y1	13	57802136	115108397	5	4
TCGA-A4-A5Y1	14	19002124	106270016	4	0
TCGA-A4-A5Y1	14	106272969	106320386	20	0
TCGA-A4-A5Y1	14	106328269	107242027	7	1
TCGA-A4-A5Y1	14	107242390	107285437	4	0
TCGA-A4-A5Y1	15	20016328	102469040	2	2
TCGA-A4-A5Y1	16	60777	5583318	8	2
TCGA-A4-A5Y1	16	5583367	25432999	9	2
TCGA-A4-A5Y1	16	25433163	35283226	8	2
TCGA-A4-A5Y1	16	46463782	76568849	2	2
TCGA-A4-A5Y1	16	76569161	90287535	2	0
TCGA-A4-A5Y1	17	526	67544543	4	2
TCGA-A4-A5Y1	17	67544979	69312603	5	2
TCGA-A4-A5Y1	17	69312709	81049726	4	4
TCGA-A4-A5Y1	18	48133	21789802	5	2
TCGA-A4-A5Y1	18	21798311	75325042	2	0
TCGA-A4-A5Y1	18	75328409	75474861	5	2
TCGA-A4-A5Y1	18	75475349	75992240	2	0
TCGA-A4-A5Y1	18	75993269	78015057	5	2
TCGA-A4-A5Y1	19	90910	59097854	2	2
TCGA-A4-A5Y1	20	61305	62956153	4	4
TCGA-A4-A5Y1	21	10736871	48096957	3	3
TCGA-A4-A5Y1	22	16052528	51234455	4	0
TCGA-A4-A5Y1	X	168477	1919902	9	0
TCGA-A4-A5Y1	X	1921638	9774502	5	0
TCGA-A4-A5Y1	X	9775174	10231086	4	0
TCGA-A4-A5Y1	X	10232858	12432783	5	0
TCGA-A4-A5Y1	X	12433161	12499470	4	0
TCGA-A4-A5Y1	X	12501049	12591172	5	0
TCGA-A4-A5Y1	X	12591448	13062317	4	0
TCGA-A4-A5Y1	X	13063220	16122043	5	0
TCGA-A4-A5Y1	X	16123181	16247643	4	0
TCGA-A4-A5Y1	X	16247907	155233846	5	0
