sample	chr	startpos	endpos	nMajor	nMinor
TCGA-A5-A0RA	1	61735	4027590	1	1
TCGA-A5-A0RA	1	4028282	5747488	2	2
TCGA-A5-A0RA	1	5748611	11353371	2	1
TCGA-A5-A0RA	1	11355898	242855298	1	1
TCGA-A5-A0RA	1	242857903	249224388	2	2
TCGA-A5-A0RA	2	12784	206669	1	1
TCGA-A5-A0RA	2	206704	3882061	2	1
TCGA-A5-A0RA	2	3882177	5689457	2	2
TCGA-A5-A0RA	2	5689487	8358045	2	1
TCGA-A5-A0RA	2	8358699	127382457	1	1
TCGA-A5-A0RA	2	127382747	135295375	1	0
TCGA-A5-A0RA	2	135297199	236770736	1	1
TCGA-A5-A0RA	2	236771407	242531522	2	1
TCGA-A5-A0RA	2	242539664	243089456	1	0
TCGA-A5-A0RA	3	60345	281602	1	1
TCGA-A5-A0RA	3	282763	4382716	2	2
TCGA-A5-A0RA	3	4383620	7844551	2	1
TCGA-A5-A0RA	3	7844685	191291092	1	1
TCGA-A5-A0RA	3	191291423	194855675	2	2
TCGA-A5-A0RA	3	194857586	197896118	2	1
TCGA-A5-A0RA	4	12281	6323454	2	1
TCGA-A5-A0RA	4	6323465	182583354	1	1
TCGA-A5-A0RA	4	182585855	185935259	2	1
TCGA-A5-A0RA	4	185941964	190778092	2	2
TCGA-A5-A0RA	4	190778266	191027923	1	0
TCGA-A5-A0RA	5	15532	1642117	1	1
TCGA-A5-A0RA	5	1642155	6077436	2	2
TCGA-A5-A0RA	5	6078543	173712112	1	1
TCGA-A5-A0RA	5	173713787	180488943	2	1
TCGA-A5-A0RA	5	180489103	180790320	1	1
TCGA-A5-A0RA	6	149661	467414	1	1
TCGA-A5-A0RA	6	471435	9570464	2	1
TCGA-A5-A0RA	6	9570499	164666151	1	1
TCGA-A5-A0RA	6	164666382	170427697	2	2
TCGA-A5-A0RA	6	170427731	171051005	1	1
TCGA-A5-A0RA	7	43259	1566645	1	1
TCGA-A5-A0RA	7	1566846	3326999	2	1
TCGA-A5-A0RA	7	3327994	4084447	3	2
TCGA-A5-A0RA	7	4084716	152803020	1	1
TCGA-A5-A0RA	7	152806263	159127004	2	1
TCGA-A5-A0RA	8	31254	2061438	2	1
TCGA-A5-A0RA	8	2062246	5870302	2	2
TCGA-A5-A0RA	8	5870417	137118961	1	1
TCGA-A5-A0RA	8	137120964	144212553	2	1
TCGA-A5-A0RA	8	144214428	146298155	1	1
TCGA-A5-A0RA	9	46587	876418	2	1
TCGA-A5-A0RA	9	876463	6358334	2	2
TCGA-A5-A0RA	9	6358385	10690703	2	1
TCGA-A5-A0RA	9	10693294	132667366	1	1
TCGA-A5-A0RA	9	132668051	138978880	2	1
TCGA-A5-A0RA	9	138985141	141091394	1	1
TCGA-A5-A0RA	10	72759	1704930	2	1
TCGA-A5-A0RA	10	1705466	5436416	2	2
TCGA-A5-A0RA	10	5436487	130082776	1	1
TCGA-A5-A0RA	10	130083474	133597908	2	2
TCGA-A5-A0RA	10	133598112	135506704	1	1
TCGA-A5-A0RA	11	198572	3687985	2	1
TCGA-A5-A0RA	11	3690183	6287877	2	2
TCGA-A5-A0RA	11	6288282	7967214	2	1
TCGA-A5-A0RA	11	7967315	127044915	1	1
TCGA-A5-A0RA	11	127045352	129251792	2	1
TCGA-A5-A0RA	11	129251976	133705905	2	2
TCGA-A5-A0RA	11	133707908	134494468	2	1
TCGA-A5-A0RA	11	134494468	134944770	1	1
TCGA-A5-A0RA	12	150442	771229	1	1
TCGA-A5-A0RA	12	771677	6173889	2	2
TCGA-A5-A0RA	12	6175925	11665814	2	1
TCGA-A5-A0RA	12	11667024	28837264	1	1
TCGA-A5-A0RA	12	28840649	41809103	2	0
TCGA-A5-A0RA	12	41809257	126734424	1	1
TCGA-A5-A0RA	12	126736835	133778189	2	1
TCGA-A5-A0RA	13	19026949	107874455	1	1
TCGA-A5-A0RA	13	107874558	114494675	2	1
TCGA-A5-A0RA	13	114495263	115108397	1	1
TCGA-A5-A0RA	14	19002124	21927413	1	1
TCGA-A5-A0RA	14	21928081	22533957	2	1
TCGA-A5-A0RA	14	22534497	22978516	3	2
TCGA-A5-A0RA	14	22978577	97561553	1	1
TCGA-A5-A0RA	14	97561828	107285437	2	1
TCGA-A5-A0RA	15	20016328	91609508	1	1
TCGA-A5-A0RA	15	91609674	95734214	2	1
TCGA-A5-A0RA	15	95734340	101186834	2	2
TCGA-A5-A0RA	15	101188296	102469040	2	1
TCGA-A5-A0RA	16	60777	3250250	1	1
TCGA-A5-A0RA	16	3250673	10254486	2	1
TCGA-A5-A0RA	16	10254601	81957509	1	1
TCGA-A5-A0RA	16	81957920	88453256	2	1
TCGA-A5-A0RA	16	88460899	90287535	1	1
TCGA-A5-A0RA	17	526	1673405	1	1
TCGA-A5-A0RA	17	1676909	8929923	2	2
TCGA-A5-A0RA	17	8930080	27534565	1	1
TCGA-A5-A0RA	17	27536374	78786989	2	1
TCGA-A5-A0RA	17	78787991	81049726	1	1
TCGA-A5-A0RA	18	48133	963189	2	1
TCGA-A5-A0RA	18	963295	5659609	2	2
TCGA-A5-A0RA	18	5659659	8127010	2	1
TCGA-A5-A0RA	18	8130285	69441344	1	1
TCGA-A5-A0RA	18	69441613	72903896	2	1
TCGA-A5-A0RA	18	72904204	77125698	2	2
TCGA-A5-A0RA	18	77126099	78015057	1	1
TCGA-A5-A0RA	19	90910	3757050	1	1
TCGA-A5-A0RA	19	3757409	17171733	2	1
TCGA-A5-A0RA	19	17172153	52004174	1	1
TCGA-A5-A0RA	19	52004903	58457316	2	2
TCGA-A5-A0RA	19	58457931	59097854	1	1
TCGA-A5-A0RA	20	61305	1040584	2	1
TCGA-A5-A0RA	20	1040861	8246107	2	2
TCGA-A5-A0RA	20	8246863	56669979	1	1
TCGA-A5-A0RA	20	56670574	60378469	2	2
TCGA-A5-A0RA	20	60381495	62956153	1	1
TCGA-A5-A0RA	21	10736871	15291916	2	0
TCGA-A5-A0RA	21	15292828	36471160	1	1
TCGA-A5-A0RA	21	36471524	48096957	2	1
TCGA-A5-A0RA	22	16052528	40105646	1	1
TCGA-A5-A0RA	22	40105781	49954058	2	1
TCGA-A5-A0RA	22	49957748	51234455	1	1
TCGA-A5-A0RA	X	168477	2294639	1	1
TCGA-A5-A0RA	X	2305119	6491660	2	2
TCGA-A5-A0RA	X	6495282	145815792	1	1
TCGA-A5-A0RA	X	145816508	155233846	2	1
