sample	chr	startpos	endpos	nMajor	nMinor
TCGA-E7-A97Q	1	61735	7078364	3	2
TCGA-E7-A97Q	1	7078434	43178069	3	1
TCGA-E7-A97Q	1	43178307	43902696	3	2
TCGA-E7-A97Q	1	43903884	112043328	3	1
TCGA-E7-A97Q	1	112046557	192946767	3	2
TCGA-E7-A97Q	1	192946832	193055796	2	1
TCGA-E7-A97Q	1	193062221	245183579	3	2
TCGA-E7-A97Q	1	245183883	245868363	3	1
TCGA-E7-A97Q	1	245873836	249224388	3	2
TCGA-E7-A97Q	2	12784	97528018	3	2
TCGA-E7-A97Q	2	97529396	98855703	5	2
TCGA-E7-A97Q	2	98858308	106633401	2	0
TCGA-E7-A97Q	2	106633805	109239407	4	2
TCGA-E7-A97Q	2	109243944	112332686	2	0
TCGA-E7-A97Q	2	112333936	115380383	3	2
TCGA-E7-A97Q	2	115380666	117980503	2	0
TCGA-E7-A97Q	2	117982193	118233612	0	0
TCGA-E7-A97Q	2	118235941	155874698	2	0
TCGA-E7-A97Q	2	155876540	155967920	0	0
TCGA-E7-A97Q	2	155973983	212982109	2	0
TCGA-E7-A97Q	2	212987233	213302747	0	0
TCGA-E7-A97Q	2	213309843	243089456	2	0
TCGA-E7-A97Q	3	60345	4567628	4	2
TCGA-E7-A97Q	3	4569656	7084945	13	2
TCGA-E7-A97Q	3	7085405	7442457	20	2
TCGA-E7-A97Q	3	7443688	9889635	8	2
TCGA-E7-A97Q	3	9896664	10231218	3	3
TCGA-E7-A97Q	3	10231358	16915798	6	2
TCGA-E7-A97Q	3	16917553	23763995	4	2
TCGA-E7-A97Q	3	23764543	24388616	6	3
TCGA-E7-A97Q	3	24393147	38548685	5	2
TCGA-E7-A97Q	3	38552746	38795495	9	2
TCGA-E7-A97Q	3	38795555	39127917	5	2
TCGA-E7-A97Q	3	39135446	59784639	2	0
TCGA-E7-A97Q	3	59786032	59893532	1	0
TCGA-E7-A97Q	3	59893945	93520016	2	0
TCGA-E7-A97Q	3	93523357	100176406	3	2
TCGA-E7-A97Q	3	100182818	117423818	2	2
TCGA-E7-A97Q	3	117424740	119365763	3	2
TCGA-E7-A97Q	3	119366291	197896118	2	2
TCGA-E7-A97Q	4	12281	24354548	2	1
TCGA-E7-A97Q	4	24356558	25045212	2	2
TCGA-E7-A97Q	4	25045341	89572443	2	1
TCGA-E7-A97Q	4	89574497	90060742	3	1
TCGA-E7-A97Q	4	90061475	140888081	2	1
TCGA-E7-A97Q	4	140888278	141549413	2	2
TCGA-E7-A97Q	4	141551608	191027923	2	1
TCGA-E7-A97Q	5	15532	49455636	2	2
TCGA-E7-A97Q	5	49459054	50809299	4	2
TCGA-E7-A97Q	5	50817296	53178518	2	1
TCGA-E7-A97Q	5	53178957	165166015	1	1
TCGA-E7-A97Q	5	165169766	165495408	1	0
TCGA-E7-A97Q	5	165495491	180790320	1	1
TCGA-E7-A97Q	6	149661	53261331	2	0
TCGA-E7-A97Q	6	53263426	53730821	3	0
TCGA-E7-A97Q	6	53731461	121326973	2	0
TCGA-E7-A97Q	6	121333807	171051005	2	2
TCGA-E7-A97Q	7	43259	63311642	3	2
TCGA-E7-A97Q	7	63314472	159127004	2	2
TCGA-E7-A97Q	8	31254	3627228	2	0
TCGA-E7-A97Q	8	3627310	8309055	3	0
TCGA-E7-A97Q	8	8313010	33369082	2	0
TCGA-E7-A97Q	8	33374437	34047756	2	1
TCGA-E7-A97Q	8	34048131	34432102	2	0
TCGA-E7-A97Q	8	34441683	35029304	10	2
TCGA-E7-A97Q	8	35040099	35275830	21	2
TCGA-E7-A97Q	8	35276729	36700905	2	0
TCGA-E7-A97Q	8	36701151	37492668	19	3
TCGA-E7-A97Q	8	37492872	39304243	25	2
TCGA-E7-A97Q	8	39319213	39886462	5	2
TCGA-E7-A97Q	8	39886628	40405436	7	2
TCGA-E7-A97Q	8	40408479	46924211	4	2
TCGA-E7-A97Q	8	46924357	75514568	6	2
TCGA-E7-A97Q	8	75517177	95239328	7	2
TCGA-E7-A97Q	8	95239943	98191915	9	2
TCGA-E7-A97Q	8	98195883	99198930	7	2
TCGA-E7-A97Q	8	99199066	104672893	10	2
TCGA-E7-A97Q	8	104673307	146298155	6	2
TCGA-E7-A97Q	9	46587	4538721	2	0
TCGA-E7-A97Q	9	4542506	5047231	3	0
TCGA-E7-A97Q	9	5047247	35484018	2	0
TCGA-E7-A97Q	9	35487244	36010848	3	0
TCGA-E7-A97Q	9	36012260	39092662	2	0
TCGA-E7-A97Q	9	39104547	47217176	2	1
TCGA-E7-A97Q	9	65616971	141091394	2	0
TCGA-E7-A97Q	10	72759	2408852	2	1
TCGA-E7-A97Q	10	2408912	4891168	2	2
TCGA-E7-A97Q	10	4893318	5173627	3	2
TCGA-E7-A97Q	10	5174475	6614116	2	2
TCGA-E7-A97Q	10	6615328	11039527	2	1
TCGA-E7-A97Q	10	11044656	11388353	2	2
TCGA-E7-A97Q	10	11388843	12031986	3	2
TCGA-E7-A97Q	10	12035393	15250313	2	2
TCGA-E7-A97Q	10	15256194	18711434	2	1
TCGA-E7-A97Q	10	18711929	19160029	2	2
TCGA-E7-A97Q	10	19163243	66099807	2	1
TCGA-E7-A97Q	10	66103069	71669953	3	1
TCGA-E7-A97Q	10	71670284	72210286	5	1
TCGA-E7-A97Q	10	72210474	91629238	3	1
TCGA-E7-A97Q	10	91629452	92565629	3	0
TCGA-E7-A97Q	10	92570655	128144554	3	1
TCGA-E7-A97Q	10	128144886	135506704	3	3
TCGA-E7-A97Q	11	198572	50769317	2	0
TCGA-E7-A97Q	11	51096372	79169463	3	2
TCGA-E7-A97Q	11	79169903	103411442	4	4
TCGA-E7-A97Q	11	103412764	134944770	3	0
TCGA-E7-A97Q	12	150442	10978770	2	0
TCGA-E7-A97Q	12	10985430	11466722	0	0
TCGA-E7-A97Q	12	11467455	38832364	2	0
TCGA-E7-A97Q	12	38843441	46837231	2	2
TCGA-E7-A97Q	12	46838991	47117060	2	0
TCGA-E7-A97Q	12	47117159	57533980	2	1
TCGA-E7-A97Q	12	57534400	83069628	3	1
TCGA-E7-A97Q	12	83070692	83138834	1	0
TCGA-E7-A97Q	12	83144064	83181123	0	0
TCGA-E7-A97Q	12	83187076	125426666	3	1
TCGA-E7-A97Q	12	125430148	133778189	1	1
TCGA-E7-A97Q	13	19026949	73599398	3	3
TCGA-E7-A97Q	13	73599694	74356577	5	3
TCGA-E7-A97Q	13	74357118	115108397	3	3
TCGA-E7-A97Q	14	19002124	28395035	2	2
TCGA-E7-A97Q	14	28396279	91753371	2	1
TCGA-E7-A97Q	14	91756708	92198491	4	1
TCGA-E7-A97Q	14	92207785	107285437	2	1
TCGA-E7-A97Q	15	20016328	24210842	2	1
TCGA-E7-A97Q	15	24210915	25887581	2	2
TCGA-E7-A97Q	15	25889682	30167588	2	1
TCGA-E7-A97Q	15	30168100	48914926	2	2
TCGA-E7-A97Q	15	48915550	102469040	2	1
TCGA-E7-A97Q	16	60777	66975062	2	2
TCGA-E7-A97Q	16	66977171	90287535	3	2
TCGA-E7-A97Q	17	526	22227075	2	0
TCGA-E7-A97Q	17	22227741	45880837	2	1
TCGA-E7-A97Q	17	45881168	48116939	1	1
TCGA-E7-A97Q	17	48117907	48579452	2	1
TCGA-E7-A97Q	17	48579949	81049726	1	1
TCGA-E7-A97Q	18	48133	15401763	2	1
TCGA-E7-A97Q	18	15402408	21447180	2	0
TCGA-E7-A97Q	18	21453851	21629115	4	2
TCGA-E7-A97Q	18	21629784	47570746	2	0
TCGA-E7-A97Q	18	47570781	48155927	3	0
TCGA-E7-A97Q	18	48156304	78015057	2	0
TCGA-E7-A97Q	19	90910	19450273	2	0
TCGA-E7-A97Q	19	19454372	19939425	3	0
TCGA-E7-A97Q	19	19940597	24505637	2	0
TCGA-E7-A97Q	19	24507124	36524449	2	1
TCGA-E7-A97Q	19	36524861	45871434	2	0
TCGA-E7-A97Q	19	45871606	54664752	3	1
TCGA-E7-A97Q	19	54670181	56414691	6	1
TCGA-E7-A97Q	19	56414856	58289784	7	1
TCGA-E7-A97Q	19	58290009	58410552	4	1
TCGA-E7-A97Q	19	58416465	59097854	1	1
TCGA-E7-A97Q	20	61305	17413873	3	2
TCGA-E7-A97Q	20	17414361	17981396	4	2
TCGA-E7-A97Q	20	17982110	29874664	3	2
TCGA-E7-A97Q	20	29874982	47547507	4	2
TCGA-E7-A97Q	20	47550822	47933705	4	4
TCGA-E7-A97Q	20	47940490	55742868	4	2
TCGA-E7-A97Q	20	55743450	62956153	5	2
TCGA-E7-A97Q	21	10736871	48096957	2	2
TCGA-E7-A97Q	22	16052528	51234455	2	1
TCGA-E7-A97Q	X	168477	6631923	2	2
TCGA-E7-A97Q	X	6632607	7028564	3	2
TCGA-E7-A97Q	X	7034601	7198069	2	2
TCGA-E7-A97Q	X	7198469	7557246	2	1
TCGA-E7-A97Q	X	7557251	53005733	2	2
TCGA-E7-A97Q	X	53009674	155233846	2	1
