sample	chr	startpos	endpos	nMajor	nMinor
TCGA-85-8287	1	61735	27572857	2	1
TCGA-85-8287	1	27574540	28144537	5	1
TCGA-85-8287	1	28146039	121482979	2	1
TCGA-85-8287	1	144007049	240055179	3	2
TCGA-85-8287	1	240055405	249224388	2	2
TCGA-85-8287	2	12784	18178394	3	1
TCGA-85-8287	2	18179128	23226587	3	0
TCGA-85-8287	2	23226680	34963711	3	1
TCGA-85-8287	2	34963805	51040820	3	0
TCGA-85-8287	2	51047038	51408884	13	3
TCGA-85-8287	2	51411126	52221753	20	3
TCGA-85-8287	2	52222687	54099496	7	3
TCGA-85-8287	2	54100994	60128444	4	3
TCGA-85-8287	2	60128984	63784180	8	3
TCGA-85-8287	2	63787661	95576922	3	1
TCGA-85-8287	2	95577094	113720879	3	3
TCGA-85-8287	2	113721340	114454029	6	3
TCGA-85-8287	2	114455006	243089456	3	3
TCGA-85-8287	3	60345	35370771	4	0
TCGA-85-8287	3	35372042	86112234	3	0
TCGA-85-8287	3	86112332	86211943	10	0
TCGA-85-8287	3	86214275	86219051	7	2
TCGA-85-8287	3	86222845	90502862	8	4
TCGA-85-8287	3	93519478	93588564	4	1
TCGA-85-8287	3	93588913	93590780	12	0
TCGA-85-8287	3	93591076	197896118	3	3
TCGA-85-8287	4	12281	33406367	3	2
TCGA-85-8287	4	33408480	49590602	2	2
TCGA-85-8287	4	49590656	54630353	3	2
TCGA-85-8287	4	54631772	55622395	33	1
TCGA-85-8287	4	55623802	57427252	23	2
TCGA-85-8287	4	57427395	57749721	35	1
TCGA-85-8287	4	57752735	63372862	2	2
TCGA-85-8287	4	63375236	64174672	49	1
TCGA-85-8287	4	64174876	64813518	60	0
TCGA-85-8287	4	64814280	65368202	15	2
TCGA-85-8287	4	65373644	65554491	39	3
TCGA-85-8287	4	65557183	69737036	2	2
TCGA-85-8287	4	69740290	70709545	43	1
TCGA-85-8287	4	70711096	72129031	4	4
TCGA-85-8287	4	72129064	74628455	2	2
TCGA-85-8287	4	74628756	76693835	5	1
TCGA-85-8287	4	76695098	86276796	2	2
TCGA-85-8287	4	86277013	191027923	3	1
TCGA-85-8287	5	15532	2259217	10	0
TCGA-85-8287	5	2259512	49481184	7	0
TCGA-85-8287	5	49496975	180790320	3	0
TCGA-85-8287	6	149661	74235670	3	3
TCGA-85-8287	6	74236121	84329147	4	3
TCGA-85-8287	6	84330134	87875080	7	3
TCGA-85-8287	6	87876966	91369133	6	3
TCGA-85-8287	6	91371889	148934745	3	2
TCGA-85-8287	6	148934993	171051005	2	2
TCGA-85-8287	7	43259	28008384	2	2
TCGA-85-8287	7	28008696	28976815	8	3
TCGA-85-8287	7	28977011	36386669	6	3
TCGA-85-8287	7	36387944	47741616	2	2
TCGA-85-8287	7	47743256	76862730	7	3
TCGA-85-8287	7	76863106	80944501	3	3
TCGA-85-8287	7	80947228	84227829	6	3
TCGA-85-8287	7	84231945	89457668	12	3
TCGA-85-8287	7	89457891	97264565	11	1
TCGA-85-8287	7	97264584	109170014	7	1
TCGA-85-8287	7	109171178	159127004	2	1
TCGA-85-8287	8	31254	39041224	2	2
TCGA-85-8287	8	39041390	43786802	4	3
TCGA-85-8287	8	43824048	52047701	3	2
TCGA-85-8287	8	52048415	53850144	4	4
TCGA-85-8287	8	53856707	54167989	3	2
TCGA-85-8287	8	54168402	63055326	4	3
TCGA-85-8287	8	63055991	114357001	4	4
TCGA-85-8287	8	114357413	125488907	3	0
TCGA-85-8287	8	125489064	140524716	4	3
TCGA-85-8287	8	140525121	146298155	5	3
TCGA-85-8287	9	46587	140044414	3	0
TCGA-85-8287	9	140049216	141091394	4	0
TCGA-85-8287	10	72759	3988408	3	0
TCGA-85-8287	10	3990609	11302377	2	2
TCGA-85-8287	10	11302671	39045746	3	0
TCGA-85-8287	10	39045864	135506704	2	2
TCGA-85-8287	11	198572	67038701	2	2
TCGA-85-8287	11	67040693	69882410	4	3
TCGA-85-8287	11	69882466	70170992	43	2
TCGA-85-8287	11	70171624	70403385	78	0
TCGA-85-8287	11	70408855	126628352	2	2
TCGA-85-8287	11	126629031	134944770	1	0
TCGA-85-8287	12	150442	38353726	3	3
TCGA-85-8287	12	38353816	133778189	2	2
TCGA-85-8287	13	19026949	115108397	3	0
TCGA-85-8287	14	19002124	22181440	3	0
TCGA-85-8287	14	22184244	22978760	2	0
TCGA-85-8287	14	22978775	98238008	3	0
TCGA-85-8287	14	98238241	98911059	2	0
TCGA-85-8287	14	98914382	107285437	3	0
TCGA-85-8287	15	20016328	23943747	3	1
TCGA-85-8287	15	23944385	35162570	1	0
TCGA-85-8287	15	35165784	78291045	3	0
TCGA-85-8287	15	78291069	78838178	12	0
TCGA-85-8287	15	78839413	80023626	4	0
TCGA-85-8287	15	80024187	87572518	6	0
TCGA-85-8287	15	87575252	88345307	8	0
TCGA-85-8287	15	88345483	88995959	15	0
TCGA-85-8287	15	88998032	90173982	27	0
TCGA-85-8287	15	90175251	90573737	3	0
TCGA-85-8287	15	90577655	90590285	18	6
TCGA-85-8287	15	90590688	90891982	26	0
TCGA-85-8287	15	90895265	102469040	5	0
TCGA-85-8287	16	60777	56923975	3	2
TCGA-85-8287	16	56930550	57040578	8	3
TCGA-85-8287	16	57044973	80713458	3	2
TCGA-85-8287	16	80714034	82605084	3	1
TCGA-85-8287	16	82605441	85756489	3	3
TCGA-85-8287	16	85758357	90287535	3	1
TCGA-85-8287	17	526	45311613	3	0
TCGA-85-8287	17	45312813	46500904	6	0
TCGA-85-8287	17	46504489	74948187	4	0
TCGA-85-8287	17	74953651	77119302	10	0
TCGA-85-8287	17	77119722	80368376	7	0
TCGA-85-8287	17	80369439	81049726	2	0
TCGA-85-8287	18	48133	78015057	3	0
TCGA-85-8287	19	90910	59097854	3	0
TCGA-85-8287	20	61305	47391914	3	3
TCGA-85-8287	20	47393515	50059146	5	2
TCGA-85-8287	20	50060148	62956153	3	3
TCGA-85-8287	21	10736871	48096957	3	0
TCGA-85-8287	22	16052528	30180892	2	2
TCGA-85-8287	22	30184599	30795215	6	1
TCGA-85-8287	22	30797884	35841037	2	2
TCGA-85-8287	22	35844423	36633025	5	1
TCGA-85-8287	22	36633225	42754874	2	2
TCGA-85-8287	22	42755642	51234455	3	1
TCGA-85-8287	X	168477	154929498	3	0
TCGA-85-8287	X	154963439	155233846	2	0
