sample	chr	startpos	endpos	nMajor	nMinor
TCGA-28-1750	1	61735	9043370	4	0
TCGA-28-1750	1	9045124	10876600	4	1
TCGA-28-1750	1	10880232	11976958	3	3
TCGA-28-1750	1	11979285	14180755	4	0
TCGA-28-1750	1	14180832	204367668	3	3
TCGA-28-1750	1	204369875	204636870	8	2
TCGA-28-1750	1	204647493	227774905	3	3
TCGA-28-1750	1	227777149	228023354	4	0
TCGA-28-1750	1	228023366	232066963	3	3
TCGA-28-1750	1	232067057	232529816	4	0
TCGA-28-1750	1	232531455	249224388	3	3
TCGA-28-1750	2	12784	233227724	3	3
TCGA-28-1750	2	233227833	239869839	4	0
TCGA-28-1750	2	239869897	243089456	3	3
TCGA-28-1750	3	60345	197896118	3	3
TCGA-28-1750	4	12281	191027923	3	3
TCGA-28-1750	5	15532	163211005	3	3
TCGA-28-1750	5	163216838	163403427	1	0
TCGA-28-1750	5	163403899	180790320	3	3
TCGA-28-1750	6	149661	171051005	4	0
TCGA-28-1750	7	43259	159127004	5	5
TCGA-28-1750	8	31254	146298155	2	2
TCGA-28-1750	9	46587	21947957	3	0
TCGA-28-1750	9	21948666	22089599	0	0
TCGA-28-1750	9	22096338	47217176	4	0
TCGA-28-1750	9	65616971	141091394	4	4
TCGA-28-1750	10	72759	72922304	4	0
TCGA-28-1750	10	72923158	73230353	7	0
TCGA-28-1750	10	73230904	135506704	4	0
TCGA-28-1750	11	198572	134944770	3	3
TCGA-28-1750	12	150442	45292601	3	3
TCGA-28-1750	12	45297471	45571379	7	2
TCGA-28-1750	12	45572174	133778189	3	3
TCGA-28-1750	13	19026949	22474371	4	4
TCGA-28-1750	13	22475791	115108397	4	0
TCGA-28-1750	14	19002124	75521158	4	0
TCGA-28-1750	14	75527418	75670707	8	0
TCGA-28-1750	14	75671451	107285437	4	0
TCGA-28-1750	15	20016328	102469040	2	2
TCGA-28-1750	16	60777	90287535	4	0
TCGA-28-1750	17	526	81049726	3	3
TCGA-28-1750	18	48133	78015057	2	2
TCGA-28-1750	19	90910	59097854	3	3
TCGA-28-1750	20	61305	62956153	2	2
TCGA-28-1750	21	10736871	48096957	3	3
TCGA-28-1750	22	16052528	51234455	3	3
TCGA-28-1750	X	168477	155233846	4	3
