sample	chr	startpos	endpos	nMajor	nMinor
TCGA-OL-A66H	1	61735	249224388	1	1
TCGA-OL-A66H	2	12784	243089456	1	1
TCGA-OL-A66H	3	60345	197896118	1	1
TCGA-OL-A66H	4	12281	14215672	1	1
TCGA-OL-A66H	4	14216257	15613880	1	0
TCGA-OL-A66H	4	15614195	68296976	1	1
TCGA-OL-A66H	4	68297763	68435604	1	0
TCGA-OL-A66H	4	68436503	191027923	1	1
TCGA-OL-A66H	5	15532	180790320	1	1
TCGA-OL-A66H	6	149661	171051005	1	1
TCGA-OL-A66H	7	43259	159127004	2	2
TCGA-OL-A66H	8	31254	22464165	1	1
TCGA-OL-A66H	8	22464320	29939076	1	0
TCGA-OL-A66H	8	29942727	146298155	1	1
TCGA-OL-A66H	9	46587	12748587	1	1
TCGA-OL-A66H	9	12748818	14830821	1	0
TCGA-OL-A66H	9	14831003	141091394	1	1
TCGA-OL-A66H	10	72759	135506704	1	1
TCGA-OL-A66H	11	198572	134944770	1	1
TCGA-OL-A66H	12	150442	133778189	1	1
TCGA-OL-A66H	13	19026949	68900056	1	1
TCGA-OL-A66H	13	68900352	70010224	1	0
TCGA-OL-A66H	13	70013811	115108397	1	1
TCGA-OL-A66H	14	19002124	107285437	1	1
TCGA-OL-A66H	15	20016328	102469040	1	1
TCGA-OL-A66H	16	60777	90287535	1	1
TCGA-OL-A66H	17	526	81049726	1	1
TCGA-OL-A66H	18	48133	78015057	1	1
TCGA-OL-A66H	19	90910	59097854	1	1
TCGA-OL-A66H	20	61305	62956153	1	1
TCGA-OL-A66H	21	10736871	48096957	1	1
TCGA-OL-A66H	22	16052528	51234455	1	1
TCGA-OL-A66H	X	168477	155233846	1	1
