sample	chr	startpos	endpos	nMajor	nMinor
TCGA-BA-6869	1	61735	249224388	1	1
TCGA-BA-6869	2	12784	243089456	1	1
TCGA-BA-6869	3	60345	90273791	1	0
TCGA-BA-6869	3	90279797	132577491	2	0
TCGA-BA-6869	3	132577947	152425368	3	0
TCGA-BA-6869	3	152425558	197896118	4	0
TCGA-BA-6869	4	12281	91080598	1	1
TCGA-BA-6869	4	91083051	91270504	1	0
TCGA-BA-6869	4	91271082	191027923	1	1
TCGA-BA-6869	5	15532	46389273	2	2
TCGA-BA-6869	5	49432831	94611045	2	0
TCGA-BA-6869	5	94611254	96840276	1	0
TCGA-BA-6869	5	96840487	180790320	2	0
TCGA-BA-6869	6	149661	20758633	2	2
TCGA-BA-6869	6	20758704	27842047	2	1
TCGA-BA-6869	6	27842053	54995326	2	0
TCGA-BA-6869	6	54995995	63334125	2	1
TCGA-BA-6869	6	63335725	88585726	2	0
TCGA-BA-6869	6	88588004	88687545	2	1
TCGA-BA-6869	6	88690603	144890128	2	0
TCGA-BA-6869	6	144891231	145052054	0	0
TCGA-BA-6869	6	145052677	171051005	2	0
TCGA-BA-6869	7	43259	126666196	1	1
TCGA-BA-6869	7	126676940	126791686	1	0
TCGA-BA-6869	7	126794731	159127004	1	1
TCGA-BA-6869	8	31254	3692876	1	1
TCGA-BA-6869	8	3697962	3808927	1	0
TCGA-BA-6869	8	3809681	80210538	1	1
TCGA-BA-6869	8	80211126	80672169	2	1
TCGA-BA-6869	8	80673620	146298155	1	1
TCGA-BA-6869	9	46587	33014685	1	0
TCGA-BA-6869	9	33015014	141091394	1	1
TCGA-BA-6869	10	72759	1970188	1	0
TCGA-BA-6869	10	1976876	2092776	9	1
TCGA-BA-6869	10	2093110	27304693	4	1
TCGA-BA-6869	10	27307683	27569521	5	2
TCGA-BA-6869	10	27569732	38006625	4	1
TCGA-BA-6869	10	38009283	39076206	2	1
TCGA-BA-6869	10	39076221	68493873	1	1
TCGA-BA-6869	10	68495141	69922735	2	1
TCGA-BA-6869	10	69925476	97021389	1	0
TCGA-BA-6869	10	97021805	135506704	1	1
TCGA-BA-6869	11	198572	9854857	1	1
TCGA-BA-6869	11	9855267	9920458	1	0
TCGA-BA-6869	11	9920537	55198174	1	1
TCGA-BA-6869	11	55198272	56122057	1	0
TCGA-BA-6869	11	56122849	134944770	1	1
TCGA-BA-6869	12	150442	133778189	1	1
TCGA-BA-6869	13	19026949	115108397	1	0
TCGA-BA-6869	14	19002124	107285437	1	1
TCGA-BA-6869	15	20016328	26540811	1	1
TCGA-BA-6869	15	26541717	57643653	1	0
TCGA-BA-6869	15	57644267	102469040	1	1
TCGA-BA-6869	16	60777	7170424	1	0
TCGA-BA-6869	16	7170959	7289689	5	1
TCGA-BA-6869	16	7290323	24743657	2	1
TCGA-BA-6869	16	24744113	27194968	3	1
TCGA-BA-6869	16	27196905	90287535	1	1
TCGA-BA-6869	17	526	81049726	1	1
TCGA-BA-6869	18	48133	15402408	8	1
TCGA-BA-6869	18	18529353	40736668	1	1
TCGA-BA-6869	18	40747160	75370593	2	1
TCGA-BA-6869	18	75371290	76010262	4	1
TCGA-BA-6869	18	76010510	78015057	1	0
TCGA-BA-6869	19	90910	59097854	1	1
TCGA-BA-6869	20	61305	62956153	1	1
TCGA-BA-6869	21	10736871	15412083	2	1
TCGA-BA-6869	21	15412399	48096957	1	1
TCGA-BA-6869	22	16052528	51234455	1	1
TCGA-BA-6869	X	168477	154929308	1	0
TCGA-BA-6869	X	154929498	155233846	2	1
