sample	chr	startpos	endpos	nMajor	nMinor
TCGA-OR-A5JR	1	61735	190037608	4	0
TCGA-OR-A5JR	1	190039154	190430894	1	0
TCGA-OR-A5JR	1	190432277	201168142	4	0
TCGA-OR-A5JR	1	201170571	202524870	2	0
TCGA-OR-A5JR	1	202526239	249224388	4	0
TCGA-OR-A5JR	2	12784	243089456	4	0
TCGA-OR-A5JR	3	60345	193510953	3	3
TCGA-OR-A5JR	3	193513016	193622665	4	0
TCGA-OR-A5JR	3	193624744	197896118	3	3
TCGA-OR-A5JR	4	12281	191027923	4	4
TCGA-OR-A5JR	5	15532	179794208	4	4
TCGA-OR-A5JR	5	179797429	180064969	3	0
TCGA-OR-A5JR	5	180068741	180790320	4	4
TCGA-OR-A5JR	6	149661	162716336	4	0
TCGA-OR-A5JR	6	162721807	162901210	3	2
TCGA-OR-A5JR	6	162903021	171051005	4	0
TCGA-OR-A5JR	7	43259	3038373	4	4
TCGA-OR-A5JR	7	3041307	4167274	4	2
TCGA-OR-A5JR	7	4167336	77905565	4	4
TCGA-OR-A5JR	7	77911072	78116522	4	2
TCGA-OR-A5JR	7	78116541	159127004	4	4
TCGA-OR-A5JR	8	31254	146298155	4	4
TCGA-OR-A5JR	9	46587	141091394	4	0
TCGA-OR-A5JR	10	72759	132616175	4	0
TCGA-OR-A5JR	10	132616856	133122041	2	0
TCGA-OR-A5JR	10	133123682	135506704	4	0
TCGA-OR-A5JR	11	198572	134944770	4	0
TCGA-OR-A5JR	12	150442	133778189	4	4
TCGA-OR-A5JR	13	19026949	94678821	3	0
TCGA-OR-A5JR	13	94681840	94826289	0	0
TCGA-OR-A5JR	13	94827241	115108397	4	0
TCGA-OR-A5JR	14	19002124	22392639	4	0
TCGA-OR-A5JR	14	22392703	22999402	5	0
TCGA-OR-A5JR	14	22999542	46831479	4	0
TCGA-OR-A5JR	14	46836887	47146323	6	0
TCGA-OR-A5JR	14	47146362	107285437	4	0
TCGA-OR-A5JR	15	20016328	102469040	4	0
TCGA-OR-A5JR	16	60777	70855479	4	4
TCGA-OR-A5JR	16	70855633	71216005	4	2
TCGA-OR-A5JR	16	71218594	90287535	4	4
TCGA-OR-A5JR	17	526	81049726	4	0
TCGA-OR-A5JR	18	48133	72972998	4	0
TCGA-OR-A5JR	18	72973762	73514932	2	0
TCGA-OR-A5JR	18	73515127	78015057	4	0
TCGA-OR-A5JR	19	90910	59097854	3	3
TCGA-OR-A5JR	20	61305	1719451	4	4
TCGA-OR-A5JR	20	1721005	3026088	4	2
TCGA-OR-A5JR	20	3034048	62956153	4	4
TCGA-OR-A5JR	21	10736871	48096957	4	0
TCGA-OR-A5JR	22	16052528	51234455	2	0
TCGA-OR-A5JR	X	168477	155233846	4	0
