sample	chr	startpos	endpos	nMajor	nMinor
TCGA-BH-A1FM	1	61735	1474288	2	1
TCGA-BH-A1FM	1	1478153	18212230	2	0
TCGA-BH-A1FM	1	18218493	55398277	2	1
TCGA-BH-A1FM	1	55398932	55731733	2	0
TCGA-BH-A1FM	1	55742210	58535140	2	1
TCGA-BH-A1FM	1	58536065	58590416	2	2
TCGA-BH-A1FM	1	58591878	121482979	2	1
TCGA-BH-A1FM	1	144007049	171606739	2	2
TCGA-BH-A1FM	1	171607084	240407163	4	2
TCGA-BH-A1FM	1	240407307	245881566	3	2
TCGA-BH-A1FM	1	245882097	249224388	4	2
TCGA-BH-A1FM	2	12784	25160743	2	1
TCGA-BH-A1FM	2	25161700	27977701	2	0
TCGA-BH-A1FM	2	27978991	96917608	2	2
TCGA-BH-A1FM	2	96918245	113476361	2	1
TCGA-BH-A1FM	2	113476642	114420662	3	2
TCGA-BH-A1FM	2	114420670	127205053	2	1
TCGA-BH-A1FM	2	127205409	243089456	2	0
TCGA-BH-A1FM	3	60345	38573038	2	2
TCGA-BH-A1FM	3	38575751	75762345	2	0
TCGA-BH-A1FM	3	75764428	76636194	2	1
TCGA-BH-A1FM	3	76636472	82748179	2	0
TCGA-BH-A1FM	3	82748356	83054438	2	1
TCGA-BH-A1FM	3	83054736	86962760	2	0
TCGA-BH-A1FM	3	86963417	88426917	2	1
TCGA-BH-A1FM	3	88427077	93519478	2	0
TCGA-BH-A1FM	3	93520016	98200858	2	2
TCGA-BH-A1FM	3	98211951	98455878	2	0
TCGA-BH-A1FM	3	98460472	101578707	2	2
TCGA-BH-A1FM	3	101579773	102036048	5	5
TCGA-BH-A1FM	3	102037685	197896118	2	2
TCGA-BH-A1FM	4	12281	166304654	2	2
TCGA-BH-A1FM	4	166308669	167869199	2	1
TCGA-BH-A1FM	4	167876034	191027923	2	2
TCGA-BH-A1FM	5	15532	55410309	2	2
TCGA-BH-A1FM	5	55410654	59096923	2	1
TCGA-BH-A1FM	5	59102760	61680331	2	2
TCGA-BH-A1FM	5	61680448	63357987	2	1
TCGA-BH-A1FM	5	63358360	63728545	2	0
TCGA-BH-A1FM	5	63729397	180790320	2	1
TCGA-BH-A1FM	6	149661	16225064	2	1
TCGA-BH-A1FM	6	16225862	16350678	2	0
TCGA-BH-A1FM	6	16351543	143322428	2	1
TCGA-BH-A1FM	6	143322676	144878472	1	1
TCGA-BH-A1FM	6	144880548	146193440	2	1
TCGA-BH-A1FM	6	146194490	152694241	1	1
TCGA-BH-A1FM	6	152695308	156433711	2	1
TCGA-BH-A1FM	6	156433874	171051005	1	1
TCGA-BH-A1FM	7	43259	14601771	3	1
TCGA-BH-A1FM	7	14607627	17965838	3	2
TCGA-BH-A1FM	7	17966152	45596263	3	1
TCGA-BH-A1FM	7	45598456	159127004	2	2
TCGA-BH-A1FM	8	31254	5229074	2	1
TCGA-BH-A1FM	8	5229251	5306298	2	0
TCGA-BH-A1FM	8	5307083	10040427	2	1
TCGA-BH-A1FM	8	10040977	12585730	2	2
TCGA-BH-A1FM	8	12585825	36517842	2	1
TCGA-BH-A1FM	8	36518030	38561031	4	2
TCGA-BH-A1FM	8	38562845	40320010	2	2
TCGA-BH-A1FM	8	40320407	42564626	4	2
TCGA-BH-A1FM	8	42582599	54541327	2	2
TCGA-BH-A1FM	8	54542857	57286171	6	2
TCGA-BH-A1FM	8	57286606	61597126	5	2
TCGA-BH-A1FM	8	61597689	64177235	3	2
TCGA-BH-A1FM	8	64177713	73544729	4	2
TCGA-BH-A1FM	8	73545354	75942166	5	2
TCGA-BH-A1FM	8	75946695	80585149	3	2
TCGA-BH-A1FM	8	80585813	81246310	4	2
TCGA-BH-A1FM	8	81246659	82233820	6	2
TCGA-BH-A1FM	8	82233910	84183214	4	2
TCGA-BH-A1FM	8	84190817	86326770	3	2
TCGA-BH-A1FM	8	86331332	90897538	2	2
TCGA-BH-A1FM	8	90902053	96451566	4	2
TCGA-BH-A1FM	8	96451633	97042027	3	2
TCGA-BH-A1FM	8	97042306	104357947	4	2
TCGA-BH-A1FM	8	104359721	109929194	3	2
TCGA-BH-A1FM	8	109929642	117604752	4	2
TCGA-BH-A1FM	8	117604935	118368791	2	2
TCGA-BH-A1FM	8	118369012	120872195	3	2
TCGA-BH-A1FM	8	120873842	122621344	2	2
TCGA-BH-A1FM	8	122621833	126265982	3	2
TCGA-BH-A1FM	8	126267003	126970140	2	2
TCGA-BH-A1FM	8	126970339	128844462	4	2
TCGA-BH-A1FM	8	128844721	129708542	6	2
TCGA-BH-A1FM	8	129709837	131866754	4	2
TCGA-BH-A1FM	8	131869615	134305525	6	2
TCGA-BH-A1FM	8	134305599	134986491	5	2
TCGA-BH-A1FM	8	134991827	136225944	4	2
TCGA-BH-A1FM	8	136226450	138891978	3	2
TCGA-BH-A1FM	8	138894612	142603073	4	2
TCGA-BH-A1FM	8	142604159	146298155	3	2
TCGA-BH-A1FM	9	46587	15132510	2	0
TCGA-BH-A1FM	9	15138600	16073317	23	1
TCGA-BH-A1FM	9	16073639	16868691	18	1
TCGA-BH-A1FM	9	16873465	18016029	2	1
TCGA-BH-A1FM	9	18022346	19373739	2	0
TCGA-BH-A1FM	9	19374433	20476130	4	2
TCGA-BH-A1FM	9	20476275	21383193	7	2
TCGA-BH-A1FM	9	21391231	21963430	2	0
TCGA-BH-A1FM	9	21976870	22588338	0	0
TCGA-BH-A1FM	9	22591662	23345347	2	0
TCGA-BH-A1FM	9	23348177	23641531	2	1
TCGA-BH-A1FM	9	23642085	125221224	2	0
TCGA-BH-A1FM	9	125226469	125709571	9	2
TCGA-BH-A1FM	9	125711277	126984382	3	2
TCGA-BH-A1FM	9	126984497	127023874	8	1
TCGA-BH-A1FM	9	127024615	127036667	9	0
TCGA-BH-A1FM	9	127036838	127157935	7	1
TCGA-BH-A1FM	9	127158946	127473881	14	2
TCGA-BH-A1FM	9	127480162	127744181	5	2
TCGA-BH-A1FM	9	127744234	128487456	18	1
TCGA-BH-A1FM	9	128489625	128676199	3	0
TCGA-BH-A1FM	9	128679325	129396744	12	1
TCGA-BH-A1FM	9	129397014	129587557	16	2
TCGA-BH-A1FM	9	129591674	129644639	8	2
TCGA-BH-A1FM	9	129649356	129750013	3	2
TCGA-BH-A1FM	9	129750103	134858653	2	0
TCGA-BH-A1FM	9	134863453	135072248	5	2
TCGA-BH-A1FM	9	135073877	135538693	2	0
TCGA-BH-A1FM	9	135538807	135934995	2	1
TCGA-BH-A1FM	9	135935185	136572032	3	2
TCGA-BH-A1FM	9	136572352	137557469	2	1
TCGA-BH-A1FM	9	137558362	137908460	2	0
TCGA-BH-A1FM	9	137909359	138985141	3	2
TCGA-BH-A1FM	9	138985434	139381941	5	2
TCGA-BH-A1FM	9	139390250	139857912	9	2
TCGA-BH-A1FM	9	139860631	140384335	3	2
TCGA-BH-A1FM	9	140390615	141091394	2	0
TCGA-BH-A1FM	10	72759	42853123	2	1
TCGA-BH-A1FM	10	42853689	44078721	2	0
TCGA-BH-A1FM	10	44078859	48005227	2	2
TCGA-BH-A1FM	10	48036571	51110122	2	0
TCGA-BH-A1FM	10	51110279	51659444	3	1
TCGA-BH-A1FM	10	51735651	132966465	2	0
TCGA-BH-A1FM	10	132968374	135506704	2	1
TCGA-BH-A1FM	11	198572	6700602	2	2
TCGA-BH-A1FM	11	6706831	7622850	2	0
TCGA-BH-A1FM	11	7624630	134944770	2	2
TCGA-BH-A1FM	12	150442	17303534	2	1
TCGA-BH-A1FM	12	17307189	25734249	2	2
TCGA-BH-A1FM	12	25737359	27414205	3	2
TCGA-BH-A1FM	12	27414545	101029740	2	2
TCGA-BH-A1FM	12	101036958	102312230	2	1
TCGA-BH-A1FM	12	102313144	133778189	3	2
TCGA-BH-A1FM	13	19026949	83541688	2	2
TCGA-BH-A1FM	13	83553535	84606768	2	1
TCGA-BH-A1FM	13	84608734	88520405	2	2
TCGA-BH-A1FM	13	88521775	90202273	2	1
TCGA-BH-A1FM	13	90210603	91284451	2	2
TCGA-BH-A1FM	13	91285423	95933660	2	1
TCGA-BH-A1FM	13	95933670	98344833	2	2
TCGA-BH-A1FM	13	98346981	100947812	2	1
TCGA-BH-A1FM	13	100948244	103946307	2	2
TCGA-BH-A1FM	13	103949139	107987382	2	1
TCGA-BH-A1FM	13	107987712	112632269	2	2
TCGA-BH-A1FM	13	112635859	115108397	3	2
TCGA-BH-A1FM	14	19002124	21209491	2	0
TCGA-BH-A1FM	14	21210166	21669601	2	1
TCGA-BH-A1FM	14	21671277	22797742	3	2
TCGA-BH-A1FM	14	22800933	24375437	6	2
TCGA-BH-A1FM	14	24375487	25304993	4	2
TCGA-BH-A1FM	14	25308387	25776613	5	2
TCGA-BH-A1FM	14	25776915	30500243	2	0
TCGA-BH-A1FM	14	30500353	32520159	6	2
TCGA-BH-A1FM	14	32520486	33455085	9	2
TCGA-BH-A1FM	14	33456556	33624840	17	1
TCGA-BH-A1FM	14	33625685	35110512	11	2
TCGA-BH-A1FM	14	35111593	37204131	6	2
TCGA-BH-A1FM	14	37204382	37943629	11	2
TCGA-BH-A1FM	14	37944789	39871017	9	2
TCGA-BH-A1FM	14	39872166	42666461	2	1
TCGA-BH-A1FM	14	42667291	44608800	3	2
TCGA-BH-A1FM	14	44611324	45035951	5	2
TCGA-BH-A1FM	14	45052318	46940313	2	1
TCGA-BH-A1FM	14	46941759	47260437	2	0
TCGA-BH-A1FM	14	47263226	48881702	2	1
TCGA-BH-A1FM	14	48887633	51342019	3	2
TCGA-BH-A1FM	14	51342476	55520923	2	0
TCGA-BH-A1FM	14	55522789	56300429	8	2
TCGA-BH-A1FM	14	56309151	58057492	2	2
TCGA-BH-A1FM	14	58060586	58401374	3	2
TCGA-BH-A1FM	14	58402534	58900851	6	2
TCGA-BH-A1FM	14	58901445	60498022	3	3
TCGA-BH-A1FM	14	60510456	95312057	2	0
TCGA-BH-A1FM	14	95312361	96009307	10	2
TCGA-BH-A1FM	14	96009748	96328252	7	2
TCGA-BH-A1FM	14	96328465	97057998	2	2
TCGA-BH-A1FM	14	97058461	97288251	5	2
TCGA-BH-A1FM	14	97292136	98030545	9	2
TCGA-BH-A1FM	14	98034353	99582187	2	0
TCGA-BH-A1FM	14	99582467	101514950	14	2
TCGA-BH-A1FM	14	101515439	102200280	4	2
TCGA-BH-A1FM	14	102205460	103928819	16	2
TCGA-BH-A1FM	14	103932746	105970176	2	0
TCGA-BH-A1FM	14	105971794	107285437	7	1
TCGA-BH-A1FM	15	20016328	26671660	1	1
TCGA-BH-A1FM	15	26671955	30398229	1	0
TCGA-BH-A1FM	15	30415931	32679629	1	1
TCGA-BH-A1FM	15	32679695	33857254	2	1
TCGA-BH-A1FM	15	33857403	34036376	1	1
TCGA-BH-A1FM	15	34036401	35303544	2	1
TCGA-BH-A1FM	15	35303971	37406012	2	2
TCGA-BH-A1FM	15	37408651	37499083	2	1
TCGA-BH-A1FM	15	37502929	39507418	2	0
TCGA-BH-A1FM	15	39511622	39654025	2	1
TCGA-BH-A1FM	15	39654577	53161056	3	2
TCGA-BH-A1FM	15	53161364	54006794	2	1
TCGA-BH-A1FM	15	54007088	54390901	2	2
TCGA-BH-A1FM	15	54391310	54745309	2	1
TCGA-BH-A1FM	15	54745671	55030619	2	0
TCGA-BH-A1FM	15	55039407	80295824	2	1
TCGA-BH-A1FM	15	80296519	87463040	2	0
TCGA-BH-A1FM	15	87463268	94432956	2	1
TCGA-BH-A1FM	15	94433154	95334096	2	0
TCGA-BH-A1FM	15	95346393	96815993	2	1
TCGA-BH-A1FM	15	96816026	97537031	2	0
TCGA-BH-A1FM	15	97543165	102469040	2	1
TCGA-BH-A1FM	16	60777	35283226	2	2
TCGA-BH-A1FM	16	46463782	90287535	2	1
TCGA-BH-A1FM	17	526	3085904	1	0
TCGA-BH-A1FM	17	3086169	10082159	3	0
TCGA-BH-A1FM	17	10082169	11931648	1	0
TCGA-BH-A1FM	17	11935026	12695750	0	0
TCGA-BH-A1FM	17	12700831	12899463	1	0
TCGA-BH-A1FM	17	12900383	13255526	3	0
TCGA-BH-A1FM	17	13256586	13386491	1	0
TCGA-BH-A1FM	17	13389245	14473595	3	0
TCGA-BH-A1FM	17	14481009	22133785	2	0
TCGA-BH-A1FM	17	22145506	25840239	2	2
TCGA-BH-A1FM	17	25840734	27654604	2	1
TCGA-BH-A1FM	17	27655349	44269293	2	0
TCGA-BH-A1FM	17	44269546	45549618	9	2
TCGA-BH-A1FM	17	45550267	46077203	4	3
TCGA-BH-A1FM	17	46077360	46805081	19	2
TCGA-BH-A1FM	17	46807134	47489760	5	2
TCGA-BH-A1FM	17	47491583	47969386	2	0
TCGA-BH-A1FM	17	47971344	48130937	5	2
TCGA-BH-A1FM	17	48135673	54548290	2	0
TCGA-BH-A1FM	17	54551209	54815676	3	1
TCGA-BH-A1FM	17	54815734	63106571	10	2
TCGA-BH-A1FM	17	63108458	65368877	13	2
TCGA-BH-A1FM	17	65368899	66267650	24	1
TCGA-BH-A1FM	17	66267691	66562744	8	2
TCGA-BH-A1FM	17	66563753	67021870	4	3
TCGA-BH-A1FM	17	67025564	80158852	3	2
TCGA-BH-A1FM	17	80159218	81049726	2	1
TCGA-BH-A1FM	18	48133	77333593	1	1
TCGA-BH-A1FM	18	77340427	77418456	3	1
TCGA-BH-A1FM	18	77419302	78015057	1	0
TCGA-BH-A1FM	19	90910	2036590	2	0
TCGA-BH-A1FM	19	2036916	3134699	2	1
TCGA-BH-A1FM	19	3143283	6552898	2	0
TCGA-BH-A1FM	19	6553077	48636451	2	1
TCGA-BH-A1FM	19	48637585	59097854	2	2
TCGA-BH-A1FM	20	61305	17818611	1	1
TCGA-BH-A1FM	20	17819235	18733678	1	0
TCGA-BH-A1FM	20	18734839	23659488	1	1
TCGA-BH-A1FM	20	23659840	26305579	1	0
TCGA-BH-A1FM	20	29420352	31031767	4	1
TCGA-BH-A1FM	20	31042036	31793004	2	1
TCGA-BH-A1FM	20	31793069	33895001	4	1
TCGA-BH-A1FM	20	33895483	41629559	5	1
TCGA-BH-A1FM	20	41635176	42383501	3	1
TCGA-BH-A1FM	20	42391607	42944889	1	1
TCGA-BH-A1FM	20	42956922	46340596	3	1
TCGA-BH-A1FM	20	46341282	51193108	4	2
TCGA-BH-A1FM	20	51195241	51438649	3	2
TCGA-BH-A1FM	20	51439310	53240430	4	2
TCGA-BH-A1FM	20	53240472	55149285	3	2
TCGA-BH-A1FM	20	55149352	58296350	4	2
TCGA-BH-A1FM	20	58297468	62956153	3	2
TCGA-BH-A1FM	21	10736871	18213908	2	1
TCGA-BH-A1FM	21	18215101	18520674	2	0
TCGA-BH-A1FM	21	18522407	20196328	2	1
TCGA-BH-A1FM	21	20196488	25506453	2	2
TCGA-BH-A1FM	21	25506784	25985632	2	1
TCGA-BH-A1FM	21	25988580	26597833	2	2
TCGA-BH-A1FM	21	26601604	36837545	2	1
TCGA-BH-A1FM	21	36838236	39868997	2	2
TCGA-BH-A1FM	21	39869195	48096957	2	1
TCGA-BH-A1FM	22	16052528	51234455	2	0
TCGA-BH-A1FM	X	168477	1640371	2	1
TCGA-BH-A1FM	X	1658943	32457791	1	1
TCGA-BH-A1FM	X	32465956	34355109	1	0
TCGA-BH-A1FM	X	34358075	35037541	1	1
TCGA-BH-A1FM	X	35040147	35290385	1	0
TCGA-BH-A1FM	X	35290403	53195065	1	1
TCGA-BH-A1FM	X	53196744	55376611	2	1
TCGA-BH-A1FM	X	55378029	55476608	4	1
TCGA-BH-A1FM	X	55476636	155233846	2	1
