sample	chr	startpos	endpos	nMajor	nMinor
TCGA-BP-5187	1	61735	249224388	2	2
TCGA-BP-5187	2	12784	566419	4	0
TCGA-BP-5187	2	568100	243089456	2	2
TCGA-BP-5187	3	60345	197896118	2	0
TCGA-BP-5187	4	12281	191027923	2	2
TCGA-BP-5187	5	15532	180790320	3	3
TCGA-BP-5187	6	149661	171051005	2	2
TCGA-BP-5187	7	43259	159127004	2	2
TCGA-BP-5187	8	31254	146298155	2	2
TCGA-BP-5187	9	46587	141091394	2	2
TCGA-BP-5187	10	72759	135506704	2	2
TCGA-BP-5187	11	198572	50472076	2	2
TCGA-BP-5187	11	50472171	59616860	4	1
TCGA-BP-5187	11	59617138	134944770	2	2
TCGA-BP-5187	12	150442	133778189	2	2
TCGA-BP-5187	13	19026949	19523734	4	0
TCGA-BP-5187	13	19523949	115108397	2	2
TCGA-BP-5187	14	19002124	107285437	2	2
TCGA-BP-5187	15	20016328	23645364	4	1
TCGA-BP-5187	15	23654207	102469040	2	2
TCGA-BP-5187	16	60777	90287535	2	2
TCGA-BP-5187	17	526	81049726	2	2
TCGA-BP-5187	18	48133	78015057	2	2
TCGA-BP-5187	19	90910	59097854	2	2
TCGA-BP-5187	20	61305	62956153	2	2
TCGA-BP-5187	21	10736871	48096957	2	2
TCGA-BP-5187	22	16052528	51234455	2	2
TCGA-BP-5187	X	168477	2703633	2	1
TCGA-BP-5187	X	2703955	154862338	2	0
TCGA-BP-5187	X	154862619	155233846	1	0
