sample	chr	startpos	endpos	nMajor	nMinor
TCGA-CN-6011	1	61735	10580540	3	2
TCGA-CN-6011	1	10580891	10764236	3	1
TCGA-CN-6011	1	10771488	16844932	3	2
TCGA-CN-6011	1	16846035	121482979	2	1
TCGA-CN-6011	1	144007049	249224388	3	0
TCGA-CN-6011	2	12784	60595163	2	0
TCGA-CN-6011	2	60599100	60625757	1	0
TCGA-CN-6011	2	60626246	91807739	2	0
TCGA-CN-6011	2	91810190	133689378	2	1
TCGA-CN-6011	2	133689463	133869675	2	0
TCGA-CN-6011	2	133871422	134069494	1	0
TCGA-CN-6011	2	134069562	134078359	2	1
TCGA-CN-6011	2	134078570	134115804	2	0
TCGA-CN-6011	2	134116853	174375748	2	1
TCGA-CN-6011	2	174379375	177869199	2	2
TCGA-CN-6011	2	177869975	179873686	2	0
TCGA-CN-6011	2	179875286	195015293	2	1
TCGA-CN-6011	2	195018515	196772849	4	2
TCGA-CN-6011	2	196774853	199470519	2	2
TCGA-CN-6011	2	199474557	200422755	6	2
TCGA-CN-6011	2	200424723	243089456	2	0
TCGA-CN-6011	3	60345	60219584	2	0
TCGA-CN-6011	3	60224011	60694765	0	0
TCGA-CN-6011	3	60701606	61580912	2	0
TCGA-CN-6011	3	61581049	61834315	1	0
TCGA-CN-6011	3	61834755	126181071	2	0
TCGA-CN-6011	3	126182504	174721894	2	1
TCGA-CN-6011	3	174730258	174932204	2	0
TCGA-CN-6011	3	174932703	189468247	2	1
TCGA-CN-6011	3	189468497	189830274	4	1
TCGA-CN-6011	3	189832890	194529803	2	1
TCGA-CN-6011	3	194530344	197896118	2	2
TCGA-CN-6011	4	12281	62361459	2	0
TCGA-CN-6011	4	62364817	62557773	1	0
TCGA-CN-6011	4	62559531	91476099	2	0
TCGA-CN-6011	4	91476883	91764932	1	0
TCGA-CN-6011	4	91767861	92095933	0	0
TCGA-CN-6011	4	92096026	92159418	1	0
TCGA-CN-6011	4	92159830	191027923	2	0
TCGA-CN-6011	5	15532	1705270	4	2
TCGA-CN-6011	5	1705394	9345763	5	3
TCGA-CN-6011	5	9349695	9370568	2	1
TCGA-CN-6011	5	9370882	45939299	5	3
TCGA-CN-6011	5	45939674	49447306	3	2
TCGA-CN-6011	5	49455636	58878283	2	0
TCGA-CN-6011	5	58878427	59044769	0	0
TCGA-CN-6011	5	59046169	104178282	2	0
TCGA-CN-6011	5	104178598	180790320	3	0
TCGA-CN-6011	6	149661	24215766	2	1
TCGA-CN-6011	6	24219153	24279545	1	0
TCGA-CN-6011	6	24279935	171051005	2	1
TCGA-CN-6011	7	43259	64942849	2	2
TCGA-CN-6011	7	64947380	67282723	2	1
TCGA-CN-6011	7	67284106	91007420	2	0
TCGA-CN-6011	7	91009517	91299161	7	3
TCGA-CN-6011	7	91307274	110451029	2	2
TCGA-CN-6011	7	110459081	154923777	2	0
TCGA-CN-6011	7	154925910	159069644	3	0
TCGA-CN-6011	7	159072221	159127004	1	0
TCGA-CN-6011	8	31254	105078945	2	0
TCGA-CN-6011	8	105079271	105230368	0	0
TCGA-CN-6011	8	105230622	146298155	2	0
TCGA-CN-6011	9	46587	2988280	8	0
TCGA-CN-6011	9	2988314	21947957	12	0
TCGA-CN-6011	9	21948666	22011656	0	0
TCGA-CN-6011	9	22015434	22611155	12	0
TCGA-CN-6011	9	22612584	47217176	4	0
TCGA-CN-6011	9	65616971	118012033	3	0
TCGA-CN-6011	9	118012050	122661765	5	0
TCGA-CN-6011	9	122668048	141091394	4	0
TCGA-CN-6011	10	72759	496831	2	0
TCGA-CN-6011	10	499125	550619	1	0
TCGA-CN-6011	10	551086	36391304	2	0
TCGA-CN-6011	10	36392445	130167297	2	1
TCGA-CN-6011	10	130167297	131659855	2	0
TCGA-CN-6011	10	131660498	135506704	2	1
TCGA-CN-6011	11	198572	38852394	2	0
TCGA-CN-6011	11	38854526	38861351	3	0
TCGA-CN-6011	11	38868596	40440386	3	2
TCGA-CN-6011	11	40447527	41066640	11	2
TCGA-CN-6011	11	41071513	41172525	25	2
TCGA-CN-6011	11	41175225	42916859	3	2
TCGA-CN-6011	11	42916890	66932444	2	2
TCGA-CN-6011	11	66933271	68114002	7	2
TCGA-CN-6011	11	68119977	69021677	4	2
TCGA-CN-6011	11	69022812	69144347	13	6
TCGA-CN-6011	11	69146797	71280333	21	1
TCGA-CN-6011	11	71281562	134902067	2	0
TCGA-CN-6011	11	134902536	134944770	1	0
TCGA-CN-6011	12	150442	133778189	2	1
TCGA-CN-6011	13	19026949	115108397	2	0
TCGA-CN-6011	14	19002124	20941413	1	1
TCGA-CN-6011	14	20942112	20999685	1	0
TCGA-CN-6011	14	21004037	43407418	1	1
TCGA-CN-6011	14	43408760	43485318	1	0
TCGA-CN-6011	14	43486968	107285437	2	1
TCGA-CN-6011	15	20016328	102469040	2	1
TCGA-CN-6011	16	60777	87836840	2	1
TCGA-CN-6011	16	87837752	90287535	3	1
TCGA-CN-6011	17	526	21516276	2	1
TCGA-CN-6011	17	21519009	81049726	2	0
TCGA-CN-6011	18	48133	27420550	2	1
TCGA-CN-6011	18	27420849	31623123	5	1
TCGA-CN-6011	18	31627794	47057392	1	0
TCGA-CN-6011	18	47062665	47140000	0	0
TCGA-CN-6011	18	47140179	62029633	1	0
TCGA-CN-6011	18	62030365	62085800	0	0
TCGA-CN-6011	18	62086242	78015057	1	0
TCGA-CN-6011	19	90910	24374211	2	1
TCGA-CN-6011	19	24374419	32480396	2	2
TCGA-CN-6011	19	32480688	59097854	2	1
TCGA-CN-6011	20	61305	3970594	1	1
TCGA-CN-6011	20	3971561	4086538	1	0
TCGA-CN-6011	20	4086563	26210452	1	1
TCGA-CN-6011	20	26210619	30793558	2	1
TCGA-CN-6011	20	30794605	62956153	2	2
TCGA-CN-6011	21	10736871	16558384	2	1
TCGA-CN-6011	21	16559577	17123855	3	2
TCGA-CN-6011	21	17124102	20453392	2	0
TCGA-CN-6011	21	20453492	21906273	2	2
TCGA-CN-6011	21	21908334	24949980	2	0
TCGA-CN-6011	21	24950094	40919240	2	1
TCGA-CN-6011	21	40920057	40983778	1	0
TCGA-CN-6011	21	40985671	48096957	2	1
TCGA-CN-6011	22	16052528	51234455	2	1
TCGA-CN-6011	X	168477	2703391	2	1
TCGA-CN-6011	X	2703633	19466303	2	0
TCGA-CN-6011	X	19468718	19535781	1	0
TCGA-CN-6011	X	19536620	96222247	2	0
TCGA-CN-6011	X	96229101	96490129	1	0
TCGA-CN-6011	X	96493857	134066599	2	0
TCGA-CN-6011	X	134067560	134130525	1	0
TCGA-CN-6011	X	134131019	155233846	2	0
