sample	chr	startpos	endpos	nMajor	nMinor
TCGA-LN-A4A3	1	61735	121482979	1	0
TCGA-LN-A4A3	1	144007049	249224388	1	1
TCGA-LN-A4A3	2	12784	96002097	1	1
TCGA-LN-A4A3	2	96005385	243089456	1	0
TCGA-LN-A4A3	3	60345	60341702	1	0
TCGA-LN-A4A3	3	60341773	60863969	0	0
TCGA-LN-A4A3	3	60864020	90279797	1	0
TCGA-LN-A4A3	3	90283074	124058226	1	1
TCGA-LN-A4A3	3	124060931	124449252	3	1
TCGA-LN-A4A3	3	124449291	197896118	2	1
TCGA-LN-A4A3	4	12281	191027923	1	0
TCGA-LN-A4A3	5	15532	85118277	1	0
TCGA-LN-A4A3	5	85123383	180790320	1	1
TCGA-LN-A4A3	6	149661	171051005	1	0
TCGA-LN-A4A3	7	43259	52796588	2	1
TCGA-LN-A4A3	7	52796887	54120889	4	2
TCGA-LN-A4A3	7	54122258	54714516	17	2
TCGA-LN-A4A3	7	54717287	55934882	11	1
TCGA-LN-A4A3	7	55935808	57849832	2	1
TCGA-LN-A4A3	7	57855523	85045881	1	1
TCGA-LN-A4A3	7	85046173	85588260	4	0
TCGA-LN-A4A3	7	85591199	86973521	10	0
TCGA-LN-A4A3	7	86973807	89985816	7	0
TCGA-LN-A4A3	7	89986724	92866977	4	0
TCGA-LN-A4A3	7	92867485	96923228	7	0
TCGA-LN-A4A3	7	96923293	110409361	5	0
TCGA-LN-A4A3	7	110410652	110423090	4	1
TCGA-LN-A4A3	7	110423443	159127004	1	0
TCGA-LN-A4A3	8	31254	1192438	1	1
TCGA-LN-A4A3	8	1192523	3527408	1	0
TCGA-LN-A4A3	8	3528797	3759146	0	0
TCGA-LN-A4A3	8	3759339	13463024	1	0
TCGA-LN-A4A3	8	13463943	14728658	3	0
TCGA-LN-A4A3	8	14737262	22374200	2	0
TCGA-LN-A4A3	8	22374565	39872338	1	0
TCGA-LN-A4A3	8	39872362	43461496	2	0
TCGA-LN-A4A3	8	43481730	146298155	2	1
TCGA-LN-A4A3	9	46587	141091394	1	0
TCGA-LN-A4A3	10	72759	4307011	1	0
TCGA-LN-A4A3	10	4307036	135229868	1	1
TCGA-LN-A4A3	10	135231994	135506704	1	0
TCGA-LN-A4A3	11	198572	6876963	1	0
TCGA-LN-A4A3	11	6876988	6925538	0	0
TCGA-LN-A4A3	11	6925675	50658789	1	0
TCGA-LN-A4A3	11	50662811	57126040	1	1
TCGA-LN-A4A3	11	57128317	65561776	1	0
TCGA-LN-A4A3	11	65561951	68636670	1	1
TCGA-LN-A4A3	11	68639987	71600786	13	0
TCGA-LN-A4A3	11	71610765	73658537	3	1
TCGA-LN-A4A3	11	73663676	74894520	0	0
TCGA-LN-A4A3	11	74894952	134944770	1	0
TCGA-LN-A4A3	12	150442	3370811	1	0
TCGA-LN-A4A3	12	3371191	15355393	2	1
TCGA-LN-A4A3	12	15358123	18306480	1	0
TCGA-LN-A4A3	12	18307052	26710044	1	1
TCGA-LN-A4A3	12	26712995	30992283	2	0
TCGA-LN-A4A3	12	30994516	38340423	1	1
TCGA-LN-A4A3	12	38346928	133778189	1	0
TCGA-LN-A4A3	13	19026949	115108397	1	0
TCGA-LN-A4A3	14	19002124	51734445	1	0
TCGA-LN-A4A3	14	51742618	52044247	2	1
TCGA-LN-A4A3	14	52044280	97806361	1	0
TCGA-LN-A4A3	14	97809210	99411801	1	1
TCGA-LN-A4A3	14	99413672	107285437	1	0
TCGA-LN-A4A3	15	20016328	102469040	1	0
TCGA-LN-A4A3	16	60777	78009019	1	1
TCGA-LN-A4A3	16	78013123	78138917	2	1
TCGA-LN-A4A3	16	78140002	90287535	1	1
TCGA-LN-A4A3	17	526	50320450	1	0
TCGA-LN-A4A3	17	50320667	81049726	2	0
TCGA-LN-A4A3	18	48133	78015057	1	1
TCGA-LN-A4A3	19	90910	6515315	1	0
TCGA-LN-A4A3	19	6515519	7785713	0	0
TCGA-LN-A4A3	19	7786124	20183211	1	0
TCGA-LN-A4A3	19	20186433	22729653	0	0
TCGA-LN-A4A3	19	22730026	59097854	1	0
TCGA-LN-A4A3	20	61305	14837831	2	1
TCGA-LN-A4A3	20	14837965	15302374	1	1
TCGA-LN-A4A3	20	15305258	62956153	2	1
TCGA-LN-A4A3	21	10736871	48096957	1	0
TCGA-LN-A4A3	22	16052528	51234455	1	0
TCGA-LN-A4A3	X	168477	1519874	1	0
TCGA-LN-A4A3	X	1519924	2694240	0	0
TCGA-LN-A4A3	X	2703391	154784326	1	0
TCGA-LN-A4A3	X	154785778	155233846	0	0
