sample	chr	startpos	endpos	nMajor	nMinor
TCGA-96-7544	1	61735	41017955	2	0
TCGA-96-7544	1	41018091	120410361	1	0
TCGA-96-7544	1	120411183	120425803	4	1
TCGA-96-7544	1	120425982	121482979	3	1
TCGA-96-7544	1	144007049	152626061	4	1
TCGA-96-7544	1	152626170	249224388	1	1
TCGA-96-7544	2	12784	73399747	1	1
TCGA-96-7544	2	73406828	74080373	1	0
TCGA-96-7544	2	74080913	77642679	1	1
TCGA-96-7544	2	77646452	78301879	1	0
TCGA-96-7544	2	78302215	84786241	1	1
TCGA-96-7544	2	84787385	85818488	2	1
TCGA-96-7544	2	85818886	141572694	1	1
TCGA-96-7544	2	141572741	141656955	1	0
TCGA-96-7544	2	141659026	142372263	0	0
TCGA-96-7544	2	142372298	142504546	1	0
TCGA-96-7544	2	142505730	191227073	1	1
TCGA-96-7544	2	191227492	195119051	3	1
TCGA-96-7544	2	195120130	203511571	2	1
TCGA-96-7544	2	203512030	207821645	3	1
TCGA-96-7544	2	207823389	211740995	4	1
TCGA-96-7544	2	211744084	235660357	1	0
TCGA-96-7544	2	235660873	241169221	2	0
TCGA-96-7544	2	241171347	243089456	1	0
TCGA-96-7544	3	60345	76399199	1	0
TCGA-96-7544	3	76399399	90455162	0	0
TCGA-96-7544	3	90485636	103447896	2	1
TCGA-96-7544	3	103453775	111405616	1	1
TCGA-96-7544	3	111406088	114914688	2	1
TCGA-96-7544	3	114918294	115546380	3	1
TCGA-96-7544	3	115546472	174586517	2	1
TCGA-96-7544	3	174587072	177508240	3	1
TCGA-96-7544	3	177508621	197896118	2	1
TCGA-96-7544	4	12281	91859714	1	1
TCGA-96-7544	4	91861242	92250403	1	0
TCGA-96-7544	4	92252092	126356099	1	1
TCGA-96-7544	4	126356626	186908125	1	0
TCGA-96-7544	4	186908343	191027923	0	0
TCGA-96-7544	5	15532	46382652	3	1
TCGA-96-7544	5	46383335	180790320	1	0
TCGA-96-7544	6	149661	54113437	1	0
TCGA-96-7544	6	54114066	94056662	1	1
TCGA-96-7544	6	94056913	121296117	1	0
TCGA-96-7544	6	121296416	125918816	4	1
TCGA-96-7544	6	125919274	134378332	1	1
TCGA-96-7544	6	134379869	134676890	1	0
TCGA-96-7544	6	134677911	135859887	3	1
TCGA-96-7544	6	135860414	135868131	2	1
TCGA-96-7544	6	135875516	140360195	1	0
TCGA-96-7544	6	140364542	140838104	11	1
TCGA-96-7544	6	140839324	143007993	4	1
TCGA-96-7544	6	143010934	150944728	1	0
TCGA-96-7544	6	150945215	153457302	1	1
TCGA-96-7544	6	153457680	155092233	1	0
TCGA-96-7544	6	155094544	162841431	1	1
TCGA-96-7544	6	162841446	163070331	1	0
TCGA-96-7544	6	163070817	171051005	1	1
TCGA-96-7544	7	43259	55736623	1	1
TCGA-96-7544	7	55736660	56762113	2	1
TCGA-96-7544	7	56768007	70169449	1	1
TCGA-96-7544	7	70171159	71065519	3	1
TCGA-96-7544	7	71066926	72975162	2	1
TCGA-96-7544	7	72977864	88201030	1	0
TCGA-96-7544	7	88202871	141012727	1	1
TCGA-96-7544	7	141013005	159127004	2	1
TCGA-96-7544	8	31254	3328571	1	0
TCGA-96-7544	8	3328882	3523990	0	0
TCGA-96-7544	8	3525667	37958809	1	0
TCGA-96-7544	8	37960281	38614107	8	1
TCGA-96-7544	8	38615855	42955603	2	1
TCGA-96-7544	8	42957634	50658722	1	1
TCGA-96-7544	8	50658768	69597445	2	1
TCGA-96-7544	8	69597690	146298155	2	0
TCGA-96-7544	9	46587	10389420	1	1
TCGA-96-7544	9	10389895	30201118	1	0
TCGA-96-7544	9	30202247	32088080	2	1
TCGA-96-7544	9	32088304	36133710	3	1
TCGA-96-7544	9	36135424	47217176	1	1
TCGA-96-7544	9	65616971	141091394	1	0
TCGA-96-7544	10	72759	20467173	1	1
TCGA-96-7544	10	20467230	20790226	2	1
TCGA-96-7544	10	20790236	135506704	1	1
TCGA-96-7544	11	198572	47754691	1	0
TCGA-96-7544	11	47759294	68997672	1	1
TCGA-96-7544	11	69000967	102676891	2	1
TCGA-96-7544	11	102679401	119399259	2	0
TCGA-96-7544	11	119400079	133636132	3	0
TCGA-96-7544	11	133636633	134009253	3	1
TCGA-96-7544	11	134009860	134944770	3	0
TCGA-96-7544	12	150442	7023022	2	1
TCGA-96-7544	12	7023123	91129466	1	1
TCGA-96-7544	12	91130028	91395834	2	1
TCGA-96-7544	12	91396006	133778189	1	1
TCGA-96-7544	13	19026949	115108397	1	0
TCGA-96-7544	14	19002124	22988571	1	1
TCGA-96-7544	14	22993720	24127064	2	1
TCGA-96-7544	14	24128564	31079983	1	1
TCGA-96-7544	14	31080092	32877796	2	1
TCGA-96-7544	14	32878648	62371953	1	1
TCGA-96-7544	14	62372420	62502327	1	0
TCGA-96-7544	14	62502684	107285437	1	1
TCGA-96-7544	15	20016328	55590605	1	1
TCGA-96-7544	15	55596703	56435256	2	1
TCGA-96-7544	15	56436357	76495018	1	1
TCGA-96-7544	15	76495088	76719839	1	0
TCGA-96-7544	15	76719880	98779862	1	1
TCGA-96-7544	15	98781880	102469040	2	1
TCGA-96-7544	16	60777	59813391	1	0
TCGA-96-7544	16	59816065	70855479	1	1
TCGA-96-7544	16	70855633	71201073	2	1
TCGA-96-7544	16	71202489	79010613	1	1
TCGA-96-7544	16	79011173	79265247	1	0
TCGA-96-7544	16	79265685	90287535	1	1
TCGA-96-7544	17	526	21547737	1	0
TCGA-96-7544	17	21549157	35588986	1	1
TCGA-96-7544	17	35589338	37513619	1	0
TCGA-96-7544	17	37516722	39124046	2	1
TCGA-96-7544	17	39126662	40105517	3	1
TCGA-96-7544	17	40109267	49244747	1	0
TCGA-96-7544	17	49246345	52645863	2	0
TCGA-96-7544	17	52646103	53419257	4	0
TCGA-96-7544	17	53419715	65280106	3	0
TCGA-96-7544	17	65283092	70150518	4	0
TCGA-96-7544	17	70150581	72372512	3	0
TCGA-96-7544	17	72374254	74057289	5	0
TCGA-96-7544	17	74060113	81049726	1	0
TCGA-96-7544	18	48133	78015057	1	1
TCGA-96-7544	19	90910	50271502	1	1
TCGA-96-7544	19	50271924	59097854	2	1
TCGA-96-7544	20	61305	13692379	1	0
TCGA-96-7544	20	13692422	14596779	2	0
TCGA-96-7544	20	14599435	15008029	0	0
TCGA-96-7544	20	15009054	20241575	2	0
TCGA-96-7544	20	20242788	23673126	1	0
TCGA-96-7544	20	23675377	62956153	1	1
TCGA-96-7544	21	10736871	22202037	1	1
TCGA-96-7544	21	22202228	22517132	2	1
TCGA-96-7544	21	22517189	48096957	1	1
TCGA-96-7544	22	16052528	51234455	2	0
TCGA-96-7544	X	168477	46152237	1	0
TCGA-96-7544	X	46152306	46286038	2	0
TCGA-96-7544	X	46291221	107440344	1	0
TCGA-96-7544	X	107442648	107643023	3	0
TCGA-96-7544	X	107645686	107828468	0	0
TCGA-96-7544	X	107828833	125009296	1	0
TCGA-96-7544	X	125016213	125163770	0	0
TCGA-96-7544	X	125166776	155233846	1	0
