sample	chr	startpos	endpos	nMajor	nMinor
TCGA-A8-A09D	1	61735	86290704	1	1
TCGA-A8-A09D	1	86297572	121482979	1	0
TCGA-A8-A09D	1	144007049	170096416	1	1
TCGA-A8-A09D	1	170097069	170483093	2	1
TCGA-A8-A09D	1	170488609	225496397	1	1
TCGA-A8-A09D	1	225496699	228801038	2	1
TCGA-A8-A09D	1	228802765	249224388	1	1
TCGA-A8-A09D	2	12784	50724002	1	1
TCGA-A8-A09D	2	50724375	52524576	2	1
TCGA-A8-A09D	2	52524868	69994645	1	1
TCGA-A8-A09D	2	69995008	74450782	2	1
TCGA-A8-A09D	2	74451152	95686036	1	1
TCGA-A8-A09D	2	95687104	162872552	1	0
TCGA-A8-A09D	2	162874170	243089456	1	1
TCGA-A8-A09D	3	60345	188950	1	1
TCGA-A8-A09D	3	190411	477192	4	1
TCGA-A8-A09D	3	478914	2082992	2	1
TCGA-A8-A09D	3	2083361	3035852	6	1
TCGA-A8-A09D	3	3037016	5173884	4	1
TCGA-A8-A09D	3	5180451	7509984	2	1
TCGA-A8-A09D	3	7518772	8672045	4	1
TCGA-A8-A09D	3	8672772	8717341	2	0
TCGA-A8-A09D	3	8729551	9244909	1	0
TCGA-A8-A09D	3	9245529	10294270	2	1
TCGA-A8-A09D	3	10295537	12611578	1	0
TCGA-A8-A09D	3	12615580	13563124	2	1
TCGA-A8-A09D	3	13565953	18090683	4	1
TCGA-A8-A09D	3	18093080	20094566	2	1
TCGA-A8-A09D	3	20095226	26274423	4	1
TCGA-A8-A09D	3	26274934	48092118	1	0
TCGA-A8-A09D	3	48104038	50003832	2	0
TCGA-A8-A09D	3	50004209	87209414	1	0
TCGA-A8-A09D	3	87210487	87611247	1	1
TCGA-A8-A09D	3	87614885	90365233	1	0
TCGA-A8-A09D	3	90370298	172444887	1	1
TCGA-A8-A09D	3	172445095	173432639	2	1
TCGA-A8-A09D	3	173435228	197896118	1	1
TCGA-A8-A09D	4	12281	117150765	1	1
TCGA-A8-A09D	4	117155088	118799771	2	1
TCGA-A8-A09D	4	118800506	191027923	1	1
TCGA-A8-A09D	5	15532	180790320	1	1
TCGA-A8-A09D	6	149661	86279064	1	1
TCGA-A8-A09D	6	86279737	89626781	1	0
TCGA-A8-A09D	6	89628896	170041811	1	1
TCGA-A8-A09D	6	170043646	171051005	2	1
TCGA-A8-A09D	7	43259	127343028	1	1
TCGA-A8-A09D	7	127345809	128620995	1	0
TCGA-A8-A09D	7	128621565	159127004	1	1
TCGA-A8-A09D	8	31254	55957356	1	1
TCGA-A8-A09D	8	55957426	56609313	1	0
TCGA-A8-A09D	8	56609388	57610697	1	1
TCGA-A8-A09D	8	57610829	60813865	1	0
TCGA-A8-A09D	8	60815873	64080833	8	1
TCGA-A8-A09D	8	64090684	70405351	11	1
TCGA-A8-A09D	8	70409280	71560927	1	0
TCGA-A8-A09D	8	71564232	72986618	8	1
TCGA-A8-A09D	8	72987277	78028006	15	1
TCGA-A8-A09D	8	78028078	80502787	1	0
TCGA-A8-A09D	8	80511331	81110968	1	1
TCGA-A8-A09D	8	81112370	90405395	1	0
TCGA-A8-A09D	8	90413247	93224111	12	1
TCGA-A8-A09D	8	93226038	94709856	1	0
TCGA-A8-A09D	8	94720635	95330575	5	1
TCGA-A8-A09D	8	95336832	96317910	12	1
TCGA-A8-A09D	8	96320184	97244169	5	1
TCGA-A8-A09D	8	97247469	100067935	2	1
TCGA-A8-A09D	8	100073446	100460268	7	4
TCGA-A8-A09D	8	100464246	100653857	6	3
TCGA-A8-A09D	8	100654313	101420754	2	1
TCGA-A8-A09D	8	101423375	102344226	7	1
TCGA-A8-A09D	8	102345772	103355264	14	0
TCGA-A8-A09D	8	103363354	106857894	5	1
TCGA-A8-A09D	8	106870684	113278818	1	0
TCGA-A8-A09D	8	113281864	113532318	7	1
TCGA-A8-A09D	8	113532725	115487251	12	1
TCGA-A8-A09D	8	115487862	115662781	6	0
TCGA-A8-A09D	8	115665386	115871451	13	1
TCGA-A8-A09D	8	115871835	117412341	16	1
TCGA-A8-A09D	8	117413177	117549951	9	1
TCGA-A8-A09D	8	117556270	117760027	4	1
TCGA-A8-A09D	8	117763873	118675255	1	0
TCGA-A8-A09D	8	118675594	119278437	1	1
TCGA-A8-A09D	8	119279553	119744162	4	1
TCGA-A8-A09D	8	119744186	124416004	1	0
TCGA-A8-A09D	8	124416116	128458151	5	1
TCGA-A8-A09D	8	128458309	129194586	9	1
TCGA-A8-A09D	8	129194850	143844337	1	0
TCGA-A8-A09D	8	143844650	146116886	1	1
TCGA-A8-A09D	8	146119219	146298155	1	0
TCGA-A8-A09D	9	46587	47217176	1	1
TCGA-A8-A09D	9	65616971	72156110	2	1
TCGA-A8-A09D	9	72157187	103478040	1	1
TCGA-A8-A09D	9	103479306	104773210	2	1
TCGA-A8-A09D	9	104773565	141091394	1	1
TCGA-A8-A09D	10	72759	1890786	1	0
TCGA-A8-A09D	10	1890927	2966470	1	1
TCGA-A8-A09D	10	2966644	3173350	1	0
TCGA-A8-A09D	10	3173364	5161928	1	1
TCGA-A8-A09D	10	5161955	12516850	2	1
TCGA-A8-A09D	10	12517891	12704191	7	1
TCGA-A8-A09D	10	12704845	13815790	11	0
TCGA-A8-A09D	10	13816734	14353426	8	1
TCGA-A8-A09D	10	14353545	23324361	2	1
TCGA-A8-A09D	10	23324509	24005730	4	1
TCGA-A8-A09D	10	24006105	24537108	6	1
TCGA-A8-A09D	10	24539269	25642298	3	1
TCGA-A8-A09D	10	25643525	26020315	7	1
TCGA-A8-A09D	10	26020424	26981625	1	1
TCGA-A8-A09D	10	26982406	27372035	2	1
TCGA-A8-A09D	10	27375268	27832854	4	1
TCGA-A8-A09D	10	27832973	28226825	3	1
TCGA-A8-A09D	10	28228865	29629267	1	0
TCGA-A8-A09D	10	29629762	29763588	2	1
TCGA-A8-A09D	10	29763659	135506704	1	1
TCGA-A8-A09D	11	198572	42640669	1	1
TCGA-A8-A09D	11	42641312	44104222	1	0
TCGA-A8-A09D	11	44105868	44614458	4	1
TCGA-A8-A09D	11	44614583	46022934	9	1
TCGA-A8-A09D	11	46025864	46692235	13	1
TCGA-A8-A09D	11	46692870	47219794	5	1
TCGA-A8-A09D	11	47225243	47685025	1	1
TCGA-A8-A09D	11	47688044	47973639	4	2
TCGA-A8-A09D	11	47975794	48238722	3	2
TCGA-A8-A09D	11	48239497	49945282	1	0
TCGA-A8-A09D	11	49952545	50149040	5	0
TCGA-A8-A09D	11	50153729	69682271	1	1
TCGA-A8-A09D	11	69682511	71034906	2	1
TCGA-A8-A09D	11	71036186	74658385	1	1
TCGA-A8-A09D	11	74662550	134944770	1	0
TCGA-A8-A09D	12	150442	57630444	1	1
TCGA-A8-A09D	12	57639556	59103316	12	0
TCGA-A8-A09D	12	59109096	64545702	1	1
TCGA-A8-A09D	12	64546025	66386821	7	1
TCGA-A8-A09D	12	66388782	68648657	3	1
TCGA-A8-A09D	12	68652532	69102069	9	1
TCGA-A8-A09D	12	69102115	69776800	17	1
TCGA-A8-A09D	12	69777138	73440654	10	1
TCGA-A8-A09D	12	73441110	74450436	8	1
TCGA-A8-A09D	12	74462112	77662351	1	1
TCGA-A8-A09D	12	77662825	77687579	10	10
TCGA-A8-A09D	12	77687667	77994022	30	1
TCGA-A8-A09D	12	77994227	78597757	14	0
TCGA-A8-A09D	12	78598304	78780669	26	0
TCGA-A8-A09D	12	78782912	80611197	13	0
TCGA-A8-A09D	12	80613623	81197620	1	1
TCGA-A8-A09D	12	81197775	82345086	18	1
TCGA-A8-A09D	12	82354282	82625981	29	0
TCGA-A8-A09D	12	82627066	83207794	8	1
TCGA-A8-A09D	12	83215381	83408608	3	1
TCGA-A8-A09D	12	83409278	83518423	14	2
TCGA-A8-A09D	12	83524277	84502352	2	1
TCGA-A8-A09D	12	84505968	84552616	12	1
TCGA-A8-A09D	12	84553910	84666929	15	1
TCGA-A8-A09D	12	84667077	86774969	12	1
TCGA-A8-A09D	12	86776033	87096843	1	0
TCGA-A8-A09D	12	87098473	87098684	21	2
TCGA-A8-A09D	12	87101230	87841110	22	0
TCGA-A8-A09D	12	87841756	88531530	2	1
TCGA-A8-A09D	12	88531716	92494875	1	0
TCGA-A8-A09D	12	92501655	92506124	7	2
TCGA-A8-A09D	12	92506140	92566675	11	2
TCGA-A8-A09D	12	92570736	93189057	2	1
TCGA-A8-A09D	12	93203949	94404928	10	1
TCGA-A8-A09D	12	94405354	94859255	5	1
TCGA-A8-A09D	12	94862856	123492234	1	0
TCGA-A8-A09D	12	123492935	123988891	13	2
TCGA-A8-A09D	12	123989250	131104588	1	0
TCGA-A8-A09D	12	131108254	131632698	7	1
TCGA-A8-A09D	12	131633111	133778189	1	0
TCGA-A8-A09D	13	19026949	58741321	1	1
TCGA-A8-A09D	13	58743384	59744110	2	1
TCGA-A8-A09D	13	59744491	74480164	1	1
TCGA-A8-A09D	13	74491265	76219834	2	1
TCGA-A8-A09D	13	76219871	115108397	1	1
TCGA-A8-A09D	14	19002124	22404674	3	1
TCGA-A8-A09D	14	22405392	22978760	6	2
TCGA-A8-A09D	14	22978775	24984700	3	1
TCGA-A8-A09D	14	24993513	36123284	1	1
TCGA-A8-A09D	14	36126174	36953077	7	0
TCGA-A8-A09D	14	36953338	37664143	4	1
TCGA-A8-A09D	14	37671059	40060516	11	0
TCGA-A8-A09D	14	40062016	41505110	20	0
TCGA-A8-A09D	14	41507622	42098084	4	0
TCGA-A8-A09D	14	42098137	43002363	4	1
TCGA-A8-A09D	14	43002847	46886860	2	1
TCGA-A8-A09D	14	46887591	49680827	1	0
TCGA-A8-A09D	14	49685814	50392544	1	1
TCGA-A8-A09D	14	50392720	51224658	1	0
TCGA-A8-A09D	14	51233099	52440889	2	1
TCGA-A8-A09D	14	52445663	54340626	1	1
TCGA-A8-A09D	14	54341548	56492996	4	1
TCGA-A8-A09D	14	56493445	64801030	5	1
TCGA-A8-A09D	14	64805832	64814357	2	0
TCGA-A8-A09D	14	64822109	102557220	1	0
TCGA-A8-A09D	14	102557643	104883184	2	0
TCGA-A8-A09D	14	104884605	107285437	3	0
TCGA-A8-A09D	15	20016328	93931949	1	1
TCGA-A8-A09D	15	93932747	95663071	2	1
TCGA-A8-A09D	15	95663092	102469040	1	1
TCGA-A8-A09D	16	60777	8454449	1	1
TCGA-A8-A09D	16	8458215	9318907	2	1
TCGA-A8-A09D	16	9320998	90287535	1	1
TCGA-A8-A09D	17	526	30784047	1	1
TCGA-A8-A09D	17	30785585	32123986	2	1
TCGA-A8-A09D	17	32124402	33492186	1	1
TCGA-A8-A09D	17	33492269	34477386	1	0
TCGA-A8-A09D	17	34477480	37393173	1	1
TCGA-A8-A09D	17	37396308	44131374	1	0
TCGA-A8-A09D	17	44135807	46944708	3	0
TCGA-A8-A09D	17	46945462	81049726	3	1
TCGA-A8-A09D	18	48133	6908726	1	1
TCGA-A8-A09D	18	6911133	12210088	1	0
TCGA-A8-A09D	18	12210447	19365539	2	1
TCGA-A8-A09D	18	19367837	20760247	1	0
TCGA-A8-A09D	18	20760855	23090432	1	1
TCGA-A8-A09D	18	23090707	58188627	1	0
TCGA-A8-A09D	18	58192263	59587550	2	1
TCGA-A8-A09D	18	59589585	62701034	1	0
TCGA-A8-A09D	18	62702950	65372854	1	1
TCGA-A8-A09D	18	65372872	68142414	1	0
TCGA-A8-A09D	18	68142714	71327332	1	1
TCGA-A8-A09D	18	71327754	78015057	1	0
TCGA-A8-A09D	19	90910	52668498	1	1
TCGA-A8-A09D	19	52668553	58055778	2	1
TCGA-A8-A09D	19	58056216	59097854	1	1
TCGA-A8-A09D	20	61305	13424744	1	1
TCGA-A8-A09D	20	13431697	15610171	2	1
TCGA-A8-A09D	20	15610241	45793967	1	1
TCGA-A8-A09D	20	45797639	47421064	19	1
TCGA-A8-A09D	20	47422388	47828402	29	0
TCGA-A8-A09D	20	47830408	48216346	9	1
TCGA-A8-A09D	20	48219011	50036343	1	1
TCGA-A8-A09D	20	50042220	51209884	7	1
TCGA-A8-A09D	20	51210712	51634045	17	0
TCGA-A8-A09D	20	51634220	52496001	23	0
TCGA-A8-A09D	20	52500103	53250421	17	1
TCGA-A8-A09D	20	53251559	53865183	1	1
TCGA-A8-A09D	20	53868218	54473486	19	0
TCGA-A8-A09D	20	54474123	57022297	17	0
TCGA-A8-A09D	20	57022497	58716335	5	1
TCGA-A8-A09D	20	58717668	58968412	13	1
TCGA-A8-A09D	20	58969278	59662263	8	1
TCGA-A8-A09D	20	59668806	60768185	16	0
TCGA-A8-A09D	20	60772583	62430238	2	1
TCGA-A8-A09D	20	62449320	62956153	1	0
TCGA-A8-A09D	21	10736871	18293657	1	1
TCGA-A8-A09D	21	18297166	19475689	2	1
TCGA-A8-A09D	21	19477128	21643723	1	1
TCGA-A8-A09D	21	21644193	24344989	4	1
TCGA-A8-A09D	21	24345235	24373103	3	1
TCGA-A8-A09D	21	24377829	29421756	1	0
TCGA-A8-A09D	21	29424927	29816493	7	1
TCGA-A8-A09D	21	29817710	31957308	11	1
TCGA-A8-A09D	21	31965261	32895351	1	0
TCGA-A8-A09D	21	32903888	48096957	2	1
TCGA-A8-A09D	22	16052528	33019955	2	1
TCGA-A8-A09D	22	33020619	51234455	1	0
TCGA-A8-A09D	X	168477	24830279	2	1
TCGA-A8-A09D	X	24830405	27261443	3	1
TCGA-A8-A09D	X	27263404	43073056	2	1
TCGA-A8-A09D	X	43075579	89536639	1	1
TCGA-A8-A09D	X	89536670	91994759	2	1
TCGA-A8-A09D	X	91998002	126029109	1	1
TCGA-A8-A09D	X	126029694	129291184	2	1
TCGA-A8-A09D	X	129294302	139271235	1	1
TCGA-A8-A09D	X	139271787	139684832	1	0
TCGA-A8-A09D	X	139685044	155233846	1	1
