sample	chr	startpos	endpos	nMajor	nMinor
TCGA-14-1825	1	61735	76681034	1	1
TCGA-14-1825	1	76681222	77181163	1	0
TCGA-14-1825	1	77181221	78037735	1	1
TCGA-14-1825	1	78037826	83314760	1	0
TCGA-14-1825	1	83315334	83782433	2	0
TCGA-14-1825	1	83783815	88436375	1	0
TCGA-14-1825	1	88440786	172781843	1	1
TCGA-14-1825	1	172782086	174311193	2	1
TCGA-14-1825	1	174324369	249224388	1	1
TCGA-14-1825	2	12784	10364272	1	1
TCGA-14-1825	2	10365152	11127974	1	0
TCGA-14-1825	2	11128741	243089456	1	1
TCGA-14-1825	3	60345	197896118	3	1
TCGA-14-1825	4	12281	53205285	1	1
TCGA-14-1825	4	53205315	57949439	2	1
TCGA-14-1825	4	57949460	191027923	1	1
TCGA-14-1825	5	15532	180790320	1	1
TCGA-14-1825	6	149661	72945366	1	1
TCGA-14-1825	6	72945492	74080379	1	0
TCGA-14-1825	6	74081528	171051005	1	1
TCGA-14-1825	7	43259	50147259	2	1
TCGA-14-1825	7	50147295	50743132	3	1
TCGA-14-1825	7	50744908	52781488	2	1
TCGA-14-1825	7	52782123	54190770	3	1
TCGA-14-1825	7	54190812	145862955	2	1
TCGA-14-1825	7	145863871	159127004	2	0
TCGA-14-1825	8	31254	146298155	2	1
TCGA-14-1825	9	46587	21338145	1	1
TCGA-14-1825	9	21340373	21735942	1	0
TCGA-14-1825	9	21741615	22778708	0	0
TCGA-14-1825	9	22779001	22976592	1	0
TCGA-14-1825	9	22982002	141091394	1	1
TCGA-14-1825	10	72759	52625773	1	0
TCGA-14-1825	10	52627572	53808859	0	0
TCGA-14-1825	10	53808908	89195742	1	0
TCGA-14-1825	10	89210990	91645526	0	0
TCGA-14-1825	10	91649717	135506704	1	0
TCGA-14-1825	11	198572	134944770	1	1
TCGA-14-1825	12	150442	133778189	1	1
TCGA-14-1825	13	19026949	115108397	1	1
TCGA-14-1825	14	19002124	79367597	1	0
TCGA-14-1825	14	79370322	107285437	1	1
TCGA-14-1825	15	20016328	102469040	1	1
TCGA-14-1825	16	60777	56130632	1	1
TCGA-14-1825	16	56132674	64281148	1	0
TCGA-14-1825	16	64281609	90287535	1	1
TCGA-14-1825	17	526	81049726	1	1
TCGA-14-1825	18	48133	68178291	1	1
TCGA-14-1825	18	68178657	70384562	1	0
TCGA-14-1825	18	70384897	78015057	1	1
TCGA-14-1825	19	90910	59097854	1	1
TCGA-14-1825	20	61305	62956153	1	1
TCGA-14-1825	21	10736871	48096957	1	1
TCGA-14-1825	22	16052528	51234455	1	1
TCGA-14-1825	X	168477	2694240	1	1
TCGA-14-1825	X	2703391	155233846	1	0
