sample	chr	startpos	endpos	nMajor	nMinor
TCGA-77-A5G7	1	61735	160413090	2	2
TCGA-77-A5G7	1	160414043	162304276	8	2
TCGA-77-A5G7	1	162304889	190171640	2	2
TCGA-77-A5G7	1	190175182	249224388	2	1
TCGA-77-A5G7	2	12784	45774457	2	2
TCGA-77-A5G7	2	45778947	49433046	4	1
TCGA-77-A5G7	2	49434168	102010997	2	2
TCGA-77-A5G7	2	102014754	103257149	8	2
TCGA-77-A5G7	2	103257560	104932031	3	2
TCGA-77-A5G7	2	104933167	243089456	2	1
TCGA-77-A5G7	3	60345	90502862	2	0
TCGA-77-A5G7	3	93519478	151638329	3	2
TCGA-77-A5G7	3	151645022	197896118	8	1
TCGA-77-A5G7	4	12281	43164276	1	1
TCGA-77-A5G7	4	43165259	52699776	3	2
TCGA-77-A5G7	4	52700771	54589798	5	4
TCGA-77-A5G7	4	54590029	56573718	6	5
TCGA-77-A5G7	4	56580147	73758650	5	4
TCGA-77-A5G7	4	73762643	79216887	4	3
TCGA-77-A5G7	4	79219257	177110568	3	0
TCGA-77-A5G7	4	177111940	191027923	1	1
TCGA-77-A5G7	5	15532	27451198	3	3
TCGA-77-A5G7	5	27451790	34005899	3	2
TCGA-77-A5G7	5	34005958	46382652	2	2
TCGA-77-A5G7	5	46383335	180790320	1	1
TCGA-77-A5G7	6	149661	33866059	2	2
TCGA-77-A5G7	6	33866907	171051005	2	1
TCGA-77-A5G7	7	43259	57868878	2	2
TCGA-77-A5G7	7	57873042	84736742	2	0
TCGA-77-A5G7	7	84738034	159127004	2	1
TCGA-77-A5G7	8	31254	4356993	3	3
TCGA-77-A5G7	8	4358383	4911046	2	1
TCGA-77-A5G7	8	4911296	6111900	6	2
TCGA-77-A5G7	8	6112281	22491880	5	0
TCGA-77-A5G7	8	22491980	36068854	2	0
TCGA-77-A5G7	8	36072563	36163858	9	4
TCGA-77-A5G7	8	36163913	36850018	25	3
TCGA-77-A5G7	8	36850991	38118376	2	1
TCGA-77-A5G7	8	38123797	38734581	17	3
TCGA-77-A5G7	8	38735352	146298155	2	2
TCGA-77-A5G7	9	46587	21954953	2	1
TCGA-77-A5G7	9	21956078	141091394	1	1
TCGA-77-A5G7	10	72759	49530906	3	2
TCGA-77-A5G7	10	49531583	50938744	6	2
TCGA-77-A5G7	10	50941867	98861880	2	0
TCGA-77-A5G7	10	98862313	135506704	2	2
TCGA-77-A5G7	11	198572	11407649	2	0
TCGA-77-A5G7	11	11412180	44253403	3	3
TCGA-77-A5G7	11	44254001	134944770	2	2
TCGA-77-A5G7	12	150442	30685911	3	3
TCGA-77-A5G7	12	30686071	65917358	2	2
TCGA-77-A5G7	12	65917502	133778189	2	1
TCGA-77-A5G7	13	19026949	27001055	2	2
TCGA-77-A5G7	13	27003500	115108397	1	1
TCGA-77-A5G7	14	19002124	107285437	1	1
TCGA-77-A5G7	15	20016328	102469040	2	2
TCGA-77-A5G7	16	60777	24276946	2	1
TCGA-77-A5G7	16	24277639	24888142	8	2
TCGA-77-A5G7	16	24888454	28076567	3	2
TCGA-77-A5G7	16	28077053	90287535	2	2
TCGA-77-A5G7	17	526	12881061	2	0
TCGA-77-A5G7	17	12881382	81049726	2	2
TCGA-77-A5G7	18	48133	2341015	2	2
TCGA-77-A5G7	18	2341382	14348468	1	1
TCGA-77-A5G7	18	14348517	21850617	2	2
TCGA-77-A5G7	18	21852735	22426496	7	2
TCGA-77-A5G7	18	22430429	40620875	2	2
TCGA-77-A5G7	18	40623932	41109457	7	2
TCGA-77-A5G7	18	41110629	78015057	2	2
TCGA-77-A5G7	19	90910	33530200	2	2
TCGA-77-A5G7	19	33530407	46742145	3	3
TCGA-77-A5G7	19	46742424	59097854	3	0
TCGA-77-A5G7	20	61305	6584604	2	1
TCGA-77-A5G7	20	6588425	10886293	3	3
TCGA-77-A5G7	20	10887156	12238030	8	2
TCGA-77-A5G7	20	12238436	14606400	3	2
TCGA-77-A5G7	20	14608923	32379768	2	1
TCGA-77-A5G7	20	32386191	62956153	4	1
TCGA-77-A5G7	21	10736871	17562437	3	3
TCGA-77-A5G7	21	17563269	18510681	3	0
TCGA-77-A5G7	21	18511448	21771757	3	2
TCGA-77-A5G7	21	21776409	22987496	13	3
TCGA-77-A5G7	21	22991291	28852359	2	2
TCGA-77-A5G7	21	28853324	40617328	2	1
TCGA-77-A5G7	21	40618487	47699856	2	0
TCGA-77-A5G7	21	47700498	48096957	3	3
TCGA-77-A5G7	22	16052528	25215934	2	2
TCGA-77-A5G7	22	25217740	31353761	3	2
TCGA-77-A5G7	22	31353825	51234455	2	2
TCGA-77-A5G7	X	168477	155233846	2	0
