sample	chr	startpos	endpos	nMajor	nMinor
TCGA-12-0618	1	61735	120415545	2	2
TCGA-12-0618	1	120415986	121482979	3	1
TCGA-12-0618	1	144007049	154725385	2	2
TCGA-12-0618	1	154725859	155008610	4	2
TCGA-12-0618	1	155009258	171437669	2	2
TCGA-12-0618	1	171442536	175042897	4	0
TCGA-12-0618	1	175043663	249224388	2	2
TCGA-12-0618	2	12784	243089456	2	2
TCGA-12-0618	3	60345	175830405	2	2
TCGA-12-0618	3	175831874	181725967	17	1
TCGA-12-0618	3	181731927	197896118	2	2
TCGA-12-0618	4	12281	10050266	2	2
TCGA-12-0618	4	10051672	10499212	3	1
TCGA-12-0618	4	10502334	73767281	2	2
TCGA-12-0618	4	73767343	75091781	3	1
TCGA-12-0618	4	75093304	191027923	2	2
TCGA-12-0618	5	15532	180790320	2	2
TCGA-12-0618	6	149661	152341548	2	2
TCGA-12-0618	6	152347858	153015725	4	2
TCGA-12-0618	6	153016233	171051005	2	2
TCGA-12-0618	7	43259	159127004	5	2
TCGA-12-0618	8	31254	146298155	2	2
TCGA-12-0618	9	46587	71642380	2	2
TCGA-12-0618	9	71642499	80410651	4	2
TCGA-12-0618	9	80414260	81088786	5	4
TCGA-12-0618	9	81094166	141091394	4	2
TCGA-12-0618	10	72759	54994016	2	0
TCGA-12-0618	10	54994079	55108129	1	0
TCGA-12-0618	10	55119025	135506704	2	0
TCGA-12-0618	11	198572	67466519	2	2
TCGA-12-0618	11	67467050	68051725	4	2
TCGA-12-0618	11	68055473	134944770	2	2
TCGA-12-0618	12	150442	57310929	2	2
TCGA-12-0618	12	57311687	57891804	4	0
TCGA-12-0618	12	57900341	58525130	49	0
TCGA-12-0618	12	58525282	58539198	72	2
TCGA-12-0618	12	58546066	59000183	4	0
TCGA-12-0618	12	59000282	86225664	2	2
TCGA-12-0618	12	86227913	88630099	3	1
TCGA-12-0618	12	88630600	133778189	2	2
TCGA-12-0618	13	19026949	115108397	2	2
TCGA-12-0618	14	19002124	77360309	2	2
TCGA-12-0618	14	77363243	77836036	4	2
TCGA-12-0618	14	77836113	107285437	2	2
TCGA-12-0618	15	20016328	102469040	1	1
TCGA-12-0618	16	60777	49997941	2	2
TCGA-12-0618	16	49998184	90287535	2	0
TCGA-12-0618	17	526	21901755	4	0
TCGA-12-0618	17	21909838	25929928	5	1
TCGA-12-0618	17	25931571	81049726	4	0
TCGA-12-0618	18	48133	78015057	2	2
TCGA-12-0618	19	90910	59097854	2	2
TCGA-12-0618	20	61305	62956153	2	2
TCGA-12-0618	21	10736871	48096957	2	2
TCGA-12-0618	22	16052528	51234455	2	2
TCGA-12-0618	X	168477	342775	3	1
TCGA-12-0618	X	343631	2703391	2	2
TCGA-12-0618	X	2703633	154979677	2	0
TCGA-12-0618	X	154983133	155233846	2	2
