sample	chr	startpos	endpos	nMajor	nMinor
TCGA-27-1834	1	61735	204258019	2	2
TCGA-27-1834	1	204260598	204890299	27	1
TCGA-27-1834	1	204890731	249224388	2	2
TCGA-27-1834	2	12784	65410574	2	2
TCGA-27-1834	2	65411413	66880829	2	0
TCGA-27-1834	2	66881076	111791496	2	2
TCGA-27-1834	2	111791567	112367825	1	0
TCGA-27-1834	2	112373169	115676831	2	2
TCGA-27-1834	2	115677500	115855507	2	1
TCGA-27-1834	2	115856337	243089456	2	2
TCGA-27-1834	3	60345	197896118	3	2
TCGA-27-1834	4	12281	54828430	2	2
TCGA-27-1834	4	54834446	55452412	19	2
TCGA-27-1834	4	55455016	164805779	2	2
TCGA-27-1834	4	164809025	165465068	3	2
TCGA-27-1834	4	165465584	191027923	2	2
TCGA-27-1834	5	15532	180790320	2	1
TCGA-27-1834	6	149661	171051005	2	1
TCGA-27-1834	7	43259	159127004	4	2
TCGA-27-1834	8	31254	3711034	2	2
TCGA-27-1834	8	3711050	3958021	2	1
TCGA-27-1834	8	3958308	146298155	2	2
TCGA-27-1834	9	46587	21104446	4	0
TCGA-27-1834	9	21106901	26652686	0	0
TCGA-27-1834	9	26655685	141091394	4	0
TCGA-27-1834	10	72759	52085574	2	0
TCGA-27-1834	10	52088733	59379502	0	0
TCGA-27-1834	10	59379567	135506704	2	0
TCGA-27-1834	11	198572	79959250	2	1
TCGA-27-1834	11	79959864	80249733	1	0
TCGA-27-1834	11	80251018	80499463	0	0
TCGA-27-1834	11	80499561	134944770	2	2
TCGA-27-1834	12	150442	133778189	3	0
TCGA-27-1834	13	19026949	115108397	2	0
TCGA-27-1834	14	19002124	107285437	2	0
TCGA-27-1834	15	20016328	102469040	2	0
TCGA-27-1834	16	60777	20869265	2	1
TCGA-27-1834	16	20870783	24173614	1	0
TCGA-27-1834	16	24178207	49241889	2	1
TCGA-27-1834	16	49249894	53334316	1	0
TCGA-27-1834	16	53339279	90287535	2	1
TCGA-27-1834	17	526	38077601	2	2
TCGA-27-1834	17	38079231	38850979	2	0
TCGA-27-1834	17	38851024	39760072	2	2
TCGA-27-1834	17	39760223	40658366	2	0
TCGA-27-1834	17	40670175	81049726	2	2
TCGA-27-1834	18	48133	78015057	2	1
TCGA-27-1834	19	90910	59097854	2	1
TCGA-27-1834	20	61305	62956153	2	2
TCGA-27-1834	21	10736871	48096957	2	1
TCGA-27-1834	22	16052528	51234455	3	0
TCGA-27-1834	X	168477	2703391	3	1
TCGA-27-1834	X	2703633	155233846	2	0
