sample	chr	startpos	endpos	nMajor	nMinor
TCGA-BR-6455	1	61735	249224388	1	1
TCGA-BR-6455	2	12784	241777288	1	1
TCGA-BR-6455	2	241778252	241913612	1	0
TCGA-BR-6455	2	241922182	243089456	1	1
TCGA-BR-6455	3	60345	60351907	1	1
TCGA-BR-6455	3	60354626	60659133	1	0
TCGA-BR-6455	3	60659567	197896118	1	1
TCGA-BR-6455	4	12281	191027923	1	1
TCGA-BR-6455	5	15532	180790320	1	1
TCGA-BR-6455	6	149661	171051005	1	1
TCGA-BR-6455	7	43259	124239051	1	1
TCGA-BR-6455	7	124240099	124569742	1	0
TCGA-BR-6455	7	124572805	159127004	1	1
TCGA-BR-6455	8	31254	129195462	2	1
TCGA-BR-6455	8	129197073	129376519	2	0
TCGA-BR-6455	8	129376660	146298155	2	1
TCGA-BR-6455	9	46587	141091394	1	1
TCGA-BR-6455	10	72759	89545826	2	0
TCGA-BR-6455	10	89549252	89788682	0	0
TCGA-BR-6455	10	89791154	135506704	2	0
TCGA-BR-6455	11	198572	134944770	2	1
TCGA-BR-6455	12	150442	126671030	1	1
TCGA-BR-6455	12	126671907	127064987	1	0
TCGA-BR-6455	12	127065015	133778189	1	1
TCGA-BR-6455	13	19026949	115108397	1	1
TCGA-BR-6455	14	19002124	107285437	1	1
TCGA-BR-6455	15	20016328	102469040	2	0
TCGA-BR-6455	16	60777	90287535	1	1
TCGA-BR-6455	17	526	81049726	1	1
TCGA-BR-6455	18	48133	78015057	1	1
TCGA-BR-6455	19	90910	59097854	1	1
TCGA-BR-6455	20	61305	62956153	2	1
TCGA-BR-6455	21	10736871	48096957	1	1
TCGA-BR-6455	22	16052528	51234455	1	1
TCGA-BR-6455	X	168477	2694240	1	1
TCGA-BR-6455	X	2703391	155233846	1	0
