sample	chr	startpos	endpos	nMajor	nMinor
TCGA-HD-7832	1	61735	12835868	2	2
TCGA-HD-7832	1	12836442	14696963	3	2
TCGA-HD-7832	1	14697489	91885401	2	2
TCGA-HD-7832	1	91888637	92294333	2	1
TCGA-HD-7832	1	92296222	106598527	2	2
TCGA-HD-7832	1	106599395	108721468	3	2
TCGA-HD-7832	1	108726460	154192380	2	2
TCGA-HD-7832	1	154197126	236935123	4	0
TCGA-HD-7832	1	236935530	239611483	5	0
TCGA-HD-7832	1	239611507	241072158	3	0
TCGA-HD-7832	1	241075524	249224388	4	0
TCGA-HD-7832	2	12784	137038105	2	2
TCGA-HD-7832	2	137038717	140955843	3	2
TCGA-HD-7832	2	140956836	166560020	2	2
TCGA-HD-7832	2	166576557	168141365	2	1
TCGA-HD-7832	2	168142249	183956939	2	2
TCGA-HD-7832	2	183961668	184097520	1	0
TCGA-HD-7832	2	184101146	243089456	2	2
TCGA-HD-7832	3	60345	20366870	2	0
TCGA-HD-7832	3	20367901	20512754	0	0
TCGA-HD-7832	3	20512768	54615338	2	0
TCGA-HD-7832	3	54617456	56007111	1	0
TCGA-HD-7832	3	56010702	90417948	2	0
TCGA-HD-7832	3	90418659	175250534	4	2
TCGA-HD-7832	3	175261005	175412676	1	0
TCGA-HD-7832	3	175417373	197896118	4	2
TCGA-HD-7832	4	12281	191027923	2	2
TCGA-HD-7832	5	15532	28019936	2	2
TCGA-HD-7832	5	28020408	31685320	4	2
TCGA-HD-7832	5	31687028	32091842	5	2
TCGA-HD-7832	5	32094654	115888522	4	2
TCGA-HD-7832	5	115892073	168590436	6	0
TCGA-HD-7832	5	168591154	169823446	5	0
TCGA-HD-7832	5	169823541	180790320	6	0
TCGA-HD-7832	6	149661	37188409	4	0
TCGA-HD-7832	6	37188494	130134314	2	2
TCGA-HD-7832	6	130134676	134458210	2	1
TCGA-HD-7832	6	134459989	171051005	2	2
TCGA-HD-7832	7	43259	10561237	4	2
TCGA-HD-7832	7	10563482	76216384	2	2
TCGA-HD-7832	7	76216621	85370543	2	1
TCGA-HD-7832	7	85370965	93404220	2	2
TCGA-HD-7832	7	93404311	94573288	2	1
TCGA-HD-7832	7	94578523	159127004	2	2
TCGA-HD-7832	8	31254	46847534	2	2
TCGA-HD-7832	8	46863535	66689776	7	2
TCGA-HD-7832	8	66691115	81054391	6	2
TCGA-HD-7832	8	81057006	105362671	7	2
TCGA-HD-7832	8	105362842	108973185	6	2
TCGA-HD-7832	8	108974620	118032087	7	2
TCGA-HD-7832	8	118034184	146298155	6	2
TCGA-HD-7832	9	46587	15829263	2	2
TCGA-HD-7832	9	15829503	16904047	2	1
TCGA-HD-7832	9	16904080	47217176	2	2
TCGA-HD-7832	9	65616971	73700861	9	1
TCGA-HD-7832	9	73701553	90928683	11	1
TCGA-HD-7832	9	90929219	92243153	9	1
TCGA-HD-7832	9	92243194	101133138	10	1
TCGA-HD-7832	9	101135075	102164537	9	1
TCGA-HD-7832	9	102166363	119550507	10	1
TCGA-HD-7832	9	119552586	122802829	11	1
TCGA-HD-7832	9	122803658	141091394	10	1
TCGA-HD-7832	10	72759	20225654	2	2
TCGA-HD-7832	10	20225688	24692189	3	2
TCGA-HD-7832	10	24693571	24846703	2	0
TCGA-HD-7832	10	24847673	27882825	3	2
TCGA-HD-7832	10	27883046	135506704	2	2
TCGA-HD-7832	11	198572	134944770	2	2
TCGA-HD-7832	12	150442	31505014	2	2
TCGA-HD-7832	12	31508331	42304688	3	2
TCGA-HD-7832	12	42304789	133778189	2	2
TCGA-HD-7832	13	19026949	23678599	4	0
TCGA-HD-7832	13	23678754	25024705	3	0
TCGA-HD-7832	13	25025917	48829319	4	0
TCGA-HD-7832	13	48831584	48911390	0	0
TCGA-HD-7832	13	48917439	62329070	4	0
TCGA-HD-7832	13	62332871	68180116	3	0
TCGA-HD-7832	13	68186686	93151802	4	2
TCGA-HD-7832	13	93151860	95366918	4	1
TCGA-HD-7832	13	95367349	115108397	4	2
TCGA-HD-7832	14	19002124	21371774	4	2
TCGA-HD-7832	14	21373817	21748313	13	2
TCGA-HD-7832	14	21752210	23006227	10	2
TCGA-HD-7832	14	23010444	23571671	2	0
TCGA-HD-7832	14	23571771	81451052	2	2
TCGA-HD-7832	14	81451229	82844973	3	2
TCGA-HD-7832	14	82845119	97556508	2	2
TCGA-HD-7832	14	97557106	99649091	3	2
TCGA-HD-7832	14	99649563	107285437	2	2
TCGA-HD-7832	15	20016328	25385630	2	2
TCGA-HD-7832	15	25385657	26487657	2	1
TCGA-HD-7832	15	26488219	47408606	2	2
TCGA-HD-7832	15	47409044	50512199	2	1
TCGA-HD-7832	15	50512213	102469040	2	2
TCGA-HD-7832	16	60777	78504182	2	2
TCGA-HD-7832	16	78504236	79158814	2	0
TCGA-HD-7832	16	79158825	90287535	2	2
TCGA-HD-7832	17	526	46077360	2	2
TCGA-HD-7832	17	46077882	81049726	4	2
TCGA-HD-7832	18	48133	23233594	2	2
TCGA-HD-7832	18	23234317	25223384	3	2
TCGA-HD-7832	18	25223548	27718317	2	2
TCGA-HD-7832	18	27719862	29688927	3	2
TCGA-HD-7832	18	29688986	42595339	2	2
TCGA-HD-7832	18	42595844	43302029	2	1
TCGA-HD-7832	18	43303834	78015057	2	2
TCGA-HD-7832	19	90910	59097854	2	2
TCGA-HD-7832	20	61305	7944839	2	2
TCGA-HD-7832	20	7946048	9612418	2	1
TCGA-HD-7832	20	9612436	62956153	2	2
TCGA-HD-7832	21	10736871	48096957	2	2
TCGA-HD-7832	22	16052528	51234455	2	2
TCGA-HD-7832	X	168477	2694240	2	2
TCGA-HD-7832	X	2703391	89536405	2	0
TCGA-HD-7832	X	89536639	89536670	0	0
TCGA-HD-7832	X	89537685	89601623	1	0
TCGA-HD-7832	X	89607071	154913205	2	0
TCGA-HD-7832	X	154915975	155233846	3	1
