sample	chr	startpos	endpos	nMajor	nMinor
TCGA-AK-3436-b	1	61735	5512669	2	1
TCGA-AK-3436-b	1	5513225	12440920	1	1
TCGA-AK-3436-b	1	12443218	22887505	2	1
TCGA-AK-3436-b	1	22889554	27266660	1	1
TCGA-AK-3436-b	1	27272844	52256884	2	1
TCGA-AK-3436-b	1	52263882	64098188	1	1
TCGA-AK-3436-b	1	64098289	65699894	2	1
TCGA-AK-3436-b	1	65703484	72195843	1	1
TCGA-AK-3436-b	1	72199451	72692630	1	0
TCGA-AK-3436-b	1	72693313	121172329	1	1
TCGA-AK-3436-b	1	121172840	249224388	2	1
TCGA-AK-3436-b	2	12784	243089456	2	1
TCGA-AK-3436-b	3	60345	83645063	2	0
TCGA-AK-3436-b	3	83646186	83654806	3	0
TCGA-AK-3436-b	3	83656001	197896118	2	2
TCGA-AK-3436-b	4	12281	191027923	1	1
TCGA-AK-3436-b	5	15532	46246660	4	2
TCGA-AK-3436-b	5	46251306	137563983	4	1
TCGA-AK-3436-b	5	137568867	161221041	6	1
TCGA-AK-3436-b	5	161221088	167185908	7	1
TCGA-AK-3436-b	5	167186884	180790320	6	1
TCGA-AK-3436-b	6	149661	171051005	1	1
TCGA-AK-3436-b	7	43259	159127004	3	1
TCGA-AK-3436-b	8	31254	43778914	1	0
TCGA-AK-3436-b	8	43780295	79135222	3	0
TCGA-AK-3436-b	8	79139456	79395651	1	0
TCGA-AK-3436-b	8	79396198	146298155	3	0
TCGA-AK-3436-b	9	46587	141091394	1	1
TCGA-AK-3436-b	10	72759	135506704	2	1
TCGA-AK-3436-b	11	198572	134944770	2	1
TCGA-AK-3436-b	12	150442	133778189	2	2
TCGA-AK-3436-b	13	19026949	115108397	2	1
TCGA-AK-3436-b	14	19002124	107285437	1	1
TCGA-AK-3436-b	15	20016328	102469040	2	1
TCGA-AK-3436-b	16	60777	63522359	2	1
TCGA-AK-3436-b	16	63522695	63659175	2	0
TCGA-AK-3436-b	16	63662041	90287535	2	1
TCGA-AK-3436-b	17	526	81049726	1	1
TCGA-AK-3436-b	18	48133	78015057	1	1
TCGA-AK-3436-b	19	90910	24507124	2	1
TCGA-AK-3436-b	19	24507134	59097854	2	2
TCGA-AK-3436-b	20	61305	62956153	2	1
TCGA-AK-3436-b	21	10736871	48096957	2	1
TCGA-AK-3436-b	22	16052528	51234455	2	1
TCGA-AK-3436-b	X	168477	2694240	2	1
TCGA-AK-3436-b	X	2703391	91426771	2	0
TCGA-AK-3436-b	X	91426859	91479576	1	0
TCGA-AK-3436-b	X	91483169	98495824	2	0
TCGA-AK-3436-b	X	98496357	144266185	1	0
TCGA-AK-3436-b	X	144268720	155233846	2	0
