sample	chr	startpos	endpos	nMajor	nMinor
TCGA-CL-4957	1	61735	29870380	2	1
TCGA-CL-4957	1	29870454	30221765	2	0
TCGA-CL-4957	1	30221890	49352177	2	1
TCGA-CL-4957	1	49352725	49527928	2	0
TCGA-CL-4957	1	49528319	189503121	2	1
TCGA-CL-4957	1	189505540	189689527	2	0
TCGA-CL-4957	1	189690018	249224388	2	1
TCGA-CL-4957	2	12784	170548743	2	1
TCGA-CL-4957	2	170552779	243089456	2	2
TCGA-CL-4957	3	60345	47841470	2	1
TCGA-CL-4957	3	47842274	48421774	2	0
TCGA-CL-4957	3	48422235	83191786	2	1
TCGA-CL-4957	3	83195161	85073225	1	1
TCGA-CL-4957	3	85081790	138288045	2	1
TCGA-CL-4957	3	138296968	197896118	2	2
TCGA-CL-4957	4	12281	86648745	2	1
TCGA-CL-4957	4	86649585	87689438	2	0
TCGA-CL-4957	4	87689451	107257535	2	1
TCGA-CL-4957	4	107257696	138858199	2	0
TCGA-CL-4957	4	138858851	170734766	2	1
TCGA-CL-4957	4	170736620	172661613	2	0
TCGA-CL-4957	4	172661677	181283392	2	1
TCGA-CL-4957	4	181286686	183416379	2	0
TCGA-CL-4957	4	183419511	191027923	2	1
TCGA-CL-4957	5	15532	180790320	2	1
TCGA-CL-4957	6	149661	35326457	3	0
TCGA-CL-4957	6	35327464	88259569	2	1
TCGA-CL-4957	6	88261601	115326189	1	1
TCGA-CL-4957	6	115340054	171051005	2	1
TCGA-CL-4957	7	43259	12505744	2	1
TCGA-CL-4957	7	12505759	13898067	2	0
TCGA-CL-4957	7	13899446	33966191	2	1
TCGA-CL-4957	7	33967085	34072414	2	0
TCGA-CL-4957	7	34073379	159127004	2	1
TCGA-CL-4957	8	31254	37211584	1	0
TCGA-CL-4957	8	37214123	146298155	2	1
TCGA-CL-4957	9	46587	19345457	1	1
TCGA-CL-4957	9	19345468	19478451	1	0
TCGA-CL-4957	9	19483042	141091394	1	1
TCGA-CL-4957	10	72759	58740705	2	1
TCGA-CL-4957	10	58741146	64137067	2	0
TCGA-CL-4957	10	64138511	64226391	2	1
TCGA-CL-4957	10	64229881	65439143	2	0
TCGA-CL-4957	10	65439797	81077812	2	1
TCGA-CL-4957	10	81077885	83555766	2	0
TCGA-CL-4957	10	83555806	83777133	2	1
TCGA-CL-4957	10	83781921	95465183	2	0
TCGA-CL-4957	10	95465476	135506704	2	1
TCGA-CL-4957	11	198572	10576876	2	1
TCGA-CL-4957	11	10577262	10967286	2	0
TCGA-CL-4957	11	10967638	22083918	2	1
TCGA-CL-4957	11	22089486	22211941	1	0
TCGA-CL-4957	11	22216205	28511196	2	1
TCGA-CL-4957	11	28521113	28759252	2	0
TCGA-CL-4957	11	28759304	55279933	2	1
TCGA-CL-4957	11	55289993	58406547	1	1
TCGA-CL-4957	11	58406765	58487230	1	0
TCGA-CL-4957	11	58488676	60054915	1	1
TCGA-CL-4957	11	60059810	60102603	1	0
TCGA-CL-4957	11	60103700	134944770	1	1
TCGA-CL-4957	12	150442	34154435	2	1
TCGA-CL-4957	12	34160036	38072223	1	1
TCGA-CL-4957	12	38072273	133778189	2	1
TCGA-CL-4957	13	19026949	59889839	3	2
TCGA-CL-4957	13	59892018	86257634	3	1
TCGA-CL-4957	13	86258790	87126917	3	3
TCGA-CL-4957	13	87127159	98035994	3	1
TCGA-CL-4957	13	98036911	115108397	3	2
TCGA-CL-4957	14	19002124	32372652	1	1
TCGA-CL-4957	14	32372776	32473942	1	0
TCGA-CL-4957	14	32474070	107285437	1	1
TCGA-CL-4957	15	20016328	45663735	2	1
TCGA-CL-4957	15	45664189	46093780	2	0
TCGA-CL-4957	15	46093915	102469040	2	1
TCGA-CL-4957	16	60777	90287535	2	1
TCGA-CL-4957	17	526	6810777	2	1
TCGA-CL-4957	17	6812164	22227836	2	0
TCGA-CL-4957	17	22227841	63200391	2	1
TCGA-CL-4957	17	63202904	63733091	1	1
TCGA-CL-4957	17	63733729	81049726	2	1
TCGA-CL-4957	18	48133	1273796	2	0
TCGA-CL-4957	18	1274045	3599607	1	0
TCGA-CL-4957	18	3607746	25355266	1	1
TCGA-CL-4957	18	25357990	26563602	1	0
TCGA-CL-4957	18	26564127	29120409	1	1
TCGA-CL-4957	18	29120875	30246540	2	1
TCGA-CL-4957	18	30248861	30784189	2	0
TCGA-CL-4957	18	30784579	31047430	2	1
TCGA-CL-4957	18	31048558	31074836	1	1
TCGA-CL-4957	18	31079945	78015057	1	0
TCGA-CL-4957	19	90910	23262288	2	1
TCGA-CL-4957	19	23266055	23472097	2	0
TCGA-CL-4957	19	23477455	29459430	2	1
TCGA-CL-4957	19	29459680	59097854	2	2
TCGA-CL-4957	20	61305	23448753	3	2
TCGA-CL-4957	20	23455800	62956153	3	3
TCGA-CL-4957	21	10736871	48096957	1	1
TCGA-CL-4957	22	16052528	51234455	2	0
TCGA-CL-4957	X	168477	102600130	3	2
TCGA-CL-4957	X	102600301	102853787	1	0
TCGA-CL-4957	X	102854284	129181554	2	2
TCGA-CL-4957	X	129183091	130085066	2	1
TCGA-CL-4957	X	130086266	131253361	2	0
TCGA-CL-4957	X	131255940	131555714	3	1
TCGA-CL-4957	X	131558352	155233846	2	2
