sample	chr	startpos	endpos	nMajor	nMinor
TCGA-58-8393	1	61735	121482979	1	0
TCGA-58-8393	1	144007049	249224388	2	2
TCGA-58-8393	2	12784	100053411	1	1
TCGA-58-8393	2	100058424	243089456	1	0
TCGA-58-8393	3	60345	76733136	1	0
TCGA-58-8393	3	76733503	77745533	2	2
TCGA-58-8393	3	77746082	109094965	2	1
TCGA-58-8393	3	109099270	197896118	2	2
TCGA-58-8393	4	12281	191027923	1	0
TCGA-58-8393	5	15532	46386392	1	1
TCGA-58-8393	5	46389273	156148381	1	0
TCGA-58-8393	5	156150744	180790320	2	0
TCGA-58-8393	6	149661	68753358	2	1
TCGA-58-8393	6	68756421	171051005	1	0
TCGA-58-8393	7	43259	159127004	1	1
TCGA-58-8393	8	31254	57736805	1	0
TCGA-58-8393	8	57737640	63827700	1	1
TCGA-58-8393	8	63827866	65829146	1	0
TCGA-58-8393	8	65829244	88506385	1	1
TCGA-58-8393	8	88513775	146298155	2	1
TCGA-58-8393	9	46587	141091394	1	0
TCGA-58-8393	10	72759	135506704	1	0
TCGA-58-8393	11	198572	134944770	1	1
TCGA-58-8393	12	150442	133778189	1	1
TCGA-58-8393	13	19026949	115108397	1	0
TCGA-58-8393	14	19002124	87367674	1	1
TCGA-58-8393	14	87370349	103286095	2	1
TCGA-58-8393	14	103289741	107285437	1	0
TCGA-58-8393	15	20016328	102469040	2	1
TCGA-58-8393	16	60777	90287535	1	0
TCGA-58-8393	17	526	37532800	1	0
TCGA-58-8393	17	37532916	71109869	3	0
TCGA-58-8393	17	71110350	81049726	1	0
TCGA-58-8393	18	48133	78015057	1	1
TCGA-58-8393	19	90910	28922530	1	1
TCGA-58-8393	19	28923429	38933905	3	1
TCGA-58-8393	19	38933922	59097854	1	1
TCGA-58-8393	20	61305	62956153	1	1
TCGA-58-8393	21	10736871	20753803	1	1
TCGA-58-8393	21	20753819	21946820	1	0
TCGA-58-8393	21	21949108	48096957	1	1
TCGA-58-8393	22	16052528	51234455	1	1
TCGA-58-8393	X	168477	155233846	1	1
