sample	chr	startpos	endpos	nMajor	nMinor
TCGA-28-5207	1	61735	36425942	1	1
TCGA-28-5207	1	36428336	37040316	3	1
TCGA-28-5207	1	37040735	45922958	1	1
TCGA-28-5207	1	45923336	46131771	2	1
TCGA-28-5207	1	46132336	121482979	1	1
TCGA-28-5207	1	144007049	192726949	2	1
TCGA-28-5207	1	192727331	196916799	1	1
TCGA-28-5207	1	196923880	197066340	6	3
TCGA-28-5207	1	197072295	198420739	1	1
TCGA-28-5207	1	198425752	198559410	6	3
TCGA-28-5207	1	198564457	204284892	1	1
TCGA-28-5207	1	204287177	204735748	7	1
TCGA-28-5207	1	204737207	249224388	1	1
TCGA-28-5207	2	12784	46201164	1	1
TCGA-28-5207	2	46201337	46802934	2	1
TCGA-28-5207	2	46803444	243089456	1	1
TCGA-28-5207	3	60345	9574327	1	1
TCGA-28-5207	3	9574349	10252482	2	1
TCGA-28-5207	3	10254797	180938939	1	1
TCGA-28-5207	3	180942725	181739176	3	1
TCGA-28-5207	3	181743647	197896118	2	1
TCGA-28-5207	4	12281	45020747	1	1
TCGA-28-5207	4	45020842	45263377	2	1
TCGA-28-5207	4	45263626	147290158	1	1
TCGA-28-5207	4	147291724	150690402	1	0
TCGA-28-5207	4	150694839	191027923	1	1
TCGA-28-5207	5	15532	138233951	1	1
TCGA-28-5207	5	138236755	138323871	2	1
TCGA-28-5207	5	138323907	180790320	1	1
TCGA-28-5207	6	149661	43469398	1	1
TCGA-28-5207	6	43476145	44056972	16	1
TCGA-28-5207	6	44061607	96249061	1	1
TCGA-28-5207	6	96254467	106736430	1	0
TCGA-28-5207	6	106737150	162192856	1	1
TCGA-28-5207	6	162192874	164577248	1	0
TCGA-28-5207	6	164577725	164773122	1	1
TCGA-28-5207	6	164773706	171051005	1	0
TCGA-28-5207	7	43259	159127004	3	1
TCGA-28-5207	8	31254	146298155	1	1
TCGA-28-5207	9	46587	141091394	1	1
TCGA-28-5207	10	72759	24840276	1	0
TCGA-28-5207	10	24841274	25635560	2	0
TCGA-28-5207	10	25636849	135506704	1	0
TCGA-28-5207	11	198572	56724625	1	1
TCGA-28-5207	11	56729793	65247557	1	0
TCGA-28-5207	11	65247648	109212350	1	1
TCGA-28-5207	11	109212523	112842976	1	0
TCGA-28-5207	11	112842988	120984087	1	1
TCGA-28-5207	11	120984999	121732492	2	1
TCGA-28-5207	11	121733003	134944770	1	1
TCGA-28-5207	12	150442	57534400	2	1
TCGA-28-5207	12	57534470	57592557	2	0
TCGA-28-5207	12	57604978	58191008	13	4
TCGA-28-5207	12	58193937	133778189	2	1
TCGA-28-5207	13	19026949	50312983	1	1
TCGA-28-5207	13	50315393	51602359	1	0
TCGA-28-5207	13	51602806	73790844	1	1
TCGA-28-5207	13	73794367	77212569	1	0
TCGA-28-5207	13	77213185	115108397	1	1
TCGA-28-5207	14	19002124	107285437	1	0
TCGA-28-5207	15	20016328	60596946	1	1
TCGA-28-5207	15	60602271	63406863	1	0
TCGA-28-5207	15	63407390	102469040	1	1
TCGA-28-5207	16	60777	65032000	1	1
TCGA-28-5207	16	65034119	67948042	1	0
TCGA-28-5207	16	67951232	90287535	1	1
TCGA-28-5207	17	526	2272024	2	1
TCGA-28-5207	17	2278064	2974545	3	1
TCGA-28-5207	17	2975248	25434220	2	1
TCGA-28-5207	17	25439794	81049726	1	1
TCGA-28-5207	18	48133	78015057	1	1
TCGA-28-5207	19	90910	59097854	1	1
TCGA-28-5207	20	61305	62956153	1	1
TCGA-28-5207	21	10736871	44465415	1	1
TCGA-28-5207	21	44467551	44567179	3	1
TCGA-28-5207	21	44569153	48096957	1	1
TCGA-28-5207	22	16052528	19989612	1	1
TCGA-28-5207	22	19991866	35284762	1	0
TCGA-28-5207	22	35287518	35488632	1	1
TCGA-28-5207	22	35488678	35768482	1	0
TCGA-28-5207	22	35769867	38594668	1	1
TCGA-28-5207	22	38595240	51234455	1	0
TCGA-28-5207	X	168477	2703391	1	1
TCGA-28-5207	X	2703633	155233846	1	0
