sample	chr	startpos	endpos	nMajor	nMinor
TCGA-24-1469	1	61735	6771523	2	1
TCGA-24-1469	1	6771569	10488555	3	1
TCGA-24-1469	1	10496342	11527567	2	1
TCGA-24-1469	1	11531059	27657727	2	0
TCGA-24-1469	1	27659965	28949976	3	1
TCGA-24-1469	1	28950862	31034914	3	0
TCGA-24-1469	1	31041806	33689562	3	1
TCGA-24-1469	1	33690091	39404551	3	0
TCGA-24-1469	1	39404868	44940904	3	1
TCGA-24-1469	1	44944000	53547758	3	0
TCGA-24-1469	1	53548915	60075871	2	1
TCGA-24-1469	1	60081914	81852794	2	0
TCGA-24-1469	1	81852813	96476570	3	0
TCGA-24-1469	1	96478125	109614948	2	0
TCGA-24-1469	1	109622709	109924126	4	0
TCGA-24-1469	1	109931450	121482979	2	0
TCGA-24-1469	1	144007049	144987445	3	0
TCGA-24-1469	1	144988936	156108019	4	1
TCGA-24-1469	1	156110679	180369768	2	1
TCGA-24-1469	1	180372778	200763042	2	2
TCGA-24-1469	1	200765313	202285017	3	2
TCGA-24-1469	1	202285682	225950545	2	1
TCGA-24-1469	1	225951441	234696051	3	2
TCGA-24-1469	1	234696177	234967951	6	2
TCGA-24-1469	1	234968465	249224388	3	2
TCGA-24-1469	2	12784	3204224	3	1
TCGA-24-1469	2	3204764	3394434	3	0
TCGA-24-1469	2	3394543	14496446	3	1
TCGA-24-1469	2	14497492	14746028	1	1
TCGA-24-1469	2	14747211	58043944	3	1
TCGA-24-1469	2	58044220	59234869	2	1
TCGA-24-1469	2	59235564	85545490	3	1
TCGA-24-1469	2	85546052	86025566	4	1
TCGA-24-1469	2	86026551	95499411	3	1
TCGA-24-1469	2	95499414	100033970	2	2
TCGA-24-1469	2	100034169	102615336	2	1
TCGA-24-1469	2	102615372	102862641	3	2
TCGA-24-1469	2	102863221	135623517	2	1
TCGA-24-1469	2	135624008	140842971	2	2
TCGA-24-1469	2	140843027	141604351	2	1
TCGA-24-1469	2	141604385	142074734	1	0
TCGA-24-1469	2	142075561	142180914	0	0
TCGA-24-1469	2	142181582	142240499	1	0
TCGA-24-1469	2	142244143	178442665	2	1
TCGA-24-1469	2	178443121	178540804	3	1
TCGA-24-1469	2	178541171	211731145	2	1
TCGA-24-1469	2	211736542	212362134	2	2
TCGA-24-1469	2	212362263	243089456	2	1
TCGA-24-1469	3	60345	2621687	2	0
TCGA-24-1469	3	2622762	20780543	3	0
TCGA-24-1469	3	20780589	21035183	1	0
TCGA-24-1469	3	21036319	55490703	3	0
TCGA-24-1469	3	55490787	56052060	4	0
TCGA-24-1469	3	56052839	115975920	3	0
TCGA-24-1469	3	115978340	116134997	1	0
TCGA-24-1469	3	116137727	116640611	0	0
TCGA-24-1469	3	116644238	116801992	1	0
TCGA-24-1469	3	116802311	117089872	2	0
TCGA-24-1469	3	117090534	137658973	3	0
TCGA-24-1469	3	137662094	166433688	5	0
TCGA-24-1469	3	166440132	168609008	6	0
TCGA-24-1469	3	168617410	169597186	8	0
TCGA-24-1469	3	169597562	197896118	6	0
TCGA-24-1469	4	12281	19457352	2	1
TCGA-24-1469	4	19462075	20025385	1	0
TCGA-24-1469	4	20037193	20678864	1	1
TCGA-24-1469	4	20688611	21684058	2	0
TCGA-24-1469	4	21684463	25185559	2	1
TCGA-24-1469	4	25187443	25832011	4	1
TCGA-24-1469	4	25832190	91531942	2	1
TCGA-24-1469	4	91532461	91675285	1	1
TCGA-24-1469	4	91678803	180990192	2	1
TCGA-24-1469	4	180990389	181344984	1	1
TCGA-24-1469	4	181345074	181700488	2	1
TCGA-24-1469	4	181707386	182065430	0	0
TCGA-24-1469	4	182065588	183143729	1	1
TCGA-24-1469	4	183143952	191027923	2	1
TCGA-24-1469	5	15532	4064774	4	2
TCGA-24-1469	5	4065252	5523055	3	2
TCGA-24-1469	5	5524200	10226935	4	2
TCGA-24-1469	5	10230118	31458516	5	2
TCGA-24-1469	5	31460417	46382652	5	1
TCGA-24-1469	5	46383335	53648480	5	2
TCGA-24-1469	5	53652313	55581399	2	1
TCGA-24-1469	5	55581424	55954049	3	1
TCGA-24-1469	5	55954645	58400621	2	1
TCGA-24-1469	5	58400695	59052605	2	0
TCGA-24-1469	5	59053407	78364807	2	1
TCGA-24-1469	5	78366705	111077416	2	0
TCGA-24-1469	5	111079974	114385155	2	2
TCGA-24-1469	5	114386080	157154518	2	0
TCGA-24-1469	5	157155390	157416077	3	0
TCGA-24-1469	5	157420082	180790320	2	0
TCGA-24-1469	6	149661	63902397	3	1
TCGA-24-1469	6	63903354	105341671	2	1
TCGA-24-1469	6	105343875	107052325	3	2
TCGA-24-1469	6	107052679	107743589	6	3
TCGA-24-1469	6	107752076	125471011	2	1
TCGA-24-1469	6	125471462	136004222	3	1
TCGA-24-1469	6	136004349	151597937	2	1
TCGA-24-1469	6	151597986	152461381	4	1
TCGA-24-1469	6	152462364	153276726	3	1
TCGA-24-1469	6	153277321	156907168	2	1
TCGA-24-1469	6	156907233	162239191	3	1
TCGA-24-1469	6	162239871	162716336	2	0
TCGA-24-1469	6	162721807	171051005	3	1
TCGA-24-1469	7	43259	62573326	3	0
TCGA-24-1469	7	62577770	64730232	2	0
TCGA-24-1469	7	64730283	64900821	5	0
TCGA-24-1469	7	64901382	73110746	2	0
TCGA-24-1469	7	73113951	74119774	3	0
TCGA-24-1469	7	74122009	109668189	2	0
TCGA-24-1469	7	109681156	110608137	1	0
TCGA-24-1469	7	110610696	153051010	2	0
TCGA-24-1469	7	153051361	153979918	1	0
TCGA-24-1469	7	153982035	154041238	0	0
TCGA-24-1469	7	154041323	157197322	1	0
TCGA-24-1469	7	157197939	159127004	2	0
TCGA-24-1469	8	31254	3384744	4	1
TCGA-24-1469	8	3387299	5101520	3	1
TCGA-24-1469	8	5101520	62598086	2	1
TCGA-24-1469	8	62601782	64117362	3	1
TCGA-24-1469	8	64120104	137840880	2	1
TCGA-24-1469	8	137841087	137856314	1	0
TCGA-24-1469	8	137860469	146298155	2	1
TCGA-24-1469	9	46587	28192479	4	0
TCGA-24-1469	9	28193030	28636098	2	0
TCGA-24-1469	9	28643382	47217176	3	0
TCGA-24-1469	9	65616971	107738746	2	0
TCGA-24-1469	9	107739152	108357074	1	0
TCGA-24-1469	9	108357318	130255702	2	0
TCGA-24-1469	9	130257191	131767741	3	0
TCGA-24-1469	9	131767947	141091394	2	0
TCGA-24-1469	10	72759	38677869	3	2
TCGA-24-1469	10	38679109	62624576	2	1
TCGA-24-1469	10	62624885	64451606	2	2
TCGA-24-1469	10	64452060	135506704	2	1
TCGA-24-1469	11	198572	32024958	2	0
TCGA-24-1469	11	32029443	47720053	2	2
TCGA-24-1469	11	47722233	48346639	3	2
TCGA-24-1469	11	48349235	66221377	2	1
TCGA-24-1469	11	66222137	74646243	4	1
TCGA-24-1469	11	74648116	77709386	3	2
TCGA-24-1469	11	77721537	78484350	6	2
TCGA-24-1469	11	78485572	80707611	2	1
TCGA-24-1469	11	80707760	81577427	3	2
TCGA-24-1469	11	81580601	117373432	2	1
TCGA-24-1469	11	117373635	117932630	3	1
TCGA-24-1469	11	117934704	121964992	2	1
TCGA-24-1469	11	121965394	122497525	3	1
TCGA-24-1469	11	122501162	133269550	2	1
TCGA-24-1469	11	133271885	133413115	1	0
TCGA-24-1469	11	133414400	134944770	2	1
TCGA-24-1469	12	150442	6548886	2	1
TCGA-24-1469	12	6549751	6732981	3	1
TCGA-24-1469	12	6733627	8728322	2	0
TCGA-24-1469	12	8729780	39448668	2	1
TCGA-24-1469	12	39448672	40908075	3	1
TCGA-24-1469	12	40908111	61870274	4	1
TCGA-24-1469	12	61874036	99080068	2	1
TCGA-24-1469	12	99084387	99294555	0	0
TCGA-24-1469	12	99294874	133778189	2	1
TCGA-24-1469	13	19026949	115108397	2	0
TCGA-24-1469	14	19002124	23006227	3	0
TCGA-24-1469	14	23010444	56048799	2	0
TCGA-24-1469	14	56050853	56322447	5	0
TCGA-24-1469	14	56325123	61865279	2	0
TCGA-24-1469	14	61866510	62272487	3	0
TCGA-24-1469	14	62274645	68537293	2	0
TCGA-24-1469	14	68547276	68701228	0	0
TCGA-24-1469	14	68703573	103225821	2	0
TCGA-24-1469	14	103237508	103503430	0	0
TCGA-24-1469	14	103521112	107285437	2	0
TCGA-24-1469	15	20016328	81021255	2	0
TCGA-24-1469	15	81021383	92863795	3	0
TCGA-24-1469	15	92868931	93466066	2	0
TCGA-24-1469	15	93473594	102469040	3	0
TCGA-24-1469	16	60777	34012168	2	1
TCGA-24-1469	16	34197351	35283226	1	0
TCGA-24-1469	16	46463782	70842097	2	0
TCGA-24-1469	16	70854381	71143067	2	1
TCGA-24-1469	16	71143487	71202797	3	0
TCGA-24-1469	16	71205194	83826618	1	0
TCGA-24-1469	16	83826766	90287535	2	0
TCGA-24-1469	17	526	19462185	2	0
TCGA-24-1469	17	19462441	68406710	3	0
TCGA-24-1469	17	68407262	68909197	4	0
TCGA-24-1469	17	68910571	76146017	3	0
TCGA-24-1469	17	76147820	76957385	5	0
TCGA-24-1469	17	76957799	81049726	3	0
TCGA-24-1469	18	48133	25685243	3	0
TCGA-24-1469	18	25688791	26037436	2	0
TCGA-24-1469	18	26038950	75831848	3	0
TCGA-24-1469	18	75832975	78015057	2	0
TCGA-24-1469	19	90910	3419946	1	1
TCGA-24-1469	19	3425081	18745663	2	1
TCGA-24-1469	19	18749354	24507172	1	1
TCGA-24-1469	19	24521623	29382896	4	1
TCGA-24-1469	19	29382978	29545678	5	2
TCGA-24-1469	19	29546924	30342679	3	0
TCGA-24-1469	19	30343164	34283340	3	1
TCGA-24-1469	19	34290167	41552714	3	2
TCGA-24-1469	19	41557731	43524295	2	1
TCGA-24-1469	19	43524330	51423628	3	0
TCGA-24-1469	19	51424890	51651349	4	0
TCGA-24-1469	19	51652099	59029933	2	0
TCGA-24-1469	19	59039699	59097854	1	0
TCGA-24-1469	20	61305	1125924	5	2
TCGA-24-1469	20	1127255	14810802	3	2
TCGA-24-1469	20	14810896	15737042	2	1
TCGA-24-1469	20	15739579	41377866	2	2
TCGA-24-1469	20	41378103	62891820	3	2
TCGA-24-1469	20	62892756	62956153	5	2
TCGA-24-1469	21	10736871	45497583	2	1
TCGA-24-1469	21	45498055	45780956	3	1
TCGA-24-1469	21	45781295	48096957	2	1
TCGA-24-1469	22	16052528	20211139	2	2
TCGA-24-1469	22	20211328	30522845	3	2
TCGA-24-1469	22	30523729	30843495	3	3
TCGA-24-1469	22	30843713	45475440	2	1
TCGA-24-1469	22	45476447	45800173	4	2
TCGA-24-1469	22	45800926	46995703	2	2
TCGA-24-1469	22	46995841	51234455	2	1
TCGA-24-1469	X	168477	7075479	2	0
TCGA-24-1469	X	7075793	7711688	1	0
TCGA-24-1469	X	7714233	32442346	2	0
TCGA-24-1469	X	32443729	32707579	1	0
TCGA-24-1469	X	32707580	33675310	2	0
TCGA-24-1469	X	33675591	53899699	3	0
TCGA-24-1469	X	53901860	56444835	2	0
TCGA-24-1469	X	56448626	56709176	1	0
TCGA-24-1469	X	56709339	57128698	0	0
TCGA-24-1469	X	57129036	121937593	2	0
TCGA-24-1469	X	121942843	122128303	0	0
TCGA-24-1469	X	122138462	140555204	2	0
TCGA-24-1469	X	140555300	140747605	1	0
TCGA-24-1469	X	140747870	155233846	2	0
