sample	chr	startpos	endpos	nMajor	nMinor
TCGA-D1-A1NX	1	61735	2106438	1	1
TCGA-D1-A1NX	1	2107871	2416424	3	1
TCGA-D1-A1NX	1	2418625	21639984	1	1
TCGA-D1-A1NX	1	21640124	22345578	2	1
TCGA-D1-A1NX	1	22345647	33588992	1	1
TCGA-D1-A1NX	1	33589316	34173820	2	1
TCGA-D1-A1NX	1	34174128	40283634	1	1
TCGA-D1-A1NX	1	40284187	40974799	2	1
TCGA-D1-A1NX	1	40975260	55590580	1	1
TCGA-D1-A1NX	1	55593546	56502088	2	1
TCGA-D1-A1NX	1	56502240	117718779	1	1
TCGA-D1-A1NX	1	117718797	117990846	2	1
TCGA-D1-A1NX	1	117991673	151382476	1	1
TCGA-D1-A1NX	1	151384733	151567959	2	1
TCGA-D1-A1NX	1	151568604	171148905	1	1
TCGA-D1-A1NX	1	171151699	172019583	2	1
TCGA-D1-A1NX	1	172024528	183106230	1	1
TCGA-D1-A1NX	1	183107446	183726200	2	1
TCGA-D1-A1NX	1	183726874	200981071	1	1
TCGA-D1-A1NX	1	200983248	201540530	2	1
TCGA-D1-A1NX	1	201541919	212217528	1	1
TCGA-D1-A1NX	1	212217590	212554929	2	1
TCGA-D1-A1NX	1	212555149	227896720	1	1
TCGA-D1-A1NX	1	227897640	228740121	3	1
TCGA-D1-A1NX	1	228741147	249224388	1	1
TCGA-D1-A1NX	2	12784	28335427	1	1
TCGA-D1-A1NX	2	28339458	29071595	2	1
TCGA-D1-A1NX	2	29078424	178118152	1	1
TCGA-D1-A1NX	2	178126546	178890950	2	1
TCGA-D1-A1NX	2	178892951	227486076	1	1
TCGA-D1-A1NX	2	227486614	227668941	2	1
TCGA-D1-A1NX	2	227670575	243089456	1	1
TCGA-D1-A1NX	3	60345	3900780	1	1
TCGA-D1-A1NX	3	3900819	4340375	1	0
TCGA-D1-A1NX	3	4342353	9179664	1	1
TCGA-D1-A1NX	3	9181403	9552335	2	1
TCGA-D1-A1NX	3	9553442	13604264	1	1
TCGA-D1-A1NX	3	13607430	13876302	4	1
TCGA-D1-A1NX	3	13877133	13944838	2	2
TCGA-D1-A1NX	3	13944967	31855634	1	1
TCGA-D1-A1NX	3	31857404	32795335	2	1
TCGA-D1-A1NX	3	32797318	69064973	1	1
TCGA-D1-A1NX	3	69066179	69323185	2	1
TCGA-D1-A1NX	3	69323221	122352678	1	1
TCGA-D1-A1NX	3	122353361	168485412	1	0
TCGA-D1-A1NX	3	168496750	178228373	4	0
TCGA-D1-A1NX	3	178229935	197896118	3	0
TCGA-D1-A1NX	4	12281	1308564	1	0
TCGA-D1-A1NX	4	1309762	1390400	3	0
TCGA-D1-A1NX	4	1405675	2100593	5	1
TCGA-D1-A1NX	4	2103096	2126579	4	0
TCGA-D1-A1NX	4	2133303	110272966	1	1
TCGA-D1-A1NX	4	110273965	110397586	2	1
TCGA-D1-A1NX	4	110399529	191027923	1	1
TCGA-D1-A1NX	5	15532	36418164	2	1
TCGA-D1-A1NX	5	36419166	36786983	3	1
TCGA-D1-A1NX	5	36787878	49441958	2	1
TCGA-D1-A1NX	5	49447306	55547365	1	0
TCGA-D1-A1NX	5	55548193	55838485	1	1
TCGA-D1-A1NX	5	55839308	59108188	1	0
TCGA-D1-A1NX	5	59111915	70792199	1	1
TCGA-D1-A1NX	5	70795166	71129138	2	1
TCGA-D1-A1NX	5	71130110	137431887	1	1
TCGA-D1-A1NX	5	137437225	141380348	2	1
TCGA-D1-A1NX	5	141382472	141848501	2	2
TCGA-D1-A1NX	5	141850830	180790320	2	1
TCGA-D1-A1NX	6	149661	32527284	1	1
TCGA-D1-A1NX	6	32530144	33222163	2	1
TCGA-D1-A1NX	6	33235755	41331865	1	1
TCGA-D1-A1NX	6	41332328	42084755	2	1
TCGA-D1-A1NX	6	42098079	46693658	1	1
TCGA-D1-A1NX	6	46695501	47001670	3	1
TCGA-D1-A1NX	6	47003476	47132114	2	1
TCGA-D1-A1NX	6	47136125	126202138	1	1
TCGA-D1-A1NX	6	126204333	126324967	3	1
TCGA-D1-A1NX	6	126332905	171051005	1	1
TCGA-D1-A1NX	7	43259	20989692	1	1
TCGA-D1-A1NX	7	20990451	21485950	2	1
TCGA-D1-A1NX	7	21485970	75770261	1	1
TCGA-D1-A1NX	7	75770695	76712801	2	1
TCGA-D1-A1NX	7	76720582	100856991	1	1
TCGA-D1-A1NX	7	100861213	105735118	1	0
TCGA-D1-A1NX	7	105745980	105812525	2	1
TCGA-D1-A1NX	7	105814181	108452177	1	1
TCGA-D1-A1NX	7	108452217	142266575	1	0
TCGA-D1-A1NX	7	142266636	142616867	2	0
TCGA-D1-A1NX	7	142617214	159127004	1	0
TCGA-D1-A1NX	8	31254	54899696	1	1
TCGA-D1-A1NX	8	54899849	55636184	2	1
TCGA-D1-A1NX	8	55643526	126487841	1	1
TCGA-D1-A1NX	8	126493392	127221082	2	1
TCGA-D1-A1NX	8	127231148	141860895	1	1
TCGA-D1-A1NX	8	141862311	142275212	2	1
TCGA-D1-A1NX	8	142278328	146298155	1	1
TCGA-D1-A1NX	9	46587	115573581	1	1
TCGA-D1-A1NX	9	115574018	116470753	2	1
TCGA-D1-A1NX	9	116473252	130003735	1	1
TCGA-D1-A1NX	9	130007681	133756793	2	1
TCGA-D1-A1NX	9	133757695	133963582	2	2
TCGA-D1-A1NX	9	133964101	136961349	2	1
TCGA-D1-A1NX	9	136961373	137638779	2	2
TCGA-D1-A1NX	9	137640690	141091394	2	1
TCGA-D1-A1NX	10	72759	61632116	1	1
TCGA-D1-A1NX	10	61632512	61839971	4	1
TCGA-D1-A1NX	10	61841169	73233395	2	1
TCGA-D1-A1NX	10	73233544	73584426	2	2
TCGA-D1-A1NX	10	73586585	95132718	2	1
TCGA-D1-A1NX	10	95132905	95390741	4	1
TCGA-D1-A1NX	10	95392031	102694163	2	1
TCGA-D1-A1NX	10	102695960	102928688	4	1
TCGA-D1-A1NX	10	102930854	135506704	2	1
TCGA-D1-A1NX	11	198572	11841490	1	0
TCGA-D1-A1NX	11	11844516	12104823	2	0
TCGA-D1-A1NX	11	12105342	34376882	1	0
TCGA-D1-A1NX	11	34380706	34641598	2	0
TCGA-D1-A1NX	11	34643721	50682379	1	0
TCGA-D1-A1NX	11	50685130	61830505	1	1
TCGA-D1-A1NX	11	61835423	62696417	2	1
TCGA-D1-A1NX	11	62696920	64732850	1	1
TCGA-D1-A1NX	11	64733678	65390813	2	1
TCGA-D1-A1NX	11	65391317	72691661	1	1
TCGA-D1-A1NX	11	72697077	74236893	2	1
TCGA-D1-A1NX	11	74241851	77335336	1	1
TCGA-D1-A1NX	11	77339831	78461843	2	1
TCGA-D1-A1NX	11	78465793	134944770	1	1
TCGA-D1-A1NX	12	150442	667610	2	1
TCGA-D1-A1NX	12	668216	976845	4	1
TCGA-D1-A1NX	12	980179	2107036	2	1
TCGA-D1-A1NX	12	2107301	6249826	1	1
TCGA-D1-A1NX	12	6252372	6643316	2	1
TCGA-D1-A1NX	12	6643329	52692053	1	1
TCGA-D1-A1NX	12	52692157	52838706	2	1
TCGA-D1-A1NX	12	52838856	95836322	1	1
TCGA-D1-A1NX	12	95836746	96272642	2	1
TCGA-D1-A1NX	12	96273291	133778189	1	1
TCGA-D1-A1NX	13	19026949	115108397	1	1
TCGA-D1-A1NX	14	19002124	21349608	1	1
TCGA-D1-A1NX	14	21353099	21651176	2	1
TCGA-D1-A1NX	14	21661269	22421677	1	1
TCGA-D1-A1NX	14	22422976	22974293	2	1
TCGA-D1-A1NX	14	22975700	33522632	1	1
TCGA-D1-A1NX	14	33525951	33727927	1	0
TCGA-D1-A1NX	14	33729671	40019272	1	1
TCGA-D1-A1NX	14	40025733	40495522	2	1
TCGA-D1-A1NX	14	40499951	64976120	1	1
TCGA-D1-A1NX	14	64977739	65176383	2	1
TCGA-D1-A1NX	14	65176569	76912436	1	1
TCGA-D1-A1NX	14	76912508	77754547	2	1
TCGA-D1-A1NX	14	77759235	107285437	1	1
TCGA-D1-A1NX	15	20016328	102469040	1	1
TCGA-D1-A1NX	16	60777	30607151	1	1
TCGA-D1-A1NX	16	30609044	31102589	3	1
TCGA-D1-A1NX	16	31112412	35283226	1	1
TCGA-D1-A1NX	16	46463782	71904830	1	0
TCGA-D1-A1NX	16	71906597	72059798	2	0
TCGA-D1-A1NX	16	72062539	90287535	1	0
TCGA-D1-A1NX	17	526	908502	1	0
TCGA-D1-A1NX	17	908529	1943920	2	0
TCGA-D1-A1NX	17	1946503	3733847	1	0
TCGA-D1-A1NX	17	3736209	4817572	2	0
TCGA-D1-A1NX	17	4817602	17413965	1	0
TCGA-D1-A1NX	17	17415217	18256979	2	0
TCGA-D1-A1NX	17	18257066	25271294	1	0
TCGA-D1-A1NX	17	25274376	37686663	1	1
TCGA-D1-A1NX	17	37689099	37974720	9	3
TCGA-D1-A1NX	17	37975211	45765808	1	1
TCGA-D1-A1NX	17	45767004	47141424	2	1
TCGA-D1-A1NX	17	47141772	77611029	1	1
TCGA-D1-A1NX	17	77630847	78207145	2	1
TCGA-D1-A1NX	17	78207690	81049726	1	1
TCGA-D1-A1NX	18	48133	78015057	1	1
TCGA-D1-A1NX	19	90910	9052236	1	0
TCGA-D1-A1NX	19	9056240	9195598	3	1
TCGA-D1-A1NX	19	9196725	11019797	1	1
TCGA-D1-A1NX	19	11019994	18834124	2	1
TCGA-D1-A1NX	19	18847608	28072042	1	1
TCGA-D1-A1NX	19	28072811	31963015	3	1
TCGA-D1-A1NX	19	31965039	38265366	1	1
TCGA-D1-A1NX	19	38268711	38467320	1	0
TCGA-D1-A1NX	19	38471059	38945851	1	1
TCGA-D1-A1NX	19	38948356	55897170	1	0
TCGA-D1-A1NX	19	55898048	56421746	2	1
TCGA-D1-A1NX	19	56421861	58844537	3	1
TCGA-D1-A1NX	19	58847146	59097854	5	1
TCGA-D1-A1NX	20	61305	35940237	1	1
TCGA-D1-A1NX	20	35941451	36383616	2	1
TCGA-D1-A1NX	20	36384525	48026668	1	1
TCGA-D1-A1NX	20	48028171	48700127	2	1
TCGA-D1-A1NX	20	48701762	62956153	1	1
TCGA-D1-A1NX	21	10736871	43743326	1	1
TCGA-D1-A1NX	21	43743542	44232653	2	1
TCGA-D1-A1NX	21	44233371	48096957	1	1
TCGA-D1-A1NX	22	16052528	23486462	1	1
TCGA-D1-A1NX	22	23489362	24271745	2	1
TCGA-D1-A1NX	22	24283016	36242487	1	1
TCGA-D1-A1NX	22	36246570	47091321	1	0
TCGA-D1-A1NX	22	47094390	47239723	2	0
TCGA-D1-A1NX	22	47242004	51234455	1	0
TCGA-D1-A1NX	X	168477	679597	2	0
TCGA-D1-A1NX	X	681764	32384749	1	0
TCGA-D1-A1NX	X	32385390	33050839	0	0
TCGA-D1-A1NX	X	33051054	148268603	1	0
TCGA-D1-A1NX	X	148278345	148352073	2	0
TCGA-D1-A1NX	X	148352657	155233846	1	0
