sample	chr	startpos	endpos	nMajor	nMinor
TCGA-BR-7851-b	1	61735	249224388	1	1
TCGA-BR-7851-b	2	12784	243089456	1	1
TCGA-BR-7851-b	3	60345	4707529	1	1
TCGA-BR-7851-b	3	4708053	4928159	1	0
TCGA-BR-7851-b	3	4934962	60312514	1	1
TCGA-BR-7851-b	3	60312567	60489495	1	0
TCGA-BR-7851-b	3	60491103	197896118	1	1
TCGA-BR-7851-b	4	12281	172043438	1	1
TCGA-BR-7851-b	4	172046374	187352573	1	0
TCGA-BR-7851-b	4	187360561	191027923	1	1
TCGA-BR-7851-b	5	15532	180790320	1	1
TCGA-BR-7851-b	6	149661	166506253	1	1
TCGA-BR-7851-b	6	166507109	166918490	1	0
TCGA-BR-7851-b	6	166919755	171051005	1	1
TCGA-BR-7851-b	7	43259	159127004	1	1
TCGA-BR-7851-b	8	31254	146298155	2	0
TCGA-BR-7851-b	9	46587	141091394	1	1
TCGA-BR-7851-b	10	72759	135506704	1	1
TCGA-BR-7851-b	11	198572	27860778	1	1
TCGA-BR-7851-b	11	27860790	29166326	1	0
TCGA-BR-7851-b	11	29167468	126553649	1	1
TCGA-BR-7851-b	11	126556147	126644305	1	0
TCGA-BR-7851-b	11	126646485	134944770	1	1
TCGA-BR-7851-b	12	150442	133778189	1	1
TCGA-BR-7851-b	13	19026949	115108397	1	1
TCGA-BR-7851-b	14	19002124	107285437	1	1
TCGA-BR-7851-b	15	20016328	94329716	1	1
TCGA-BR-7851-b	15	94332923	94592402	1	0
TCGA-BR-7851-b	15	94593885	102469040	1	1
TCGA-BR-7851-b	16	60777	90287535	1	1
TCGA-BR-7851-b	17	526	46348051	1	1
TCGA-BR-7851-b	17	46348058	47668830	1	0
TCGA-BR-7851-b	17	47670498	55803687	1	1
TCGA-BR-7851-b	17	55803955	57055029	1	0
TCGA-BR-7851-b	17	57059523	64668297	1	1
TCGA-BR-7851-b	17	64668679	65022034	1	0
TCGA-BR-7851-b	17	65022066	81049726	1	1
TCGA-BR-7851-b	18	48133	8936309	1	1
TCGA-BR-7851-b	18	8936639	9144357	1	0
TCGA-BR-7851-b	18	9146590	42136810	1	1
TCGA-BR-7851-b	18	42137201	42783113	1	0
TCGA-BR-7851-b	18	42784278	78015057	1	1
TCGA-BR-7851-b	19	90910	59097854	1	1
TCGA-BR-7851-b	20	61305	62956153	1	1
TCGA-BR-7851-b	21	10736871	48096957	1	1
TCGA-BR-7851-b	22	16052528	51234455	1	1
TCGA-BR-7851-b	X	168477	2694240	1	1
TCGA-BR-7851-b	X	2703391	21084216	1	0
TCGA-BR-7851-b	X	21088069	21649982	0	0
TCGA-BR-7851-b	X	21655330	155233846	1	0
