sample	chr	startpos	endpos	nMajor	nMinor
TCGA-CR-7372	1	61735	249224388	1	1
TCGA-CR-7372	2	12784	84574059	3	2
TCGA-CR-7372	2	84575093	120740811	2	2
TCGA-CR-7372	2	120741083	121909798	6	1
TCGA-CR-7372	2	121911207	243089456	2	1
TCGA-CR-7372	3	60345	93906324	2	0
TCGA-CR-7372	3	93911758	96746815	4	0
TCGA-CR-7372	3	96749291	197896118	5	0
TCGA-CR-7372	4	12281	191027923	3	0
TCGA-CR-7372	5	15532	39233326	3	1
TCGA-CR-7372	5	39233566	180790320	1	1
TCGA-CR-7372	6	149661	43213915	2	1
TCGA-CR-7372	6	43214762	171051005	2	2
TCGA-CR-7372	7	43259	23523743	4	1
TCGA-CR-7372	7	23523837	26576974	2	1
TCGA-CR-7372	7	26577894	28601081	4	1
TCGA-CR-7372	7	28603405	159127004	2	1
TCGA-CR-7372	8	31254	1014177	1	1
TCGA-CR-7372	8	1014327	3129012	1	0
TCGA-CR-7372	8	3135398	8093182	2	1
TCGA-CR-7372	8	8094763	10672924	1	1
TCGA-CR-7372	8	10672972	11857206	2	1
TCGA-CR-7372	8	11857317	29921288	1	0
TCGA-CR-7372	8	29921846	33535875	1	1
TCGA-CR-7372	8	33535975	40107561	2	0
TCGA-CR-7372	8	40110259	40572926	2	2
TCGA-CR-7372	8	40573688	43655313	1	1
TCGA-CR-7372	8	43657037	47415452	3	3
TCGA-CR-7372	8	47415467	48771153	10	3
TCGA-CR-7372	8	48772230	50222487	27	2
TCGA-CR-7372	8	50222788	64708524	3	1
TCGA-CR-7372	8	64708707	146298155	3	2
TCGA-CR-7372	9	46587	32437917	2	0
TCGA-CR-7372	9	32439495	32886639	5	0
TCGA-CR-7372	9	32888520	34154283	10	0
TCGA-CR-7372	9	34154847	35141508	6	0
TCGA-CR-7372	9	35141705	36048297	19	0
TCGA-CR-7372	9	36048909	37495192	7	0
TCGA-CR-7372	9	37497448	141091394	2	0
TCGA-CR-7372	10	72759	65312950	2	1
TCGA-CR-7372	10	65312959	135506704	2	0
TCGA-CR-7372	11	198572	15822591	1	1
TCGA-CR-7372	11	15824138	20784491	2	1
TCGA-CR-7372	11	20785134	24080224	1	1
TCGA-CR-7372	11	24081147	25840654	4	1
TCGA-CR-7372	11	25840979	56570012	2	2
TCGA-CR-7372	11	56570067	90944786	3	2
TCGA-CR-7372	11	90945974	134944770	2	2
TCGA-CR-7372	12	150442	33055494	3	2
TCGA-CR-7372	12	33055910	41708761	2	1
TCGA-CR-7372	12	41708862	44999986	3	2
TCGA-CR-7372	12	45000210	101945255	2	1
TCGA-CR-7372	12	101945736	103306550	5	1
TCGA-CR-7372	12	103306609	106381796	2	1
TCGA-CR-7372	12	106383173	112138078	7	1
TCGA-CR-7372	12	112139903	133778189	2	1
TCGA-CR-7372	13	19026949	37721283	1	1
TCGA-CR-7372	13	37721809	45625481	1	0
TCGA-CR-7372	13	45627809	48898159	2	0
TCGA-CR-7372	13	48898166	54471824	1	0
TCGA-CR-7372	13	54474133	58291698	2	0
TCGA-CR-7372	13	58291792	109872817	3	2
TCGA-CR-7372	13	109874364	115108397	3	3
TCGA-CR-7372	14	19002124	99747991	3	2
TCGA-CR-7372	14	99751588	107285437	2	1
TCGA-CR-7372	15	20016328	102469040	2	1
TCGA-CR-7372	16	60777	35283226	2	2
TCGA-CR-7372	16	46463782	73050345	3	2
TCGA-CR-7372	16	73050576	90287535	2	1
TCGA-CR-7372	17	526	22217680	4	0
TCGA-CR-7372	17	22217883	81049726	3	0
TCGA-CR-7372	18	48133	11424193	3	2
TCGA-CR-7372	18	11424260	19404299	2	2
TCGA-CR-7372	18	19406130	29609947	3	2
TCGA-CR-7372	18	29613207	78015057	2	0
TCGA-CR-7372	19	90910	31350677	2	1
TCGA-CR-7372	19	31352359	49731622	2	0
TCGA-CR-7372	19	49733068	59097854	2	1
TCGA-CR-7372	20	61305	62956153	3	2
TCGA-CR-7372	21	10736871	16899364	2	0
TCGA-CR-7372	21	16900417	26664061	2	2
TCGA-CR-7372	21	26665558	32112909	2	0
TCGA-CR-7372	21	32112937	37137449	2	1
TCGA-CR-7372	21	37140308	39471649	2	0
TCGA-CR-7372	21	39477352	48096957	2	1
TCGA-CR-7372	22	16052528	31925257	3	2
TCGA-CR-7372	22	31929132	32785177	6	2
TCGA-CR-7372	22	32785538	51234455	2	1
TCGA-CR-7372	X	168477	2703391	3	1
TCGA-CR-7372	X	2703633	10381613	4	0
TCGA-CR-7372	X	10381675	11582788	7	0
TCGA-CR-7372	X	11583750	36660334	2	0
TCGA-CR-7372	X	36664216	42739010	1	0
TCGA-CR-7372	X	42739380	154804814	2	0
TCGA-CR-7372	X	154809739	155233846	1	0
