sample	chr	startpos	endpos	nMajor	nMinor
TCGA-KN-8426	1	61735	249224388	2	0
TCGA-KN-8426	2	12784	243089456	2	0
TCGA-KN-8426	3	60345	197896118	2	0
TCGA-KN-8426	4	12281	14567771	2	1
TCGA-KN-8426	4	14568214	26155460	3	2
TCGA-KN-8426	4	26156897	28154239	2	2
TCGA-KN-8426	4	28157428	33409962	3	2
TCGA-KN-8426	4	33411241	191027923	2	2
TCGA-KN-8426	5	15532	180790320	2	2
TCGA-KN-8426	6	149661	171051005	2	0
TCGA-KN-8426	7	43259	68659	1	1
TCGA-KN-8426	7	71276	65162182	2	2
TCGA-KN-8426	7	65173719	138367004	4	2
TCGA-KN-8426	7	138367358	145061233	2	2
TCGA-KN-8426	7	145064742	154610516	2	0
TCGA-KN-8426	7	154614499	159127004	2	2
TCGA-KN-8426	8	31254	46847534	2	0
TCGA-KN-8426	8	46863535	101607397	6	2
TCGA-KN-8426	8	101607959	111181385	7	2
TCGA-KN-8426	8	111181468	146298155	6	2
TCGA-KN-8426	9	46587	141091394	2	0
TCGA-KN-8426	10	72759	135506704	2	0
TCGA-KN-8426	11	198572	41972679	2	0
TCGA-KN-8426	11	41974788	43742477	2	2
TCGA-KN-8426	11	43742830	43837579	1	1
TCGA-KN-8426	11	43838041	134944770	2	2
TCGA-KN-8426	12	150442	2042891	2	2
TCGA-KN-8426	12	2045085	13690967	2	1
TCGA-KN-8426	12	13691340	115688674	2	2
TCGA-KN-8426	12	115690884	120803783	2	1
TCGA-KN-8426	12	120809191	130101770	2	2
TCGA-KN-8426	12	130103554	131740209	2	1
TCGA-KN-8426	12	131740322	133778189	2	2
TCGA-KN-8426	13	19026949	115108397	2	0
TCGA-KN-8426	14	19002124	107285437	2	2
TCGA-KN-8426	15	20016328	102469040	2	2
TCGA-KN-8426	16	60777	90287535	2	2
TCGA-KN-8426	17	526	81049726	2	0
TCGA-KN-8426	18	48133	25452393	2	1
TCGA-KN-8426	18	25452906	43595667	2	2
TCGA-KN-8426	18	43600271	78015057	2	1
TCGA-KN-8426	19	90910	59097854	2	1
TCGA-KN-8426	20	61305	62956153	2	0
TCGA-KN-8426	21	10736871	48096957	2	0
TCGA-KN-8426	22	16052528	36251067	2	2
TCGA-KN-8426	22	36252267	51234455	2	1
TCGA-KN-8426	X	168477	155233846	2	0
