sample	chr	startpos	endpos	nMajor	nMinor
TCGA-09-1667	1	61735	4497285	2	1
TCGA-09-1667	1	4501877	5752340	12	2
TCGA-09-1667	1	5754261	5871451	7	2
TCGA-09-1667	1	5872575	6977775	11	1
TCGA-09-1667	1	6979885	6990271	8	0
TCGA-09-1667	1	6990491	14631672	2	2
TCGA-09-1667	1	14634803	19707302	2	1
TCGA-09-1667	1	19707859	21346669	2	2
TCGA-09-1667	1	21347067	23062498	3	2
TCGA-09-1667	1	23062632	50712590	2	2
TCGA-09-1667	1	50714689	57915622	3	2
TCGA-09-1667	1	57915793	121482979	2	2
TCGA-09-1667	1	144007049	149875831	6	1
TCGA-09-1667	1	149876124	150812820	10	1
TCGA-09-1667	1	150812909	153050547	7	1
TCGA-09-1667	1	153053391	156671802	5	1
TCGA-09-1667	1	156679199	161446128	4	1
TCGA-09-1667	1	161446131	163140801	5	1
TCGA-09-1667	1	163144984	171488635	2	1
TCGA-09-1667	1	171490832	177020192	3	1
TCGA-09-1667	1	177025156	188371774	2	1
TCGA-09-1667	1	188372862	192296158	1	1
TCGA-09-1667	1	192296391	197250573	2	1
TCGA-09-1667	1	197253470	202037092	4	2
TCGA-09-1667	1	202037995	204101421	5	2
TCGA-09-1667	1	204102213	205894469	5	3
TCGA-09-1667	1	205894602	209362100	5	2
TCGA-09-1667	1	209362243	210053898	5	1
TCGA-09-1667	1	210055105	210877280	5	0
TCGA-09-1667	1	210880925	211121807	5	2
TCGA-09-1667	1	211122469	249224388	5	0
TCGA-09-1667	2	12784	48400789	2	2
TCGA-09-1667	2	48404099	49201132	3	2
TCGA-09-1667	2	49201328	76487771	2	2
TCGA-09-1667	2	76487788	84023157	3	2
TCGA-09-1667	2	84024594	165593291	2	2
TCGA-09-1667	2	165597049	165744949	2	1
TCGA-09-1667	2	165745814	243089456	2	2
TCGA-09-1667	3	60345	8153583	2	1
TCGA-09-1667	3	8156423	8772089	1	1
TCGA-09-1667	3	8775077	71672306	2	1
TCGA-09-1667	3	71672680	98803792	3	1
TCGA-09-1667	3	98805403	106159948	2	1
TCGA-09-1667	3	106159984	110938216	2	2
TCGA-09-1667	3	110938375	111052059	3	2
TCGA-09-1667	3	111055849	121988658	2	1
TCGA-09-1667	3	121991139	142116599	3	1
TCGA-09-1667	3	142125922	156943155	4	1
TCGA-09-1667	3	156950579	158648615	3	3
TCGA-09-1667	3	158649767	162659705	4	4
TCGA-09-1667	3	162662110	168765054	5	5
TCGA-09-1667	3	168770460	177282863	4	4
TCGA-09-1667	3	177282931	188653663	4	2
TCGA-09-1667	3	188654169	197896118	4	0
TCGA-09-1667	4	12281	69648640	2	1
TCGA-09-1667	4	69650554	187773015	2	2
TCGA-09-1667	4	187773147	191027923	3	2
TCGA-09-1667	5	15532	21466553	2	1
TCGA-09-1667	5	21466625	26717328	3	2
TCGA-09-1667	5	26717651	51388477	2	1
TCGA-09-1667	5	51389452	103362567	1	1
TCGA-09-1667	5	103367931	155600231	3	1
TCGA-09-1667	5	155601594	162434427	4	1
TCGA-09-1667	5	162435179	165245257	5	1
TCGA-09-1667	5	165245822	167553371	6	1
TCGA-09-1667	5	167553493	180790320	5	1
TCGA-09-1667	6	149661	14596365	5	0
TCGA-09-1667	6	14596651	37042812	4	0
TCGA-09-1667	6	37044912	63475320	4	1
TCGA-09-1667	6	63475421	116099909	3	1
TCGA-09-1667	6	116102720	123411661	2	1
TCGA-09-1667	6	123412897	151651484	4	1
TCGA-09-1667	6	151651568	152492736	5	1
TCGA-09-1667	6	152493465	171051005	4	1
TCGA-09-1667	7	43259	110376603	3	1
TCGA-09-1667	7	110377950	111600672	3	2
TCGA-09-1667	7	111601081	141462537	3	1
TCGA-09-1667	7	141462643	143107588	4	1
TCGA-09-1667	7	143107592	159127004	3	1
TCGA-09-1667	8	31254	27340720	2	0
TCGA-09-1667	8	27341015	38561031	2	1
TCGA-09-1667	8	38562845	38852967	4	2
TCGA-09-1667	8	38860338	40014852	2	1
TCGA-09-1667	8	40019174	49689978	2	2
TCGA-09-1667	8	49690240	53281800	2	1
TCGA-09-1667	8	53282832	55421420	7	2
TCGA-09-1667	8	55422440	59038750	11	2
TCGA-09-1667	8	59041576	69669539	2	1
TCGA-09-1667	8	69671756	70512578	3	2
TCGA-09-1667	8	70512693	79384949	2	1
TCGA-09-1667	8	79390742	80516438	7	1
TCGA-09-1667	8	80527811	80621011	18	0
TCGA-09-1667	8	80635016	81775256	8	1
TCGA-09-1667	8	81776842	82707920	2	1
TCGA-09-1667	8	82707981	84020118	3	2
TCGA-09-1667	8	84020904	84061923	4	1
TCGA-09-1667	8	84070597	87104579	12	3
TCGA-09-1667	8	87107927	87446789	5	3
TCGA-09-1667	8	87457657	89246828	7	1
TCGA-09-1667	8	89247005	90284047	10	1
TCGA-09-1667	8	90285579	91268311	8	2
TCGA-09-1667	8	91269272	91327801	7	2
TCGA-09-1667	8	91331181	97071015	4	1
TCGA-09-1667	8	97071558	99940177	3	3
TCGA-09-1667	8	99942362	102436247	7	3
TCGA-09-1667	8	102444359	109729323	3	3
TCGA-09-1667	8	109731630	110447735	3	1
TCGA-09-1667	8	110450092	118062556	5	3
TCGA-09-1667	8	118065919	125584940	3	3
TCGA-09-1667	8	125593594	126244886	10	3
TCGA-09-1667	8	126245548	130334014	19	2
TCGA-09-1667	8	130334481	137264439	14	3
TCGA-09-1667	8	137264500	146125642	3	1
TCGA-09-1667	8	146128340	146298155	1	1
TCGA-09-1667	9	46587	3704733	2	1
TCGA-09-1667	9	3709018	4658662	1	1
TCGA-09-1667	9	4661853	47217176	2	1
TCGA-09-1667	9	65616971	141091394	2	0
TCGA-09-1667	10	72759	38751526	3	2
TCGA-09-1667	10	38751921	45786736	2	2
TCGA-09-1667	10	45787725	55007599	2	1
TCGA-09-1667	10	55008243	57917140	2	2
TCGA-09-1667	10	57918680	58282168	16	1
TCGA-09-1667	10	58283134	58300810	10	10
TCGA-09-1667	10	58309019	59370664	2	2
TCGA-09-1667	10	59375062	60640759	2	1
TCGA-09-1667	10	60643336	60794635	1	1
TCGA-09-1667	10	60796906	77714088	2	1
TCGA-09-1667	10	77720081	78374513	13	2
TCGA-09-1667	10	78379576	79797530	38	1
TCGA-09-1667	10	79798919	80376423	20	1
TCGA-09-1667	10	80376570	80557047	3	0
TCGA-09-1667	10	80560555	80592497	14	3
TCGA-09-1667	10	80592943	81869037	22	1
TCGA-09-1667	10	81873181	135506704	2	1
TCGA-09-1667	11	198572	41355152	1	1
TCGA-09-1667	11	41355213	55475560	2	1
TCGA-09-1667	11	55475639	59571595	2	2
TCGA-09-1667	11	59573957	64733678	3	2
TCGA-09-1667	11	64741387	66481463	5	1
TCGA-09-1667	11	66487533	69484581	2	1
TCGA-09-1667	11	69487548	71967615	5	1
TCGA-09-1667	11	71974196	75215514	6	1
TCGA-09-1667	11	75216593	78026516	12	1
TCGA-09-1667	11	78029707	81292179	9	1
TCGA-09-1667	11	81292381	81818208	4	1
TCGA-09-1667	11	81819232	83005524	9	1
TCGA-09-1667	11	83009465	84119166	6	1
TCGA-09-1667	11	84119654	87884293	4	1
TCGA-09-1667	11	87886025	91438004	5	1
TCGA-09-1667	11	91440373	122840423	1	1
TCGA-09-1667	11	122845406	129445942	2	1
TCGA-09-1667	11	129446087	130459837	3	1
TCGA-09-1667	11	130462002	134944770	2	1
TCGA-09-1667	12	150442	25279887	2	2
TCGA-09-1667	12	25284007	25908305	12	1
TCGA-09-1667	12	25909368	26461964	17	1
TCGA-09-1667	12	26471324	27075090	12	1
TCGA-09-1667	12	27081216	29416782	4	2
TCGA-09-1667	12	29419110	31739895	6	2
TCGA-09-1667	12	31741073	34854498	7	2
TCGA-09-1667	12	37857751	40279880	3	2
TCGA-09-1667	12	40279952	44272915	3	0
TCGA-09-1667	12	44275124	45314471	3	2
TCGA-09-1667	12	45315500	46450722	4	3
TCGA-09-1667	12	46451692	64713050	3	0
TCGA-09-1667	12	64715537	65075332	1	0
TCGA-09-1667	12	65075817	114210660	3	0
TCGA-09-1667	12	114211451	114956148	1	0
TCGA-09-1667	12	114957753	133778189	3	0
TCGA-09-1667	13	19026949	34694350	2	1
TCGA-09-1667	13	34694944	115108397	1	1
TCGA-09-1667	14	19002124	27536390	3	2
TCGA-09-1667	14	27538718	27717369	2	1
TCGA-09-1667	14	27717870	32332520	3	2
TCGA-09-1667	14	32334477	33725813	3	1
TCGA-09-1667	14	33725986	34195326	1	1
TCGA-09-1667	14	34195479	41905452	2	2
TCGA-09-1667	14	41905479	50048072	3	2
TCGA-09-1667	14	50048447	51172219	1	0
TCGA-09-1667	14	51175187	55250169	2	1
TCGA-09-1667	14	55251308	72989640	1	0
TCGA-09-1667	14	72994788	81498898	2	1
TCGA-09-1667	14	81498912	97601029	3	2
TCGA-09-1667	14	97603221	98600517	2	1
TCGA-09-1667	14	98601118	107285437	3	2
TCGA-09-1667	15	20016328	102469040	2	0
TCGA-09-1667	16	60777	16831082	1	1
TCGA-09-1667	16	16837626	17684945	2	1
TCGA-09-1667	16	17685582	22697498	1	1
TCGA-09-1667	16	22698481	26746994	2	1
TCGA-09-1667	16	26750664	26955020	1	1
TCGA-09-1667	16	26955574	35283226	2	1
TCGA-09-1667	16	46463782	70842097	2	0
TCGA-09-1667	16	70854381	71226096	4	0
TCGA-09-1667	16	71230079	71561731	2	0
TCGA-09-1667	16	71570413	74578539	3	2
TCGA-09-1667	16	74580055	76203282	2	1
TCGA-09-1667	16	76203326	86854467	2	0
TCGA-09-1667	16	86854704	87098054	2	1
TCGA-09-1667	16	87098993	88340248	2	0
TCGA-09-1667	16	88349980	89644836	2	1
TCGA-09-1667	16	89647453	90287535	2	0
TCGA-09-1667	17	526	1334524	3	0
TCGA-09-1667	17	1336382	19389197	2	0
TCGA-09-1667	17	19389224	19956268	11	0
TCGA-09-1667	17	19956899	43765952	3	0
TCGA-09-1667	17	43767631	70040619	4	0
TCGA-09-1667	17	70040632	75910858	3	0
TCGA-09-1667	17	75912171	81049726	4	0
TCGA-09-1667	18	48133	19779961	2	2
TCGA-09-1667	18	19786316	78015057	1	1
TCGA-09-1667	19	90910	4288205	2	0
TCGA-09-1667	19	4288555	8118950	4	2
TCGA-09-1667	19	8119011	10618662	5	2
TCGA-09-1667	19	10620196	11555646	3	2
TCGA-09-1667	19	11564335	12820996	5	2
TCGA-09-1667	19	12825478	16428398	8	2
TCGA-09-1667	19	16431361	18066574	5	2
TCGA-09-1667	19	18074997	18357416	3	2
TCGA-09-1667	19	18359524	21678798	6	2
TCGA-09-1667	19	21680184	22103358	2	2
TCGA-09-1667	19	22103475	29303666	4	2
TCGA-09-1667	19	29304286	30081688	5	2
TCGA-09-1667	19	30082059	30755964	8	2
TCGA-09-1667	19	30756075	31363051	14	2
TCGA-09-1667	19	31363942	32062255	2	0
TCGA-09-1667	19	32062965	35484523	2	1
TCGA-09-1667	19	35485269	36727365	2	2
TCGA-09-1667	19	36728320	37338966	7	2
TCGA-09-1667	19	37353228	52002729	2	0
TCGA-09-1667	19	52003331	52985245	5	2
TCGA-09-1667	19	52987044	53278953	4	2
TCGA-09-1667	19	53284135	58780102	2	1
TCGA-09-1667	19	58784732	59097854	2	0
TCGA-09-1667	20	61305	11741273	1	1
TCGA-09-1667	20	11742799	16529468	2	1
TCGA-09-1667	20	16532251	22703776	1	1
TCGA-09-1667	20	22704132	41089452	2	1
TCGA-09-1667	20	41090293	41535977	2	2
TCGA-09-1667	20	41538183	41799030	9	2
TCGA-09-1667	20	41802120	43427968	2	2
TCGA-09-1667	20	43435413	43997921	12	2
TCGA-09-1667	20	44006601	47114940	2	2
TCGA-09-1667	20	47117321	62746376	2	1
TCGA-09-1667	20	62746667	62956153	2	0
TCGA-09-1667	21	10736871	18566027	3	2
TCGA-09-1667	21	18566129	19698849	3	1
TCGA-09-1667	21	19704822	21579722	5	1
TCGA-09-1667	21	21582008	23974431	2	1
TCGA-09-1667	21	23975186	25328221	3	2
TCGA-09-1667	21	25328443	27858006	2	2
TCGA-09-1667	21	27858059	48096957	2	1
TCGA-09-1667	22	16052528	17534688	2	0
TCGA-09-1667	22	17536181	19135574	3	0
TCGA-09-1667	22	19139368	21415742	4	0
TCGA-09-1667	22	21415941	24231148	3	0
TCGA-09-1667	22	24232875	24891355	5	0
TCGA-09-1667	22	24892860	26630019	4	0
TCGA-09-1667	22	26631401	29918482	5	0
TCGA-09-1667	22	29920819	32811456	6	0
TCGA-09-1667	22	32815346	34981689	4	0
TCGA-09-1667	22	34986400	42279739	2	0
TCGA-09-1667	22	42280618	51234455	1	0
TCGA-09-1667	X	168477	3245054	1	0
TCGA-09-1667	X	3245204	6046837	2	1
TCGA-09-1667	X	6049021	30403273	1	0
TCGA-09-1667	X	30403469	31137485	2	0
TCGA-09-1667	X	31139398	55248320	1	0
TCGA-09-1667	X	55248376	73636087	2	1
TCGA-09-1667	X	73636616	155233846	2	0
