sample	chr	startpos	endpos	nMajor	nMinor
TCGA-EJ-7115-b	1	61735	155922195	1	1
TCGA-EJ-7115-b	1	155922229	161115282	1	0
TCGA-EJ-7115-b	1	161115315	170795901	1	1
TCGA-EJ-7115-b	1	170796448	171463876	1	0
TCGA-EJ-7115-b	1	171466501	186373091	1	1
TCGA-EJ-7115-b	1	186374357	192586856	1	0
TCGA-EJ-7115-b	1	192587863	249224388	1	1
TCGA-EJ-7115-b	2	12784	52145122	1	1
TCGA-EJ-7115-b	2	52145133	52347980	1	0
TCGA-EJ-7115-b	2	52350861	243089456	1	1
TCGA-EJ-7115-b	3	60345	87271913	1	1
TCGA-EJ-7115-b	3	87275516	88268381	1	0
TCGA-EJ-7115-b	3	88268395	161729814	1	1
TCGA-EJ-7115-b	3	161732704	162336860	2	1
TCGA-EJ-7115-b	3	162337011	197896118	1	1
TCGA-EJ-7115-b	4	12281	11257446	1	1
TCGA-EJ-7115-b	4	11257515	13643227	1	0
TCGA-EJ-7115-b	4	13643437	39480883	1	1
TCGA-EJ-7115-b	4	39487301	42228910	1	0
TCGA-EJ-7115-b	4	42231110	68698226	1	1
TCGA-EJ-7115-b	4	68699641	71321473	1	0
TCGA-EJ-7115-b	4	71324042	94920556	1	1
TCGA-EJ-7115-b	4	94920965	98237090	1	0
TCGA-EJ-7115-b	4	98240651	191027923	1	1
TCGA-EJ-7115-b	5	15532	13409966	1	1
TCGA-EJ-7115-b	5	13415609	13846553	1	0
TCGA-EJ-7115-b	5	13847944	15322226	1	1
TCGA-EJ-7115-b	5	15328624	16123847	1	0
TCGA-EJ-7115-b	5	16124245	25571379	1	1
TCGA-EJ-7115-b	5	25574170	26310339	1	0
TCGA-EJ-7115-b	5	26312536	27258700	1	1
TCGA-EJ-7115-b	5	27259432	29177081	1	0
TCGA-EJ-7115-b	5	29178402	52306621	1	1
TCGA-EJ-7115-b	5	52313564	55075234	1	0
TCGA-EJ-7115-b	5	55079350	58110144	0	0
TCGA-EJ-7115-b	5	58110324	79043175	1	0
TCGA-EJ-7115-b	5	79047407	89543598	1	1
TCGA-EJ-7115-b	5	89548451	90189986	1	0
TCGA-EJ-7115-b	5	90190417	94667451	1	1
TCGA-EJ-7115-b	5	94668415	96633855	1	0
TCGA-EJ-7115-b	5	96633959	180790320	1	1
TCGA-EJ-7115-b	6	149661	68438854	1	1
TCGA-EJ-7115-b	6	68445909	68707736	1	0
TCGA-EJ-7115-b	6	68708089	69146539	0	0
TCGA-EJ-7115-b	6	69149820	69471747	1	0
TCGA-EJ-7115-b	6	69475322	82603140	1	1
TCGA-EJ-7115-b	6	82604130	82737199	1	0
TCGA-EJ-7115-b	6	82737456	83993188	1	1
TCGA-EJ-7115-b	6	83997231	85879372	1	0
TCGA-EJ-7115-b	6	85880860	86321388	1	1
TCGA-EJ-7115-b	6	86323515	122980511	1	0
TCGA-EJ-7115-b	6	122980559	171051005	1	1
TCGA-EJ-7115-b	7	43259	159127004	1	1
TCGA-EJ-7115-b	8	31254	33702211	1	0
TCGA-EJ-7115-b	8	33702840	38687537	1	1
TCGA-EJ-7115-b	8	38691139	43413955	1	0
TCGA-EJ-7115-b	8	43414155	146298155	1	1
TCGA-EJ-7115-b	9	46587	141091394	1	1
TCGA-EJ-7115-b	10	72759	33456736	1	1
TCGA-EJ-7115-b	10	33464952	36121546	1	0
TCGA-EJ-7115-b	10	36121611	135506704	1	1
TCGA-EJ-7115-b	11	198572	134944770	1	1
TCGA-EJ-7115-b	12	150442	133778189	1	1
TCGA-EJ-7115-b	13	19026949	30304716	1	1
TCGA-EJ-7115-b	13	30305891	73448857	1	0
TCGA-EJ-7115-b	13	73450154	89548213	1	1
TCGA-EJ-7115-b	13	89549236	89862943	1	0
TCGA-EJ-7115-b	13	89864593	115108397	1	1
TCGA-EJ-7115-b	14	19002124	21434804	1	1
TCGA-EJ-7115-b	14	21437013	22331352	1	0
TCGA-EJ-7115-b	14	22332079	107285437	1	1
TCGA-EJ-7115-b	15	20016328	102469040	1	1
TCGA-EJ-7115-b	16	60777	90287535	1	1
TCGA-EJ-7115-b	17	526	81049726	1	1
TCGA-EJ-7115-b	18	48133	78015057	1	1
TCGA-EJ-7115-b	19	90910	59097854	1	1
TCGA-EJ-7115-b	20	61305	62956153	1	1
TCGA-EJ-7115-b	21	10736871	48096957	1	1
TCGA-EJ-7115-b	22	16052528	51234455	1	1
TCGA-EJ-7115-b	X	168477	2703391	1	1
TCGA-EJ-7115-b	X	2703633	19475760	1	0
TCGA-EJ-7115-b	X	19476434	19511566	0	0
TCGA-EJ-7115-b	X	19515847	154929498	1	0
TCGA-EJ-7115-b	X	154963439	155233846	1	1
