sample	chr	startpos	endpos	nMajor	nMinor
TCGA-AK-3445	1	61735	249224388	1	1
TCGA-AK-3445	2	12784	243089456	1	1
TCGA-AK-3445	3	60345	89862903	1	0
TCGA-AK-3445	3	89863450	197896118	2	0
TCGA-AK-3445	4	12281	191027923	1	1
TCGA-AK-3445	5	15532	180790320	2	1
TCGA-AK-3445	6	149661	171051005	1	1
TCGA-AK-3445	7	43259	159127004	1	1
TCGA-AK-3445	8	31254	43767226	1	0
TCGA-AK-3445	8	43778914	146298155	4	1
TCGA-AK-3445	9	46587	9504430	1	0
TCGA-AK-3445	9	9504580	9589682	0	0
TCGA-AK-3445	9	9589696	141091394	1	0
TCGA-AK-3445	10	72759	135506704	1	1
TCGA-AK-3445	11	198572	134944770	1	1
TCGA-AK-3445	12	150442	133778189	1	1
TCGA-AK-3445	13	19026949	115108397	1	0
TCGA-AK-3445	14	19002124	71085702	1	1
TCGA-AK-3445	14	71088710	107285437	1	0
TCGA-AK-3445	15	20016328	102469040	1	1
TCGA-AK-3445	16	60777	90287535	1	1
TCGA-AK-3445	17	526	81049726	1	1
TCGA-AK-3445	18	48133	78015057	1	1
TCGA-AK-3445	19	90910	59097854	1	1
TCGA-AK-3445	20	61305	62956153	2	1
TCGA-AK-3445	21	10736871	48096957	2	1
TCGA-AK-3445	22	16052528	51234455	1	1
TCGA-AK-3445	X	168477	61728829	3	0
TCGA-AK-3445	X	61752280	155233846	1	0
