sample	chr	startpos	endpos	nMajor	nMinor
TCGA-30-1887	1	61735	7951746	1	0
TCGA-30-1887	1	7952163	15431381	2	0
TCGA-30-1887	1	15431657	17299727	4	0
TCGA-30-1887	1	17299983	19039139	2	0
TCGA-30-1887	1	19041262	29864799	3	0
TCGA-30-1887	1	29865107	36200821	2	0
TCGA-30-1887	1	36201388	159584265	2	1
TCGA-30-1887	1	159584337	160184152	3	1
TCGA-30-1887	1	160187918	249224388	2	1
TCGA-30-1887	2	12784	89593755	2	1
TCGA-30-1887	2	89596294	243089456	1	1
TCGA-30-1887	3	60345	90502862	1	1
TCGA-30-1887	3	93519478	96868835	4	1
TCGA-30-1887	3	96876623	197896118	4	2
TCGA-30-1887	4	12281	191027923	2	1
TCGA-30-1887	5	15532	31473937	2	1
TCGA-30-1887	5	31475908	36301052	2	2
TCGA-30-1887	5	36301577	180790320	2	0
TCGA-30-1887	6	149661	10198374	2	1
TCGA-30-1887	6	10199102	10808508	2	2
TCGA-30-1887	6	10808623	171051005	2	1
TCGA-30-1887	7	43259	51617332	2	0
TCGA-30-1887	7	51620133	52481155	2	1
TCGA-30-1887	7	52483783	62049430	1	1
TCGA-30-1887	7	62049440	69250072	2	1
TCGA-30-1887	7	69250306	98689289	2	0
TCGA-30-1887	7	98693696	98935548	4	0
TCGA-30-1887	7	98939419	159127004	3	0
TCGA-30-1887	8	31254	2308163	1	1
TCGA-30-1887	8	2311153	5684752	1	0
TCGA-30-1887	8	5684791	8831662	1	1
TCGA-30-1887	8	8834528	9649691	2	1
TCGA-30-1887	8	9649769	31977229	1	1
TCGA-30-1887	8	31978242	32777643	2	1
TCGA-30-1887	8	32777962	34211737	1	1
TCGA-30-1887	8	34211783	37941867	2	1
TCGA-30-1887	8	37943546	38388776	4	1
TCGA-30-1887	8	38399843	42810184	1	1
TCGA-30-1887	8	42812611	98935189	6	1
TCGA-30-1887	8	98936151	99009024	2	1
TCGA-30-1887	8	99014295	146298155	6	1
TCGA-30-1887	9	46587	141091394	3	0
TCGA-30-1887	10	72759	37825732	3	2
TCGA-30-1887	10	37826322	80220710	2	1
TCGA-30-1887	10	80220796	80319983	4	1
TCGA-30-1887	10	80321977	135506704	2	1
TCGA-30-1887	11	198572	46478715	2	0
TCGA-30-1887	11	46480388	47010496	2	1
TCGA-30-1887	11	47011074	48101766	2	0
TCGA-30-1887	11	48102350	76438971	2	1
TCGA-30-1887	11	76439068	78278567	2	2
TCGA-30-1887	11	78278792	120924748	2	1
TCGA-30-1887	11	120926440	121521370	2	2
TCGA-30-1887	11	121521537	128812586	2	1
TCGA-30-1887	11	128815322	130091045	3	1
TCGA-30-1887	11	130096524	134944770	2	1
TCGA-30-1887	12	150442	989695	3	3
TCGA-30-1887	12	989964	40236285	2	2
TCGA-30-1887	12	40236374	42671269	2	1
TCGA-30-1887	12	42673065	44398254	5	2
TCGA-30-1887	12	44399019	47477315	8	2
TCGA-30-1887	12	47477687	48132159	2	1
TCGA-30-1887	12	48132451	48585818	3	1
TCGA-30-1887	12	48585916	71116236	2	1
TCGA-30-1887	12	71120515	71647447	3	1
TCGA-30-1887	12	71648470	133778189	2	1
TCGA-30-1887	13	19026949	115108397	2	1
TCGA-30-1887	14	19002124	77309250	2	0
TCGA-30-1887	14	77311066	77740375	3	0
TCGA-30-1887	14	77740423	107285437	2	0
TCGA-30-1887	15	20016328	102469040	2	0
TCGA-30-1887	16	60777	35283226	2	0
TCGA-30-1887	16	46463782	90287535	1	0
TCGA-30-1887	17	526	41305826	2	0
TCGA-30-1887	17	41307101	44276499	3	0
TCGA-30-1887	17	44276560	81049726	4	0
TCGA-30-1887	18	48133	78015057	3	0
TCGA-30-1887	19	90910	4438041	2	0
TCGA-30-1887	19	4449287	12490673	2	1
TCGA-30-1887	19	12490729	16773790	2	2
TCGA-30-1887	19	16782391	24582577	2	1
TCGA-30-1887	19	24583312	28966557	9	2
TCGA-30-1887	19	28968740	30528530	5	2
TCGA-30-1887	19	30529932	32903948	2	1
TCGA-30-1887	19	32904199	36097861	2	2
TCGA-30-1887	19	36099544	39015195	7	2
TCGA-30-1887	19	39015454	46047459	3	2
TCGA-30-1887	19	46052454	59097854	2	0
TCGA-30-1887	20	61305	3626937	2	2
TCGA-30-1887	20	3629254	4847201	2	1
TCGA-30-1887	20	4850333	6259725	4	2
TCGA-30-1887	20	6259760	9052897	2	1
TCGA-30-1887	20	9053120	9585738	4	2
TCGA-30-1887	20	9585873	11427267	6	2
TCGA-30-1887	20	11430193	12781095	4	2
TCGA-30-1887	20	12781546	15833245	2	1
TCGA-30-1887	20	15834842	16703251	2	2
TCGA-30-1887	20	16705884	17211830	4	2
TCGA-30-1887	20	17211966	22727849	2	1
TCGA-30-1887	20	22729750	23402774	5	2
TCGA-30-1887	20	23403939	24621696	2	1
TCGA-30-1887	20	24627114	25869150	5	2
TCGA-30-1887	20	25870287	30093071	3	1
TCGA-30-1887	20	30093430	30315025	6	3
TCGA-30-1887	20	30316023	39907067	2	1
TCGA-30-1887	20	39911324	62956153	3	1
TCGA-30-1887	21	10736871	48096957	2	1
TCGA-30-1887	22	16052528	51234455	2	0
TCGA-30-1887	X	168477	41051757	1	1
TCGA-30-1887	X	41051780	88995418	2	1
TCGA-30-1887	X	89000453	155233846	3	1
