sample	chr	startpos	endpos	nMajor	nMinor
TCGA-OY-A56Q	1	61735	102686703	4	1
TCGA-OY-A56Q	1	102687572	107485469	5	1
TCGA-OY-A56Q	1	107485966	158085565	4	1
TCGA-OY-A56Q	1	158090651	159176687	5	1
TCGA-OY-A56Q	1	159181560	185561895	4	1
TCGA-OY-A56Q	1	185562420	189822681	5	1
TCGA-OY-A56Q	1	189822908	192050403	6	1
TCGA-OY-A56Q	1	192050674	193778847	4	1
TCGA-OY-A56Q	1	193788137	195390310	5	1
TCGA-OY-A56Q	1	195390646	249224388	4	1
TCGA-OY-A56Q	2	12784	13698963	4	3
TCGA-OY-A56Q	2	13699487	15679061	4	4
TCGA-OY-A56Q	2	15682932	33617554	4	3
TCGA-OY-A56Q	2	33620353	36336962	5	5
TCGA-OY-A56Q	2	36337110	48955368	4	3
TCGA-OY-A56Q	2	48955683	51887809	4	4
TCGA-OY-A56Q	2	51888323	53109837	5	5
TCGA-OY-A56Q	2	53110034	60595163	4	4
TCGA-OY-A56Q	2	60599100	77251999	4	3
TCGA-OY-A56Q	2	77252200	81407428	4	4
TCGA-OY-A56Q	2	81408132	84203215	5	5
TCGA-OY-A56Q	2	84203524	102842467	4	3
TCGA-OY-A56Q	2	102845555	104799706	5	5
TCGA-OY-A56Q	2	104802547	114659327	4	3
TCGA-OY-A56Q	2	114659638	117462293	5	5
TCGA-OY-A56Q	2	117463256	123509724	4	3
TCGA-OY-A56Q	2	123510337	127424678	5	4
TCGA-OY-A56Q	2	127424849	139414418	4	3
TCGA-OY-A56Q	2	139414524	143719951	4	4
TCGA-OY-A56Q	2	143720342	145812869	4	3
TCGA-OY-A56Q	2	145813123	148595565	5	4
TCGA-OY-A56Q	2	148596838	149167867	4	2
TCGA-OY-A56Q	2	149167935	155638058	4	4
TCGA-OY-A56Q	2	155638884	158284998	5	4
TCGA-OY-A56Q	2	158285377	162620664	4	3
TCGA-OY-A56Q	2	162622206	163888800	5	5
TCGA-OY-A56Q	2	163889286	180040551	4	3
TCGA-OY-A56Q	2	180040659	186486614	4	4
TCGA-OY-A56Q	2	186486867	193639373	4	3
TCGA-OY-A56Q	2	193639542	195963885	6	4
TCGA-OY-A56Q	2	195964436	211488582	4	3
TCGA-OY-A56Q	2	211489103	215383912	4	4
TCGA-OY-A56Q	2	215383970	243089456	4	3
TCGA-OY-A56Q	3	60345	22112905	4	2
TCGA-OY-A56Q	3	22118750	22631593	13	5
TCGA-OY-A56Q	3	22632706	23844432	7	4
TCGA-OY-A56Q	3	23854883	37240462	5	4
TCGA-OY-A56Q	3	37240477	67165060	4	4
TCGA-OY-A56Q	3	67165103	68583448	6	5
TCGA-OY-A56Q	3	68583521	80940292	5	4
TCGA-OY-A56Q	3	80948443	82380090	4	4
TCGA-OY-A56Q	3	82380177	96502457	5	5
TCGA-OY-A56Q	3	96503396	109203034	4	4
TCGA-OY-A56Q	3	109203399	111120319	5	4
TCGA-OY-A56Q	3	111120382	116983821	4	3
TCGA-OY-A56Q	3	116983850	117429566	3	2
TCGA-OY-A56Q	3	117431248	143272255	4	3
TCGA-OY-A56Q	3	143276257	146889655	5	5
TCGA-OY-A56Q	3	146893918	152393762	4	4
TCGA-OY-A56Q	3	152400955	154825259	5	4
TCGA-OY-A56Q	3	154827031	161762833	4	3
TCGA-OY-A56Q	3	161767426	163726357	5	4
TCGA-OY-A56Q	3	163726358	167117350	6	4
TCGA-OY-A56Q	3	167117845	176337498	4	4
TCGA-OY-A56Q	3	176341188	186983728	4	3
TCGA-OY-A56Q	3	186984141	189946318	4	4
TCGA-OY-A56Q	3	189946767	192453649	5	5
TCGA-OY-A56Q	3	192453666	197896118	4	3
TCGA-OY-A56Q	4	12281	10499212	3	0
TCGA-OY-A56Q	4	10502334	12228711	4	0
TCGA-OY-A56Q	4	12230263	27301361	3	0
TCGA-OY-A56Q	4	27302243	37062852	4	0
TCGA-OY-A56Q	4	37063069	43652311	3	0
TCGA-OY-A56Q	4	43653290	46773505	4	0
TCGA-OY-A56Q	4	46773598	64329406	3	0
TCGA-OY-A56Q	4	64329466	67828945	4	0
TCGA-OY-A56Q	4	67829052	69206676	3	0
TCGA-OY-A56Q	4	69206695	70874982	4	0
TCGA-OY-A56Q	4	70875649	130553060	3	0
TCGA-OY-A56Q	4	130553837	136980742	4	0
TCGA-OY-A56Q	4	136980973	167050337	3	0
TCGA-OY-A56Q	4	167058019	168593343	4	0
TCGA-OY-A56Q	4	168593961	178036711	3	0
TCGA-OY-A56Q	4	178037786	178733365	2	0
TCGA-OY-A56Q	4	178733603	180990389	4	0
TCGA-OY-A56Q	4	180992113	187870975	3	0
TCGA-OY-A56Q	4	187870988	191027923	4	0
TCGA-OY-A56Q	5	15532	2141616	3	1
TCGA-OY-A56Q	5	2143119	4113354	4	1
TCGA-OY-A56Q	5	4113377	11722445	3	1
TCGA-OY-A56Q	5	11722532	12895228	4	1
TCGA-OY-A56Q	5	12897989	17491212	3	1
TCGA-OY-A56Q	5	17491269	29993736	4	1
TCGA-OY-A56Q	5	29995491	44312687	3	1
TCGA-OY-A56Q	5	44313282	46386392	4	1
TCGA-OY-A56Q	5	46389273	130974236	1	1
TCGA-OY-A56Q	5	130979916	160701395	3	1
TCGA-OY-A56Q	5	160701419	162211967	4	1
TCGA-OY-A56Q	5	162212211	180790320	3	1
TCGA-OY-A56Q	6	149661	9068628	6	3
TCGA-OY-A56Q	6	9071376	9783172	7	4
TCGA-OY-A56Q	6	9783516	18791723	5	3
TCGA-OY-A56Q	6	18791791	19735805	7	4
TCGA-OY-A56Q	6	19737175	45993795	5	3
TCGA-OY-A56Q	6	45993918	50115261	7	4
TCGA-OY-A56Q	6	50115827	52113439	5	3
TCGA-OY-A56Q	6	52113666	53172794	4	3
TCGA-OY-A56Q	6	53174448	54169957	6	3
TCGA-OY-A56Q	6	54170056	55090607	7	4
TCGA-OY-A56Q	6	55091450	61886440	6	3
TCGA-OY-A56Q	6	61930020	63898722	7	0
TCGA-OY-A56Q	6	63898916	68933962	6	0
TCGA-OY-A56Q	6	68933994	77136629	5	0
TCGA-OY-A56Q	6	77137927	79442335	6	0
TCGA-OY-A56Q	6	79443740	92340197	5	0
TCGA-OY-A56Q	6	92340527	96037842	7	0
TCGA-OY-A56Q	6	96037899	123087043	5	0
TCGA-OY-A56Q	6	123089365	125250345	7	0
TCGA-OY-A56Q	6	125250416	128624569	5	0
TCGA-OY-A56Q	6	128624615	132860260	7	0
TCGA-OY-A56Q	6	132860575	138512788	5	0
TCGA-OY-A56Q	6	138513056	142269455	6	0
TCGA-OY-A56Q	6	142276494	171051005	5	0
TCGA-OY-A56Q	7	43259	19014581	3	2
TCGA-OY-A56Q	7	19014596	19706571	2	2
TCGA-OY-A56Q	7	19706972	41341894	3	2
TCGA-OY-A56Q	7	41344294	42704102	4	2
TCGA-OY-A56Q	7	42704271	48286343	3	2
TCGA-OY-A56Q	7	48286420	49882989	4	3
TCGA-OY-A56Q	7	49883749	51276791	3	2
TCGA-OY-A56Q	7	51276844	54627890	4	2
TCGA-OY-A56Q	7	54628200	56277538	3	2
TCGA-OY-A56Q	7	56278549	61888128	4	3
TCGA-OY-A56Q	7	61987173	63761038	5	4
TCGA-OY-A56Q	7	63761081	113248579	4	3
TCGA-OY-A56Q	7	113249283	115150571	5	5
TCGA-OY-A56Q	7	115152450	131060235	4	4
TCGA-OY-A56Q	7	131060717	131418688	7	3
TCGA-OY-A56Q	7	131418769	142181928	4	3
TCGA-OY-A56Q	7	142181958	143844648	4	4
TCGA-OY-A56Q	7	143845058	145514833	5	5
TCGA-OY-A56Q	7	145516909	159127004	4	3
TCGA-OY-A56Q	8	31254	2609287	3	3
TCGA-OY-A56Q	8	2609475	5339517	5	4
TCGA-OY-A56Q	8	5339760	5952805	4	3
TCGA-OY-A56Q	8	5952944	14207163	3	3
TCGA-OY-A56Q	8	14207321	16464503	4	3
TCGA-OY-A56Q	8	16464516	50269697	3	3
TCGA-OY-A56Q	8	50270065	53861675	4	4
TCGA-OY-A56Q	8	53861859	62692129	3	3
TCGA-OY-A56Q	8	62692990	65786252	4	4
TCGA-OY-A56Q	8	65786716	68838276	4	3
TCGA-OY-A56Q	8	68838388	70619599	5	4
TCGA-OY-A56Q	8	70619769	83427879	3	3
TCGA-OY-A56Q	8	83427914	86988376	4	4
TCGA-OY-A56Q	8	86988412	107254555	3	3
TCGA-OY-A56Q	8	107257729	109362157	4	4
TCGA-OY-A56Q	8	109362655	111162547	4	3
TCGA-OY-A56Q	8	111166279	116256266	5	4
TCGA-OY-A56Q	8	116256596	118909353	3	3
TCGA-OY-A56Q	8	118909394	120363704	4	4
TCGA-OY-A56Q	8	120363773	145833074	3	3
TCGA-OY-A56Q	8	145833619	146298155	3	2
TCGA-OY-A56Q	9	46587	1232509	5	2
TCGA-OY-A56Q	9	1232971	9339043	4	2
TCGA-OY-A56Q	9	9339782	11952722	6	3
TCGA-OY-A56Q	9	11952739	22430975	4	2
TCGA-OY-A56Q	9	22432666	26514485	5	3
TCGA-OY-A56Q	9	26517803	47217176	4	2
TCGA-OY-A56Q	9	65616971	122556023	2	1
TCGA-OY-A56Q	9	122556086	123156657	2	2
TCGA-OY-A56Q	9	123159274	123330617	2	1
TCGA-OY-A56Q	9	123330775	141091394	2	2
TCGA-OY-A56Q	10	72759	36282749	4	2
TCGA-OY-A56Q	10	36283010	42525124	5	2
TCGA-OY-A56Q	10	42614436	55998042	4	2
TCGA-OY-A56Q	10	56004457	56318496	2	2
TCGA-OY-A56Q	10	56319225	59380058	5	2
TCGA-OY-A56Q	10	59380129	67293180	4	2
TCGA-OY-A56Q	10	67294574	68949465	5	3
TCGA-OY-A56Q	10	68952858	82696713	4	2
TCGA-OY-A56Q	10	82696862	83965348	5	2
TCGA-OY-A56Q	10	83965422	134677632	4	2
TCGA-OY-A56Q	10	134682802	135506704	3	2
TCGA-OY-A56Q	11	198572	4752849	2	2
TCGA-OY-A56Q	11	4757938	5867685	3	2
TCGA-OY-A56Q	11	5867977	28312511	2	2
TCGA-OY-A56Q	11	28313097	30162641	3	2
TCGA-OY-A56Q	11	30162926	37637827	2	2
TCGA-OY-A56Q	11	37641014	42346695	3	2
TCGA-OY-A56Q	11	42348913	49147755	2	2
TCGA-OY-A56Q	11	49150752	55475801	3	2
TCGA-OY-A56Q	11	55478849	68297201	2	2
TCGA-OY-A56Q	11	68297433	75819518	2	1
TCGA-OY-A56Q	11	75823117	87324639	2	2
TCGA-OY-A56Q	11	87324746	89207017	3	2
TCGA-OY-A56Q	11	89207232	96965058	2	2
TCGA-OY-A56Q	11	96965192	101872063	3	2
TCGA-OY-A56Q	11	101873452	134944770	2	2
TCGA-OY-A56Q	12	150442	16905819	5	4
TCGA-OY-A56Q	12	16906269	18708193	6	5
TCGA-OY-A56Q	12	18713585	33726964	5	4
TCGA-OY-A56Q	12	33729308	34662810	5	5
TCGA-OY-A56Q	12	34663491	59647541	4	1
TCGA-OY-A56Q	12	59648281	62410439	6	1
TCGA-OY-A56Q	12	62418089	73091281	4	1
TCGA-OY-A56Q	12	73091382	75257515	5	1
TCGA-OY-A56Q	12	75260622	77090093	4	1
TCGA-OY-A56Q	12	77090320	88289897	5	1
TCGA-OY-A56Q	12	88291847	126720945	4	1
TCGA-OY-A56Q	12	126724083	129732595	5	1
TCGA-OY-A56Q	12	129733314	133778189	4	1
TCGA-OY-A56Q	13	19026949	54195921	2	1
TCGA-OY-A56Q	13	54195972	58126520	3	1
TCGA-OY-A56Q	13	58126534	81732532	2	1
TCGA-OY-A56Q	13	81734587	85032327	3	1
TCGA-OY-A56Q	13	85033012	115108397	2	1
TCGA-OY-A56Q	14	19002124	21097425	6	0
TCGA-OY-A56Q	14	21104435	21826900	2	0
TCGA-OY-A56Q	14	21828045	42596726	3	0
TCGA-OY-A56Q	14	42600646	44190872	4	0
TCGA-OY-A56Q	14	44194129	82513615	3	0
TCGA-OY-A56Q	14	82515169	87848705	4	0
TCGA-OY-A56Q	14	87851258	107285437	3	0
TCGA-OY-A56Q	15	20016328	22765788	3	1
TCGA-OY-A56Q	15	22766685	24584996	6	1
TCGA-OY-A56Q	15	24589655	54590677	1	1
TCGA-OY-A56Q	15	54591271	95365544	2	1
TCGA-OY-A56Q	15	95365968	98532153	3	1
TCGA-OY-A56Q	15	98532472	102469040	2	1
TCGA-OY-A56Q	16	60777	1781524	5	2
TCGA-OY-A56Q	16	1784142	25754095	4	2
TCGA-OY-A56Q	16	25754322	27075740	5	2
TCGA-OY-A56Q	16	27075755	59542487	4	2
TCGA-OY-A56Q	16	59542707	64088266	5	2
TCGA-OY-A56Q	16	64088650	90287535	4	2
TCGA-OY-A56Q	17	526	50632520	3	0
TCGA-OY-A56Q	17	50634628	81049726	4	0
TCGA-OY-A56Q	18	48133	1099333	2	2
TCGA-OY-A56Q	18	1099406	2676826	3	2
TCGA-OY-A56Q	18	2677919	4084386	2	2
TCGA-OY-A56Q	18	4084525	5551873	3	2
TCGA-OY-A56Q	18	5552571	8197184	2	2
TCGA-OY-A56Q	18	8197494	10409125	4	2
TCGA-OY-A56Q	18	10409538	25848929	3	2
TCGA-OY-A56Q	18	25849378	29030299	4	2
TCGA-OY-A56Q	18	29030399	49290764	3	2
TCGA-OY-A56Q	18	49290990	51550788	4	2
TCGA-OY-A56Q	18	51553172	61681624	3	2
TCGA-OY-A56Q	18	61687574	64825663	4	2
TCGA-OY-A56Q	18	64825748	69344461	3	2
TCGA-OY-A56Q	18	69344511	71248521	4	2
TCGA-OY-A56Q	18	71248616	75073275	3	2
TCGA-OY-A56Q	18	75076696	76647841	4	3
TCGA-OY-A56Q	18	76648522	78015057	3	2
TCGA-OY-A56Q	19	90910	11755737	1	1
TCGA-OY-A56Q	19	11763577	13164056	10	1
TCGA-OY-A56Q	19	13169585	15109578	15	1
TCGA-OY-A56Q	19	15110227	17924892	10	1
TCGA-OY-A56Q	19	17927562	24504061	3	1
TCGA-OY-A56Q	19	24504105	29350597	4	1
TCGA-OY-A56Q	19	29350614	35975567	3	1
TCGA-OY-A56Q	19	35975921	36568094	11	1
TCGA-OY-A56Q	19	36568798	43671903	8	1
TCGA-OY-A56Q	19	43674286	44516607	12	1
TCGA-OY-A56Q	19	44516964	45603936	25	1
TCGA-OY-A56Q	19	45607139	46382754	17	1
TCGA-OY-A56Q	19	46401572	59097854	1	1
TCGA-OY-A56Q	20	61305	21835726	5	1
TCGA-OY-A56Q	20	21840718	23891497	7	1
TCGA-OY-A56Q	20	23891641	24460949	6	1
TCGA-OY-A56Q	20	24463753	52984616	5	1
TCGA-OY-A56Q	20	52985158	55471930	6	1
TCGA-OY-A56Q	20	55472299	58725020	5	1
TCGA-OY-A56Q	20	58725490	59706155	6	1
TCGA-OY-A56Q	20	59708765	62956153	5	1
TCGA-OY-A56Q	21	10736871	16678667	4	2
TCGA-OY-A56Q	21	16679152	19518200	3	2
TCGA-OY-A56Q	21	19518247	22187123	4	3
TCGA-OY-A56Q	21	22187819	48096957	3	2
TCGA-OY-A56Q	22	16052528	51234455	2	1
TCGA-OY-A56Q	X	168477	155233846	1	0
