sample	chr	startpos	endpos	nMajor	nMinor
TCGA-D8-A1XO	1	61735	16368977	1	1
TCGA-D8-A1XO	1	16374330	31412953	1	0
TCGA-D8-A1XO	1	31413972	121482979	1	1
TCGA-D8-A1XO	1	144007049	249224388	2	1
TCGA-D8-A1XO	2	12784	243089456	1	1
TCGA-D8-A1XO	3	60345	197896118	1	1
TCGA-D8-A1XO	4	12281	3378262	1	0
TCGA-D8-A1XO	4	3379380	3907714	0	0
TCGA-D8-A1XO	4	3909547	191027923	1	0
TCGA-D8-A1XO	5	15532	180790320	1	1
TCGA-D8-A1XO	6	149661	52225666	1	1
TCGA-D8-A1XO	6	52236968	109800562	1	0
TCGA-D8-A1XO	6	109802132	157740657	1	1
TCGA-D8-A1XO	6	157746358	171051005	1	0
TCGA-D8-A1XO	7	43259	159127004	1	1
TCGA-D8-A1XO	8	31254	146298155	1	1
TCGA-D8-A1XO	9	46587	141091394	1	1
TCGA-D8-A1XO	10	72759	135506704	1	1
TCGA-D8-A1XO	11	198572	99460840	1	1
TCGA-D8-A1XO	11	99464500	99623422	1	0
TCGA-D8-A1XO	11	99629959	112179442	1	1
TCGA-D8-A1XO	11	112184060	117604207	1	0
TCGA-D8-A1XO	11	117605098	119286921	1	1
TCGA-D8-A1XO	11	119291403	120505996	1	0
TCGA-D8-A1XO	11	120506771	128976369	1	1
TCGA-D8-A1XO	11	128977445	129626998	1	0
TCGA-D8-A1XO	11	129636966	134944770	1	1
TCGA-D8-A1XO	12	150442	109982044	1	1
TCGA-D8-A1XO	12	109982578	110302856	1	0
TCGA-D8-A1XO	12	110311127	114996093	1	1
TCGA-D8-A1XO	12	115000290	133778189	1	0
TCGA-D8-A1XO	13	19026949	115108397	1	1
TCGA-D8-A1XO	14	19002124	107285437	1	0
TCGA-D8-A1XO	15	20016328	102469040	1	0
TCGA-D8-A1XO	16	60777	35283226	1	1
TCGA-D8-A1XO	16	46463782	70842097	1	0
TCGA-D8-A1XO	16	70854381	71202797	2	0
TCGA-D8-A1XO	16	71205194	90287535	1	0
TCGA-D8-A1XO	17	526	81049726	1	1
TCGA-D8-A1XO	18	48133	78015057	1	1
TCGA-D8-A1XO	19	90910	59097854	1	1
TCGA-D8-A1XO	20	61305	33892372	1	1
TCGA-D8-A1XO	20	33895001	35591406	1	0
TCGA-D8-A1XO	20	35593478	39502637	1	1
TCGA-D8-A1XO	20	39506251	43512939	1	0
TCGA-D8-A1XO	20	43516343	62956153	1	1
TCGA-D8-A1XO	21	10736871	48096957	1	1
TCGA-D8-A1XO	22	16052528	51234455	1	0
TCGA-D8-A1XO	X	168477	155233846	1	1
