sample	chr	startpos	endpos	nMajor	nMinor
TCGA-13-0802	1	61735	36236789	1	1
TCGA-13-0802	1	36242894	45148699	5	1
TCGA-13-0802	1	45150220	48797968	4	1
TCGA-13-0802	1	48798395	121482979	2	1
TCGA-13-0802	1	144007049	249224388	2	2
TCGA-13-0802	2	12784	75386601	2	2
TCGA-13-0802	2	75386741	84904716	3	2
TCGA-13-0802	2	84905663	100225811	2	2
TCGA-13-0802	2	100235849	243089456	2	1
TCGA-13-0802	3	60345	1175575	2	1
TCGA-13-0802	3	1175950	14751513	1	1
TCGA-13-0802	3	14753538	14954628	2	1
TCGA-13-0802	3	14956779	49318247	1	1
TCGA-13-0802	3	49318265	87226138	2	1
TCGA-13-0802	3	87226521	93551545	2	2
TCGA-13-0802	3	93557881	95114375	2	1
TCGA-13-0802	3	95115693	116803100	2	2
TCGA-13-0802	3	116803665	197896118	3	2
TCGA-13-0802	4	12281	79257037	2	2
TCGA-13-0802	4	79257710	97640540	2	1
TCGA-13-0802	4	97644699	191027923	1	1
TCGA-13-0802	5	15532	14686165	3	1
TCGA-13-0802	5	14687221	46246660	3	0
TCGA-13-0802	5	46251306	163147253	2	0
TCGA-13-0802	5	163147388	176094592	2	1
TCGA-13-0802	5	176095902	177636199	2	2
TCGA-13-0802	5	177637447	180790320	2	1
TCGA-13-0802	6	149661	22747527	2	1
TCGA-13-0802	6	22748032	24193869	6	2
TCGA-13-0802	6	24204384	26955750	2	1
TCGA-13-0802	6	26958784	27488602	6	2
TCGA-13-0802	6	27488624	27488834	5	3
TCGA-13-0802	6	27497999	27574186	9	0
TCGA-13-0802	6	27575039	30387403	2	1
TCGA-13-0802	6	30387687	31413903	2	0
TCGA-13-0802	6	31414595	31890158	6	2
TCGA-13-0802	6	31897219	32985295	16	2
TCGA-13-0802	6	32988197	33836000	2	1
TCGA-13-0802	6	33843143	34342542	5	2
TCGA-13-0802	6	34343566	36696127	2	1
TCGA-13-0802	6	36697201	37098450	11	2
TCGA-13-0802	6	37103253	38852719	24	2
TCGA-13-0802	6	38852961	41915717	12	2
TCGA-13-0802	6	41923376	42958900	3	2
TCGA-13-0802	6	42977486	43938931	7	2
TCGA-13-0802	6	43944276	45004028	2	1
TCGA-13-0802	6	45004028	46185484	3	2
TCGA-13-0802	6	46187718	48348881	5	2
TCGA-13-0802	6	48362036	49749473	3	2
TCGA-13-0802	6	49749615	53385343	2	1
TCGA-13-0802	6	53385475	64505213	2	2
TCGA-13-0802	6	64506012	64614775	3	3
TCGA-13-0802	6	64616909	64754240	2	0
TCGA-13-0802	6	64759595	64850803	4	3
TCGA-13-0802	6	64852481	64954651	7	0
TCGA-13-0802	6	64961573	78962889	2	0
TCGA-13-0802	6	78969065	79027297	0	0
TCGA-13-0802	6	79027359	171051005	2	0
TCGA-13-0802	7	43259	95684874	2	1
TCGA-13-0802	7	95684896	98108471	1	1
TCGA-13-0802	7	98108876	159127004	2	1
TCGA-13-0802	8	31254	37235811	1	0
TCGA-13-0802	8	37236826	40321685	5	1
TCGA-13-0802	8	40323821	43754738	3	1
TCGA-13-0802	8	43756313	69301464	2	2
TCGA-13-0802	8	69303730	84232584	2	1
TCGA-13-0802	8	84233119	84601780	3	3
TCGA-13-0802	8	84608413	86036565	2	1
TCGA-13-0802	8	86036609	87629743	4	3
TCGA-13-0802	8	87630677	87720350	2	2
TCGA-13-0802	8	87720419	89030830	3	3
TCGA-13-0802	8	89031613	90059222	5	1
TCGA-13-0802	8	90062965	90556684	4	4
TCGA-13-0802	8	90558935	94517997	5	1
TCGA-13-0802	8	94519050	95353950	4	2
TCGA-13-0802	8	95355136	104767947	3	1
TCGA-13-0802	8	104770664	105155024	1	1
TCGA-13-0802	8	105155544	113955195	2	1
TCGA-13-0802	8	113955730	137981718	2	2
TCGA-13-0802	8	137982434	138293325	2	1
TCGA-13-0802	8	138293756	146298155	2	2
TCGA-13-0802	9	46587	2391798	2	1
TCGA-13-0802	9	2392227	21918580	2	0
TCGA-13-0802	9	21920661	24323751	5	2
TCGA-13-0802	9	24324506	25394599	7	2
TCGA-13-0802	9	25395935	29736792	3	2
TCGA-13-0802	9	29738493	31183097	4	2
TCGA-13-0802	9	31183195	141091394	2	1
TCGA-13-0802	10	72759	23682137	3	2
TCGA-13-0802	10	23683976	42969270	2	2
TCGA-13-0802	10	42970357	53369005	2	1
TCGA-13-0802	10	53370447	56027431	2	2
TCGA-13-0802	10	56028572	65936220	2	1
TCGA-13-0802	10	65936894	110399068	3	1
TCGA-13-0802	10	110399396	110875182	3	2
TCGA-13-0802	10	110877244	115077137	3	1
TCGA-13-0802	10	115077204	115878463	7	3
TCGA-13-0802	10	115881541	116183215	13	3
TCGA-13-0802	10	116185123	135506704	3	1
TCGA-13-0802	11	198572	43028941	2	0
TCGA-13-0802	11	43031752	43061329	3	0
TCGA-13-0802	11	43063499	48106486	2	2
TCGA-13-0802	11	48108134	50450684	3	2
TCGA-13-0802	11	50458758	68958660	3	1
TCGA-13-0802	11	68959689	68984323	6	2
TCGA-13-0802	11	68984834	73279036	7	1
TCGA-13-0802	11	73283990	77461394	5	1
TCGA-13-0802	11	77461942	78512105	3	1
TCGA-13-0802	11	78512222	78683692	5	1
TCGA-13-0802	11	78684046	78939685	1	1
TCGA-13-0802	11	78940694	82735849	3	1
TCGA-13-0802	11	82737496	86122314	2	1
TCGA-13-0802	11	86123041	88450023	1	1
TCGA-13-0802	11	88452161	90474939	2	1
TCGA-13-0802	11	90475535	91778394	1	1
TCGA-13-0802	11	91781303	134944770	2	1
TCGA-13-0802	12	150442	60399691	2	2
TCGA-13-0802	12	60399702	133778189	2	1
TCGA-13-0802	13	19026949	31477730	1	1
TCGA-13-0802	13	31483288	32332292	5	1
TCGA-13-0802	13	32334125	32732421	9	1
TCGA-13-0802	13	32732537	33223799	6	1
TCGA-13-0802	13	33224861	34046608	3	1
TCGA-13-0802	13	34047406	56305694	1	0
TCGA-13-0802	13	56309841	57352501	0	0
TCGA-13-0802	13	57353820	81051876	4	0
TCGA-13-0802	13	81052598	82910485	4	1
TCGA-13-0802	13	82911810	82953339	9	3
TCGA-13-0802	13	82953639	84809627	6	4
TCGA-13-0802	13	84813051	86622882	4	1
TCGA-13-0802	13	86627690	87479743	4	2
TCGA-13-0802	13	87486754	88553900	6	4
TCGA-13-0802	13	88562066	88818599	16	4
TCGA-13-0802	13	88819333	89521390	4	3
TCGA-13-0802	13	89523570	92890673	4	2
TCGA-13-0802	13	92891458	97485049	4	3
TCGA-13-0802	13	97486835	105237314	4	2
TCGA-13-0802	13	105241413	107257237	16	4
TCGA-13-0802	13	107257272	107851569	10	4
TCGA-13-0802	13	107852915	109690009	15	4
TCGA-13-0802	13	109691348	113562832	22	4
TCGA-13-0802	13	113563351	114821392	28	3
TCGA-13-0802	13	114822553	115108397	3	0
TCGA-13-0802	14	19002124	39990704	2	1
TCGA-13-0802	14	39999683	40238557	3	1
TCGA-13-0802	14	40238708	107285437	2	1
TCGA-13-0802	15	20016328	86215412	2	1
TCGA-13-0802	15	86216417	102469040	2	2
TCGA-13-0802	16	60777	35283226	2	1
TCGA-13-0802	16	46463782	90287535	1	1
TCGA-13-0802	17	526	41462229	2	0
TCGA-13-0802	17	41462675	81049726	3	0
TCGA-13-0802	18	48133	10918823	2	1
TCGA-13-0802	18	10919280	19329909	3	1
TCGA-13-0802	18	19332674	20055993	2	1
TCGA-13-0802	18	20058022	21323349	3	1
TCGA-13-0802	18	21330783	22208217	2	1
TCGA-13-0802	18	22208601	22805609	1	1
TCGA-13-0802	18	22807632	28439198	2	1
TCGA-13-0802	18	28439211	28941179	3	2
TCGA-13-0802	18	28943792	31107922	2	1
TCGA-13-0802	18	31110932	37573845	2	2
TCGA-13-0802	18	37573891	39790972	4	2
TCGA-13-0802	18	39791501	42640857	3	2
TCGA-13-0802	18	42641488	48255168	2	1
TCGA-13-0802	18	48261457	50892163	3	2
TCGA-13-0802	18	50893222	53119598	4	2
TCGA-13-0802	18	53123388	53238258	2	0
TCGA-13-0802	18	53238801	53505340	4	2
TCGA-13-0802	18	53506894	63078450	2	0
TCGA-13-0802	18	63080962	63158085	4	2
TCGA-13-0802	18	63165803	64113172	2	0
TCGA-13-0802	18	64118886	64169016	3	1
TCGA-13-0802	18	64169344	66478252	7	2
TCGA-13-0802	18	66485010	68999531	10	2
TCGA-13-0802	18	69001389	73104927	7	2
TCGA-13-0802	18	73107145	74521553	10	2
TCGA-13-0802	18	74523247	76330400	13	2
TCGA-13-0802	18	76334416	77882568	7	2
TCGA-13-0802	18	77884825	78015057	2	1
TCGA-13-0802	19	90910	9595121	2	0
TCGA-13-0802	19	9595808	15835766	3	2
TCGA-13-0802	19	15835851	16492438	4	2
TCGA-13-0802	19	16495287	16961525	2	2
TCGA-13-0802	19	16962054	17927833	4	2
TCGA-13-0802	19	17928668	19812638	2	2
TCGA-13-0802	19	19812865	20837731	2	1
TCGA-13-0802	19	20840859	39388708	2	2
TCGA-13-0802	19	39394230	40285876	6	2
TCGA-13-0802	19	40290276	41113742	16	3
TCGA-13-0802	19	41122004	59097854	2	1
TCGA-13-0802	20	61305	15317944	2	1
TCGA-13-0802	20	15317978	15831761	3	2
TCGA-13-0802	20	15832082	21252467	2	2
TCGA-13-0802	20	21255923	24315210	2	1
TCGA-13-0802	20	24320242	62956153	2	2
TCGA-13-0802	21	10736871	18947452	2	1
TCGA-13-0802	21	18947963	20249448	4	1
TCGA-13-0802	21	20254847	20319053	4	2
TCGA-13-0802	21	20320683	24877653	3	1
TCGA-13-0802	21	24880150	28738059	4	1
TCGA-13-0802	21	28739215	31175448	6	1
TCGA-13-0802	21	31175971	34920935	2	1
TCGA-13-0802	21	34925650	35778566	2	0
TCGA-13-0802	21	35782316	41506612	2	1
TCGA-13-0802	21	41507344	48096957	3	1
TCGA-13-0802	22	16052528	20935731	1	0
TCGA-13-0802	22	20935898	22017659	3	0
TCGA-13-0802	22	22018219	25242661	4	0
TCGA-13-0802	22	25242708	25859935	5	0
TCGA-13-0802	22	25866842	31491332	2	0
TCGA-13-0802	22	31506761	31997079	1	0
TCGA-13-0802	22	31999127	39800704	2	0
TCGA-13-0802	22	39810379	51234455	1	0
TCGA-13-0802	X	168477	92836821	1	1
TCGA-13-0802	X	92846600	96551135	1	0
TCGA-13-0802	X	96551750	155233846	1	1
