sample	chr	startpos	endpos	nMajor	nMinor
TCGA-18-3408	1	61735	121482979	1	0
TCGA-18-3408	1	144007049	249224388	2	1
TCGA-18-3408	2	12784	81309339	1	1
TCGA-18-3408	2	81313893	83215442	2	1
TCGA-18-3408	2	83218158	243089456	1	1
TCGA-18-3408	3	60345	102997821	1	0
TCGA-18-3408	3	102998011	105189037	1	1
TCGA-18-3408	3	105189781	117929302	1	0
TCGA-18-3408	3	117930363	147507225	1	1
TCGA-18-3408	3	147508791	149070226	3	2
TCGA-18-3408	3	149072123	152148553	4	1
TCGA-18-3408	3	152152297	161170505	2	1
TCGA-18-3408	3	161170522	163526658	2	2
TCGA-18-3408	3	163527155	166154698	3	2
TCGA-18-3408	3	166154716	166902067	4	2
TCGA-18-3408	3	166907566	170273320	3	2
TCGA-18-3408	3	170274083	178091384	12	2
TCGA-18-3408	3	178091627	179052195	14	1
TCGA-18-3408	3	179059578	181124490	2	1
TCGA-18-3408	3	181133471	182373754	26	2
TCGA-18-3408	3	182373819	185184082	14	2
TCGA-18-3408	3	185194254	186935438	3	1
TCGA-18-3408	3	186937200	190734982	3	0
TCGA-18-3408	3	190736004	191239327	1	0
TCGA-18-3408	3	191244286	191644722	3	0
TCGA-18-3408	3	191644758	194409891	1	0
TCGA-18-3408	3	194411494	197896118	2	0
TCGA-18-3408	4	12281	191027923	1	1
TCGA-18-3408	5	15532	46386392	1	1
TCGA-18-3408	5	46389273	180790320	1	0
TCGA-18-3408	6	149661	171051005	1	1
TCGA-18-3408	7	43259	54728834	1	1
TCGA-18-3408	7	54731723	54812143	26	1
TCGA-18-3408	7	54815171	56241277	11	1
TCGA-18-3408	7	56241584	56330552	7	0
TCGA-18-3408	7	56332596	56350589	9	1
TCGA-18-3408	7	56356100	61066296	4	1
TCGA-18-3408	7	61072037	71404032	1	1
TCGA-18-3408	7	71404658	79911500	2	1
TCGA-18-3408	7	79914457	80387766	3	1
TCGA-18-3408	7	80388433	159127004	1	1
TCGA-18-3408	8	31254	146298155	1	1
TCGA-18-3408	9	46587	141091394	1	1
TCGA-18-3408	10	72759	135506704	1	1
TCGA-18-3408	11	198572	5971787	1	0
TCGA-18-3408	11	5973420	6862480	2	1
TCGA-18-3408	11	6863057	134944770	1	1
TCGA-18-3408	12	150442	133778189	1	1
TCGA-18-3408	13	19026949	115108397	1	1
TCGA-18-3408	14	19002124	107285437	1	1
TCGA-18-3408	15	20016328	71291746	1	0
TCGA-18-3408	15	71293645	102469040	1	1
TCGA-18-3408	16	60777	831496	2	1
TCGA-18-3408	16	840378	90287535	1	1
TCGA-18-3408	17	526	15472227	2	0
TCGA-18-3408	17	15473310	81049726	1	1
TCGA-18-3408	18	48133	78015057	1	1
TCGA-18-3408	19	90910	59097854	1	1
TCGA-18-3408	20	61305	62956153	1	1
TCGA-18-3408	21	10736871	48096957	1	1
TCGA-18-3408	22	16052528	51234455	3	1
TCGA-18-3408	X	168477	103497571	1	0
TCGA-18-3408	X	103503560	111755958	3	0
TCGA-18-3408	X	111762041	155233846	2	0
