sample	chr	startpos	endpos	nMajor	nMinor
TCGA-CM-6166	1	61735	249224388	1	1
TCGA-CM-6166	2	12784	243089456	2	1
TCGA-CM-6166	3	60345	197896118	1	1
TCGA-CM-6166	4	12281	191027923	1	1
TCGA-CM-6166	5	15532	180790320	1	1
TCGA-CM-6166	6	149661	171051005	1	1
TCGA-CM-6166	7	43259	159127004	1	1
TCGA-CM-6166	8	31254	33748555	1	0
TCGA-CM-6166	8	33760493	39578498	2	1
TCGA-CM-6166	8	39581016	43767226	1	1
TCGA-CM-6166	8	43778914	146298155	2	1
TCGA-CM-6166	9	46587	141091394	1	1
TCGA-CM-6166	10	72759	135506704	1	1
TCGA-CM-6166	11	198572	2102755	2	1
TCGA-CM-6166	11	2104359	2277661	4	1
TCGA-CM-6166	11	2282904	134944770	2	1
TCGA-CM-6166	12	150442	133778189	3	0
TCGA-CM-6166	13	19026949	115108397	1	1
TCGA-CM-6166	14	19002124	107285437	1	1
TCGA-CM-6166	15	20016328	102469040	1	1
TCGA-CM-6166	16	60777	29230331	1	1
TCGA-CM-6166	16	29232677	66780176	2	1
TCGA-CM-6166	16	66780515	90287535	1	1
TCGA-CM-6166	17	526	21172933	1	0
TCGA-CM-6166	17	21174509	40808411	2	1
TCGA-CM-6166	17	40810773	42941394	1	1
TCGA-CM-6166	17	42941468	47371922	2	1
TCGA-CM-6166	17	47372673	52711912	1	1
TCGA-CM-6166	17	52715351	67522373	2	1
TCGA-CM-6166	17	67523260	69044392	1	1
TCGA-CM-6166	17	69044648	69607294	2	1
TCGA-CM-6166	17	69608664	72952823	1	1
TCGA-CM-6166	17	72953637	78215364	2	1
TCGA-CM-6166	17	78217097	78581272	1	1
TCGA-CM-6166	17	78581450	81049726	2	1
TCGA-CM-6166	18	48133	78015057	1	0
TCGA-CM-6166	19	90910	59097854	2	1
TCGA-CM-6166	20	61305	62956153	2	2
TCGA-CM-6166	21	10736871	48096957	1	1
TCGA-CM-6166	22	16052528	51234455	2	0
TCGA-CM-6166	X	168477	155233846	2	1
