sample	chr	startpos	endpos	nMajor	nMinor
TCGA-KO-8407	1	61735	249224388	1	0
TCGA-KO-8407	2	12784	212848963	1	0
TCGA-KO-8407	2	212849732	213107228	0	0
TCGA-KO-8407	2	213107281	243089456	1	0
TCGA-KO-8407	3	60345	197896118	1	1
TCGA-KO-8407	4	12281	191027923	1	1
TCGA-KO-8407	5	15532	180790320	1	1
TCGA-KO-8407	6	149661	171051005	1	0
TCGA-KO-8407	7	43259	159127004	1	1
TCGA-KO-8407	8	31254	146298155	1	1
TCGA-KO-8407	9	46587	141091394	1	1
TCGA-KO-8407	10	72759	135506704	1	0
TCGA-KO-8407	11	198572	134944770	1	1
TCGA-KO-8407	12	150442	133778189	1	1
TCGA-KO-8407	13	19026949	115108397	1	0
TCGA-KO-8407	14	19002124	107285437	1	1
TCGA-KO-8407	15	20016328	102469040	1	1
TCGA-KO-8407	16	60777	89858040	1	1
TCGA-KO-8407	16	89862202	90287535	1	0
TCGA-KO-8407	17	526	81049726	1	0
TCGA-KO-8407	18	48133	78015057	1	1
TCGA-KO-8407	19	90910	59097854	1	1
TCGA-KO-8407	20	61305	62956153	1	1
TCGA-KO-8407	21	10736871	48096957	1	1
TCGA-KO-8407	22	16052528	51234455	1	1
TCGA-KO-8407	X	168477	155233846	1	0
