sample	chr	startpos	endpos	nMajor	nMinor
TCGA-CZ-5987	1	61735	249224388	1	1
TCGA-CZ-5987	2	12784	243089456	1	1
TCGA-CZ-5987	3	60345	197896118	1	0
TCGA-CZ-5987	4	12281	191027923	1	1
TCGA-CZ-5987	5	15532	180790320	1	1
TCGA-CZ-5987	6	149661	171051005	1	0
TCGA-CZ-5987	7	43259	159127004	1	1
TCGA-CZ-5987	8	31254	146298155	1	1
TCGA-CZ-5987	9	46587	141091394	1	0
TCGA-CZ-5987	10	72759	135506704	1	1
TCGA-CZ-5987	11	198572	134944770	1	1
TCGA-CZ-5987	12	150442	133778189	2	1
TCGA-CZ-5987	13	19026949	115108397	1	1
TCGA-CZ-5987	14	19002124	107285437	1	0
TCGA-CZ-5987	15	20016328	102469040	1	1
TCGA-CZ-5987	16	60777	90287535	1	1
TCGA-CZ-5987	17	526	81049726	1	1
TCGA-CZ-5987	18	48133	78015057	1	1
TCGA-CZ-5987	19	90910	59097854	1	1
TCGA-CZ-5987	20	61305	62956153	1	1
TCGA-CZ-5987	21	10736871	48096957	1	1
TCGA-CZ-5987	22	16052528	51234455	1	1
TCGA-CZ-5987	X	168477	2703391	1	1
TCGA-CZ-5987	X	2703633	155233846	1	0
