sample	chr	startpos	endpos	nMajor	nMinor
TCGA-D9-A6E9	1	61735	121482979	2	1
TCGA-D9-A6E9	1	144007049	178545733	3	2
TCGA-D9-A6E9	1	178551445	179050478	2	0
TCGA-D9-A6E9	1	179050593	204946802	3	2
TCGA-D9-A6E9	1	204947489	205258442	5	2
TCGA-D9-A6E9	1	205259270	249224388	3	2
TCGA-D9-A6E9	2	12784	243089456	3	2
TCGA-D9-A6E9	3	60345	69016486	2	0
TCGA-D9-A6E9	3	69018234	69093598	30	2
TCGA-D9-A6E9	3	69093997	69234073	2	0
TCGA-D9-A6E9	3	69242277	70563137	28	2
TCGA-D9-A6E9	3	70563696	197896118	2	0
TCGA-D9-A6E9	4	12281	49658612	2	2
TCGA-D9-A6E9	4	52685699	182311124	2	0
TCGA-D9-A6E9	4	182312681	182457803	0	0
TCGA-D9-A6E9	4	182461783	191027923	2	0
TCGA-D9-A6E9	5	15532	113711389	3	2
TCGA-D9-A6E9	5	113712167	114187761	5	3
TCGA-D9-A6E9	5	114191376	136028077	3	2
TCGA-D9-A6E9	5	136028153	159600440	2	0
TCGA-D9-A6E9	5	159601282	180790320	3	2
TCGA-D9-A6E9	6	149661	21988819	2	2
TCGA-D9-A6E9	6	21988835	23387365	3	3
TCGA-D9-A6E9	6	23388361	24739505	3	2
TCGA-D9-A6E9	6	24746739	26001274	5	2
TCGA-D9-A6E9	6	26004615	28369139	2	2
TCGA-D9-A6E9	6	28370078	29677249	5	2
TCGA-D9-A6E9	6	29677952	31827286	2	2
TCGA-D9-A6E9	6	31836151	32343686	4	3
TCGA-D9-A6E9	6	32345052	35939688	2	2
TCGA-D9-A6E9	6	35940998	57212548	5	2
TCGA-D9-A6E9	6	57215494	58344756	3	1
TCGA-D9-A6E9	6	58348169	61886440	6	2
TCGA-D9-A6E9	6	61930020	62689525	2	2
TCGA-D9-A6E9	6	62689541	64467319	4	2
TCGA-D9-A6E9	6	64467709	66147670	2	1
TCGA-D9-A6E9	6	66157091	66465197	5	2
TCGA-D9-A6E9	6	66466580	171051005	2	1
TCGA-D9-A6E9	7	43259	152633164	3	3
TCGA-D9-A6E9	7	152633372	156553827	2	0
TCGA-D9-A6E9	7	156554117	159127004	2	2
TCGA-D9-A6E9	8	31254	146298155	2	1
TCGA-D9-A6E9	9	46587	130687074	2	0
TCGA-D9-A6E9	9	130687493	130909169	6	0
TCGA-D9-A6E9	9	130909329	141091394	2	0
TCGA-D9-A6E9	10	72759	89303890	2	0
TCGA-D9-A6E9	10	89305119	89615137	0	0
TCGA-D9-A6E9	10	89617157	135506704	2	0
TCGA-D9-A6E9	11	198572	5488740	2	1
TCGA-D9-A6E9	11	5488896	5770570	1	0
TCGA-D9-A6E9	11	5770760	8463518	2	1
TCGA-D9-A6E9	11	8463622	8679441	1	0
TCGA-D9-A6E9	11	8685451	99915016	2	1
TCGA-D9-A6E9	11	99915886	102900224	2	0
TCGA-D9-A6E9	11	102900428	104495107	2	2
TCGA-D9-A6E9	11	104497754	128413863	2	0
TCGA-D9-A6E9	11	128415942	134944770	2	1
TCGA-D9-A6E9	12	150442	41954887	3	2
TCGA-D9-A6E9	12	41955140	42904578	2	2
TCGA-D9-A6E9	12	42907861	43560704	34	1
TCGA-D9-A6E9	12	43562551	44377611	2	2
TCGA-D9-A6E9	12	44378314	44439773	16	16
TCGA-D9-A6E9	12	44440479	46332867	3	2
TCGA-D9-A6E9	12	46339033	47017512	5	2
TCGA-D9-A6E9	12	47018490	48269650	8	2
TCGA-D9-A6E9	12	48270437	50042028	5	2
TCGA-D9-A6E9	12	50047182	58074209	2	1
TCGA-D9-A6E9	12	58079524	58374325	19	6
TCGA-D9-A6E9	12	58374946	91899684	2	1
TCGA-D9-A6E9	12	91901812	92505825	1	0
TCGA-D9-A6E9	12	92505932	93024984	2	1
TCGA-D9-A6E9	12	93025896	93321104	1	0
TCGA-D9-A6E9	12	93324403	133778189	2	1
TCGA-D9-A6E9	13	19026949	115108397	2	2
TCGA-D9-A6E9	14	19002124	22478961	2	2
TCGA-D9-A6E9	14	22479597	22978577	2	1
TCGA-D9-A6E9	14	22978760	107285437	3	2
TCGA-D9-A6E9	15	20016328	76466460	2	1
TCGA-D9-A6E9	15	76467106	102469040	3	3
TCGA-D9-A6E9	16	60777	23733243	2	2
TCGA-D9-A6E9	16	23734151	90287535	2	1
TCGA-D9-A6E9	17	526	1895847	2	0
TCGA-D9-A6E9	17	1895906	4638010	5	2
TCGA-D9-A6E9	17	4639597	12244321	2	1
TCGA-D9-A6E9	17	12245097	12608977	5	2
TCGA-D9-A6E9	17	12609119	32351510	2	1
TCGA-D9-A6E9	17	32353020	33090076	5	2
TCGA-D9-A6E9	17	33093655	41661713	2	1
TCGA-D9-A6E9	17	41673990	42653000	5	2
TCGA-D9-A6E9	17	42655051	55880068	3	2
TCGA-D9-A6E9	17	55880090	66739253	5	2
TCGA-D9-A6E9	17	66739481	75488933	3	3
TCGA-D9-A6E9	17	75489427	78780759	5	2
TCGA-D9-A6E9	17	78781773	80769172	3	2
TCGA-D9-A6E9	17	80773678	81049726	2	0
TCGA-D9-A6E9	18	48133	78015057	2	1
TCGA-D9-A6E9	19	90910	59097854	3	1
TCGA-D9-A6E9	20	61305	62956153	3	2
TCGA-D9-A6E9	21	10736871	48096957	2	0
TCGA-D9-A6E9	22	16052528	51234455	3	2
TCGA-D9-A6E9	X	168477	155233846	2	1
