sample	chr	startpos	endpos	nMajor	nMinor
TCGA-B0-4848	1	61735	121482979	2	2
TCGA-B0-4848	1	144007049	249224388	4	2
TCGA-B0-4848	2	12784	243089456	2	2
TCGA-B0-4848	3	60345	121993432	2	0
TCGA-B0-4848	3	121993600	197896118	2	2
TCGA-B0-4848	4	12281	191027923	2	2
TCGA-B0-4848	5	15532	45205746	2	2
TCGA-B0-4848	5	45209683	180790320	3	2
TCGA-B0-4848	6	149661	101365479	2	2
TCGA-B0-4848	6	101366004	171051005	2	0
TCGA-B0-4848	7	43259	28818730	4	2
TCGA-B0-4848	7	28819137	159127004	2	2
TCGA-B0-4848	8	31254	146298155	2	2
TCGA-B0-4848	9	46587	47217176	2	1
TCGA-B0-4848	9	65616971	141091394	2	0
TCGA-B0-4848	10	72759	105671804	2	2
TCGA-B0-4848	10	105676465	135506704	2	1
TCGA-B0-4848	11	198572	134944770	2	2
TCGA-B0-4848	12	150442	133778189	3	2
TCGA-B0-4848	13	19026949	115108397	2	2
TCGA-B0-4848	14	19002124	22455697	2	1
TCGA-B0-4848	14	22455919	22959826	1	0
TCGA-B0-4848	14	22959937	107285437	2	0
TCGA-B0-4848	15	20016328	102469040	2	2
TCGA-B0-4848	16	60777	90287535	2	2
TCGA-B0-4848	17	526	57483724	2	2
TCGA-B0-4848	17	57484259	81049726	3	2
TCGA-B0-4848	18	48133	78015057	2	1
TCGA-B0-4848	19	90910	59097854	2	2
TCGA-B0-4848	20	61305	62956153	3	2
TCGA-B0-4848	21	10736871	48096957	2	2
TCGA-B0-4848	22	16052528	51234455	2	2
TCGA-B0-4848	X	168477	2703391	2	2
TCGA-B0-4848	X	2703633	154827799	2	0
TCGA-B0-4848	X	154828920	155233846	1	0
