sample	chr	startpos	endpos	nMajor	nMinor
TCGA-23-2072	1	61735	40974799	4	2
TCGA-23-2072	1	40975260	41764244	4	4
TCGA-23-2072	1	41766097	85263243	3	3
TCGA-23-2072	1	85265841	91586110	6	2
TCGA-23-2072	1	91590230	94330615	3	3
TCGA-23-2072	1	94334724	95056901	4	4
TCGA-23-2072	1	95057013	121482979	4	2
TCGA-23-2072	1	144007049	218559032	3	3
TCGA-23-2072	1	218562748	218899875	6	2
TCGA-23-2072	1	218900618	249224388	3	3
TCGA-23-2072	2	12784	26181991	3	3
TCGA-23-2072	2	26183142	26959248	7	2
TCGA-23-2072	2	26963247	102226246	3	3
TCGA-23-2072	2	102226848	103528311	6	2
TCGA-23-2072	2	103532551	119781670	3	3
TCGA-23-2072	2	119785612	121160145	6	2
TCGA-23-2072	2	121160209	243089456	3	3
TCGA-23-2072	3	60345	8144234	4	2
TCGA-23-2072	3	8144359	15075024	3	3
TCGA-23-2072	3	15075135	15688366	6	2
TCGA-23-2072	3	15689118	31926593	3	3
TCGA-23-2072	3	31928027	33011774	6	2
TCGA-23-2072	3	33012309	36506057	4	2
TCGA-23-2072	3	36515985	36522050	7	0
TCGA-23-2072	3	36530394	37872833	8	2
TCGA-23-2072	3	37876065	124657355	3	3
TCGA-23-2072	3	124657835	126241795	8	2
TCGA-23-2072	3	126246635	167915244	6	2
TCGA-23-2072	3	167917122	169580623	9	3
TCGA-23-2072	3	169581202	171090385	6	2
TCGA-23-2072	3	171090593	171206292	3	3
TCGA-23-2072	3	171207212	193721565	6	2
TCGA-23-2072	3	193722330	195936561	8	2
TCGA-23-2072	3	195936576	197896118	5	5
TCGA-23-2072	4	12281	2107266	2	0
TCGA-23-2072	4	2107918	3434885	7	0
TCGA-23-2072	4	3435772	77206369	4	0
TCGA-23-2072	4	77208107	77500947	2	0
TCGA-23-2072	4	77501357	95649658	4	0
TCGA-23-2072	4	95650971	96184586	6	0
TCGA-23-2072	4	96185386	134622322	4	0
TCGA-23-2072	4	134622699	135157656	1	0
TCGA-23-2072	4	135158203	135188402	4	0
TCGA-23-2072	4	135188788	135192813	3	0
TCGA-23-2072	4	135199165	191027923	4	0
TCGA-23-2072	5	15532	148169328	4	0
TCGA-23-2072	5	148169712	150712482	6	0
TCGA-23-2072	5	150715169	180790320	4	0
TCGA-23-2072	6	149661	9140731	2	0
TCGA-23-2072	6	9158625	9880467	4	2
TCGA-23-2072	6	9888302	30417149	2	2
TCGA-23-2072	6	30417459	30857542	4	2
TCGA-23-2072	6	30857988	37098450	2	2
TCGA-23-2072	6	37103253	37354694	4	2
TCGA-23-2072	6	37355882	116766199	2	2
TCGA-23-2072	6	116766433	116938896	3	2
TCGA-23-2072	6	116944557	157103621	2	2
TCGA-23-2072	6	157115014	157454495	2	0
TCGA-23-2072	6	157455422	157915855	3	1
TCGA-23-2072	6	157918348	159339600	2	0
TCGA-23-2072	6	159340025	171051005	2	2
TCGA-23-2072	7	43259	65608838	4	4
TCGA-23-2072	7	65609165	67642331	6	4
TCGA-23-2072	7	67645786	88974977	4	4
TCGA-23-2072	7	88983176	90739372	4	2
TCGA-23-2072	7	90739777	131225451	4	4
TCGA-23-2072	7	131226911	131679290	7	4
TCGA-23-2072	7	131680548	159127004	4	4
TCGA-23-2072	8	31254	8735360	4	0
TCGA-23-2072	8	8738005	8839941	6	0
TCGA-23-2072	8	8840583	15942822	4	0
TCGA-23-2072	8	15943641	16024764	0	0
TCGA-23-2072	8	16028443	37249386	4	0
TCGA-23-2072	8	37250628	37701930	9	0
TCGA-23-2072	8	37704314	37735037	7	1
TCGA-23-2072	8	37738616	39820230	4	0
TCGA-23-2072	8	39820619	40870363	5	5
TCGA-23-2072	8	40872945	46912027	4	2
TCGA-23-2072	8	46912314	146298155	4	4
TCGA-23-2072	9	46587	3409113	4	4
TCGA-23-2072	9	3418251	4225152	4	2
TCGA-23-2072	9	4226630	28094175	4	4
TCGA-23-2072	9	28094214	34082144	4	0
TCGA-23-2072	9	34084353	34967273	6	0
TCGA-23-2072	9	34978029	112609522	4	0
TCGA-23-2072	9	112611525	112925961	2	0
TCGA-23-2072	9	112925977	141091394	4	0
TCGA-23-2072	10	72759	29238423	3	2
TCGA-23-2072	10	29238473	30192591	4	3
TCGA-23-2072	10	30193584	61440207	3	2
TCGA-23-2072	10	61448672	61853597	6	3
TCGA-23-2072	10	61856035	90541206	3	2
TCGA-23-2072	10	90541296	90720115	3	0
TCGA-23-2072	10	90721491	97469879	3	2
TCGA-23-2072	10	97476466	112484152	3	0
TCGA-23-2072	10	112484277	112643037	5	0
TCGA-23-2072	10	112643417	121110695	3	0
TCGA-23-2072	10	121110785	123236447	5	0
TCGA-23-2072	10	123240287	135506704	3	0
TCGA-23-2072	11	198572	45849767	4	2
TCGA-23-2072	11	45850186	46480388	6	2
TCGA-23-2072	11	46481486	76405872	4	2
TCGA-23-2072	11	76405964	76902853	2	2
TCGA-23-2072	11	76906621	97995256	4	2
TCGA-23-2072	11	98001885	98506144	6	2
TCGA-23-2072	11	98508376	101702287	6	0
TCGA-23-2072	11	101702525	102805583	4	0
TCGA-23-2072	11	102805602	104172583	6	0
TCGA-23-2072	11	104172873	134944770	4	0
TCGA-23-2072	12	150442	55418382	2	2
TCGA-23-2072	12	55419380	57138373	5	2
TCGA-23-2072	12	57148441	83470874	2	2
TCGA-23-2072	12	83475073	124973786	4	2
TCGA-23-2072	12	124973860	125317391	6	2
TCGA-23-2072	12	125320563	133778189	4	2
TCGA-23-2072	13	19026949	49808167	4	4
TCGA-23-2072	13	49809137	51094114	4	2
TCGA-23-2072	13	51094141	113707867	4	4
TCGA-23-2072	13	113708795	115108397	8	4
TCGA-23-2072	14	19002124	21357147	2	2
TCGA-23-2072	14	21362036	22448556	4	2
TCGA-23-2072	14	22450091	35110512	2	2
TCGA-23-2072	14	35111593	36383365	5	3
TCGA-23-2072	14	36386289	56309585	2	2
TCGA-23-2072	14	56310028	56696843	4	2
TCGA-23-2072	14	56711146	71363031	2	2
TCGA-23-2072	14	71363814	71725386	4	2
TCGA-23-2072	14	71729438	89102558	2	2
TCGA-23-2072	14	89105536	89326930	2	0
TCGA-23-2072	14	89328131	107285437	2	2
TCGA-23-2072	15	20016328	71034337	4	0
TCGA-23-2072	15	71034355	73528937	6	0
TCGA-23-2072	15	73529598	74353204	4	0
TCGA-23-2072	15	74353561	75468947	2	0
TCGA-23-2072	15	75469011	102469040	6	0
TCGA-23-2072	16	60777	79692559	2	2
TCGA-23-2072	16	79692668	79781758	2	0
TCGA-23-2072	16	79783889	83812347	2	2
TCGA-23-2072	16	83817395	85413684	4	2
TCGA-23-2072	16	85418319	90287535	2	2
TCGA-23-2072	17	526	26919017	4	0
TCGA-23-2072	17	26923304	29299619	6	0
TCGA-23-2072	17	29303608	30048755	0	0
TCGA-23-2072	17	30048915	64304548	2	0
TCGA-23-2072	17	64305028	79857920	6	0
TCGA-23-2072	17	79874298	81049726	2	0
TCGA-23-2072	18	48133	78015057	2	2
TCGA-23-2072	19	90910	2953027	2	0
TCGA-23-2072	19	2953087	3856448	4	0
TCGA-23-2072	19	3856656	10157204	2	0
TCGA-23-2072	19	10165932	11025177	3	2
TCGA-23-2072	19	11027023	14156082	4	2
TCGA-23-2072	19	14160691	18264940	2	2
TCGA-23-2072	19	18267686	19135502	4	2
TCGA-23-2072	19	19135571	20759077	2	2
TCGA-23-2072	19	20759858	27747993	4	2
TCGA-23-2072	19	27751675	30371590	8	2
TCGA-23-2072	19	30371748	31539810	6	2
TCGA-23-2072	19	31540406	31961134	4	2
TCGA-23-2072	19	31962296	37817274	2	2
TCGA-23-2072	19	37819294	39068795	6	2
TCGA-23-2072	19	39075981	46352314	4	2
TCGA-23-2072	19	46357278	58038110	2	2
TCGA-23-2072	19	58044074	59097854	4	2
TCGA-23-2072	20	61305	19127416	6	2
TCGA-23-2072	20	19135172	43942369	4	2
TCGA-23-2072	20	43942729	45546419	4	0
TCGA-23-2072	20	45547858	46382959	6	0
TCGA-23-2072	20	46383092	62956153	4	0
TCGA-23-2072	21	10736871	16402290	2	2
TCGA-23-2072	21	16402431	16812081	4	2
TCGA-23-2072	21	16812552	44742746	2	2
TCGA-23-2072	21	44742941	45271517	4	2
TCGA-23-2072	21	45273686	48096957	2	2
TCGA-23-2072	22	16052528	17909998	4	0
TCGA-23-2072	22	17910450	20090038	7	0
TCGA-23-2072	22	20092996	23723084	11	0
TCGA-23-2072	22	23750113	29755888	2	0
TCGA-23-2072	22	29756258	32876956	8	0
TCGA-23-2072	22	32878244	38109717	2	0
TCGA-23-2072	22	38116562	41406003	7	0
TCGA-23-2072	22	41408969	41794873	3	0
TCGA-23-2072	22	41797326	42043717	4	1
TCGA-23-2072	22	42053131	51234455	2	0
TCGA-23-2072	X	168477	32683268	3	3
TCGA-23-2072	X	32683671	33283471	4	0
TCGA-23-2072	X	33287264	155233846	4	2
