sample	chr	startpos	endpos	nMajor	nMinor
TCGA-HU-8604-a	1	61735	249224388	1	1
TCGA-HU-8604-a	2	12784	212425365	2	2
TCGA-HU-8604-a	2	212425887	213341103	1	0
TCGA-HU-8604-a	2	213342774	243089456	2	2
TCGA-HU-8604-a	3	60345	60701792	2	2
TCGA-HU-8604-a	3	60702182	61206993	1	0
TCGA-HU-8604-a	3	61207077	71072009	2	1
TCGA-HU-8604-a	3	71073939	71340158	1	0
TCGA-HU-8604-a	3	71341234	197896118	2	2
TCGA-HU-8604-a	4	12281	191027923	2	0
TCGA-HU-8604-a	5	15532	20290034	2	0
TCGA-HU-8604-a	5	20290583	43561509	3	3
TCGA-HU-8604-a	5	43566442	44381896	8	3
TCGA-HU-8604-a	5	44382061	46364858	3	3
TCGA-HU-8604-a	5	46365441	110103632	2	2
TCGA-HU-8604-a	5	110117064	114655469	1	0
TCGA-HU-8604-a	5	114655993	180790320	2	1
TCGA-HU-8604-a	6	149661	1833041	2	0
TCGA-HU-8604-a	6	1836045	2100134	0	0
TCGA-HU-8604-a	6	2100621	4504459	3	0
TCGA-HU-8604-a	6	4506490	4677637	8	2
TCGA-HU-8604-a	6	4677907	5551137	3	3
TCGA-HU-8604-a	6	5556697	9005610	2	2
TCGA-HU-8604-a	6	9005735	10192441	2	0
TCGA-HU-8604-a	6	10195700	76461184	2	2
TCGA-HU-8604-a	6	76461569	171051005	4	0
TCGA-HU-8604-a	7	43259	159127004	2	2
TCGA-HU-8604-a	8	31254	119504522	2	2
TCGA-HU-8604-a	8	119505000	146298155	4	1
TCGA-HU-8604-a	9	46587	689485	73	0
TCGA-HU-8604-a	9	694453	832679	5	1
TCGA-HU-8604-a	9	832711	5435709	1	1
TCGA-HU-8604-a	9	5439946	5708176	57	2
TCGA-HU-8604-a	9	5708859	5947946	6	0
TCGA-HU-8604-a	9	5951300	6124250	63	21
TCGA-HU-8604-a	9	6124359	7255047	2	1
TCGA-HU-8604-a	9	7260201	8302233	27	0
TCGA-HU-8604-a	9	8302479	8903357	60	0
TCGA-HU-8604-a	9	8903431	8952714	126	0
TCGA-HU-8604-a	9	8959010	9176870	26	0
TCGA-HU-8604-a	9	9177874	9465857	57	0
TCGA-HU-8604-a	9	9467622	9843265	1	1
TCGA-HU-8604-a	9	9847864	9924724	45	13
TCGA-HU-8604-a	9	9924799	11423524	2	1
TCGA-HU-8604-a	9	11423810	12694623	4	1
TCGA-HU-8604-a	9	12695794	12907105	50	10
TCGA-HU-8604-a	9	12907731	15186260	1	1
TCGA-HU-8604-a	9	15187984	15498495	58	0
TCGA-HU-8604-a	9	15500027	21473890	1	1
TCGA-HU-8604-a	9	21474575	21493956	2	0
TCGA-HU-8604-a	9	21496908	21646019	40	14
TCGA-HU-8604-a	9	21652626	21757803	79	20
TCGA-HU-8604-a	9	21757916	22942770	1	1
TCGA-HU-8604-a	9	22943509	47217176	2	1
TCGA-HU-8604-a	9	65616971	141091394	2	2
TCGA-HU-8604-a	10	72759	42853051	2	2
TCGA-HU-8604-a	10	42853123	135506704	1	1
TCGA-HU-8604-a	11	198572	61839066	2	2
TCGA-HU-8604-a	11	61841400	83967831	4	1
TCGA-HU-8604-a	11	83968236	134944770	1	1
TCGA-HU-8604-a	12	150442	60470033	3	2
TCGA-HU-8604-a	12	60470112	62182754	3	1
TCGA-HU-8604-a	12	62185285	133778189	3	2
TCGA-HU-8604-a	13	19026949	115108397	3	3
TCGA-HU-8604-a	14	19002124	107285437	2	2
TCGA-HU-8604-a	15	20016328	102469040	2	0
TCGA-HU-8604-a	16	60777	90287535	1	1
TCGA-HU-8604-a	17	526	17734509	2	0
TCGA-HU-8604-a	17	17737954	18600037	10	2
TCGA-HU-8604-a	17	18602476	20338339	12	2
TCGA-HU-8604-a	17	20338373	21516192	3	3
TCGA-HU-8604-a	17	21516276	45337521	2	2
TCGA-HU-8604-a	17	45337949	81049726	3	2
TCGA-HU-8604-a	18	48133	39457956	2	0
TCGA-HU-8604-a	18	39458169	55203166	1	0
TCGA-HU-8604-a	18	55203838	60079998	2	0
TCGA-HU-8604-a	18	60080112	68007621	3	0
TCGA-HU-8604-a	18	68008307	68083028	2	1
TCGA-HU-8604-a	18	68084164	78015057	2	0
TCGA-HU-8604-a	19	90910	59097854	3	2
TCGA-HU-8604-a	20	61305	8281876	2	2
TCGA-HU-8604-a	20	8282566	12252547	3	2
TCGA-HU-8604-a	20	12252994	29420352	2	2
TCGA-HU-8604-a	20	29420553	62956153	3	3
TCGA-HU-8604-a	21	10736871	48096957	2	0
TCGA-HU-8604-a	22	16052528	19506124	2	1
TCGA-HU-8604-a	22	19506880	49611333	3	1
TCGA-HU-8604-a	22	49617004	51234455	1	1
TCGA-HU-8604-a	X	168477	65305935	3	2
TCGA-HU-8604-a	X	65308237	69207775	3	0
TCGA-HU-8604-a	X	69212188	71506895	3	2
TCGA-HU-8604-a	X	71507276	94126004	2	0
TCGA-HU-8604-a	X	94126415	155233846	6	0
