sample	chr	startpos	endpos	nMajor	nMinor
TCGA-23-2081	1	61735	21614149	1	1
TCGA-23-2081	1	21621536	22063874	1	0
TCGA-23-2081	1	22066733	23031894	1	1
TCGA-23-2081	1	23033865	25723250	1	0
TCGA-23-2081	1	25734252	232646855	1	1
TCGA-23-2081	1	232647244	249224388	1	0
TCGA-23-2081	2	12784	3026225	2	1
TCGA-23-2081	2	3027482	3367880	2	0
TCGA-23-2081	2	3369049	22285532	2	1
TCGA-23-2081	2	22287234	30451420	1	1
TCGA-23-2081	2	30451828	30932387	1	0
TCGA-23-2081	2	30937452	120194018	1	1
TCGA-23-2081	2	120194076	206236969	2	1
TCGA-23-2081	2	206240029	206759062	3	1
TCGA-23-2081	2	206761017	207376979	2	1
TCGA-23-2081	2	207379600	224673883	1	1
TCGA-23-2081	2	224674868	243089456	2	1
TCGA-23-2081	3	60345	56105349	1	1
TCGA-23-2081	3	56105836	56215943	1	0
TCGA-23-2081	3	56217454	73004580	1	1
TCGA-23-2081	3	73005494	73115362	1	0
TCGA-23-2081	3	73117707	153820101	1	1
TCGA-23-2081	3	153822272	197896118	2	1
TCGA-23-2081	4	12281	40704687	1	1
TCGA-23-2081	4	40705987	40973527	2	1
TCGA-23-2081	4	40976696	95475181	1	1
TCGA-23-2081	4	95480909	191027923	1	0
TCGA-23-2081	5	15532	52627359	1	1
TCGA-23-2081	5	52627796	90130615	1	0
TCGA-23-2081	5	90132483	180790320	1	1
TCGA-23-2081	6	149661	141401668	1	1
TCGA-23-2081	6	141412712	171051005	1	0
TCGA-23-2081	7	43259	198640	1	0
TCGA-23-2081	7	198903	103021122	1	1
TCGA-23-2081	7	103031659	109618039	2	1
TCGA-23-2081	7	109623076	110157239	2	0
TCGA-23-2081	7	110157546	131408871	2	1
TCGA-23-2081	7	131409283	140976656	3	1
TCGA-23-2081	7	140979634	159127004	3	0
TCGA-23-2081	8	31254	19868464	1	0
TCGA-23-2081	8	19869471	46912314	1	1
TCGA-23-2081	8	46919273	126774856	2	1
TCGA-23-2081	8	126776396	137129637	2	2
TCGA-23-2081	8	137132375	139395709	3	2
TCGA-23-2081	8	139395920	146298155	2	2
TCGA-23-2081	9	46587	1343910	1	0
TCGA-23-2081	9	1351884	3766974	1	1
TCGA-23-2081	9	3768162	21185876	1	0
TCGA-23-2081	9	21186055	27988081	0	0
TCGA-23-2081	9	27992820	30861545	1	0
TCGA-23-2081	9	30862626	102607011	1	1
TCGA-23-2081	9	102608209	103060386	1	0
TCGA-23-2081	9	103064153	141091394	1	1
TCGA-23-2081	10	72759	88019394	1	1
TCGA-23-2081	10	88027124	112047278	1	0
TCGA-23-2081	10	112047505	115335540	2	0
TCGA-23-2081	10	115336568	118209165	1	0
TCGA-23-2081	10	118212871	135506704	2	0
TCGA-23-2081	11	198572	11654972	1	0
TCGA-23-2081	11	11658269	92804883	1	1
TCGA-23-2081	11	92805119	93005938	1	0
TCGA-23-2081	11	93015765	102136380	1	1
TCGA-23-2081	11	102142846	108021702	1	0
TCGA-23-2081	11	108021850	108381247	1	1
TCGA-23-2081	11	108382303	117120998	1	0
TCGA-23-2081	11	117121190	134944770	1	1
TCGA-23-2081	12	150442	25171659	1	1
TCGA-23-2081	12	25172884	34512767	2	1
TCGA-23-2081	12	34513148	75278445	1	1
TCGA-23-2081	12	75278849	107817500	1	0
TCGA-23-2081	12	107818548	133778189	2	0
TCGA-23-2081	13	19026949	115108397	1	0
TCGA-23-2081	14	19002124	74685613	1	0
TCGA-23-2081	14	74685809	107285437	2	1
TCGA-23-2081	15	20016328	102469040	1	1
TCGA-23-2081	16	60777	35283226	1	1
TCGA-23-2081	16	46463782	90287535	1	0
TCGA-23-2081	17	526	71156994	1	0
TCGA-23-2081	17	71157265	81049726	2	0
TCGA-23-2081	18	48133	18682101	1	1
TCGA-23-2081	18	18684169	18708592	2	0
TCGA-23-2081	18	18711284	78015057	1	0
TCGA-23-2081	19	90910	6657570	1	0
TCGA-23-2081	19	6658613	41869468	1	1
TCGA-23-2081	19	41869789	59097854	1	0
TCGA-23-2081	20	61305	4075837	1	0
TCGA-23-2081	20	4076337	6208874	1	1
TCGA-23-2081	20	6209341	10944071	1	0
TCGA-23-2081	20	10946837	38346510	1	1
TCGA-23-2081	20	38347110	42962796	1	0
TCGA-23-2081	20	42963447	49364948	2	0
TCGA-23-2081	20	49372943	62956153	3	0
TCGA-23-2081	21	10736871	48096957	1	1
TCGA-23-2081	22	16052528	51234455	1	0
TCGA-23-2081	X	168477	75995720	1	0
TCGA-23-2081	X	76003534	129330457	1	1
TCGA-23-2081	X	129331999	155233846	2	1
