sample	chr	startpos	endpos	nMajor	nMinor
TCGA-A7-A56D-b	1	61735	36873249	1	1
TCGA-A7-A56D-b	1	36873318	121482979	2	1
TCGA-A7-A56D-b	1	144007049	249224388	4	1
TCGA-A7-A56D-b	2	12784	95334806	2	2
TCGA-A7-A56D-b	2	95341388	101634188	3	2
TCGA-A7-A56D-b	2	101637009	104190079	2	1
TCGA-A7-A56D-b	2	104190870	108108539	3	2
TCGA-A7-A56D-b	2	108109674	148755063	2	1
TCGA-A7-A56D-b	2	148756034	163888800	3	2
TCGA-A7-A56D-b	2	163889286	168555831	2	2
TCGA-A7-A56D-b	2	168558672	170013627	5	2
TCGA-A7-A56D-b	2	170014265	210705335	2	2
TCGA-A7-A56D-b	2	210705348	215620757	3	2
TCGA-A7-A56D-b	2	215623390	243089456	2	1
TCGA-A7-A56D-b	3	60345	40265663	5	0
TCGA-A7-A56D-b	3	40267321	87777360	2	0
TCGA-A7-A56D-b	3	87783025	93548499	2	2
TCGA-A7-A56D-b	3	93551545	196152856	4	3
TCGA-A7-A56D-b	3	196153829	197291422	6	2
TCGA-A7-A56D-b	3	197291490	197896118	2	2
TCGA-A7-A56D-b	4	12281	191027923	2	0
TCGA-A7-A56D-b	5	15532	49432831	3	2
TCGA-A7-A56D-b	5	49441958	51444218	3	0
TCGA-A7-A56D-b	5	51445700	52023172	3	3
TCGA-A7-A56D-b	5	52024188	60143946	3	0
TCGA-A7-A56D-b	5	60145320	63412688	2	2
TCGA-A7-A56D-b	5	63416788	65171507	4	3
TCGA-A7-A56D-b	5	65171582	86701103	3	0
TCGA-A7-A56D-b	5	86712641	87801772	3	3
TCGA-A7-A56D-b	5	87803996	124833490	3	0
TCGA-A7-A56D-b	5	124835584	124918634	3	3
TCGA-A7-A56D-b	5	124919314	137525420	3	0
TCGA-A7-A56D-b	5	137527917	140362902	4	3
TCGA-A7-A56D-b	5	140366901	141471310	2	2
TCGA-A7-A56D-b	5	141475178	142482505	3	0
TCGA-A7-A56D-b	5	142484605	147088798	3	2
TCGA-A7-A56D-b	5	147089438	148904092	3	1
TCGA-A7-A56D-b	5	148914816	150331654	3	3
TCGA-A7-A56D-b	5	150333590	150915944	3	1
TCGA-A7-A56D-b	5	150917734	152162675	3	0
TCGA-A7-A56D-b	5	152162921	180790320	3	2
TCGA-A7-A56D-b	6	149661	171051005	2	2
TCGA-A7-A56D-b	7	43259	712202	2	0
TCGA-A7-A56D-b	7	727396	6862693	4	2
TCGA-A7-A56D-b	7	6864083	9006896	2	2
TCGA-A7-A56D-b	7	9006962	14907389	4	2
TCGA-A7-A56D-b	7	14908409	15599774	2	2
TCGA-A7-A56D-b	7	15602185	19438432	4	2
TCGA-A7-A56D-b	7	19439265	19604584	2	2
TCGA-A7-A56D-b	7	19606832	19871769	3	0
TCGA-A7-A56D-b	7	19884064	20171346	2	2
TCGA-A7-A56D-b	7	20172662	21060518	2	0
TCGA-A7-A56D-b	7	21063691	24252971	2	2
TCGA-A7-A56D-b	7	24253062	24266055	15	4
TCGA-A7-A56D-b	7	24266104	28215128	2	2
TCGA-A7-A56D-b	7	28217380	31851357	2	0
TCGA-A7-A56D-b	7	31851777	32046574	4	2
TCGA-A7-A56D-b	7	32047981	32173172	2	0
TCGA-A7-A56D-b	7	32175564	32305391	9	2
TCGA-A7-A56D-b	7	32306786	32394878	3	3
TCGA-A7-A56D-b	7	32397269	33017688	10	2
TCGA-A7-A56D-b	7	33019068	37390545	2	0
TCGA-A7-A56D-b	7	37391266	37868827	5	2
TCGA-A7-A56D-b	7	37869308	38668751	2	2
TCGA-A7-A56D-b	7	38668923	43821852	2	0
TCGA-A7-A56D-b	7	43827414	44132709	7	2
TCGA-A7-A56D-b	7	44132740	45470833	18	2
TCGA-A7-A56D-b	7	45470867	45916563	3	1
TCGA-A7-A56D-b	7	45920349	48274554	2	0
TCGA-A7-A56D-b	7	48279535	48845095	2	2
TCGA-A7-A56D-b	7	48847919	53458853	2	0
TCGA-A7-A56D-b	7	53466025	159127004	2	2
TCGA-A7-A56D-b	8	31254	34878334	2	0
TCGA-A7-A56D-b	8	34878689	146298155	2	2
TCGA-A7-A56D-b	9	46587	141091394	2	2
TCGA-A7-A56D-b	10	72759	1298126	3	2
TCGA-A7-A56D-b	10	1304613	36487379	4	2
TCGA-A7-A56D-b	10	36487583	135506704	2	1
TCGA-A7-A56D-b	11	198572	7751554	1	1
TCGA-A7-A56D-b	11	7753892	9541423	3	1
TCGA-A7-A56D-b	11	9543565	55057171	1	1
TCGA-A7-A56D-b	11	55057671	81048957	2	2
TCGA-A7-A56D-b	11	81049063	81436442	2	0
TCGA-A7-A56D-b	11	81439970	89100329	2	2
TCGA-A7-A56D-b	11	89102276	89357011	2	0
TCGA-A7-A56D-b	11	89357339	91916169	2	2
TCGA-A7-A56D-b	11	91917454	92551598	2	0
TCGA-A7-A56D-b	11	92555468	93140986	2	2
TCGA-A7-A56D-b	11	93141796	100603189	2	0
TCGA-A7-A56D-b	11	100603314	102167571	2	2
TCGA-A7-A56D-b	11	102172857	134944770	2	0
TCGA-A7-A56D-b	12	150442	133778189	2	2
TCGA-A7-A56D-b	13	19026949	115108397	4	0
TCGA-A7-A56D-b	14	19002124	22136829	2	2
TCGA-A7-A56D-b	14	22137510	30053525	3	2
TCGA-A7-A56D-b	14	30054342	107285437	3	3
TCGA-A7-A56D-b	15	20016328	24137867	3	2
TCGA-A7-A56D-b	15	24137922	24211132	7	3
TCGA-A7-A56D-b	15	24218973	24959076	2	2
TCGA-A7-A56D-b	15	24969478	26183293	6	2
TCGA-A7-A56D-b	15	26185210	27033794	3	2
TCGA-A7-A56D-b	15	27034085	44514571	2	0
TCGA-A7-A56D-b	15	44514691	47654015	2	2
TCGA-A7-A56D-b	15	47654416	48124737	1	1
TCGA-A7-A56D-b	15	48127428	64751281	2	2
TCGA-A7-A56D-b	15	64756285	71202921	2	0
TCGA-A7-A56D-b	15	71205787	77967251	2	1
TCGA-A7-A56D-b	15	77970563	102469040	2	2
TCGA-A7-A56D-b	16	60777	35283226	3	2
TCGA-A7-A56D-b	16	46463782	65014909	2	0
TCGA-A7-A56D-b	16	65015908	70490521	2	1
TCGA-A7-A56D-b	16	70493183	71455259	2	2
TCGA-A7-A56D-b	16	71456142	87136272	2	0
TCGA-A7-A56D-b	16	87138269	87989146	3	2
TCGA-A7-A56D-b	16	87991361	90287535	2	2
TCGA-A7-A56D-b	17	526	25270411	2	0
TCGA-A7-A56D-b	17	25270517	25899926	14	3
TCGA-A7-A56D-b	17	25901438	28182685	18	3
TCGA-A7-A56D-b	17	28185149	37321605	2	0
TCGA-A7-A56D-b	17	37321672	37703896	26	2
TCGA-A7-A56D-b	17	37704217	57166346	2	0
TCGA-A7-A56D-b	17	57170711	57698820	13	2
TCGA-A7-A56D-b	17	57699020	58493755	35	2
TCGA-A7-A56D-b	17	58494204	59384893	2	0
TCGA-A7-A56D-b	17	59388239	59645398	4	3
TCGA-A7-A56D-b	17	59645502	59952168	20	3
TCGA-A7-A56D-b	17	59959386	60277130	2	0
TCGA-A7-A56D-b	17	60277657	62550296	8	3
TCGA-A7-A56D-b	17	62552332	65887896	2	0
TCGA-A7-A56D-b	17	65890889	66505805	7	2
TCGA-A7-A56D-b	17	66505856	69654266	2	0
TCGA-A7-A56D-b	17	69657345	70469035	2	2
TCGA-A7-A56D-b	17	70471508	81049726	2	0
TCGA-A7-A56D-b	18	48133	49775118	2	1
TCGA-A7-A56D-b	18	49777739	50367878	1	0
TCGA-A7-A56D-b	18	50368768	53100598	2	2
TCGA-A7-A56D-b	18	53101170	54418559	1	0
TCGA-A7-A56D-b	18	54418792	55532534	2	1
TCGA-A7-A56D-b	18	55536110	58588063	1	0
TCGA-A7-A56D-b	18	58592358	61806634	2	1
TCGA-A7-A56D-b	18	61809405	78015057	1	0
TCGA-A7-A56D-b	19	90910	5864354	2	0
TCGA-A7-A56D-b	19	5865645	7587312	3	2
TCGA-A7-A56D-b	19	7602421	10001500	2	0
TCGA-A7-A56D-b	19	10002470	11139961	2	2
TCGA-A7-A56D-b	19	11141939	11620618	4	2
TCGA-A7-A56D-b	19	11621394	16604677	2	0
TCGA-A7-A56D-b	19	16612711	28194761	2	1
TCGA-A7-A56D-b	19	28195023	30458363	3	2
TCGA-A7-A56D-b	19	30458485	49851053	2	1
TCGA-A7-A56D-b	19	49851771	59097854	2	2
TCGA-A7-A56D-b	20	61305	29882208	5	2
TCGA-A7-A56D-b	20	29884881	31413925	7	2
TCGA-A7-A56D-b	20	31420138	49836008	3	3
TCGA-A7-A56D-b	20	49836065	50449250	36	3
TCGA-A7-A56D-b	20	50449478	50596560	53	3
TCGA-A7-A56D-b	20	50598186	53414317	15	2
TCGA-A7-A56D-b	20	53414539	54574793	18	2
TCGA-A7-A56D-b	20	54574974	62956153	3	3
TCGA-A7-A56D-b	21	10736871	48096957	2	2
TCGA-A7-A56D-b	22	16052528	42667473	2	1
TCGA-A7-A56D-b	22	42667594	51234455	1	1
TCGA-A7-A56D-b	X	168477	2703391	3	3
TCGA-A7-A56D-b	X	2703633	4260918	7	3
TCGA-A7-A56D-b	X	4265897	6699947	4	3
TCGA-A7-A56D-b	X	6700072	17034446	7	3
TCGA-A7-A56D-b	X	17036268	20967223	5	2
TCGA-A7-A56D-b	X	20970387	22807076	2	2
TCGA-A7-A56D-b	X	22807226	22853866	12	4
TCGA-A7-A56D-b	X	22855969	25246326	4	2
TCGA-A7-A56D-b	X	25247076	34310710	2	2
TCGA-A7-A56D-b	X	34313062	34595963	2	0
TCGA-A7-A56D-b	X	34600907	155233846	2	2
