sample	chr	startpos	endpos	nMajor	nMinor
TCGA-L5-A893	1	61735	19858213	2	1
TCGA-L5-A893	1	19858271	21477027	3	2
TCGA-L5-A893	1	21477647	26957474	2	1
TCGA-L5-A893	1	26957893	27522862	1	1
TCGA-L5-A893	1	27529035	36923032	2	1
TCGA-L5-A893	1	36923133	37851713	3	1
TCGA-L5-A893	1	37852970	249224388	2	1
TCGA-L5-A893	2	12784	243089456	1	1
TCGA-L5-A893	3	60345	60242243	2	1
TCGA-L5-A893	3	60242348	60536770	1	1
TCGA-L5-A893	3	60537396	60569048	1	0
TCGA-L5-A893	3	60569815	60608491	1	1
TCGA-L5-A893	3	60608717	197896118	2	1
TCGA-L5-A893	4	12281	91156917	2	1
TCGA-L5-A893	4	91157028	91254518	1	0
TCGA-L5-A893	4	91254660	191027923	2	1
TCGA-L5-A893	5	15532	180790320	1	1
TCGA-L5-A893	6	149661	147913613	2	1
TCGA-L5-A893	6	147914446	147951034	1	1
TCGA-L5-A893	6	147951065	171051005	2	1
TCGA-L5-A893	7	43259	159127004	2	1
TCGA-L5-A893	8	31254	59970337	2	1
TCGA-L5-A893	8	59970548	146298155	1	1
TCGA-L5-A893	9	46587	94652581	1	1
TCGA-L5-A893	9	94656016	105147065	2	1
TCGA-L5-A893	9	105147364	141091394	1	1
TCGA-L5-A893	10	72759	135506704	2	1
TCGA-L5-A893	11	198572	134944770	1	1
TCGA-L5-A893	12	150442	133778189	1	1
TCGA-L5-A893	13	19026949	46506846	2	1
TCGA-L5-A893	13	46508154	50697380	2	0
TCGA-L5-A893	13	50708085	115108397	2	1
TCGA-L5-A893	14	19002124	107285437	1	1
TCGA-L5-A893	15	20016328	102469040	1	1
TCGA-L5-A893	16	60777	78581138	1	1
TCGA-L5-A893	16	78581163	78925995	1	0
TCGA-L5-A893	16	78926018	90287535	1	1
TCGA-L5-A893	17	526	81049726	2	1
TCGA-L5-A893	18	48133	78015057	2	1
TCGA-L5-A893	19	90910	59097854	2	1
TCGA-L5-A893	20	61305	62956153	2	1
TCGA-L5-A893	21	10736871	48096957	1	1
TCGA-L5-A893	22	16052528	51234455	1	1
TCGA-L5-A893	X	168477	155233846	1	1
