sample	chr	startpos	endpos	nMajor	nMinor
TCGA-36-2544	1	61735	1688192	2	0
TCGA-36-2544	1	1692321	1814460	0	0
TCGA-36-2544	1	1815993	31574355	2	0
TCGA-36-2544	1	31575420	31794866	3	0
TCGA-36-2544	1	31796985	34750936	2	0
TCGA-36-2544	1	34753885	70101082	2	1
TCGA-36-2544	1	70111889	98515455	1	1
TCGA-36-2544	1	98520450	110714072	2	1
TCGA-36-2544	1	110715768	192462312	1	1
TCGA-36-2544	1	192462574	192879204	2	1
TCGA-36-2544	1	192883411	204093122	1	1
TCGA-36-2544	1	204093489	204193691	2	1
TCGA-36-2544	1	204193774	212738104	1	1
TCGA-36-2544	1	212738202	213020779	2	1
TCGA-36-2544	1	213020876	236439916	1	1
TCGA-36-2544	1	236441037	237937874	2	1
TCGA-36-2544	1	237938005	243793917	1	1
TCGA-36-2544	1	243794558	247751731	1	0
TCGA-36-2544	1	247752019	249224388	1	1
TCGA-36-2544	2	12784	10103646	2	1
TCGA-36-2544	2	10103698	28262040	2	0
TCGA-36-2544	2	28265013	50141817	2	1
TCGA-36-2544	2	50152234	50870612	4	1
TCGA-36-2544	2	50871418	51058876	3	2
TCGA-36-2544	2	51060652	64996682	2	1
TCGA-36-2544	2	64997000	162678462	1	1
TCGA-36-2544	2	162685347	188080304	2	1
TCGA-36-2544	2	188081174	191245085	1	1
TCGA-36-2544	2	191245454	191981192	3	1
TCGA-36-2544	2	191982660	243089456	1	1
TCGA-36-2544	3	60345	13207799	2	0
TCGA-36-2544	3	13208328	19239526	1	0
TCGA-36-2544	3	19240344	54530585	1	1
TCGA-36-2544	3	54533859	54960967	1	0
TCGA-36-2544	3	54963386	120735271	1	1
TCGA-36-2544	3	120735332	122037797	2	1
TCGA-36-2544	3	122038250	124053392	2	0
TCGA-36-2544	3	124054603	156434251	3	0
TCGA-36-2544	3	156436921	188364613	3	1
TCGA-36-2544	3	188365278	188892167	1	1
TCGA-36-2544	3	188900464	197896118	3	1
TCGA-36-2544	4	12281	21087235	2	1
TCGA-36-2544	4	21088162	21288229	1	0
TCGA-36-2544	4	21291381	24806152	2	1
TCGA-36-2544	4	24808729	42439537	1	1
TCGA-36-2544	4	42446048	42819758	1	0
TCGA-36-2544	4	42820244	76609802	1	1
TCGA-36-2544	4	76612128	76888223	2	1
TCGA-36-2544	4	76888836	91772684	1	1
TCGA-36-2544	4	91774975	155234824	1	0
TCGA-36-2544	4	155235392	169702232	1	1
TCGA-36-2544	4	169702367	170219578	2	1
TCGA-36-2544	4	170222977	191027923	1	1
TCGA-36-2544	5	15532	16377273	1	1
TCGA-36-2544	5	16377302	50033934	1	0
TCGA-36-2544	5	50034387	51762023	2	1
TCGA-36-2544	5	51762917	53208388	1	1
TCGA-36-2544	5	53208561	70739975	1	0
TCGA-36-2544	5	70749745	105665992	1	1
TCGA-36-2544	5	105666530	109502957	2	1
TCGA-36-2544	5	109507717	180790320	1	1
TCGA-36-2544	6	149661	29537975	1	1
TCGA-36-2544	6	29543646	30734255	2	1
TCGA-36-2544	6	30738446	31365869	1	1
TCGA-36-2544	6	31379773	31585000	2	1
TCGA-36-2544	6	31585219	74125888	1	1
TCGA-36-2544	6	74126941	75700458	1	0
TCGA-36-2544	6	75701667	137584209	2	0
TCGA-36-2544	6	137584564	171051005	1	0
TCGA-36-2544	7	43259	6230294	1	0
TCGA-36-2544	7	6233895	27772605	1	1
TCGA-36-2544	7	27775628	27918467	1	0
TCGA-36-2544	7	27920915	114349989	1	1
TCGA-36-2544	7	114355002	132416460	2	1
TCGA-36-2544	7	132416826	140990675	2	0
TCGA-36-2544	7	140990727	159127004	1	0
TCGA-36-2544	8	31254	29534237	1	0
TCGA-36-2544	8	29534269	85732440	1	1
TCGA-36-2544	8	85732700	95196427	2	1
TCGA-36-2544	8	95199302	97318211	1	1
TCGA-36-2544	8	97320129	97615235	2	1
TCGA-36-2544	8	97615828	109408912	1	1
TCGA-36-2544	8	109409097	128095156	2	1
TCGA-36-2544	8	128100076	146298155	2	2
TCGA-36-2544	9	46587	13568063	1	1
TCGA-36-2544	9	13568383	16826766	1	0
TCGA-36-2544	9	16828089	16989246	2	0
TCGA-36-2544	9	16989384	21047633	1	0
TCGA-36-2544	9	21047733	26834232	0	0
TCGA-36-2544	9	26841184	47217176	1	0
TCGA-36-2544	9	65616971	90415224	1	1
TCGA-36-2544	9	90415623	141091394	1	0
TCGA-36-2544	10	72759	32668070	1	0
TCGA-36-2544	10	32668432	47043147	1	1
TCGA-36-2544	10	47045166	76318310	2	1
TCGA-36-2544	10	76320458	135506704	2	0
TCGA-36-2544	11	198572	1285979	2	0
TCGA-36-2544	11	1291789	19722834	1	0
TCGA-36-2544	11	19723815	19919909	2	0
TCGA-36-2544	11	19920064	22599953	1	0
TCGA-36-2544	11	22600921	31225200	1	1
TCGA-36-2544	11	31225436	31759478	1	0
TCGA-36-2544	11	31761344	34552526	1	1
TCGA-36-2544	11	34553537	34969112	2	1
TCGA-36-2544	11	34969640	127427067	1	1
TCGA-36-2544	11	127428131	127428131	0	0
TCGA-36-2544	11	127430022	127520998	1	0
TCGA-36-2544	11	127521719	134944770	1	1
TCGA-36-2544	12	150442	3571164	3	1
TCGA-36-2544	12	3574012	12442273	2	1
TCGA-36-2544	12	12443173	119336959	1	1
TCGA-36-2544	12	119344891	133778189	1	0
TCGA-36-2544	13	19026949	24067227	1	1
TCGA-36-2544	13	24067538	24307824	2	1
TCGA-36-2544	13	24308556	24373819	1	1
TCGA-36-2544	13	24374370	25628691	2	1
TCGA-36-2544	13	25630049	93995405	1	1
TCGA-36-2544	13	93995542	94226586	1	0
TCGA-36-2544	13	94227803	95648347	1	1
TCGA-36-2544	13	95650679	96368042	2	1
TCGA-36-2544	13	96369317	114112388	1	1
TCGA-36-2544	13	114114234	115108397	1	0
TCGA-36-2544	14	19002124	22442542	1	0
TCGA-36-2544	14	22442857	49967923	2	0
TCGA-36-2544	14	49968612	68871549	3	0
TCGA-36-2544	14	68872490	69431445	4	0
TCGA-36-2544	14	69432579	94425703	3	0
TCGA-36-2544	14	94426254	107285437	2	0
TCGA-36-2544	15	20016328	63558619	1	1
TCGA-36-2544	15	63559860	75039233	2	1
TCGA-36-2544	15	75039281	78370743	2	0
TCGA-36-2544	15	78370775	87388046	2	1
TCGA-36-2544	15	87388101	87395683	1	1
TCGA-36-2544	15	87395814	92266642	2	0
TCGA-36-2544	15	92274797	102469040	3	0
TCGA-36-2544	16	60777	3036551	1	0
TCGA-36-2544	16	3055639	16568200	1	1
TCGA-36-2544	16	16585264	35283226	2	1
TCGA-36-2544	16	46463782	86138212	1	1
TCGA-36-2544	16	86138344	90287535	1	0
TCGA-36-2544	17	526	47346424	1	0
TCGA-36-2544	17	47346529	65516895	2	0
TCGA-36-2544	17	65521722	81049726	3	0
TCGA-36-2544	18	48133	2626844	1	0
TCGA-36-2544	18	2629101	45397176	1	1
TCGA-36-2544	18	45397189	78015057	1	0
TCGA-36-2544	19	90910	8404991	1	0
TCGA-36-2544	19	8410556	59097854	1	1
TCGA-36-2544	20	61305	10556106	2	1
TCGA-36-2544	20	10561369	32808447	1	1
TCGA-36-2544	20	32809249	33132206	2	1
TCGA-36-2544	20	33132364	62418939	1	1
TCGA-36-2544	20	62430238	62956153	1	0
TCGA-36-2544	21	10736871	19671647	1	0
TCGA-36-2544	21	19673208	43103701	2	0
TCGA-36-2544	21	43114842	46703344	1	0
TCGA-36-2544	21	46705621	46984447	2	0
TCGA-36-2544	21	46992813	48096957	1	0
TCGA-36-2544	22	16052528	17548737	1	1
TCGA-36-2544	22	17552373	17722536	2	1
TCGA-36-2544	22	17731977	22055343	1	1
TCGA-36-2544	22	22055394	47150394	1	0
TCGA-36-2544	22	47155740	49897305	0	0
TCGA-36-2544	22	49900249	51234455	1	0
TCGA-36-2544	X	168477	32725606	1	1
TCGA-36-2544	X	32727313	34034134	1	0
TCGA-36-2544	X	34034404	34035523	0	0
TCGA-36-2544	X	34037114	34221579	1	0
TCGA-36-2544	X	34233788	55887673	1	1
TCGA-36-2544	X	55891976	56482091	2	1
TCGA-36-2544	X	56482545	155233846	1	1
