sample	chr	startpos	endpos	nMajor	nMinor
TCGA-AA-3989	1	61735	249224388	2	1
TCGA-AA-3989	2	12784	3214717	2	2
TCGA-AA-3989	2	3217346	3468345	2	0
TCGA-AA-3989	2	3472358	243089456	2	2
TCGA-AA-3989	3	60345	60055788	2	1
TCGA-AA-3989	3	60055914	60156248	2	0
TCGA-AA-3989	3	60156527	197896118	2	1
TCGA-AA-3989	4	12281	18921835	2	2
TCGA-AA-3989	4	18922478	18922884	1	0
TCGA-AA-3989	4	18923066	20904528	2	2
TCGA-AA-3989	4	20904809	29162545	2	1
TCGA-AA-3989	4	29167844	114272711	2	2
TCGA-AA-3989	4	114278277	177743829	2	1
TCGA-AA-3989	4	177747283	184824884	2	0
TCGA-AA-3989	4	184831715	191027923	2	1
TCGA-AA-3989	5	15532	77425099	2	2
TCGA-AA-3989	5	77425475	180790320	4	0
TCGA-AA-3989	6	149661	13719486	3	2
TCGA-AA-3989	6	13720941	22643749	4	2
TCGA-AA-3989	6	22643877	24090497	3	2
TCGA-AA-3989	6	24090593	28670899	4	2
TCGA-AA-3989	6	28671343	32431292	3	2
TCGA-AA-3989	6	32431552	35683059	2	2
TCGA-AA-3989	6	35683080	77283175	3	2
TCGA-AA-3989	6	77287444	85125094	2	2
TCGA-AA-3989	6	85125281	85770568	3	2
TCGA-AA-3989	6	85770652	112485874	2	2
TCGA-AA-3989	6	112487568	114229923	3	2
TCGA-AA-3989	6	114230157	148991301	2	2
TCGA-AA-3989	6	148991356	149435413	3	2
TCGA-AA-3989	6	149440552	171051005	2	2
TCGA-AA-3989	7	43259	159127004	2	2
TCGA-AA-3989	8	31254	2688065	2	2
TCGA-AA-3989	8	2696949	146298155	2	1
TCGA-AA-3989	9	46587	141091394	2	2
TCGA-AA-3989	10	72759	2987028	2	1
TCGA-AA-3989	10	2987064	16345026	2	2
TCGA-AA-3989	10	16347419	71729538	2	1
TCGA-AA-3989	10	71730394	83458603	2	2
TCGA-AA-3989	10	83459119	94814300	2	1
TCGA-AA-3989	10	94818072	99382862	2	2
TCGA-AA-3989	10	99384757	103318985	2	1
TCGA-AA-3989	10	103319145	106027359	2	2
TCGA-AA-3989	10	106031195	114415548	2	1
TCGA-AA-3989	10	114417203	114919007	1	0
TCGA-AA-3989	10	114919110	118056883	2	1
TCGA-AA-3989	10	118056943	119025212	2	2
TCGA-AA-3989	10	119027258	122441386	2	1
TCGA-AA-3989	10	122441466	124401865	2	2
TCGA-AA-3989	10	124414739	135506704	2	1
TCGA-AA-3989	11	198572	12872135	3	2
TCGA-AA-3989	11	12872156	134944770	2	2
TCGA-AA-3989	12	150442	133778189	3	1
TCGA-AA-3989	13	19026949	20268627	4	2
TCGA-AA-3989	13	20270925	39442706	4	1
TCGA-AA-3989	13	39448455	50246252	4	2
TCGA-AA-3989	13	50254133	55959453	4	1
TCGA-AA-3989	13	55960862	64632834	4	2
TCGA-AA-3989	13	64633139	65595162	4	1
TCGA-AA-3989	13	65598427	75644132	4	2
TCGA-AA-3989	13	75644644	76883047	4	1
TCGA-AA-3989	13	76884327	84080413	4	2
TCGA-AA-3989	13	84080774	88793739	5	1
TCGA-AA-3989	13	88794579	89862943	4	2
TCGA-AA-3989	13	89864593	115108397	4	1
TCGA-AA-3989	14	19002124	107285437	2	1
TCGA-AA-3989	15	20016328	33992272	2	2
TCGA-AA-3989	15	33992960	34985984	2	1
TCGA-AA-3989	15	34986076	102469040	2	2
TCGA-AA-3989	16	60777	90287535	2	2
TCGA-AA-3989	17	526	81049726	2	1
TCGA-AA-3989	18	48133	37156328	1	1
TCGA-AA-3989	18	37156842	37366644	1	0
TCGA-AA-3989	18	37376944	78015057	1	1
TCGA-AA-3989	19	90910	59097854	2	2
TCGA-AA-3989	20	61305	62956153	4	2
TCGA-AA-3989	21	10736871	48096957	2	1
TCGA-AA-3989	22	16052528	51234455	2	1
TCGA-AA-3989	X	168477	2694240	4	3
TCGA-AA-3989	X	2703391	120861720	2	0
TCGA-AA-3989	X	120864696	121189691	1	0
TCGA-AA-3989	X	121190389	154929498	2	0
TCGA-AA-3989	X	154963439	155233846	7	0
