sample	chr	startpos	endpos	nMajor	nMinor
TCGA-DA-A1I5	1	61735	121482979	1	1
TCGA-DA-A1I5	1	144007049	249224388	2	1
TCGA-DA-A1I5	2	12784	243089456	1	1
TCGA-DA-A1I5	3	60345	66942667	1	0
TCGA-DA-A1I5	3	66942668	67210558	2	1
TCGA-DA-A1I5	3	67211709	73625554	5	1
TCGA-DA-A1I5	3	73626847	74844632	3	1
TCGA-DA-A1I5	3	74849232	84836408	1	1
TCGA-DA-A1I5	3	84844937	85017351	3	1
TCGA-DA-A1I5	3	85017400	85851246	5	1
TCGA-DA-A1I5	3	85851331	86559012	1	1
TCGA-DA-A1I5	3	86561183	94938140	3	1
TCGA-DA-A1I5	3	94938622	96924560	2	1
TCGA-DA-A1I5	3	96926548	197896118	1	0
TCGA-DA-A1I5	4	12281	189988419	1	1
TCGA-DA-A1I5	4	189988679	190307263	1	0
TCGA-DA-A1I5	4	190307800	191027923	1	1
TCGA-DA-A1I5	5	15532	1015063	1	1
TCGA-DA-A1I5	5	1019814	1220221	1	0
TCGA-DA-A1I5	5	1221199	3912366	1	1
TCGA-DA-A1I5	5	3914192	4062860	1	0
TCGA-DA-A1I5	5	4063207	8780313	1	1
TCGA-DA-A1I5	5	8789437	12838533	1	0
TCGA-DA-A1I5	5	12849201	12997810	1	1
TCGA-DA-A1I5	5	12997970	16144692	1	0
TCGA-DA-A1I5	5	16145318	16709715	2	1
TCGA-DA-A1I5	5	16717312	24791053	1	0
TCGA-DA-A1I5	5	24791069	25070704	1	1
TCGA-DA-A1I5	5	25076071	31554440	1	0
TCGA-DA-A1I5	5	31554465	34037103	1	1
TCGA-DA-A1I5	5	34037361	34221589	1	0
TCGA-DA-A1I5	5	34221619	37901991	1	1
TCGA-DA-A1I5	5	37903054	38230851	1	0
TCGA-DA-A1I5	5	38232190	44880124	1	1
TCGA-DA-A1I5	5	44890056	46328445	2	1
TCGA-DA-A1I5	5	46334337	180790320	1	0
TCGA-DA-A1I5	6	149661	171051005	1	1
TCGA-DA-A1I5	7	43259	159127004	2	1
TCGA-DA-A1I5	8	31254	124153066	1	1
TCGA-DA-A1I5	8	124153517	126325828	2	1
TCGA-DA-A1I5	8	126325929	146298155	1	1
TCGA-DA-A1I5	9	46587	306517	2	0
TCGA-DA-A1I5	9	307197	1221840	1	0
TCGA-DA-A1I5	9	1222804	4217773	2	0
TCGA-DA-A1I5	9	4218178	5471514	3	0
TCGA-DA-A1I5	9	5478683	7239198	2	0
TCGA-DA-A1I5	9	7239370	8094773	1	0
TCGA-DA-A1I5	9	8094833	8320685	3	0
TCGA-DA-A1I5	9	8320778	10348933	1	0
TCGA-DA-A1I5	9	10349997	10728315	0	0
TCGA-DA-A1I5	9	10729011	12601031	1	0
TCGA-DA-A1I5	9	12601977	13783765	0	0
TCGA-DA-A1I5	9	13784091	16025876	1	0
TCGA-DA-A1I5	9	16028394	16954483	0	0
TCGA-DA-A1I5	9	16957574	21815148	1	0
TCGA-DA-A1I5	9	21815166	26222710	0	0
TCGA-DA-A1I5	9	26226392	26457170	1	0
TCGA-DA-A1I5	9	26457170	30820405	0	0
TCGA-DA-A1I5	9	30823735	35301140	1	0
TCGA-DA-A1I5	9	35306760	36481987	3	1
TCGA-DA-A1I5	9	36482245	37649200	2	1
TCGA-DA-A1I5	9	37650173	47217176	1	1
TCGA-DA-A1I5	9	65616971	93342786	1	0
TCGA-DA-A1I5	9	93344537	95912016	1	1
TCGA-DA-A1I5	9	95916632	114105015	1	0
TCGA-DA-A1I5	9	114105604	116973648	1	1
TCGA-DA-A1I5	9	116973755	135397603	1	0
TCGA-DA-A1I5	9	135397697	141091394	1	1
TCGA-DA-A1I5	10	72759	135506704	1	0
TCGA-DA-A1I5	11	198572	134944770	1	0
TCGA-DA-A1I5	12	150442	29538269	1	1
TCGA-DA-A1I5	12	29543522	33073884	2	1
TCGA-DA-A1I5	12	33081057	38385512	1	1
TCGA-DA-A1I5	12	38393256	52375726	1	0
TCGA-DA-A1I5	12	52376996	133778189	1	1
TCGA-DA-A1I5	13	19026949	115108397	1	0
TCGA-DA-A1I5	14	19002124	107285437	1	0
TCGA-DA-A1I5	15	20016328	102469040	1	1
TCGA-DA-A1I5	16	60777	831464	1	0
TCGA-DA-A1I5	16	831496	2242896	1	1
TCGA-DA-A1I5	16	2248017	6926261	2	1
TCGA-DA-A1I5	16	6926320	12836747	1	1
TCGA-DA-A1I5	16	12838346	16195565	1	0
TCGA-DA-A1I5	16	16195634	17017874	1	1
TCGA-DA-A1I5	16	17017886	21293428	2	1
TCGA-DA-A1I5	16	21294737	90287535	1	1
TCGA-DA-A1I5	17	526	81049726	1	0
TCGA-DA-A1I5	18	48133	78015057	1	1
TCGA-DA-A1I5	19	90910	59097854	1	0
TCGA-DA-A1I5	20	61305	62956153	1	1
TCGA-DA-A1I5	21	10736871	48096957	1	1
TCGA-DA-A1I5	22	16052528	51234455	1	1
TCGA-DA-A1I5	X	168477	155233846	1	0
