sample	chr	startpos	endpos	nMajor	nMinor
TCGA-39-5035	1	61735	40847475	2	1
TCGA-39-5035	1	40847491	44988500	9	2
TCGA-39-5035	1	44991278	49220637	5	2
TCGA-39-5035	1	49221303	59360403	4	2
TCGA-39-5035	1	59361652	59896406	6	2
TCGA-39-5035	1	59898672	194865846	2	2
TCGA-39-5035	1	194868026	196098319	3	2
TCGA-39-5035	1	196098354	249224388	2	2
TCGA-39-5035	2	12784	3979752	2	2
TCGA-39-5035	2	3982184	18496694	2	0
TCGA-39-5035	2	18496832	20167891	2	2
TCGA-39-5035	2	20174688	20464533	5	2
TCGA-39-5035	2	20464809	43070037	2	2
TCGA-39-5035	2	43072469	43499381	4	2
TCGA-39-5035	2	43500946	59983611	2	2
TCGA-39-5035	2	59983904	60716308	5	2
TCGA-39-5035	2	60717399	141882124	2	2
TCGA-39-5035	2	141882529	142576915	2	1
TCGA-39-5035	2	142577461	221948730	2	2
TCGA-39-5035	2	221948909	223379297	2	0
TCGA-39-5035	2	223379952	225717585	2	2
TCGA-39-5035	2	225717663	240911415	2	0
TCGA-39-5035	2	240911534	243089456	2	2
TCGA-39-5035	3	60345	4587235	2	0
TCGA-39-5035	3	4588013	5025170	1	0
TCGA-39-5035	3	5026898	88750814	2	0
TCGA-39-5035	3	88751107	100081937	4	2
TCGA-39-5035	3	100082857	144192510	3	2
TCGA-39-5035	3	144194907	189462799	4	2
TCGA-39-5035	3	189465239	190297036	6	2
TCGA-39-5035	3	190297083	197896118	4	2
TCGA-39-5035	4	12281	191027923	2	0
TCGA-39-5035	5	15532	19355887	7	1
TCGA-39-5035	5	19358684	25721349	8	1
TCGA-39-5035	5	25725337	49710612	7	1
TCGA-39-5035	5	49710710	180790320	2	1
TCGA-39-5035	6	149661	30306307	2	0
TCGA-39-5035	6	30309105	48995329	2	2
TCGA-39-5035	6	48995739	171051005	2	1
TCGA-39-5035	7	43259	2319802	2	1
TCGA-39-5035	7	2320790	6483378	3	1
TCGA-39-5035	7	6485150	54525559	2	1
TCGA-39-5035	7	54527171	76606812	2	2
TCGA-39-5035	7	76709612	79755736	3	2
TCGA-39-5035	7	79755875	134231615	3	1
TCGA-39-5035	7	134231640	134425030	1	0
TCGA-39-5035	7	134425170	159127004	3	1
TCGA-39-5035	8	31254	1099704	3	0
TCGA-39-5035	8	1099986	3000425	4	0
TCGA-39-5035	8	3000462	8121084	3	0
TCGA-39-5035	8	8121172	9836320	2	0
TCGA-39-5035	8	9838936	12602250	3	0
TCGA-39-5035	8	12604409	26662465	2	0
TCGA-39-5035	8	26662926	146298155	3	2
TCGA-39-5035	9	46587	4041868	0	0
TCGA-39-5035	9	4041996	9391051	17	0
TCGA-39-5035	9	9393043	14903538	14	0
TCGA-39-5035	9	14904759	19023013	15	0
TCGA-39-5035	9	19023578	21797135	7	0
TCGA-39-5035	9	21800513	30862626	11	0
TCGA-39-5035	9	30865020	141091394	2	0
TCGA-39-5035	10	72759	135506704	2	1
TCGA-39-5035	11	198572	42458745	1	1
TCGA-39-5035	11	42458937	67778326	2	1
TCGA-39-5035	11	67781569	69512114	4	1
TCGA-39-5035	11	69512467	100452359	2	1
TCGA-39-5035	11	100454234	134944770	3	1
TCGA-39-5035	12	150442	50285562	2	2
TCGA-39-5035	12	50287592	51024429	4	2
TCGA-39-5035	12	51026623	55276396	2	2
TCGA-39-5035	12	55277124	73604416	3	2
TCGA-39-5035	12	73604504	92761834	2	2
TCGA-39-5035	12	92762705	93227704	3	2
TCGA-39-5035	12	93228208	133778189	2	2
TCGA-39-5035	13	19026949	115108397	4	1
TCGA-39-5035	14	19002124	62558017	2	0
TCGA-39-5035	14	62558060	63084453	1	0
TCGA-39-5035	14	63086754	107285437	2	0
TCGA-39-5035	15	20016328	75933065	2	1
TCGA-39-5035	15	75934884	76437542	4	1
TCGA-39-5035	15	76437970	102469040	2	1
TCGA-39-5035	16	60777	2269084	3	1
TCGA-39-5035	16	2270113	57549996	2	1
TCGA-39-5035	16	57552583	58083490	3	1
TCGA-39-5035	16	58083754	90287535	2	1
TCGA-39-5035	17	526	56283683	2	0
TCGA-39-5035	17	56284260	81049726	5	0
TCGA-39-5035	18	48133	77620835	2	1
TCGA-39-5035	18	77622105	78015057	3	0
TCGA-39-5035	19	90910	7667873	2	0
TCGA-39-5035	19	7681512	11993393	4	2
TCGA-39-5035	19	11997610	15111506	12	1
TCGA-39-5035	19	15111580	16556096	8	2
TCGA-39-5035	19	16556740	22935400	6	2
TCGA-39-5035	19	22935836	24596750	11	2
TCGA-39-5035	19	27747993	37853193	2	2
TCGA-39-5035	19	37857760	38982963	4	2
TCGA-39-5035	19	38983167	59097854	2	2
TCGA-39-5035	20	61305	62956153	2	1
TCGA-39-5035	21	10736871	48096957	2	1
TCGA-39-5035	22	16052528	23723050	2	0
TCGA-39-5035	22	23723084	26622960	3	0
TCGA-39-5035	22	26623160	26945691	2	0
TCGA-39-5035	22	26945702	32751547	3	0
TCGA-39-5035	22	32752707	44459662	2	0
TCGA-39-5035	22	44459995	45007914	1	0
TCGA-39-5035	22	45008047	49664414	2	0
TCGA-39-5035	22	49664931	51234455	3	0
TCGA-39-5035	X	168477	11647641	2	1
TCGA-39-5035	X	11648110	12038854	1	1
TCGA-39-5035	X	12039004	155233846	2	1
