sample	chr	startpos	endpos	nMajor	nMinor
TCGA-77-7139-a	1	61735	100099170	2	0
TCGA-77-7139-a	1	100099532	100525469	1	0
TCGA-77-7139-a	1	100527924	121482979	2	0
TCGA-77-7139-a	1	144007049	145414869	2	1
TCGA-77-7139-a	1	145416056	249224388	2	2
TCGA-77-7139-a	2	12784	8133092	2	2
TCGA-77-7139-a	2	8136044	47066125	2	1
TCGA-77-7139-a	2	47068041	49161556	5	2
TCGA-77-7139-a	2	49166478	49330849	39	1
TCGA-77-7139-a	2	49331292	49795482	19	1
TCGA-77-7139-a	2	49815084	51624663	2	1
TCGA-77-7139-a	2	51624940	57808671	6	2
TCGA-77-7139-a	2	57808810	58358810	8	2
TCGA-77-7139-a	2	58359092	67975429	4	2
TCGA-77-7139-a	2	67975586	68820622	7	2
TCGA-77-7139-a	2	68821725	133881534	2	2
TCGA-77-7139-a	2	133883392	134180406	8	2
TCGA-77-7139-a	2	134180548	140652285	2	1
TCGA-77-7139-a	2	140652420	141098428	4	2
TCGA-77-7139-a	2	141098446	224378483	2	1
TCGA-77-7139-a	2	224378598	225427996	2	0
TCGA-77-7139-a	2	225428299	243089456	2	1
TCGA-77-7139-a	3	60345	82402792	2	0
TCGA-77-7139-a	3	82405296	90502862	1	0
TCGA-77-7139-a	3	93519478	133164833	4	1
TCGA-77-7139-a	3	133172374	197896118	4	4
TCGA-77-7139-a	4	12281	191027923	2	0
TCGA-77-7139-a	5	15532	46389273	2	2
TCGA-77-7139-a	5	49432831	176434788	2	0
TCGA-77-7139-a	5	176435925	176445806	1	0
TCGA-77-7139-a	5	176445948	176571089	0	0
TCGA-77-7139-a	5	176572520	176776636	2	0
TCGA-77-7139-a	5	176776652	176799443	1	0
TCGA-77-7139-a	5	176799603	178700323	2	0
TCGA-77-7139-a	5	178705633	178835515	0	0
TCGA-77-7139-a	5	178842380	180790320	2	0
TCGA-77-7139-a	6	149661	171051005	2	1
TCGA-77-7139-a	7	43259	132324126	2	1
TCGA-77-7139-a	7	132324997	149579349	2	2
TCGA-77-7139-a	7	149579579	159127004	2	1
TCGA-77-7139-a	8	31254	35972241	2	0
TCGA-77-7139-a	8	35972541	38712613	8	2
TCGA-77-7139-a	8	38715287	146298155	4	2
TCGA-77-7139-a	9	46587	33307674	3	0
TCGA-77-7139-a	9	33310194	36989023	3	2
TCGA-77-7139-a	9	36989054	37106797	3	1
TCGA-77-7139-a	9	37108497	38440946	3	2
TCGA-77-7139-a	9	38441586	47217176	3	0
TCGA-77-7139-a	9	65616971	141091394	2	1
TCGA-77-7139-a	10	72759	135506704	2	1
TCGA-77-7139-a	11	198572	37071950	2	0
TCGA-77-7139-a	11	37076138	37134502	2	2
TCGA-77-7139-a	11	37135926	40705522	3	2
TCGA-77-7139-a	11	40708559	45525406	6	2
TCGA-77-7139-a	11	45528286	55896015	2	1
TCGA-77-7139-a	11	55898588	134944770	1	1
TCGA-77-7139-a	12	150442	18426965	2	2
TCGA-77-7139-a	12	18428033	133778189	2	1
TCGA-77-7139-a	13	19026949	115108397	2	0
TCGA-77-7139-a	14	19002124	103967299	2	0
TCGA-77-7139-a	14	103967820	104492631	1	0
TCGA-77-7139-a	14	104500427	107285437	2	0
TCGA-77-7139-a	15	20016328	102469040	2	1
TCGA-77-7139-a	16	60777	6552267	1	1
TCGA-77-7139-a	16	6554253	6838956	1	0
TCGA-77-7139-a	16	6840765	21534304	1	1
TCGA-77-7139-a	16	21536725	28052963	3	1
TCGA-77-7139-a	16	28053872	28515504	6	1
TCGA-77-7139-a	16	28526626	90287535	2	1
TCGA-77-7139-a	17	526	25276327	2	0
TCGA-77-7139-a	17	25282105	59319332	2	2
TCGA-77-7139-a	17	59322919	67952953	4	2
TCGA-77-7139-a	17	67952989	73590522	5	2
TCGA-77-7139-a	17	73590830	81049726	4	2
TCGA-77-7139-a	18	48133	78015057	2	1
TCGA-77-7139-a	19	90910	39571954	2	2
TCGA-77-7139-a	19	39572050	59097854	2	1
TCGA-77-7139-a	20	61305	29651369	2	2
TCGA-77-7139-a	20	29651749	45948984	3	2
TCGA-77-7139-a	20	45950296	62956153	2	2
TCGA-77-7139-a	21	10736871	48096957	2	1
TCGA-77-7139-a	22	16052528	51234455	2	2
TCGA-77-7139-a	X	168477	1607150	1	0
TCGA-77-7139-a	X	1616646	26191307	2	0
TCGA-77-7139-a	X	26205094	26826970	5	0
TCGA-77-7139-a	X	26836152	27408160	4	0
TCGA-77-7139-a	X	27410044	29090324	1	0
TCGA-77-7139-a	X	29093236	155233846	2	0
