sample	chr	startpos	endpos	nMajor	nMinor
TCGA-DB-A4X9	1	61735	249224388	1	1
TCGA-DB-A4X9	2	12784	243089456	1	1
TCGA-DB-A4X9	3	60345	197896118	1	1
TCGA-DB-A4X9	4	12281	191027923	1	1
TCGA-DB-A4X9	5	15532	180790320	1	1
TCGA-DB-A4X9	6	149661	171051005	1	1
TCGA-DB-A4X9	7	43259	159127004	2	1
TCGA-DB-A4X9	8	31254	146298155	1	1
TCGA-DB-A4X9	9	46587	141091394	1	1
TCGA-DB-A4X9	10	72759	135506704	1	1
TCGA-DB-A4X9	11	198572	14725028	2	0
TCGA-DB-A4X9	11	14726614	134944770	2	1
TCGA-DB-A4X9	12	150442	133778189	1	1
TCGA-DB-A4X9	13	19026949	115108397	1	1
TCGA-DB-A4X9	14	19002124	22328365	1	1
TCGA-DB-A4X9	14	22328573	23018665	2	1
TCGA-DB-A4X9	14	23018822	107285437	1	1
TCGA-DB-A4X9	15	20016328	102469040	1	1
TCGA-DB-A4X9	16	60777	90287535	1	1
TCGA-DB-A4X9	17	526	15665104	2	0
TCGA-DB-A4X9	17	15672946	81049726	1	1
TCGA-DB-A4X9	18	48133	78015057	1	1
TCGA-DB-A4X9	19	90910	59097854	1	1
TCGA-DB-A4X9	20	61305	62956153	1	1
TCGA-DB-A4X9	21	10736871	48096957	1	1
TCGA-DB-A4X9	22	16052528	51234455	1	1
TCGA-DB-A4X9	X	168477	155233846	1	1
