sample	chr	startpos	endpos	nMajor	nMinor
TCGA-FE-A233	1	61735	249224388	1	1
TCGA-FE-A233	2	12784	243089456	1	1
TCGA-FE-A233	3	60345	197896118	1	1
TCGA-FE-A233	4	12281	191027923	1	1
TCGA-FE-A233	5	15532	180790320	1	1
TCGA-FE-A233	6	149661	171051005	1	1
TCGA-FE-A233	7	43259	159127004	1	1
TCGA-FE-A233	8	31254	146298155	1	1
TCGA-FE-A233	9	46587	141091394	1	1
TCGA-FE-A233	10	72759	135506704	1	1
TCGA-FE-A233	11	198572	134944770	1	1
TCGA-FE-A233	12	150442	133778189	1	1
TCGA-FE-A233	13	19026949	115108397	1	1
TCGA-FE-A233	14	19002124	22392626	1	1
TCGA-FE-A233	14	22392639	22971591	2	1
TCGA-FE-A233	14	22974256	107285437	1	1
TCGA-FE-A233	15	20016328	102469040	1	1
TCGA-FE-A233	16	60777	90287535	1	1
TCGA-FE-A233	17	526	81049726	1	1
TCGA-FE-A233	18	48133	78015057	1	1
TCGA-FE-A233	19	90910	59097854	1	1
TCGA-FE-A233	20	61305	62956153	1	1
TCGA-FE-A233	21	10736871	48096957	1	1
TCGA-FE-A233	22	16052528	51234455	1	1
TCGA-FE-A233	X	168477	155233846	1	1
