sample	chr	startpos	endpos	nMajor	nMinor
TCGA-DU-5871	1	61735	121482979	2	2
TCGA-DU-5871	1	144007049	145390114	3	0
TCGA-DU-5871	1	145390170	177611104	2	2
TCGA-DU-5871	1	177611318	249224388	2	1
TCGA-DU-5871	2	12784	79301265	2	1
TCGA-DU-5871	2	79306087	243089456	2	2
TCGA-DU-5871	3	60345	1600422	3	2
TCGA-DU-5871	3	1600774	197896118	2	2
TCGA-DU-5871	4	12281	96967431	2	2
TCGA-DU-5871	4	96969902	99780288	2	1
TCGA-DU-5871	4	99781443	111289024	2	2
TCGA-DU-5871	4	111289714	191027923	2	1
TCGA-DU-5871	5	15532	180790320	2	2
TCGA-DU-5871	6	149661	171051005	2	2
TCGA-DU-5871	7	43259	159127004	2	2
TCGA-DU-5871	8	31254	47354618	2	2
TCGA-DU-5871	8	47361525	82853793	5	2
TCGA-DU-5871	8	82854207	84013368	2	2
TCGA-DU-5871	8	84014200	146298155	5	2
TCGA-DU-5871	9	46587	756415	4	1
TCGA-DU-5871	9	764050	34513917	3	2
TCGA-DU-5871	9	34515101	47217176	2	2
TCGA-DU-5871	9	65616971	70996001	1	1
TCGA-DU-5871	9	70999387	141091394	2	2
TCGA-DU-5871	10	72759	34836471	3	2
TCGA-DU-5871	10	34841918	135506704	2	2
TCGA-DU-5871	11	198572	61768973	2	2
TCGA-DU-5871	11	61769588	72188278	3	2
TCGA-DU-5871	11	72190153	129748322	3	3
TCGA-DU-5871	11	129748737	134944770	4	1
TCGA-DU-5871	12	150442	7091024	3	2
TCGA-DU-5871	12	7100898	25004661	2	2
TCGA-DU-5871	12	25004731	133778189	2	1
TCGA-DU-5871	13	19026949	81382927	2	2
TCGA-DU-5871	13	81383069	115108397	2	1
TCGA-DU-5871	14	19002124	107285437	2	2
TCGA-DU-5871	15	20016328	22755953	2	1
TCGA-DU-5871	15	22756026	102469040	2	2
TCGA-DU-5871	16	60777	35283226	2	2
TCGA-DU-5871	16	46463782	47070346	3	1
TCGA-DU-5871	16	47070696	90287535	2	2
TCGA-DU-5871	17	526	18134927	4	0
TCGA-DU-5871	17	18135401	81049726	2	2
TCGA-DU-5871	18	48133	78015057	2	2
TCGA-DU-5871	19	90910	59097854	2	2
TCGA-DU-5871	20	61305	9752623	3	2
TCGA-DU-5871	20	9752893	11809442	4	2
TCGA-DU-5871	20	11809996	38064613	3	2
TCGA-DU-5871	20	38066618	44124594	2	2
TCGA-DU-5871	20	44125599	54446661	2	1
TCGA-DU-5871	20	54448260	62956153	2	2
TCGA-DU-5871	21	10736871	48096957	1	1
TCGA-DU-5871	22	16052528	17099597	2	0
TCGA-DU-5871	22	17100497	51234455	2	2
TCGA-DU-5871	X	168477	51876818	1	1
TCGA-DU-5871	X	51877145	146345288	2	1
TCGA-DU-5871	X	146345349	155233846	2	2
