sample	chr	startpos	endpos	nMajor	nMinor
TCGA-B9-4617	1	61735	249224388	1	1
TCGA-B9-4617	2	12784	243089456	1	1
TCGA-B9-4617	3	60345	96065272	2	1
TCGA-B9-4617	3	96070204	97558176	3	1
TCGA-B9-4617	3	97559342	164500432	2	1
TCGA-B9-4617	3	164501174	165986016	3	1
TCGA-B9-4617	3	165986370	197896118	2	1
TCGA-B9-4617	4	12281	191027923	1	1
TCGA-B9-4617	5	15532	180790320	1	1
TCGA-B9-4617	6	149661	171051005	1	1
TCGA-B9-4617	7	43259	38294101	2	2
TCGA-B9-4617	7	38294996	38358227	4	4
TCGA-B9-4617	7	38358412	159127004	2	2
TCGA-B9-4617	8	31254	146298155	1	1
TCGA-B9-4617	9	46587	141091394	1	1
TCGA-B9-4617	10	72759	135506704	2	1
TCGA-B9-4617	11	198572	134944770	1	1
TCGA-B9-4617	12	150442	133778189	2	1
TCGA-B9-4617	13	19026949	115108397	2	1
TCGA-B9-4617	14	19002124	22354103	1	1
TCGA-B9-4617	14	22359663	23002684	2	1
TCGA-B9-4617	14	23003317	107285437	1	1
TCGA-B9-4617	15	20016328	102469040	1	1
TCGA-B9-4617	16	60777	90287535	2	1
TCGA-B9-4617	17	526	81049726	2	1
TCGA-B9-4617	18	48133	78015057	1	1
TCGA-B9-4617	19	90910	59097854	1	1
TCGA-B9-4617	20	61305	62956153	2	1
TCGA-B9-4617	21	10736871	48096957	1	1
TCGA-B9-4617	22	16052528	51234455	1	1
TCGA-B9-4617	X	168477	155233846	1	0
