sample	chr	startpos	endpos	nMajor	nMinor
TCGA-XF-AAMR	1	61735	187740681	2	2
TCGA-XF-AAMR	1	187741320	192074537	2	1
TCGA-XF-AAMR	1	192074894	236786314	2	2
TCGA-XF-AAMR	1	236786379	240315392	3	2
TCGA-XF-AAMR	1	240316968	249224388	2	2
TCGA-XF-AAMR	2	12784	4135924	2	2
TCGA-XF-AAMR	2	4135948	7116177	3	2
TCGA-XF-AAMR	2	7121749	212839175	2	2
TCGA-XF-AAMR	2	212839969	213570265	2	0
TCGA-XF-AAMR	2	213571703	243089456	2	2
TCGA-XF-AAMR	3	60345	8247186	3	2
TCGA-XF-AAMR	3	8247345	48128225	2	2
TCGA-XF-AAMR	3	48131577	58065639	2	0
TCGA-XF-AAMR	3	58067364	82251059	2	2
TCGA-XF-AAMR	3	82253180	83587282	5	2
TCGA-XF-AAMR	3	83587717	177473339	2	2
TCGA-XF-AAMR	3	177473523	178121200	2	0
TCGA-XF-AAMR	3	178122321	197896118	2	2
TCGA-XF-AAMR	4	12281	188128262	2	2
TCGA-XF-AAMR	4	188131392	191027923	3	2
TCGA-XF-AAMR	5	15532	82826927	2	2
TCGA-XF-AAMR	5	82827062	85716128	2	0
TCGA-XF-AAMR	5	85721410	86206760	0	0
TCGA-XF-AAMR	5	86208105	106217188	2	0
TCGA-XF-AAMR	5	106217628	180790320	2	2
TCGA-XF-AAMR	6	149661	62503703	2	2
TCGA-XF-AAMR	6	62503891	63910985	3	3
TCGA-XF-AAMR	6	63914765	171051005	2	0
TCGA-XF-AAMR	7	43259	159127004	2	2
TCGA-XF-AAMR	8	31254	2450481	2	2
TCGA-XF-AAMR	8	2450930	5826095	3	2
TCGA-XF-AAMR	8	5826511	105345079	2	2
TCGA-XF-AAMR	8	105347817	110411627	3	2
TCGA-XF-AAMR	8	110411859	136432631	2	2
TCGA-XF-AAMR	8	136435165	139636133	3	2
TCGA-XF-AAMR	8	139637106	146298155	2	2
TCGA-XF-AAMR	9	46587	21507617	2	0
TCGA-XF-AAMR	9	21507662	22071270	0	0
TCGA-XF-AAMR	9	22071547	125437769	2	0
TCGA-XF-AAMR	9	125438639	126968341	0	0
TCGA-XF-AAMR	9	126968779	141091394	2	0
TCGA-XF-AAMR	10	72759	124017379	2	2
TCGA-XF-AAMR	10	124017423	135506704	4	2
TCGA-XF-AAMR	11	198572	59247240	2	0
TCGA-XF-AAMR	11	59248076	121062860	2	2
TCGA-XF-AAMR	11	121063944	121328954	2	0
TCGA-XF-AAMR	11	121329041	134944770	2	2
TCGA-XF-AAMR	12	150442	72900183	2	2
TCGA-XF-AAMR	12	72904288	73617101	2	0
TCGA-XF-AAMR	12	73617280	130757263	2	2
TCGA-XF-AAMR	12	130760017	133778189	2	1
TCGA-XF-AAMR	13	19026949	115108397	3	3
TCGA-XF-AAMR	14	19002124	28716316	2	2
TCGA-XF-AAMR	14	28717021	29023455	3	0
TCGA-XF-AAMR	14	29024101	107285437	2	2
TCGA-XF-AAMR	15	20016328	25460966	7	0
TCGA-XF-AAMR	15	25462316	48671097	4	0
TCGA-XF-AAMR	15	48671474	58143031	6	0
TCGA-XF-AAMR	15	58143134	59272053	2	0
TCGA-XF-AAMR	15	59274090	92051330	6	0
TCGA-XF-AAMR	15	92051366	102469040	4	0
TCGA-XF-AAMR	16	60777	3003697	3	2
TCGA-XF-AAMR	16	3004161	3683236	3	0
TCGA-XF-AAMR	16	3685616	5703711	3	2
TCGA-XF-AAMR	16	5704056	80884303	3	3
TCGA-XF-AAMR	16	80885200	82018786	3	2
TCGA-XF-AAMR	16	82019520	83556050	3	3
TCGA-XF-AAMR	16	83556238	90287535	3	2
TCGA-XF-AAMR	17	526	21886929	2	0
TCGA-XF-AAMR	17	21887921	67420741	3	3
TCGA-XF-AAMR	17	67422889	70130650	4	3
TCGA-XF-AAMR	17	70133177	81049726	3	2
TCGA-XF-AAMR	18	48133	24327943	2	0
TCGA-XF-AAMR	18	24328455	24462611	0	0
TCGA-XF-AAMR	18	24469557	40445283	2	0
TCGA-XF-AAMR	18	40446120	41094785	0	0
TCGA-XF-AAMR	18	41104234	78015057	2	0
TCGA-XF-AAMR	19	90910	19887292	2	1
TCGA-XF-AAMR	19	19887578	59097854	2	2
TCGA-XF-AAMR	20	61305	62956153	3	3
TCGA-XF-AAMR	21	10736871	48096957	3	3
TCGA-XF-AAMR	22	16052528	51234455	3	3
TCGA-XF-AAMR	X	168477	2693175	3	1
TCGA-XF-AAMR	X	2693624	154929308	2	0
TCGA-XF-AAMR	X	154929498	155233846	3	2
