sample	chr	startpos	endpos	nMajor	nMinor
TCGA-75-6206	1	61735	46138336	2	2
TCGA-75-6206	1	46139652	121482979	2	0
TCGA-75-6206	1	144007049	245910767	3	3
TCGA-75-6206	1	245911867	247343234	3	1
TCGA-75-6206	1	247346674	249224388	3	3
TCGA-75-6206	2	12784	90129361	2	1
TCGA-75-6206	2	90129375	243089456	2	2
TCGA-75-6206	3	60345	178084681	2	1
TCGA-75-6206	3	178090465	178781257	1	1
TCGA-75-6206	3	178783927	184025494	2	1
TCGA-75-6206	3	184028935	185352682	1	1
TCGA-75-6206	3	185356002	197896118	2	1
TCGA-75-6206	4	12281	73987708	2	1
TCGA-75-6206	4	73992976	78433571	4	1
TCGA-75-6206	4	78435046	115656257	2	1
TCGA-75-6206	4	115656345	116557306	2	0
TCGA-75-6206	4	116557692	187688941	2	1
TCGA-75-6206	4	187689219	191027923	3	1
TCGA-75-6206	5	15532	180790320	2	1
TCGA-75-6206	6	149661	57249219	3	2
TCGA-75-6206	6	57250388	58058678	2	1
TCGA-75-6206	6	58058729	61972502	3	2
TCGA-75-6206	6	61972918	171051005	2	0
TCGA-75-6206	7	43259	159127004	2	1
TCGA-75-6206	8	31254	5994657	4	1
TCGA-75-6206	8	5995059	55524841	3	1
TCGA-75-6206	8	55525031	72401851	3	3
TCGA-75-6206	8	72402825	74392299	4	1
TCGA-75-6206	8	74392461	81136286	3	3
TCGA-75-6206	8	81137030	87411509	4	1
TCGA-75-6206	8	87429001	146298155	3	3
TCGA-75-6206	9	46587	141091394	2	1
TCGA-75-6206	10	72759	135506704	2	2
TCGA-75-6206	11	198572	45401413	2	1
TCGA-75-6206	11	45403436	55475356	2	2
TCGA-75-6206	11	55475560	134944770	2	1
TCGA-75-6206	12	150442	133778189	2	1
TCGA-75-6206	13	19026949	21962284	1	0
TCGA-75-6206	13	21962773	88837311	2	0
TCGA-75-6206	13	88844089	90284692	3	3
TCGA-75-6206	13	90287578	90314640	3	2
TCGA-75-6206	13	90314693	115108397	2	0
TCGA-75-6206	14	19002124	107285437	1	1
TCGA-75-6206	15	20016328	68467483	2	1
TCGA-75-6206	15	68471850	69841884	1	1
TCGA-75-6206	15	69845492	102469040	2	1
TCGA-75-6206	16	60777	5794329	2	2
TCGA-75-6206	16	5802164	8435950	3	2
TCGA-75-6206	16	8438861	90287535	2	2
TCGA-75-6206	17	526	22219568	2	0
TCGA-75-6206	17	22227075	81049726	2	1
TCGA-75-6206	18	48133	78015057	2	1
TCGA-75-6206	19	90910	23732025	2	0
TCGA-75-6206	19	23732199	59097854	2	1
TCGA-75-6206	20	61305	62956153	2	2
TCGA-75-6206	21	10736871	48096957	2	1
TCGA-75-6206	22	16052528	51234455	2	1
TCGA-75-6206	X	168477	2694240	2	1
TCGA-75-6206	X	2703391	154929308	1	0
TCGA-75-6206	X	154929498	155233846	2	1
