sample	chr	startpos	endpos	nMajor	nMinor
TCGA-AB-2880	1	61735	249224388	1	1
TCGA-AB-2880	2	12784	243089456	1	1
TCGA-AB-2880	3	60345	1712108	2	1
TCGA-AB-2880	3	1712125	197896118	1	1
TCGA-AB-2880	4	12281	191027923	1	1
TCGA-AB-2880	5	15532	180790320	1	1
TCGA-AB-2880	6	149661	171051005	1	1
TCGA-AB-2880	7	43259	159127004	1	1
TCGA-AB-2880	8	31254	146298155	1	1
TCGA-AB-2880	9	46587	141091394	1	1
TCGA-AB-2880	10	72759	135506704	1	1
TCGA-AB-2880	11	198572	34621004	2	0
TCGA-AB-2880	11	34622004	134944770	1	1
TCGA-AB-2880	12	150442	133778189	1	1
TCGA-AB-2880	13	19026949	115108397	1	1
TCGA-AB-2880	14	19002124	107285437	1	1
TCGA-AB-2880	15	20016328	102469040	1	1
TCGA-AB-2880	16	60777	90287535	1	1
TCGA-AB-2880	17	526	81049726	1	1
TCGA-AB-2880	18	48133	78015057	1	1
TCGA-AB-2880	19	90910	59097854	1	1
TCGA-AB-2880	20	61305	62956153	1	1
TCGA-AB-2880	21	10736871	48096957	1	1
TCGA-AB-2880	22	16052528	51234455	1	1
TCGA-AB-2880	X	168477	2694240	1	1
TCGA-AB-2880	X	2703391	154929034	1	0
TCGA-AB-2880	X	154929105	155233846	2	0
