sample	chr	startpos	endpos	nMajor	nMinor
TCGA-09-1672	1	61735	121482979	2	0
TCGA-09-1672	1	144007049	249224388	2	2
TCGA-09-1672	2	12784	243089456	2	2
TCGA-09-1672	3	60345	197896118	2	2
TCGA-09-1672	4	12281	191027923	2	1
TCGA-09-1672	5	15532	180790320	2	1
TCGA-09-1672	6	149661	171051005	1	1
TCGA-09-1672	7	43259	159127004	2	2
TCGA-09-1672	8	31254	146298155	3	1
TCGA-09-1672	9	46587	141091394	2	1
TCGA-09-1672	10	72759	135506704	2	2
TCGA-09-1672	11	198572	134944770	2	1
TCGA-09-1672	12	150442	133778189	3	1
TCGA-09-1672	13	19026949	115108397	2	1
TCGA-09-1672	14	19002124	22268045	2	0
TCGA-09-1672	14	22268268	23029686	3	0
TCGA-09-1672	14	23029806	107285437	2	0
TCGA-09-1672	15	20016328	102469040	3	0
TCGA-09-1672	16	60777	90287535	4	1
TCGA-09-1672	17	526	81049726	1	1
TCGA-09-1672	18	48133	78015057	1	1
TCGA-09-1672	19	90910	59097854	2	0
TCGA-09-1672	20	61305	62956153	2	1
TCGA-09-1672	21	10736871	48096957	2	1
TCGA-09-1672	22	16052528	51234455	2	1
TCGA-09-1672	X	168477	155233846	2	1
