sample	chr	startpos	endpos	nMajor	nMinor
TCGA-19-5959	1	61735	4395235	1	1
TCGA-19-5959	1	4396481	11949453	1	0
TCGA-19-5959	1	11949970	92776688	1	1
TCGA-19-5959	1	92780024	94423977	1	0
TCGA-19-5959	1	94425822	249224388	1	1
TCGA-19-5959	2	12784	235994328	1	1
TCGA-19-5959	2	235999143	236407963	1	0
TCGA-19-5959	2	236416658	243089456	1	1
TCGA-19-5959	3	60345	197896118	1	1
TCGA-19-5959	4	12281	163926960	1	1
TCGA-19-5959	4	163927379	163976246	1	0
TCGA-19-5959	4	163980435	191027923	1	1
TCGA-19-5959	5	15532	180790320	1	1
TCGA-19-5959	6	149661	171051005	1	1
TCGA-19-5959	7	43259	43225516	2	1
TCGA-19-5959	7	43225687	54407130	1	1
TCGA-19-5959	7	54410536	54904736	2	1
TCGA-19-5959	7	54904875	54911381	24	13
TCGA-19-5959	7	54912828	55280677	37	2
TCGA-19-5959	7	55289776	55915666	1	1
TCGA-19-5959	7	55921458	56038302	27	12
TCGA-19-5959	7	56038878	67077181	2	1
TCGA-19-5959	7	67077406	69173544	3	1
TCGA-19-5959	7	69175653	159127004	2	1
TCGA-19-5959	8	31254	146298155	1	1
TCGA-19-5959	9	46587	17813070	1	0
TCGA-19-5959	9	17813101	18860048	0	0
TCGA-19-5959	9	18861021	20834837	1	0
TCGA-19-5959	9	20837854	23322375	0	0
TCGA-19-5959	9	23326889	32781443	1	0
TCGA-19-5959	9	32781475	98773754	1	1
TCGA-19-5959	9	98774015	98882332	2	1
TCGA-19-5959	9	98882505	121012105	1	1
TCGA-19-5959	9	121013977	124098336	1	0
TCGA-19-5959	9	124098535	141091394	1	1
TCGA-19-5959	10	72759	135506704	1	0
TCGA-19-5959	11	198572	79506098	1	1
TCGA-19-5959	11	79511737	79590987	0	0
TCGA-19-5959	11	79592716	79670447	1	0
TCGA-19-5959	11	79670892	134944770	1	1
TCGA-19-5959	12	150442	133778189	1	1
TCGA-19-5959	13	19026949	110190123	1	1
TCGA-19-5959	13	110190970	110555940	1	0
TCGA-19-5959	13	110556113	115108397	1	1
TCGA-19-5959	14	19002124	107285437	1	1
TCGA-19-5959	15	20016328	102469040	1	1
TCGA-19-5959	16	60777	90287535	1	1
TCGA-19-5959	17	526	81049726	1	1
TCGA-19-5959	18	48133	78015057	1	1
TCGA-19-5959	19	90910	27965515	2	1
TCGA-19-5959	19	27998566	32333035	1	1
TCGA-19-5959	19	32335995	32778620	2	1
TCGA-19-5959	19	32778916	59097854	1	1
TCGA-19-5959	20	61305	62956153	2	1
TCGA-19-5959	21	10736871	48096957	1	1
TCGA-19-5959	22	16052528	24745923	1	1
TCGA-19-5959	22	24747031	35435980	1	0
TCGA-19-5959	22	35441504	40707304	1	1
TCGA-19-5959	22	40708679	44877372	1	0
TCGA-19-5959	22	44877422	51234455	1	1
TCGA-19-5959	X	168477	155233846	1	1
