sample	chr	startpos	endpos	nMajor	nMinor
TCGA-13-1483	1	61735	17247082	2	1
TCGA-13-1483	1	17247673	24181006	1	0
TCGA-13-1483	1	24181041	212652970	1	1
TCGA-13-1483	1	212656342	233410061	2	1
TCGA-13-1483	1	233410969	249224388	2	0
TCGA-13-1483	2	12784	63630837	1	1
TCGA-13-1483	2	63631921	63929156	2	1
TCGA-13-1483	2	63929605	135793152	1	1
TCGA-13-1483	2	135793372	206904167	2	1
TCGA-13-1483	2	206904919	215259651	1	1
TCGA-13-1483	2	215260036	216283106	2	1
TCGA-13-1483	2	216283558	243089456	1	1
TCGA-13-1483	3	60345	196676759	1	1
TCGA-13-1483	3	196677409	196806714	4	1
TCGA-13-1483	3	196806785	197007695	3	1
TCGA-13-1483	3	197015654	197896118	1	0
TCGA-13-1483	4	12281	16992876	2	0
TCGA-13-1483	4	16995071	23583002	1	0
TCGA-13-1483	4	23584656	54811258	1	1
TCGA-13-1483	4	54821350	70745450	2	1
TCGA-13-1483	4	70745913	82976665	2	0
TCGA-13-1483	4	82977081	83886901	3	0
TCGA-13-1483	4	83889847	95277414	2	0
TCGA-13-1483	4	95279214	105764441	1	0
TCGA-13-1483	4	105765506	171747440	1	1
TCGA-13-1483	4	171748426	191027923	1	0
TCGA-13-1483	5	15532	29482956	2	1
TCGA-13-1483	5	29484110	149937739	1	1
TCGA-13-1483	5	149937956	180790320	2	1
TCGA-13-1483	6	149661	32427748	2	2
TCGA-13-1483	6	32427789	46578068	2	0
TCGA-13-1483	6	46578630	51693052	2	1
TCGA-13-1483	6	51696268	66598896	1	1
TCGA-13-1483	6	66598938	151741988	1	0
TCGA-13-1483	6	151743584	152425582	2	0
TCGA-13-1483	6	152428704	171051005	1	0
TCGA-13-1483	7	43259	5396887	1	0
TCGA-13-1483	7	5396955	39084464	1	1
TCGA-13-1483	7	39085063	45022257	1	0
TCGA-13-1483	7	45023302	78095241	1	1
TCGA-13-1483	7	78095527	116781278	2	1
TCGA-13-1483	7	116781649	128976323	2	0
TCGA-13-1483	7	128978420	134285060	2	1
TCGA-13-1483	7	134287935	141411215	1	1
TCGA-13-1483	7	141411352	151595628	1	0
TCGA-13-1483	7	151596824	159127004	2	0
TCGA-13-1483	8	31254	23202347	1	0
TCGA-13-1483	8	23202401	23611204	2	0
TCGA-13-1483	8	23612138	38291346	1	0
TCGA-13-1483	8	38291358	95498857	1	1
TCGA-13-1483	8	95499142	105699689	2	1
TCGA-13-1483	8	105700444	126867367	2	2
TCGA-13-1483	8	126867463	137682359	4	2
TCGA-13-1483	8	137687885	137855026	1	1
TCGA-13-1483	8	137856314	146298155	4	2
TCGA-13-1483	9	46587	32967267	1	0
TCGA-13-1483	9	32967701	33205408	2	0
TCGA-13-1483	9	33208034	47217176	1	0
TCGA-13-1483	9	65616971	113914875	1	1
TCGA-13-1483	9	113915905	114163036	2	1
TCGA-13-1483	9	114163257	115156705	3	1
TCGA-13-1483	9	115161433	127608918	2	1
TCGA-13-1483	9	127609106	141091394	1	0
TCGA-13-1483	10	72759	61650080	1	1
TCGA-13-1483	10	61651297	65245502	1	0
TCGA-13-1483	10	65245647	97295922	1	1
TCGA-13-1483	10	97296254	97947868	2	1
TCGA-13-1483	10	97947937	135506704	1	1
TCGA-13-1483	11	198572	4217552	1	0
TCGA-13-1483	11	4217848	44062402	2	1
TCGA-13-1483	11	44062501	51441225	1	0
TCGA-13-1483	11	51441936	66085972	1	1
TCGA-13-1483	11	66087623	102358107	2	1
TCGA-13-1483	11	102359477	118528424	1	0
TCGA-13-1483	11	118528466	120104530	1	1
TCGA-13-1483	11	120104859	134944770	1	0
TCGA-13-1483	12	150442	39750530	1	1
TCGA-13-1483	12	39752056	64425423	1	0
TCGA-13-1483	12	64431195	67222055	1	1
TCGA-13-1483	12	67222234	67838859	1	0
TCGA-13-1483	12	67839162	70341114	2	1
TCGA-13-1483	12	70343600	74835563	1	1
TCGA-13-1483	12	74835662	133778189	1	0
TCGA-13-1483	13	19026949	32176302	1	0
TCGA-13-1483	13	32178745	32211212	0	0
TCGA-13-1483	13	32222677	115108397	1	0
TCGA-13-1483	14	19002124	31555583	1	1
TCGA-13-1483	14	31556010	32411249	2	1
TCGA-13-1483	14	32411622	76771156	1	1
TCGA-13-1483	14	76774912	77043210	2	1
TCGA-13-1483	14	77046622	95517555	1	1
TCGA-13-1483	14	95517749	96103184	2	1
TCGA-13-1483	14	96103301	107285437	1	1
TCGA-13-1483	15	20016328	31308085	1	1
TCGA-13-1483	15	31308378	31446198	2	1
TCGA-13-1483	15	31447348	39769296	1	1
TCGA-13-1483	15	39769565	71672100	2	1
TCGA-13-1483	15	71672229	79155998	1	1
TCGA-13-1483	15	79156558	102469040	2	1
TCGA-13-1483	16	60777	3634746	1	0
TCGA-13-1483	16	3635147	35283226	1	1
TCGA-13-1483	16	46463782	90287535	1	0
TCGA-13-1483	17	526	46079708	1	0
TCGA-13-1483	17	46079876	81049726	3	0
TCGA-13-1483	18	48133	30035903	1	1
TCGA-13-1483	18	30036543	78015057	1	0
TCGA-13-1483	19	90910	15115249	1	0
TCGA-13-1483	19	15115678	19484117	2	0
TCGA-13-1483	19	19490711	32751857	1	1
TCGA-13-1483	19	32754140	50105455	1	0
TCGA-13-1483	19	50106116	58093044	1	1
TCGA-13-1483	19	58093476	59097854	1	0
TCGA-13-1483	20	61305	52496001	1	1
TCGA-13-1483	20	52500103	62956153	1	0
TCGA-13-1483	21	10736871	48096957	1	1
TCGA-13-1483	22	16052528	51234455	1	0
TCGA-13-1483	X	168477	115209122	1	1
TCGA-13-1483	X	115209225	139295401	2	1
TCGA-13-1483	X	139295472	155233846	3	1
