sample	chr	startpos	endpos	nMajor	nMinor
TCGA-43-8118-b	1	61735	90947336	1	0
TCGA-43-8118-b	1	90947926	91067506	2	1
TCGA-43-8118-b	1	91068580	186205568	1	1
TCGA-43-8118-b	1	186206188	249224388	1	0
TCGA-43-8118-b	2	12784	26125327	1	0
TCGA-43-8118-b	2	26127890	30293721	2	1
TCGA-43-8118-b	2	30300036	70958885	1	1
TCGA-43-8118-b	2	70959327	85034046	1	0
TCGA-43-8118-b	2	85034619	118111162	1	1
TCGA-43-8118-b	2	118111305	118514966	2	0
TCGA-43-8118-b	2	118515399	123237706	1	1
TCGA-43-8118-b	2	123238574	123731852	2	0
TCGA-43-8118-b	2	123732130	127743904	1	1
TCGA-43-8118-b	2	127744101	182843211	1	0
TCGA-43-8118-b	2	182843993	182886639	0	0
TCGA-43-8118-b	2	182888838	186918007	1	0
TCGA-43-8118-b	2	186918940	187704595	2	0
TCGA-43-8118-b	2	187711596	243089456	1	0
TCGA-43-8118-b	3	60345	85747388	1	0
TCGA-43-8118-b	3	85752068	86562280	8	1
TCGA-43-8118-b	3	86565906	94299512	1	1
TCGA-43-8118-b	3	94315079	95855256	3	0
TCGA-43-8118-b	3	95855943	101613949	2	2
TCGA-43-8118-b	3	101614389	106792367	2	0
TCGA-43-8118-b	3	106793351	110481667	5	0
TCGA-43-8118-b	3	110483077	114945777	2	0
TCGA-43-8118-b	3	114946195	121688589	1	0
TCGA-43-8118-b	3	121688917	132342225	2	0
TCGA-43-8118-b	3	132342667	135974734	1	0
TCGA-43-8118-b	3	135979333	137449671	2	0
TCGA-43-8118-b	3	137452120	144943890	3	1
TCGA-43-8118-b	3	144946062	161109618	1	0
TCGA-43-8118-b	3	161109916	161225390	2	0
TCGA-43-8118-b	3	161225681	161397719	3	1
TCGA-43-8118-b	3	161397856	166297882	1	1
TCGA-43-8118-b	3	166298091	197896118	3	1
TCGA-43-8118-b	4	12281	10128800	1	0
TCGA-43-8118-b	4	10129953	10350044	2	1
TCGA-43-8118-b	4	10350948	10373810	4	2
TCGA-43-8118-b	4	10374027	46603128	1	0
TCGA-43-8118-b	4	46606593	46731606	0	0
TCGA-43-8118-b	4	46733016	47855145	1	0
TCGA-43-8118-b	4	47858990	61380196	2	1
TCGA-43-8118-b	4	61381135	62005896	4	0
TCGA-43-8118-b	4	62007737	72635210	1	1
TCGA-43-8118-b	4	72635217	73682359	2	0
TCGA-43-8118-b	4	73683018	76008699	1	1
TCGA-43-8118-b	4	76009505	76433440	3	0
TCGA-43-8118-b	4	76433724	78117602	1	0
TCGA-43-8118-b	4	78119234	78330446	3	2
TCGA-43-8118-b	4	78330944	94587146	1	1
TCGA-43-8118-b	4	94590263	94772949	4	1
TCGA-43-8118-b	4	94773240	188608514	1	0
TCGA-43-8118-b	4	188608857	191027923	0	0
TCGA-43-8118-b	5	15532	3844414	1	0
TCGA-43-8118-b	5	3844541	12017265	1	1
TCGA-43-8118-b	5	12017623	12894148	2	0
TCGA-43-8118-b	5	12895129	37787676	1	1
TCGA-43-8118-b	5	37788009	38076563	2	1
TCGA-43-8118-b	5	38076684	51532357	1	1
TCGA-43-8118-b	5	51532720	52179698	2	2
TCGA-43-8118-b	5	52179825	140522425	1	0
TCGA-43-8118-b	5	140523361	140648416	0	0
TCGA-43-8118-b	5	140648552	180790320	1	0
TCGA-43-8118-b	6	149661	111316718	1	0
TCGA-43-8118-b	6	111317405	133455155	3	0
TCGA-43-8118-b	6	133459633	157134680	1	0
TCGA-43-8118-b	6	157143727	157515563	0	0
TCGA-43-8118-b	6	157535560	165712918	1	0
TCGA-43-8118-b	6	165713760	171051005	0	0
TCGA-43-8118-b	7	43259	13985385	1	1
TCGA-43-8118-b	7	13985466	14051536	0	0
TCGA-43-8118-b	7	14058445	16820997	1	1
TCGA-43-8118-b	7	16821216	17827644	2	1
TCGA-43-8118-b	7	17827885	143655673	1	1
TCGA-43-8118-b	7	143655688	143787813	1	0
TCGA-43-8118-b	7	143799773	144889286	2	0
TCGA-43-8118-b	7	144889286	159127004	1	0
TCGA-43-8118-b	8	31254	3084216	0	0
TCGA-43-8118-b	8	3085960	6300947	1	0
TCGA-43-8118-b	8	6301376	6384138	0	0
TCGA-43-8118-b	8	6384247	32192676	1	0
TCGA-43-8118-b	8	32195234	32512699	2	1
TCGA-43-8118-b	8	32512823	34624934	9	0
TCGA-43-8118-b	8	34627481	34729931	2	0
TCGA-43-8118-b	8	34730018	37487260	2	1
TCGA-43-8118-b	8	37489508	42983165	1	1
TCGA-43-8118-b	8	42984823	76708143	1	0
TCGA-43-8118-b	8	76711112	77725965	2	0
TCGA-43-8118-b	8	77726987	88501234	1	1
TCGA-43-8118-b	8	88504060	89721294	2	0
TCGA-43-8118-b	8	89721771	109063968	1	1
TCGA-43-8118-b	8	109064042	110648272	2	0
TCGA-43-8118-b	8	110648359	113269133	1	1
TCGA-43-8118-b	8	113271848	114360703	2	0
TCGA-43-8118-b	8	114363347	122361983	1	1
TCGA-43-8118-b	8	122366903	123327617	1	0
TCGA-43-8118-b	8	123330732	140613197	2	1
TCGA-43-8118-b	8	140613957	146298155	1	1
TCGA-43-8118-b	9	46587	9985544	1	0
TCGA-43-8118-b	9	9986152	10028397	0	0
TCGA-43-8118-b	9	10028610	21075140	1	0
TCGA-43-8118-b	9	21078375	23539895	0	0
TCGA-43-8118-b	9	23542463	31883478	1	0
TCGA-43-8118-b	9	31889851	34798384	2	0
TCGA-43-8118-b	9	34801072	38640288	1	0
TCGA-43-8118-b	9	38640373	47217176	0	0
TCGA-43-8118-b	9	65616971	99812133	1	0
TCGA-43-8118-b	9	99813125	141091394	2	0
TCGA-43-8118-b	10	72759	4620699	0	0
TCGA-43-8118-b	10	4621637	36608366	1	0
TCGA-43-8118-b	10	36608920	37531579	0	0
TCGA-43-8118-b	10	37540983	135506704	1	0
TCGA-43-8118-b	11	198572	5633600	1	1
TCGA-43-8118-b	11	5635725	5723835	0	0
TCGA-43-8118-b	11	5724067	20752493	1	1
TCGA-43-8118-b	11	20752625	134944770	1	0
TCGA-43-8118-b	12	150442	14020250	1	1
TCGA-43-8118-b	12	14026485	28546037	1	0
TCGA-43-8118-b	12	28546268	28634863	1	1
TCGA-43-8118-b	12	28637459	28680898	2	2
TCGA-43-8118-b	12	28682709	28738933	2	1
TCGA-43-8118-b	12	28738977	33230538	1	0
TCGA-43-8118-b	12	33232042	87487830	1	1
TCGA-43-8118-b	12	87487902	89230484	2	0
TCGA-43-8118-b	12	89232865	114734556	1	1
TCGA-43-8118-b	12	114737468	133778189	1	0
TCGA-43-8118-b	13	19026949	115108397	1	0
TCGA-43-8118-b	14	19002124	87724206	1	1
TCGA-43-8118-b	14	87725147	89571804	2	1
TCGA-43-8118-b	14	89572676	99083780	2	0
TCGA-43-8118-b	14	99084010	99093486	5	5
TCGA-43-8118-b	14	99093555	107285437	2	0
TCGA-43-8118-b	15	20016328	70996890	1	0
TCGA-43-8118-b	15	71000299	71066722	0	0
TCGA-43-8118-b	15	71067585	86453060	1	0
TCGA-43-8118-b	15	86454881	98771959	1	1
TCGA-43-8118-b	15	98775542	102469040	1	0
TCGA-43-8118-b	16	60777	9741773	1	0
TCGA-43-8118-b	16	9742078	10285114	1	1
TCGA-43-8118-b	16	10285569	11477246	1	0
TCGA-43-8118-b	16	11477341	27187306	1	1
TCGA-43-8118-b	16	27187546	49597230	1	0
TCGA-43-8118-b	16	49598262	64434852	1	1
TCGA-43-8118-b	16	64442460	66388834	2	1
TCGA-43-8118-b	16	66392480	90287535	1	1
TCGA-43-8118-b	17	526	6726791	2	0
TCGA-43-8118-b	17	6729519	29846334	1	0
TCGA-43-8118-b	17	29848904	36680387	2	0
TCGA-43-8118-b	17	36684461	39179978	3	0
TCGA-43-8118-b	17	39180322	39517045	1	0
TCGA-43-8118-b	17	39517082	40178215	3	0
TCGA-43-8118-b	17	40178398	51752802	1	0
TCGA-43-8118-b	17	51752915	51910997	0	0
TCGA-43-8118-b	17	51912046	81049726	1	0
TCGA-43-8118-b	18	48133	10699232	1	1
TCGA-43-8118-b	18	10701641	24104575	1	0
TCGA-43-8118-b	18	24105083	32235789	1	1
TCGA-43-8118-b	18	32236111	33096447	2	1
TCGA-43-8118-b	18	33096799	33269794	2	2
TCGA-43-8118-b	18	33270247	68826503	1	1
TCGA-43-8118-b	18	68826938	68901425	0	0
TCGA-43-8118-b	18	68904634	69306287	1	1
TCGA-43-8118-b	18	69306910	69365932	0	0
TCGA-43-8118-b	18	69367723	74291195	1	0
TCGA-43-8118-b	18	74291820	74360560	0	0
TCGA-43-8118-b	18	74360659	74446480	1	0
TCGA-43-8118-b	18	74446779	74706459	0	0
TCGA-43-8118-b	18	74708059	75561510	1	0
TCGA-43-8118-b	18	75561864	76157746	0	0
TCGA-43-8118-b	18	76157969	78015057	1	0
TCGA-43-8118-b	19	90910	28158123	1	0
TCGA-43-8118-b	19	28163448	29493560	1	1
TCGA-43-8118-b	19	29494926	59097854	1	0
TCGA-43-8118-b	20	61305	1774061	2	1
TCGA-43-8118-b	20	1780881	11476832	1	1
TCGA-43-8118-b	20	11476884	11481277	1	0
TCGA-43-8118-b	20	11482785	37732027	1	1
TCGA-43-8118-b	20	37734002	41673335	2	1
TCGA-43-8118-b	20	41674450	50843305	1	1
TCGA-43-8118-b	20	50844434	53267070	2	1
TCGA-43-8118-b	20	53267111	53720825	3	0
TCGA-43-8118-b	20	53721830	62956153	1	0
TCGA-43-8118-b	21	10736871	18802524	1	1
TCGA-43-8118-b	21	18802848	21205467	1	0
TCGA-43-8118-b	21	21209919	21297941	0	0
TCGA-43-8118-b	21	21298839	24638758	1	0
TCGA-43-8118-b	21	24640795	24663898	2	0
TCGA-43-8118-b	21	24665624	25290514	0	0
TCGA-43-8118-b	21	25292309	48096957	1	0
TCGA-43-8118-b	22	16052528	26196417	1	1
TCGA-43-8118-b	22	26197283	27478856	2	2
TCGA-43-8118-b	22	27479173	37065620	2	1
TCGA-43-8118-b	22	37065679	51234455	1	1
TCGA-43-8118-b	X	168477	32929104	1	0
TCGA-43-8118-b	X	32929962	33029347	0	0
TCGA-43-8118-b	X	33029789	65353714	1	0
TCGA-43-8118-b	X	65354030	72313442	1	1
TCGA-43-8118-b	X	72332679	109635815	1	0
TCGA-43-8118-b	X	109635886	111531378	2	0
TCGA-43-8118-b	X	111531574	120650564	1	0
TCGA-43-8118-b	X	120652880	121440092	2	0
TCGA-43-8118-b	X	121440949	152504276	1	1
TCGA-43-8118-b	X	152504434	155233846	1	0
