sample	chr	startpos	endpos	nMajor	nMinor
TCGA-IB-AAUQ	1	61735	106810965	1	1
TCGA-IB-AAUQ	1	106811312	121482979	1	0
TCGA-IB-AAUQ	1	144007049	249224388	1	1
TCGA-IB-AAUQ	2	12784	243089456	1	1
TCGA-IB-AAUQ	3	60345	197896118	1	1
TCGA-IB-AAUQ	4	12281	40941925	1	0
TCGA-IB-AAUQ	4	40942453	52698636	1	1
TCGA-IB-AAUQ	4	52698757	191027923	1	0
TCGA-IB-AAUQ	5	15532	180790320	1	1
TCGA-IB-AAUQ	6	149661	171051005	1	1
TCGA-IB-AAUQ	7	43259	159127004	2	1
TCGA-IB-AAUQ	8	31254	124832926	1	0
TCGA-IB-AAUQ	8	124833311	128114999	1	1
TCGA-IB-AAUQ	8	128118106	128792796	13	1
TCGA-IB-AAUQ	8	128800301	146298155	1	1
TCGA-IB-AAUQ	9	46587	47217176	2	0
TCGA-IB-AAUQ	9	65616971	141091394	1	1
TCGA-IB-AAUQ	10	72759	1070710	1	0
TCGA-IB-AAUQ	10	1073300	13138050	1	1
TCGA-IB-AAUQ	10	13139245	14642248	2	0
TCGA-IB-AAUQ	10	14643451	53398189	1	1
TCGA-IB-AAUQ	10	53398322	57180321	2	2
TCGA-IB-AAUQ	10	57180540	83321049	3	1
TCGA-IB-AAUQ	10	83321972	85821884	4	1
TCGA-IB-AAUQ	10	85822305	88474624	3	1
TCGA-IB-AAUQ	10	88478779	135506704	1	0
TCGA-IB-AAUQ	11	198572	56626087	1	1
TCGA-IB-AAUQ	11	56626151	57935657	1	0
TCGA-IB-AAUQ	11	57935935	134944770	1	1
TCGA-IB-AAUQ	12	150442	6460391	1	1
TCGA-IB-AAUQ	12	6462464	12978405	1	0
TCGA-IB-AAUQ	12	12978616	133778189	1	1
TCGA-IB-AAUQ	13	19026949	73700740	1	1
TCGA-IB-AAUQ	13	73701265	74105875	3	1
TCGA-IB-AAUQ	13	74106511	114886610	1	1
TCGA-IB-AAUQ	13	114889967	115108397	2	0
TCGA-IB-AAUQ	14	19002124	107285437	1	1
TCGA-IB-AAUQ	15	20016328	102469040	1	1
TCGA-IB-AAUQ	16	60777	35283226	1	1
TCGA-IB-AAUQ	16	46463782	90287535	1	0
TCGA-IB-AAUQ	17	526	22192749	1	0
TCGA-IB-AAUQ	17	22193343	81049726	1	1
TCGA-IB-AAUQ	18	48133	15175018	1	1
TCGA-IB-AAUQ	18	15177772	24752660	2	1
TCGA-IB-AAUQ	18	24755524	27853228	6	1
TCGA-IB-AAUQ	18	27853465	35719675	4	1
TCGA-IB-AAUQ	18	35720305	67681090	1	0
TCGA-IB-AAUQ	18	67681778	78015057	1	1
TCGA-IB-AAUQ	19	90910	8787027	1	0
TCGA-IB-AAUQ	19	8787140	9474405	2	0
TCGA-IB-AAUQ	19	9474633	24583312	2	1
TCGA-IB-AAUQ	19	24596750	29350614	5	1
TCGA-IB-AAUQ	19	29350969	29603807	9	1
TCGA-IB-AAUQ	19	29606361	30624800	14	1
TCGA-IB-AAUQ	19	30629420	36055479	1	0
TCGA-IB-AAUQ	19	36056041	39336199	2	0
TCGA-IB-AAUQ	19	39336817	39699365	7	2
TCGA-IB-AAUQ	19	39704740	41174893	15	2
TCGA-IB-AAUQ	19	41175149	59097854	2	0
TCGA-IB-AAUQ	20	61305	62956153	1	1
TCGA-IB-AAUQ	21	10736871	48096957	1	1
TCGA-IB-AAUQ	22	16052528	51234455	1	1
TCGA-IB-AAUQ	X	168477	12768674	1	0
TCGA-IB-AAUQ	X	12768686	13630089	2	0
TCGA-IB-AAUQ	X	13633066	41302479	1	0
TCGA-IB-AAUQ	X	41302530	45740495	0	0
TCGA-IB-AAUQ	X	45740709	49425838	2	0
TCGA-IB-AAUQ	X	49426041	67645071	1	0
TCGA-IB-AAUQ	X	67650353	68361127	2	0
TCGA-IB-AAUQ	X	68366131	154913205	1	0
TCGA-IB-AAUQ	X	154915975	155233846	0	0
