sample	chr	startpos	endpos	nMajor	nMinor
TCGA-AK-3430	1	61735	121482979	2	1
TCGA-AK-3430	1	144007049	249224388	2	2
TCGA-AK-3430	2	12784	91686706	2	2
TCGA-AK-3430	2	91704736	243089456	2	1
TCGA-AK-3430	3	60345	85284590	2	0
TCGA-AK-3430	3	85285563	87580965	2	1
TCGA-AK-3430	3	87581572	89773024	2	0
TCGA-AK-3430	3	89773649	197896118	2	1
TCGA-AK-3430	4	12281	191027923	2	2
TCGA-AK-3430	5	15532	180790320	2	2
TCGA-AK-3430	6	149661	171051005	1	1
TCGA-AK-3430	7	43259	159127004	2	2
TCGA-AK-3430	8	31254	146298155	2	1
TCGA-AK-3430	9	46587	141091394	2	1
TCGA-AK-3430	10	72759	73979700	2	1
TCGA-AK-3430	10	73980970	135506704	1	1
TCGA-AK-3430	11	198572	134944770	2	1
TCGA-AK-3430	12	150442	133778189	2	2
TCGA-AK-3430	13	19026949	115108397	2	1
TCGA-AK-3430	14	19002124	107285437	1	1
TCGA-AK-3430	15	20016328	102469040	2	2
TCGA-AK-3430	16	60777	90287535	2	1
TCGA-AK-3430	17	526	81049726	2	1
TCGA-AK-3430	18	48133	78015057	2	0
TCGA-AK-3430	19	90910	59097854	2	1
TCGA-AK-3430	20	61305	62956153	2	1
TCGA-AK-3430	21	10736871	48096957	2	0
TCGA-AK-3430	22	16052528	51234455	2	1
TCGA-AK-3430	X	168477	2694240	2	1
TCGA-AK-3430	X	2703391	154913205	2	0
TCGA-AK-3430	X	154915975	155233846	2	1
