sample	chr	startpos	endpos	nMajor	nMinor
TCGA-49-4501	1	61735	42598964	4	2
TCGA-49-4501	1	42599426	55594836	2	2
TCGA-49-4501	1	55596587	58770574	2	0
TCGA-49-4501	1	58770904	63187622	2	2
TCGA-49-4501	1	63188086	119735326	2	0
TCGA-49-4501	1	119738322	121482979	5	2
TCGA-49-4501	1	144007049	146479430	3	2
TCGA-49-4501	1	146479610	146783569	7	2
TCGA-49-4501	1	146790963	149871163	3	2
TCGA-49-4501	1	149873415	150483516	4	4
TCGA-49-4501	1	150493147	218671436	2	2
TCGA-49-4501	1	218672558	249224388	2	0
TCGA-49-4501	2	12784	243089456	2	1
TCGA-49-4501	3	60345	90289924	1	1
TCGA-49-4501	3	90295798	197896118	2	1
TCGA-49-4501	4	12281	70600199	2	0
TCGA-49-4501	4	70600256	81014946	3	0
TCGA-49-4501	4	81017732	118373296	2	0
TCGA-49-4501	4	118374930	125664808	3	0
TCGA-49-4501	4	125665094	130206602	1	0
TCGA-49-4501	4	130207400	133457508	3	0
TCGA-49-4501	4	133458239	191027923	2	0
TCGA-49-4501	5	15532	19232873	3	2
TCGA-49-4501	5	19233618	180790320	2	2
TCGA-49-4501	6	149661	57608347	2	1
TCGA-49-4501	6	57608708	102470881	1	1
TCGA-49-4501	6	102471125	171051005	2	1
TCGA-49-4501	7	43259	17726648	3	1
TCGA-49-4501	7	17727154	21326250	3	0
TCGA-49-4501	7	21326885	28856689	3	1
TCGA-49-4501	7	28857606	33328156	3	0
TCGA-49-4501	7	33332770	41510731	2	0
TCGA-49-4501	7	41512987	46438021	2	1
TCGA-49-4501	7	46439431	47218821	2	2
TCGA-49-4501	7	47219976	52664036	2	1
TCGA-49-4501	7	52664290	57278824	2	2
TCGA-49-4501	7	57279002	159127004	2	1
TCGA-49-4501	8	31254	43786802	1	0
TCGA-49-4501	8	43824048	146298155	2	1
TCGA-49-4501	9	46587	47217176	2	0
TCGA-49-4501	9	65616971	141091394	1	1
TCGA-49-4501	10	72759	36802088	1	1
TCGA-49-4501	10	36803298	135506704	2	1
TCGA-49-4501	11	198572	3078885	2	0
TCGA-49-4501	11	3080494	4659753	2	1
TCGA-49-4501	11	4659858	7268231	2	0
TCGA-49-4501	11	7269192	23508708	2	1
TCGA-49-4501	11	23510745	26481678	2	0
TCGA-49-4501	11	26482771	26856571	2	1
TCGA-49-4501	11	26857146	28242923	2	2
TCGA-49-4501	11	28244968	29337069	2	1
TCGA-49-4501	11	29340409	33375605	2	0
TCGA-49-4501	11	33375955	35597658	2	1
TCGA-49-4501	11	35601486	41770186	2	0
TCGA-49-4501	11	41774809	134944770	2	1
TCGA-49-4501	12	150442	32948693	2	0
TCGA-49-4501	12	32948934	37969194	11	0
TCGA-49-4501	12	37969625	41025424	20	0
TCGA-49-4501	12	41025447	41139087	12	0
TCGA-49-4501	12	41140860	65446935	2	0
TCGA-49-4501	12	65447037	66482572	11	1
TCGA-49-4501	12	66483265	67936834	2	0
TCGA-49-4501	12	67939204	69183278	12	0
TCGA-49-4501	12	69198112	69597750	24	0
TCGA-49-4501	12	69598003	70687413	14	0
TCGA-49-4501	12	70687630	71694510	11	0
TCGA-49-4501	12	71698854	133778189	2	0
TCGA-49-4501	13	19026949	64934602	2	0
TCGA-49-4501	13	64937482	65712242	3	2
TCGA-49-4501	13	65713199	68035371	2	2
TCGA-49-4501	13	68036942	68383407	2	0
TCGA-49-4501	13	68385835	70589539	2	2
TCGA-49-4501	13	70589663	73767189	2	0
TCGA-49-4501	13	73768434	78343814	2	2
TCGA-49-4501	13	78343818	79048833	4	2
TCGA-49-4501	13	79049324	80018290	2	2
TCGA-49-4501	13	80021801	93587548	2	0
TCGA-49-4501	13	93592241	97015243	4	2
TCGA-49-4501	13	97017397	105327420	2	0
TCGA-49-4501	13	105328137	107066500	4	2
TCGA-49-4501	13	107066606	111795379	2	2
TCGA-49-4501	13	111795422	112030477	2	0
TCGA-49-4501	13	112032800	115108397	2	2
TCGA-49-4501	14	19002124	107285437	2	1
TCGA-49-4501	15	20016328	24527341	2	0
TCGA-49-4501	15	24527473	26816490	3	0
TCGA-49-4501	15	26816588	102469040	2	0
TCGA-49-4501	16	60777	90287535	2	1
TCGA-49-4501	17	526	12542314	2	0
TCGA-49-4501	17	12543548	13238034	2	1
TCGA-49-4501	17	13244373	15248694	2	0
TCGA-49-4501	17	15255972	21171358	2	1
TCGA-49-4501	17	21172289	66424341	2	2
TCGA-49-4501	17	66424923	81049726	2	1
TCGA-49-4501	18	48133	78015057	2	0
TCGA-49-4501	19	90910	24507172	2	0
TCGA-49-4501	19	24521623	42032407	2	1
TCGA-49-4501	19	42034992	59097854	1	1
TCGA-49-4501	20	61305	15477704	1	1
TCGA-49-4501	20	15479871	21207744	2	1
TCGA-49-4501	20	21207744	23741126	4	1
TCGA-49-4501	20	23749636	30563264	3	1
TCGA-49-4501	20	30563953	31366243	2	2
TCGA-49-4501	20	31370577	33194257	1	1
TCGA-49-4501	20	33194426	37547172	2	1
TCGA-49-4501	20	37550935	39616065	3	1
TCGA-49-4501	20	39617398	42981046	1	1
TCGA-49-4501	20	42983697	44181502	2	1
TCGA-49-4501	20	44181812	45739268	1	1
TCGA-49-4501	20	45739406	50046479	2	1
TCGA-49-4501	20	50046576	51557533	2	2
TCGA-49-4501	20	51558452	53412900	3	2
TCGA-49-4501	20	53414317	53913170	2	2
TCGA-49-4501	20	53915234	54356974	1	1
TCGA-49-4501	20	54359642	54984535	2	1
TCGA-49-4501	20	54987537	56992690	1	1
TCGA-49-4501	20	56994262	58030234	3	1
TCGA-49-4501	20	58030304	61503394	1	1
TCGA-49-4501	20	61503838	62956153	2	2
TCGA-49-4501	21	10736871	48096957	2	2
TCGA-49-4501	22	16052528	51234455	1	0
TCGA-49-4501	X	168477	111186241	2	2
TCGA-49-4501	X	111187117	111503500	2	1
TCGA-49-4501	X	111506202	114643520	3	2
TCGA-49-4501	X	114643866	155233846	2	2
