sample	chr	startpos	endpos	nMajor	nMinor
TCGA-AB-2969	1	61735	249224388	1	1
TCGA-AB-2969	2	12784	243089456	1	1
TCGA-AB-2969	3	60345	197896118	1	1
TCGA-AB-2969	4	12281	191027923	1	1
TCGA-AB-2969	5	15532	180790320	1	1
TCGA-AB-2969	6	149661	171051005	1	1
TCGA-AB-2969	7	43259	159127004	1	1
TCGA-AB-2969	8	31254	146298155	1	1
TCGA-AB-2969	9	46587	141091394	1	1
TCGA-AB-2969	10	72759	46954557	1	1
TCGA-AB-2969	10	46956654	47897394	2	0
TCGA-AB-2969	10	47912899	135506704	1	1
TCGA-AB-2969	11	198572	134944770	1	1
TCGA-AB-2969	12	150442	133778189	1	1
TCGA-AB-2969	13	19026949	115108397	1	1
TCGA-AB-2969	14	19002124	107285437	1	1
TCGA-AB-2969	15	20016328	102469040	1	1
TCGA-AB-2969	16	60777	90287535	1	1
TCGA-AB-2969	17	526	81049726	1	1
TCGA-AB-2969	18	48133	78015057	1	1
TCGA-AB-2969	19	90910	59097854	1	1
TCGA-AB-2969	20	61305	62956153	1	1
TCGA-AB-2969	21	10736871	48096957	1	1
TCGA-AB-2969	22	16052528	51234455	1	1
TCGA-AB-2969	X	168477	2694240	1	1
TCGA-AB-2969	X	2703391	154929308	1	0
TCGA-AB-2969	X	154929498	155233846	1	1
