sample	chr	startpos	endpos	nMajor	nMinor
TCGA-XV-A9W2	1	61735	42831909	2	1
TCGA-XV-A9W2	1	42833667	43126733	1	0
TCGA-XV-A9W2	1	43129869	121482979	2	1
TCGA-XV-A9W2	1	144007049	249224388	4	1
TCGA-XV-A9W2	2	12784	243089456	2	2
TCGA-XV-A9W2	3	60345	197896118	2	2
TCGA-XV-A9W2	4	12281	48975151	4	2
TCGA-XV-A9W2	4	48975472	55912895	4	1
TCGA-XV-A9W2	4	55914933	57848282	4	3
TCGA-XV-A9W2	4	57849251	60620476	4	4
TCGA-XV-A9W2	4	60621100	99457036	4	0
TCGA-XV-A9W2	4	99460485	99915300	6	0
TCGA-XV-A9W2	4	99918661	181939526	4	0
TCGA-XV-A9W2	4	181945777	182529569	2	0
TCGA-XV-A9W2	4	182529987	191027923	4	0
TCGA-XV-A9W2	5	15532	38986537	4	0
TCGA-XV-A9W2	5	38989959	42359082	4	1
TCGA-XV-A9W2	5	42360032	135338657	4	0
TCGA-XV-A9W2	5	135339464	135623936	7	0
TCGA-XV-A9W2	5	135631302	143251592	4	0
TCGA-XV-A9W2	5	143253295	143331171	0	0
TCGA-XV-A9W2	5	143338118	180790320	4	0
TCGA-XV-A9W2	6	149661	1337034	3	2
TCGA-XV-A9W2	6	1337981	1608631	5	2
TCGA-XV-A9W2	6	1608836	1896504	3	2
TCGA-XV-A9W2	6	1896599	2261309	6	2
TCGA-XV-A9W2	6	2264429	3255222	3	2
TCGA-XV-A9W2	6	3255744	12784306	5	2
TCGA-XV-A9W2	6	12785455	17613428	4	2
TCGA-XV-A9W2	6	17617286	18615901	5	2
TCGA-XV-A9W2	6	18616009	26553584	7	2
TCGA-XV-A9W2	6	26553815	34333799	4	2
TCGA-XV-A9W2	6	34340306	36631656	5	2
TCGA-XV-A9W2	6	36637683	42178880	3	2
TCGA-XV-A9W2	6	42182183	49056126	2	2
TCGA-XV-A9W2	6	49059642	79060022	2	0
TCGA-XV-A9W2	6	79073784	84014412	2	2
TCGA-XV-A9W2	6	84015659	84325919	4	2
TCGA-XV-A9W2	6	84329147	154899713	2	2
TCGA-XV-A9W2	6	154900749	165827194	2	0
TCGA-XV-A9W2	6	165829276	171051005	2	2
TCGA-XV-A9W2	7	43259	25927239	2	2
TCGA-XV-A9W2	7	25927371	26851885	7	2
TCGA-XV-A9W2	7	26853604	92987618	2	2
TCGA-XV-A9W2	7	92987973	93160736	7	3
TCGA-XV-A9W2	7	93167314	124164127	2	2
TCGA-XV-A9W2	7	124164636	124944599	4	2
TCGA-XV-A9W2	7	124944982	130675987	2	2
TCGA-XV-A9W2	7	130678154	159127004	2	0
TCGA-XV-A9W2	8	31254	47493260	2	2
TCGA-XV-A9W2	8	47493523	116448070	7	2
TCGA-XV-A9W2	8	116449100	116683079	6	0
TCGA-XV-A9W2	8	116683841	146298155	7	2
TCGA-XV-A9W2	9	46587	100436222	2	0
TCGA-XV-A9W2	9	100436676	124721531	2	2
TCGA-XV-A9W2	9	124721559	141091394	2	1
TCGA-XV-A9W2	10	72759	135506704	2	1
TCGA-XV-A9W2	11	198572	662796	2	2
TCGA-XV-A9W2	11	663463	3175965	2	0
TCGA-XV-A9W2	11	3177939	22990165	2	2
TCGA-XV-A9W2	11	22993596	28556512	2	0
TCGA-XV-A9W2	11	28557423	33412704	2	2
TCGA-XV-A9W2	11	33412844	34503469	2	0
TCGA-XV-A9W2	11	34503793	35465201	2	2
TCGA-XV-A9W2	11	35472451	38293543	2	0
TCGA-XV-A9W2	11	38293779	42514290	2	2
TCGA-XV-A9W2	11	42514486	44165139	2	0
TCGA-XV-A9W2	11	44166343	44550047	2	2
TCGA-XV-A9W2	11	44552537	55685799	2	0
TCGA-XV-A9W2	11	55688385	56468638	2	2
TCGA-XV-A9W2	11	56468727	59239839	4	2
TCGA-XV-A9W2	11	59240474	66381884	2	0
TCGA-XV-A9W2	11	66382781	67804807	2	2
TCGA-XV-A9W2	11	67805381	68237149	5	2
TCGA-XV-A9W2	11	68237378	69550604	12	1
TCGA-XV-A9W2	11	69553163	71352139	7	2
TCGA-XV-A9W2	11	71353265	73895660	2	1
TCGA-XV-A9W2	11	73898070	75201776	3	2
TCGA-XV-A9W2	11	75204622	75234635	1	0
TCGA-XV-A9W2	11	75239564	75630418	2	0
TCGA-XV-A9W2	11	75635833	76036270	3	2
TCGA-XV-A9W2	11	76038170	76370004	9	2
TCGA-XV-A9W2	11	76370047	79983055	16	2
TCGA-XV-A9W2	11	79983340	134944770	2	0
TCGA-XV-A9W2	12	150442	26632596	2	2
TCGA-XV-A9W2	12	26632896	26836895	2	0
TCGA-XV-A9W2	12	26839747	46617588	2	2
TCGA-XV-A9W2	12	46622269	47276878	2	0
TCGA-XV-A9W2	12	47282531	74628774	2	2
TCGA-XV-A9W2	12	74631660	107695585	2	0
TCGA-XV-A9W2	12	107696626	133778189	2	2
TCGA-XV-A9W2	13	19026949	30790687	2	2
TCGA-XV-A9W2	13	30795881	32746560	4	2
TCGA-XV-A9W2	13	32747122	34503802	3	2
TCGA-XV-A9W2	13	34505348	51094141	2	1
TCGA-XV-A9W2	13	51096095	59669079	3	2
TCGA-XV-A9W2	13	59677092	61688049	5	2
TCGA-XV-A9W2	13	61690138	64169011	3	2
TCGA-XV-A9W2	13	64169807	66051433	2	1
TCGA-XV-A9W2	13	66053315	67526554	3	2
TCGA-XV-A9W2	13	67526981	68716053	2	1
TCGA-XV-A9W2	13	68718744	72375396	3	2
TCGA-XV-A9W2	13	72378781	75217728	2	1
TCGA-XV-A9W2	13	75218442	115108397	2	2
TCGA-XV-A9W2	14	19002124	22396471	2	0
TCGA-XV-A9W2	14	22396619	22999918	3	0
TCGA-XV-A9W2	14	23000062	107285437	2	0
TCGA-XV-A9W2	15	20016328	102469040	2	2
TCGA-XV-A9W2	16	60777	70855479	2	1
TCGA-XV-A9W2	16	70855633	71096909	3	1
TCGA-XV-A9W2	16	71097724	90287535	2	1
TCGA-XV-A9W2	17	526	11656465	2	0
TCGA-XV-A9W2	17	11656465	25666026	2	1
TCGA-XV-A9W2	17	25667025	37643780	3	0
TCGA-XV-A9W2	17	37651539	46083732	5	0
TCGA-XV-A9W2	17	46086267	61584911	8	0
TCGA-XV-A9W2	17	61587792	64154089	6	0
TCGA-XV-A9W2	17	64158541	65035235	5	0
TCGA-XV-A9W2	17	65035960	81049726	6	0
TCGA-XV-A9W2	18	48133	78015057	2	2
TCGA-XV-A9W2	19	90910	44706874	2	1
TCGA-XV-A9W2	19	44709562	46817691	2	2
TCGA-XV-A9W2	19	46819001	54892175	2	1
TCGA-XV-A9W2	19	54894470	57380076	2	0
TCGA-XV-A9W2	19	57382763	59097854	2	2
TCGA-XV-A9W2	20	61305	25525844	2	0
TCGA-XV-A9W2	20	25527560	62956153	2	1
TCGA-XV-A9W2	21	10736871	48096957	2	2
TCGA-XV-A9W2	22	16052528	17701252	2	2
TCGA-XV-A9W2	22	17709771	18887280	4	2
TCGA-XV-A9W2	22	18887381	20705775	5	2
TCGA-XV-A9W2	22	20716936	21542615	10	2
TCGA-XV-A9W2	22	21567231	22502154	5	2
TCGA-XV-A9W2	22	22502179	23307953	2	0
TCGA-XV-A9W2	22	23314757	23895789	3	2
TCGA-XV-A9W2	22	23897315	25946145	5	2
TCGA-XV-A9W2	22	25946825	26750230	9	2
TCGA-XV-A9W2	22	26752240	26895337	5	2
TCGA-XV-A9W2	22	26897631	34338283	2	0
TCGA-XV-A9W2	22	34338666	34361471	1	1
TCGA-XV-A9W2	22	34365442	34614884	3	3
TCGA-XV-A9W2	22	34614920	36848527	2	0
TCGA-XV-A9W2	22	36856808	36889181	5	1
TCGA-XV-A9W2	22	36891825	37122090	4	1
TCGA-XV-A9W2	22	37122615	37206414	2	2
TCGA-XV-A9W2	22	37210548	38233194	5	2
TCGA-XV-A9W2	22	38236969	38718913	11	2
TCGA-XV-A9W2	22	38719946	39350039	5	2
TCGA-XV-A9W2	22	39350222	40105646	3	2
TCGA-XV-A9W2	22	40105781	40843236	5	2
TCGA-XV-A9W2	22	40845598	42463347	10	2
TCGA-XV-A9W2	22	42463366	43327526	7	2
TCGA-XV-A9W2	22	43328419	45854682	11	2
TCGA-XV-A9W2	22	45855202	47734101	15	2
TCGA-XV-A9W2	22	47735687	51234455	2	0
TCGA-XV-A9W2	X	168477	31207044	2	0
TCGA-XV-A9W2	X	31209812	31558352	0	0
TCGA-XV-A9W2	X	31559255	154913205	2	0
TCGA-XV-A9W2	X	154915975	155233846	1	0
