sample	chr	startpos	endpos	nMajor	nMinor
TCGA-CW-5580	1	61735	26367166	1	0
TCGA-CW-5580	1	26369708	249224388	1	1
TCGA-CW-5580	2	12784	243089456	1	1
TCGA-CW-5580	3	60345	123247747	1	0
TCGA-CW-5580	3	123248454	126559407	1	1
TCGA-CW-5580	3	126560384	127886190	1	0
TCGA-CW-5580	3	127889388	197896118	1	1
TCGA-CW-5580	4	12281	191027923	1	0
TCGA-CW-5580	5	15532	180790320	1	1
TCGA-CW-5580	6	149661	171051005	1	1
TCGA-CW-5580	7	43259	159127004	1	1
TCGA-CW-5580	8	31254	146298155	1	1
TCGA-CW-5580	9	46587	141091394	1	0
TCGA-CW-5580	10	72759	135506704	1	1
TCGA-CW-5580	11	198572	134944770	1	1
TCGA-CW-5580	12	150442	133778189	1	1
TCGA-CW-5580	13	19026949	115108397	1	1
TCGA-CW-5580	14	19002124	107285437	1	0
TCGA-CW-5580	15	20016328	102469040	1	1
TCGA-CW-5580	16	60777	90287535	1	1
TCGA-CW-5580	17	526	81049726	1	1
TCGA-CW-5580	18	48133	78015057	1	1
TCGA-CW-5580	19	90910	59097854	1	1
TCGA-CW-5580	20	61305	62956153	1	1
TCGA-CW-5580	21	10736871	48096957	1	1
TCGA-CW-5580	22	16052528	51234455	1	1
TCGA-CW-5580	X	168477	119779720	2	1
TCGA-CW-5580	X	119780246	155233846	1	1
