sample	chr	startpos	endpos	nMajor	nMinor
TCGA-DX-A8BJ	1	61735	37268699	2	0
TCGA-DX-A8BJ	1	37273040	57916599	4	0
TCGA-DX-A8BJ	1	57916603	58130076	2	0
TCGA-DX-A8BJ	1	58137279	60560198	4	0
TCGA-DX-A8BJ	1	60568038	63954573	5	0
TCGA-DX-A8BJ	1	63957667	82648942	4	0
TCGA-DX-A8BJ	1	82649102	86794839	3	0
TCGA-DX-A8BJ	1	86805880	89841778	4	0
TCGA-DX-A8BJ	1	89842042	89969689	2	0
TCGA-DX-A8BJ	1	89972062	145714432	3	0
TCGA-DX-A8BJ	1	145715333	151726081	5	0
TCGA-DX-A8BJ	1	151730062	151924549	2	0
TCGA-DX-A8BJ	1	151927814	164856686	5	0
TCGA-DX-A8BJ	1	164856772	165032101	7	0
TCGA-DX-A8BJ	1	165032246	172726619	5	0
TCGA-DX-A8BJ	1	172727455	198983324	2	0
TCGA-DX-A8BJ	1	198984575	199559505	5	0
TCGA-DX-A8BJ	1	199559586	208506659	3	0
TCGA-DX-A8BJ	1	208506669	208770639	2	0
TCGA-DX-A8BJ	1	208773517	209014114	3	0
TCGA-DX-A8BJ	1	209022718	245611946	2	0
TCGA-DX-A8BJ	1	245617178	246594554	1	0
TCGA-DX-A8BJ	1	246594719	249224388	2	0
TCGA-DX-A8BJ	2	12784	20216204	3	0
TCGA-DX-A8BJ	2	20216509	26006512	2	0
TCGA-DX-A8BJ	2	26008912	89570986	4	0
TCGA-DX-A8BJ	2	89583907	91704736	7	0
TCGA-DX-A8BJ	2	91760812	92283071	4	0
TCGA-DX-A8BJ	2	92285930	119743802	3	0
TCGA-DX-A8BJ	2	119744566	122936000	4	0
TCGA-DX-A8BJ	2	122936070	123125869	8	0
TCGA-DX-A8BJ	2	123126479	125415526	6	0
TCGA-DX-A8BJ	2	125416042	127437596	3	0
TCGA-DX-A8BJ	2	127438392	128821872	5	0
TCGA-DX-A8BJ	2	128822355	129940647	3	0
TCGA-DX-A8BJ	2	129944774	130595972	5	0
TCGA-DX-A8BJ	2	130599640	171174236	3	0
TCGA-DX-A8BJ	2	171176392	171667645	0	0
TCGA-DX-A8BJ	2	171682552	198841762	3	0
TCGA-DX-A8BJ	2	198852983	199137781	2	0
TCGA-DX-A8BJ	2	199137857	207637053	3	0
TCGA-DX-A8BJ	2	207649350	207859147	0	0
TCGA-DX-A8BJ	2	207859590	208330793	3	0
TCGA-DX-A8BJ	2	208331023	208736920	0	0
TCGA-DX-A8BJ	2	208740034	216101677	3	0
TCGA-DX-A8BJ	2	216103233	216877194	4	0
TCGA-DX-A8BJ	2	216878914	221486054	3	0
TCGA-DX-A8BJ	2	221491124	221550136	5	0
TCGA-DX-A8BJ	2	221550350	229440687	3	0
TCGA-DX-A8BJ	2	229445986	231709953	2	0
TCGA-DX-A8BJ	2	231721262	235937135	3	0
TCGA-DX-A8BJ	2	235937250	236898967	2	0
TCGA-DX-A8BJ	2	236911004	238460671	3	0
TCGA-DX-A8BJ	2	238461950	239427379	2	0
TCGA-DX-A8BJ	2	239427579	241368331	3	0
TCGA-DX-A8BJ	2	241371536	243089456	4	0
TCGA-DX-A8BJ	3	60345	197896118	3	0
TCGA-DX-A8BJ	4	12281	28706463	2	0
TCGA-DX-A8BJ	4	28708716	40700573	3	0
TCGA-DX-A8BJ	4	40704011	42465820	0	0
TCGA-DX-A8BJ	4	42465848	49658612	3	0
TCGA-DX-A8BJ	4	52685699	59635968	12	0
TCGA-DX-A8BJ	4	59636452	60489156	7	0
TCGA-DX-A8BJ	4	60491179	125318298	3	0
TCGA-DX-A8BJ	4	125318885	132229024	4	0
TCGA-DX-A8BJ	4	132230540	136215433	5	0
TCGA-DX-A8BJ	4	136216199	174881676	4	0
TCGA-DX-A8BJ	4	174891193	181605572	3	0
TCGA-DX-A8BJ	4	181608225	182828476	4	0
TCGA-DX-A8BJ	4	182830859	191027923	3	0
TCGA-DX-A8BJ	5	15532	121550921	2	0
TCGA-DX-A8BJ	5	121552719	121905704	0	0
TCGA-DX-A8BJ	5	121905828	122640111	2	0
TCGA-DX-A8BJ	5	122640214	122673514	2	1
TCGA-DX-A8BJ	5	122673622	123001214	0	0
TCGA-DX-A8BJ	5	123011040	180790320	2	0
TCGA-DX-A8BJ	6	149661	72213583	3	0
TCGA-DX-A8BJ	6	72213900	86886644	2	0
TCGA-DX-A8BJ	6	86886750	162959743	3	0
TCGA-DX-A8BJ	6	162960201	166198938	4	0
TCGA-DX-A8BJ	6	166199016	171051005	3	0
TCGA-DX-A8BJ	7	43259	39039285	4	0
TCGA-DX-A8BJ	7	39039314	39492401	2	0
TCGA-DX-A8BJ	7	39494434	111145576	3	0
TCGA-DX-A8BJ	7	111146191	111323565	8	0
TCGA-DX-A8BJ	7	111324671	126827886	3	0
TCGA-DX-A8BJ	7	126834265	127250377	4	0
TCGA-DX-A8BJ	7	127253469	129624855	3	0
TCGA-DX-A8BJ	7	129626113	130844589	5	0
TCGA-DX-A8BJ	7	130845023	142030769	4	0
TCGA-DX-A8BJ	7	142032764	146171271	2	0
TCGA-DX-A8BJ	7	146176380	146403330	1	0
TCGA-DX-A8BJ	7	146403348	147511618	2	0
TCGA-DX-A8BJ	7	147511889	148800645	3	0
TCGA-DX-A8BJ	7	148815395	159127004	2	0
TCGA-DX-A8BJ	8	31254	87248954	2	2
TCGA-DX-A8BJ	8	87249294	88859287	2	1
TCGA-DX-A8BJ	8	88860849	89612661	3	1
TCGA-DX-A8BJ	8	89613209	96172490	2	1
TCGA-DX-A8BJ	8	96174164	97037318	3	1
TCGA-DX-A8BJ	8	97037459	98227007	4	1
TCGA-DX-A8BJ	8	98227965	100718876	3	1
TCGA-DX-A8BJ	8	100720943	107615387	2	1
TCGA-DX-A8BJ	8	107615694	110426844	3	1
TCGA-DX-A8BJ	8	110427024	118261675	4	1
TCGA-DX-A8BJ	8	118261849	122450476	3	1
TCGA-DX-A8BJ	8	122450561	129805912	5	1
TCGA-DX-A8BJ	8	129806997	136894278	4	1
TCGA-DX-A8BJ	8	136894836	140217176	3	1
TCGA-DX-A8BJ	8	140217584	146298155	4	1
TCGA-DX-A8BJ	9	46587	21931609	3	0
TCGA-DX-A8BJ	9	21931896	21963430	2	1
TCGA-DX-A8BJ	9	21976870	23699733	0	0
TCGA-DX-A8BJ	9	23699886	141091394	3	0
TCGA-DX-A8BJ	10	72759	77769472	1	0
TCGA-DX-A8BJ	10	77771345	135506704	2	0
TCGA-DX-A8BJ	11	198572	90362231	4	0
TCGA-DX-A8BJ	11	90362365	96798717	3	0
TCGA-DX-A8BJ	11	96804466	133708065	4	0
TCGA-DX-A8BJ	11	133713189	134944770	3	0
TCGA-DX-A8BJ	12	150442	1806056	3	3
TCGA-DX-A8BJ	12	1806096	34772705	3	1
TCGA-DX-A8BJ	12	34775885	42991392	3	2
TCGA-DX-A8BJ	12	42991647	44820631	2	2
TCGA-DX-A8BJ	12	44820855	48181374	3	2
TCGA-DX-A8BJ	12	48181778	49952668	2	1
TCGA-DX-A8BJ	12	49956814	50662690	4	1
TCGA-DX-A8BJ	12	50663386	51621910	3	1
TCGA-DX-A8BJ	12	51630614	56131052	2	1
TCGA-DX-A8BJ	12	56131115	58056763	4	1
TCGA-DX-A8BJ	12	58058218	58791489	4	4
TCGA-DX-A8BJ	12	58800194	59303147	3	3
TCGA-DX-A8BJ	12	59303913	60232119	3	2
TCGA-DX-A8BJ	12	60235148	60993657	4	3
TCGA-DX-A8BJ	12	60994020	64221435	4	1
TCGA-DX-A8BJ	12	64221844	69566361	2	1
TCGA-DX-A8BJ	12	69569846	70156051	4	1
TCGA-DX-A8BJ	12	70157790	70400569	2	1
TCGA-DX-A8BJ	12	70401149	71988161	4	1
TCGA-DX-A8BJ	12	71990605	133778189	2	1
TCGA-DX-A8BJ	13	19026949	115108397	2	0
TCGA-DX-A8BJ	14	19002124	20420151	3	0
TCGA-DX-A8BJ	14	20420239	107285437	4	0
TCGA-DX-A8BJ	15	20016328	102469040	2	1
TCGA-DX-A8BJ	16	60777	66285037	2	0
TCGA-DX-A8BJ	16	66285286	66611349	1	0
TCGA-DX-A8BJ	16	66615833	70842097	2	0
TCGA-DX-A8BJ	16	70854381	71201073	3	0
TCGA-DX-A8BJ	16	71202489	90287535	2	0
TCGA-DX-A8BJ	17	526	5074302	3	1
TCGA-DX-A8BJ	17	5074813	6837427	4	1
TCGA-DX-A8BJ	17	6837705	15875935	3	0
TCGA-DX-A8BJ	17	15876655	19348126	4	0
TCGA-DX-A8BJ	17	19352182	22209903	3	0
TCGA-DX-A8BJ	17	22212982	34816256	2	0
TCGA-DX-A8BJ	17	34819191	41827595	3	0
TCGA-DX-A8BJ	17	41829118	81049726	2	0
TCGA-DX-A8BJ	18	48133	78015057	2	0
TCGA-DX-A8BJ	19	90910	31834554	1	1
TCGA-DX-A8BJ	19	31847712	32443490	3	1
TCGA-DX-A8BJ	19	32444501	33711686	5	1
TCGA-DX-A8BJ	19	33712162	39931031	3	1
TCGA-DX-A8BJ	19	39931059	42389414	4	1
TCGA-DX-A8BJ	19	42390324	43716241	1	1
TCGA-DX-A8BJ	19	43721552	44163594	3	1
TCGA-DX-A8BJ	19	44163781	44715472	5	1
TCGA-DX-A8BJ	19	44719578	46419773	4	1
TCGA-DX-A8BJ	19	46431046	59097854	3	1
TCGA-DX-A8BJ	20	61305	62956153	2	0
TCGA-DX-A8BJ	21	10736871	38510269	1	1
TCGA-DX-A8BJ	21	38511843	40036243	1	0
TCGA-DX-A8BJ	21	40036497	46984447	1	1
TCGA-DX-A8BJ	21	46992813	48096957	1	0
TCGA-DX-A8BJ	22	16052528	51234455	3	0
TCGA-DX-A8BJ	X	168477	127219692	2	0
TCGA-DX-A8BJ	X	127219760	127784212	1	0
TCGA-DX-A8BJ	X	127789464	155233846	2	0
