sample	chr	startpos	endpos	nMajor	nMinor
TCGA-12-0703	1	61735	249224388	1	1
TCGA-12-0703	2	12784	233475381	1	1
TCGA-12-0703	2	233478139	234122842	1	0
TCGA-12-0703	2	234123010	243089456	1	1
TCGA-12-0703	3	60345	197896118	1	1
TCGA-12-0703	4	12281	191027923	1	1
TCGA-12-0703	5	15532	165198028	1	1
TCGA-12-0703	5	165202332	165330752	1	0
TCGA-12-0703	5	165331090	165417785	0	0
TCGA-12-0703	5	165423705	166662943	1	0
TCGA-12-0703	5	166663997	180790320	1	1
TCGA-12-0703	6	149661	171051005	1	1
TCGA-12-0703	7	43259	159127004	2	1
TCGA-12-0703	8	31254	146298155	1	1
TCGA-12-0703	9	46587	21920661	2	0
TCGA-12-0703	9	21926591	22300338	0	0
TCGA-12-0703	9	22303833	29206206	2	0
TCGA-12-0703	9	29219672	141091394	1	1
TCGA-12-0703	10	72759	135506704	1	0
TCGA-12-0703	11	198572	127453183	1	1
TCGA-12-0703	11	127456128	128619713	1	0
TCGA-12-0703	11	128624028	134944770	1	1
TCGA-12-0703	12	150442	133778189	1	1
TCGA-12-0703	13	19026949	115108397	1	1
TCGA-12-0703	14	19002124	24494075	1	0
TCGA-12-0703	14	24494165	27853781	1	1
TCGA-12-0703	14	27853949	34514239	1	0
TCGA-12-0703	14	34516580	37983673	1	1
TCGA-12-0703	14	37988556	47458953	1	0
TCGA-12-0703	14	47459343	107285437	1	1
TCGA-12-0703	15	20016328	102469040	1	1
TCGA-12-0703	16	60777	90287535	1	1
TCGA-12-0703	17	526	81049726	1	1
TCGA-12-0703	18	48133	28574731	1	1
TCGA-12-0703	18	28577439	30189333	1	0
TCGA-12-0703	18	30189415	78015057	1	1
TCGA-12-0703	19	90910	59097854	2	1
TCGA-12-0703	20	61305	62956153	2	1
TCGA-12-0703	21	10736871	48096957	1	1
TCGA-12-0703	22	16052528	51234455	1	1
TCGA-12-0703	X	168477	2686502	1	1
TCGA-12-0703	X	2688542	155233846	1	0
