sample	chr	startpos	endpos	nMajor	nMinor
TCGA-VQ-A8PO	1	61735	109921868	1	1
TCGA-VQ-A8PO	1	109922377	120192764	1	0
TCGA-VQ-A8PO	1	120193043	249224388	1	1
TCGA-VQ-A8PO	2	12784	226999	2	1
TCGA-VQ-A8PO	2	227066	243089456	1	1
TCGA-VQ-A8PO	3	60345	48548037	2	0
TCGA-VQ-A8PO	3	48552262	59865181	1	0
TCGA-VQ-A8PO	3	59866931	60146330	0	0
TCGA-VQ-A8PO	3	60148523	77305891	1	0
TCGA-VQ-A8PO	3	77305980	197896118	2	0
TCGA-VQ-A8PO	4	12281	73789266	1	1
TCGA-VQ-A8PO	4	73789694	75985874	2	1
TCGA-VQ-A8PO	4	75985909	91350455	1	1
TCGA-VQ-A8PO	4	91354199	91888883	1	0
TCGA-VQ-A8PO	4	91889172	191027923	1	1
TCGA-VQ-A8PO	5	15532	105544923	1	1
TCGA-VQ-A8PO	5	105545146	106454725	2	0
TCGA-VQ-A8PO	5	106456312	180790320	1	1
TCGA-VQ-A8PO	6	149661	128388990	1	1
TCGA-VQ-A8PO	6	128389074	132361316	2	1
TCGA-VQ-A8PO	6	132362958	171051005	1	1
TCGA-VQ-A8PO	7	43259	56543929	1	1
TCGA-VQ-A8PO	7	56544548	57184887	3	1
TCGA-VQ-A8PO	7	57185657	159127004	1	1
TCGA-VQ-A8PO	8	31254	8018036	2	1
TCGA-VQ-A8PO	8	8018037	8899815	2	0
TCGA-VQ-A8PO	8	8900572	146298155	2	1
TCGA-VQ-A8PO	9	46587	73894085	1	1
TCGA-VQ-A8PO	9	73894279	76155336	2	1
TCGA-VQ-A8PO	9	76155400	141091394	1	1
TCGA-VQ-A8PO	10	72759	135506704	1	1
TCGA-VQ-A8PO	11	198572	134944770	1	1
TCGA-VQ-A8PO	12	150442	133778189	1	1
TCGA-VQ-A8PO	13	19026949	78828199	1	1
TCGA-VQ-A8PO	13	78829799	90727635	1	0
TCGA-VQ-A8PO	13	90727687	115108397	1	1
TCGA-VQ-A8PO	14	19002124	107285437	1	1
TCGA-VQ-A8PO	15	20016328	102469040	1	1
TCGA-VQ-A8PO	16	60777	79080508	1	1
TCGA-VQ-A8PO	16	79080555	79155874	1	0
TCGA-VQ-A8PO	16	79156222	90287535	1	1
TCGA-VQ-A8PO	17	526	81049726	1	1
TCGA-VQ-A8PO	18	48133	78015057	2	1
TCGA-VQ-A8PO	19	90910	59097854	1	1
TCGA-VQ-A8PO	20	61305	22154947	1	1
TCGA-VQ-A8PO	20	22157905	22943817	2	1
TCGA-VQ-A8PO	20	22946645	31228718	1	1
TCGA-VQ-A8PO	20	31237786	32684796	1	0
TCGA-VQ-A8PO	20	32690382	47800334	1	1
TCGA-VQ-A8PO	20	47801157	48280601	2	1
TCGA-VQ-A8PO	20	48283633	62956153	1	1
TCGA-VQ-A8PO	21	10736871	48096957	1	1
TCGA-VQ-A8PO	22	16052528	51234455	1	1
TCGA-VQ-A8PO	X	168477	2703391	2	1
TCGA-VQ-A8PO	X	2703633	154929498	1	0
TCGA-VQ-A8PO	X	154963439	154983812	2	1
TCGA-VQ-A8PO	X	154985852	155233846	1	1
