sample	chr	startpos	endpos	nMajor	nMinor
TCGA-22-5478	1	61735	249224388	1	1
TCGA-22-5478	2	12784	51047038	2	1
TCGA-22-5478	2	51054002	52117205	2	0
TCGA-22-5478	2	52124088	98331521	2	1
TCGA-22-5478	2	98331938	243089456	1	1
TCGA-22-5478	3	60345	93520016	1	0
TCGA-22-5478	3	93523357	197896118	1	1
TCGA-22-5478	4	12281	48881671	2	1
TCGA-22-5478	4	48886121	58011737	3	1
TCGA-22-5478	4	58012402	58662408	4	1
TCGA-22-5478	4	58662671	59154046	8	1
TCGA-22-5478	4	59155542	191027923	1	1
TCGA-22-5478	5	15532	19654598	4	0
TCGA-22-5478	5	19654706	46382652	4	1
TCGA-22-5478	5	46383335	180790320	1	0
TCGA-22-5478	6	149661	171051005	1	0
TCGA-22-5478	7	43259	81089025	2	1
TCGA-22-5478	7	81092226	86425821	3	1
TCGA-22-5478	7	86427544	87305049	5	1
TCGA-22-5478	7	87305490	89980877	3	1
TCGA-22-5478	7	89982559	93508171	5	1
TCGA-22-5478	7	93508535	95701705	3	1
TCGA-22-5478	7	95710835	97264584	2	1
TCGA-22-5478	7	97264793	104382253	3	1
TCGA-22-5478	7	104382484	105625564	5	1
TCGA-22-5478	7	105625713	108593367	3	1
TCGA-22-5478	7	108594196	110971845	2	1
TCGA-22-5478	7	110972427	118471706	3	1
TCGA-22-5478	7	118472598	149099557	2	1
TCGA-22-5478	7	149099607	152722751	3	1
TCGA-22-5478	7	152726241	152959878	5	1
TCGA-22-5478	7	152960298	157704988	2	1
TCGA-22-5478	7	157705439	159127004	3	1
TCGA-22-5478	8	31254	36956397	1	0
TCGA-22-5478	8	36962608	37998655	6	0
TCGA-22-5478	8	38004425	43088620	1	1
TCGA-22-5478	8	43090932	146298155	2	1
TCGA-22-5478	9	46587	141091394	1	0
TCGA-22-5478	10	72759	135506704	1	0
TCGA-22-5478	11	198572	134944770	1	1
TCGA-22-5478	12	150442	133778189	1	0
TCGA-22-5478	13	19026949	115108397	1	0
TCGA-22-5478	14	19002124	107285437	1	1
TCGA-22-5478	15	20016328	102469040	1	1
TCGA-22-5478	16	60777	90287535	1	0
TCGA-22-5478	17	526	13364290	1	0
TCGA-22-5478	17	13364549	26254949	2	1
TCGA-22-5478	17	26257906	58946670	1	0
TCGA-22-5478	17	58946691	81049726	2	1
TCGA-22-5478	18	48133	12917614	1	0
TCGA-22-5478	18	12917703	28346906	2	1
TCGA-22-5478	18	28350472	42885818	4	1
TCGA-22-5478	18	42889835	46194801	8	1
TCGA-22-5478	18	46200448	59559893	1	1
TCGA-22-5478	18	59564953	78015057	2	1
TCGA-22-5478	19	90910	18097423	1	0
TCGA-22-5478	19	18099799	18557896	1	1
TCGA-22-5478	19	18558493	19454372	3	1
TCGA-22-5478	19	19457711	20852343	2	1
TCGA-22-5478	19	20853971	46154732	1	1
TCGA-22-5478	19	46157901	51488556	1	0
TCGA-22-5478	19	51489037	53853083	1	1
TCGA-22-5478	19	53853749	55807614	2	1
TCGA-22-5478	19	55807631	58793064	3	1
TCGA-22-5478	19	58796805	59097854	1	1
TCGA-22-5478	20	61305	503411	7	0
TCGA-22-5478	20	504671	714613	4	0
TCGA-22-5478	20	716135	1381564	1	0
TCGA-22-5478	20	1383729	2294225	4	0
TCGA-22-5478	20	2294374	2474081	7	0
TCGA-22-5478	20	2476040	2531037	4	0
TCGA-22-5478	20	2531979	2840773	9	0
TCGA-22-5478	20	2840929	4086297	4	0
TCGA-22-5478	20	4086314	7875763	1	0
TCGA-22-5478	20	7880890	8102867	8	0
TCGA-22-5478	20	8108714	8853373	5	0
TCGA-22-5478	20	8854078	8984248	1	1
TCGA-22-5478	20	8988412	11165852	4	0
TCGA-22-5478	20	11165991	12073084	8	0
TCGA-22-5478	20	12073465	13035803	4	0
TCGA-22-5478	20	13037089	13788814	7	0
TCGA-22-5478	20	13788882	14389113	4	0
TCGA-22-5478	20	14391106	15571122	1	1
TCGA-22-5478	20	15571798	16866777	4	0
TCGA-22-5478	20	16867406	18199790	1	0
TCGA-22-5478	20	18204790	20503155	4	0
TCGA-22-5478	20	20504572	23095048	1	0
TCGA-22-5478	20	23096273	24893918	4	0
TCGA-22-5478	20	24893947	31158377	6	0
TCGA-22-5478	20	31167000	31338931	4	0
TCGA-22-5478	20	31353435	31493157	1	0
TCGA-22-5478	20	31495058	32236621	4	1
TCGA-22-5478	20	32241851	32791520	1	0
TCGA-22-5478	20	32798515	34852801	5	0
TCGA-22-5478	20	34853604	36665710	4	0
TCGA-22-5478	20	36666082	36940169	1	0
TCGA-22-5478	20	36940314	38516635	4	0
TCGA-22-5478	20	38518220	38835879	1	0
TCGA-22-5478	20	38849583	40030578	4	0
TCGA-22-5478	20	40030600	40341122	7	0
TCGA-22-5478	20	40341705	42533424	1	1
TCGA-22-5478	20	42533534	43721609	4	0
TCGA-22-5478	20	43723627	46440415	7	0
TCGA-22-5478	20	46440435	47815744	4	0
TCGA-22-5478	20	47825887	49624500	7	0
TCGA-22-5478	20	49626017	50447800	4	0
TCGA-22-5478	20	50449225	51184245	8	0
TCGA-22-5478	20	51190572	51916406	4	0
TCGA-22-5478	20	51919705	53268303	7	0
TCGA-22-5478	20	53274380	53375253	4	1
TCGA-22-5478	20	53377150	62126745	1	0
TCGA-22-5478	20	62136202	62956153	4	0
TCGA-22-5478	21	10736871	48096957	2	0
TCGA-22-5478	22	16052528	37830814	3	0
TCGA-22-5478	22	37831094	48362902	2	0
TCGA-22-5478	22	48363112	51234455	3	0
TCGA-22-5478	X	168477	152328922	1	0
TCGA-22-5478	X	152329171	155233846	2	0
