sample	chr	startpos	endpos	nMajor	nMinor
TCGA-DU-6403	1	61735	155870416	1	1
TCGA-DU-6403	1	155870518	156836838	2	1
TCGA-DU-6403	1	156839174	203683490	1	1
TCGA-DU-6403	1	203687130	203713133	2	0
TCGA-DU-6403	1	203716747	204783205	16	1
TCGA-DU-6403	1	204787474	249224388	1	1
TCGA-DU-6403	2	12784	243089456	1	1
TCGA-DU-6403	3	60345	197896118	1	1
TCGA-DU-6403	4	12281	191027923	1	1
TCGA-DU-6403	5	15532	112140962	1	1
TCGA-DU-6403	5	112140998	112424337	2	1
TCGA-DU-6403	5	112424858	180790320	1	1
TCGA-DU-6403	6	149661	90731445	1	1
TCGA-DU-6403	6	90732577	91368455	2	1
TCGA-DU-6403	6	91368633	171051005	1	1
TCGA-DU-6403	7	43259	13692814	2	1
TCGA-DU-6403	7	13693060	19803323	1	1
TCGA-DU-6403	7	19806003	21018393	3	1
TCGA-DU-6403	7	21026072	23268115	1	1
TCGA-DU-6403	7	23270927	29720481	3	1
TCGA-DU-6403	7	29727139	30220830	1	1
TCGA-DU-6403	7	30221628	51547147	3	1
TCGA-DU-6403	7	51549316	52549226	25	1
TCGA-DU-6403	7	52551754	53313734	30	1
TCGA-DU-6403	7	53316625	54386514	2	1
TCGA-DU-6403	7	54386517	55340320	19	3
TCGA-DU-6403	7	55342572	159127004	2	1
TCGA-DU-6403	8	31254	146298155	1	1
TCGA-DU-6403	9	46587	47217176	1	0
TCGA-DU-6403	9	65616971	141091394	1	1
TCGA-DU-6403	10	72759	6225187	1	0
TCGA-DU-6403	10	6226889	6469817	1	1
TCGA-DU-6403	10	6469886	14032199	1	0
TCGA-DU-6403	10	14034324	42469894	1	1
TCGA-DU-6403	10	42473873	43208820	1	0
TCGA-DU-6403	10	43209344	45868889	1	1
TCGA-DU-6403	10	45874990	135506704	1	0
TCGA-DU-6403	11	198572	12961987	1	1
TCGA-DU-6403	11	12962397	13539344	2	1
TCGA-DU-6403	11	13541454	111026602	1	1
TCGA-DU-6403	11	111030779	111578973	2	1
TCGA-DU-6403	11	111579939	134944770	1	1
TCGA-DU-6403	12	150442	5739968	2	1
TCGA-DU-6403	12	5741549	7255170	1	0
TCGA-DU-6403	12	7255370	8595531	1	1
TCGA-DU-6403	12	8596353	17637071	1	0
TCGA-DU-6403	12	17637904	19004676	1	1
TCGA-DU-6403	12	19005485	22174952	1	0
TCGA-DU-6403	12	22175851	40529644	1	1
TCGA-DU-6403	12	40531064	42080348	1	0
TCGA-DU-6403	12	42080606	58000216	1	1
TCGA-DU-6403	12	58006345	58531579	11	1
TCGA-DU-6403	12	58534327	133778189	1	1
TCGA-DU-6403	13	19026949	80184945	1	1
TCGA-DU-6403	13	80188332	81093716	2	1
TCGA-DU-6403	13	81099498	115108397	1	1
TCGA-DU-6403	14	19002124	69539788	1	1
TCGA-DU-6403	14	69542504	103812193	1	0
TCGA-DU-6403	14	103814530	107285437	1	1
TCGA-DU-6403	15	20016328	102469040	1	1
TCGA-DU-6403	16	60777	90287535	1	1
TCGA-DU-6403	17	526	43834912	1	1
TCGA-DU-6403	17	43836477	44764994	2	1
TCGA-DU-6403	17	44784652	81049726	1	1
TCGA-DU-6403	18	48133	78015057	1	1
TCGA-DU-6403	19	90910	59097854	1	1
TCGA-DU-6403	20	61305	62956153	1	1
TCGA-DU-6403	21	10736871	48096957	1	1
TCGA-DU-6403	22	16052528	24447443	1	1
TCGA-DU-6403	22	24448001	25013442	10	3
TCGA-DU-6403	22	25020060	51234455	1	1
TCGA-DU-6403	X	168477	155233846	1	1
