sample	chr	startpos	endpos	nMajor	nMinor
TCGA-24-1436	1	61735	249224388	2	1
TCGA-24-1436	2	12784	91882894	2	0
TCGA-24-1436	2	91890841	109194066	2	1
TCGA-24-1436	2	109198530	115074013	4	2
TCGA-24-1436	2	115079789	115119293	5	2
TCGA-24-1436	2	115120600	164566864	2	1
TCGA-24-1436	2	164570405	194136990	3	1
TCGA-24-1436	2	194137180	194587156	6	2
TCGA-24-1436	2	194589363	194989600	9	0
TCGA-24-1436	2	194989846	199857147	3	1
TCGA-24-1436	2	199860081	200268635	2	0
TCGA-24-1436	2	200278648	243089456	1	1
TCGA-24-1436	3	60345	52148276	2	0
TCGA-24-1436	3	52155732	60705190	2	1
TCGA-24-1436	3	60708988	60835400	2	0
TCGA-24-1436	3	60838285	89646024	2	1
TCGA-24-1436	3	89650521	114986174	2	2
TCGA-24-1436	3	114986432	116070478	2	1
TCGA-24-1436	3	116070606	116784852	1	0
TCGA-24-1436	3	116786401	117267289	2	1
TCGA-24-1436	3	117267478	117705796	1	0
TCGA-24-1436	3	117709714	124519116	2	1
TCGA-24-1436	3	124521035	124836008	3	1
TCGA-24-1436	3	124837583	129014885	2	1
TCGA-24-1436	3	129017362	148521601	3	1
TCGA-24-1436	3	148522436	185442454	3	2
TCGA-24-1436	3	185444561	197896118	3	3
TCGA-24-1436	4	12281	20190068	2	0
TCGA-24-1436	4	20191840	20480750	1	0
TCGA-24-1436	4	20481833	22403722	2	0
TCGA-24-1436	4	22404277	22630217	4	0
TCGA-24-1436	4	22631389	152868684	2	0
TCGA-24-1436	4	152873753	191027923	1	0
TCGA-24-1436	5	15532	46381782	2	1
TCGA-24-1436	5	46382652	59508064	1	0
TCGA-24-1436	5	59514896	59635423	0	0
TCGA-24-1436	5	59637451	93635508	1	0
TCGA-24-1436	5	93636085	93746066	0	0
TCGA-24-1436	5	93748555	135008991	1	0
TCGA-24-1436	5	135009228	180790320	2	1
TCGA-24-1436	6	149661	62847434	1	1
TCGA-24-1436	6	62848140	63582251	2	1
TCGA-24-1436	6	63582268	162300908	1	1
TCGA-24-1436	6	162302176	162390596	1	0
TCGA-24-1436	6	162392848	162805262	0	0
TCGA-24-1436	6	162805755	162875706	1	0
TCGA-24-1436	6	162876205	171051005	1	1
TCGA-24-1436	7	43259	231145	2	1
TCGA-24-1436	7	704573	56314784	2	0
TCGA-24-1436	7	56319469	75378568	2	1
TCGA-24-1436	7	75381612	159127004	2	2
TCGA-24-1436	8	31254	33401103	1	0
TCGA-24-1436	8	33409595	35729585	4	1
TCGA-24-1436	8	35732519	38884176	2	1
TCGA-24-1436	8	38884300	40038864	3	1
TCGA-24-1436	8	40044846	40181956	1	0
TCGA-24-1436	8	40181978	42256604	3	1
TCGA-24-1436	8	42259197	43767226	1	0
TCGA-24-1436	8	43778914	52920123	2	1
TCGA-24-1436	8	52923780	86156707	3	2
TCGA-24-1436	8	86158249	114885764	4	2
TCGA-24-1436	8	114889340	118771110	5	2
TCGA-24-1436	8	118776341	145898274	4	2
TCGA-24-1436	8	145899980	146298155	4	0
TCGA-24-1436	9	46587	22280644	3	3
TCGA-24-1436	9	22280796	32909219	3	1
TCGA-24-1436	9	32909259	34737702	2	1
TCGA-24-1436	9	34741752	36021356	2	2
TCGA-24-1436	9	36023246	47217176	2	1
TCGA-24-1436	9	65616971	141091394	1	1
TCGA-24-1436	10	72759	42525124	2	2
TCGA-24-1436	10	42614436	135506704	2	0
TCGA-24-1436	11	198572	48234357	1	1
TCGA-24-1436	11	48234880	77602544	2	1
TCGA-24-1436	11	77605753	78040337	4	1
TCGA-24-1436	11	78040961	79282980	2	1
TCGA-24-1436	11	79283982	79490143	1	1
TCGA-24-1436	11	79490210	81420433	1	0
TCGA-24-1436	11	81420497	121063944	2	1
TCGA-24-1436	11	121064444	121263616	4	1
TCGA-24-1436	11	121263816	134944770	2	1
TCGA-24-1436	12	150442	27583079	2	1
TCGA-24-1436	12	27583559	34480252	3	1
TCGA-24-1436	12	34481536	51350285	2	1
TCGA-24-1436	12	51350614	57289732	1	1
TCGA-24-1436	12	57292172	104821554	2	1
TCGA-24-1436	12	104828047	121855132	1	1
TCGA-24-1436	12	121855761	122406752	1	0
TCGA-24-1436	12	122408313	133778189	1	1
TCGA-24-1436	13	19026949	22925898	2	1
TCGA-24-1436	13	22928373	23155477	3	2
TCGA-24-1436	13	23162827	115108397	2	1
TCGA-24-1436	14	19002124	107285437	2	0
TCGA-24-1436	15	20016328	54804260	1	0
TCGA-24-1436	15	54806732	98802455	1	1
TCGA-24-1436	15	98806836	99041807	6	1
TCGA-24-1436	15	99044250	101107924	3	1
TCGA-24-1436	15	101107962	102469040	1	1
TCGA-24-1436	16	60777	10183489	1	1
TCGA-24-1436	16	10185628	10474453	2	1
TCGA-24-1436	16	10476494	25637346	1	1
TCGA-24-1436	16	25638226	26325294	1	0
TCGA-24-1436	16	26326601	49204665	1	1
TCGA-24-1436	16	49205462	49683938	2	1
TCGA-24-1436	16	49684321	78530885	1	1
TCGA-24-1436	16	78531307	78784251	1	0
TCGA-24-1436	16	78784624	90287535	1	1
TCGA-24-1436	17	526	834343	1	0
TCGA-24-1436	17	837151	27406530	2	0
TCGA-24-1436	17	27409375	39756082	1	0
TCGA-24-1436	17	39757002	45992622	2	0
TCGA-24-1436	17	45996230	46805081	4	0
TCGA-24-1436	17	46807134	81049726	2	0
TCGA-24-1436	18	48133	18663415	2	0
TCGA-24-1436	18	18665850	20208138	2	1
TCGA-24-1436	18	20216247	22739001	10	1
TCGA-24-1436	18	22739780	23801098	13	1
TCGA-24-1436	18	23801517	24393963	19	1
TCGA-24-1436	18	24395903	25184615	2	1
TCGA-24-1436	18	25185216	78015057	1	1
TCGA-24-1436	19	90910	1056592	2	0
TCGA-24-1436	19	1056635	2003981	1	0
TCGA-24-1436	19	2004269	9013706	2	0
TCGA-24-1436	19	9018453	59097854	2	1
TCGA-24-1436	20	61305	24072558	2	1
TCGA-24-1436	20	24073113	62956153	2	2
TCGA-24-1436	21	10736871	16612004	2	1
TCGA-24-1436	21	16612500	17416393	3	2
TCGA-24-1436	21	17416605	48096957	2	1
TCGA-24-1436	22	16052528	42925614	1	1
TCGA-24-1436	22	42932317	51234455	1	0
TCGA-24-1436	X	168477	32046314	1	0
TCGA-24-1436	X	32047785	32352246	0	0
TCGA-24-1436	X	32352714	155233846	1	0
