sample	chr	startpos	endpos	nMajor	nMinor
TCGA-FS-A1ZT	1	61735	121482979	2	1
TCGA-FS-A1ZT	1	144007049	249224388	7	1
TCGA-FS-A1ZT	2	12784	243089456	2	2
TCGA-FS-A1ZT	3	60345	197896118	2	2
TCGA-FS-A1ZT	4	12281	187951125	2	2
TCGA-FS-A1ZT	4	187958751	191027923	3	2
TCGA-FS-A1ZT	5	15532	180790320	1	1
TCGA-FS-A1ZT	6	149661	26215746	6	2
TCGA-FS-A1ZT	6	26215802	26508729	2	1
TCGA-FS-A1ZT	6	26512173	39930326	6	2
TCGA-FS-A1ZT	6	39931994	42564060	2	1
TCGA-FS-A1ZT	6	42568234	43650787	6	2
TCGA-FS-A1ZT	6	43655832	44027280	2	1
TCGA-FS-A1ZT	6	44031205	46695501	6	2
TCGA-FS-A1ZT	6	46703513	47150972	2	1
TCGA-FS-A1ZT	6	47151776	48348881	7	2
TCGA-FS-A1ZT	6	48362036	51338689	2	1
TCGA-FS-A1ZT	6	51345445	52989771	7	2
TCGA-FS-A1ZT	6	52993002	171051005	2	1
TCGA-FS-A1ZT	7	43259	38311098	2	2
TCGA-FS-A1ZT	7	38311366	38340662	4	4
TCGA-FS-A1ZT	7	38341031	159127004	2	2
TCGA-FS-A1ZT	8	31254	5079185	2	0
TCGA-FS-A1ZT	8	5079254	5474927	3	2
TCGA-FS-A1ZT	8	5474950	5803581	7	2
TCGA-FS-A1ZT	8	5804396	6161567	3	2
TCGA-FS-A1ZT	8	6167976	39703449	2	0
TCGA-FS-A1ZT	8	39711490	43663675	3	2
TCGA-FS-A1ZT	8	43664195	52117843	5	2
TCGA-FS-A1ZT	8	52121669	56654299	5	0
TCGA-FS-A1ZT	8	56654839	56979217	5	2
TCGA-FS-A1ZT	8	56984164	60177577	5	0
TCGA-FS-A1ZT	8	60179866	60726643	6	2
TCGA-FS-A1ZT	8	60728074	61862837	5	0
TCGA-FS-A1ZT	8	61864082	62090952	5	2
TCGA-FS-A1ZT	8	62095517	146298155	5	0
TCGA-FS-A1ZT	9	46587	8458811	2	2
TCGA-FS-A1ZT	9	8458865	8535842	2	0
TCGA-FS-A1ZT	9	8536034	8865925	2	2
TCGA-FS-A1ZT	9	8871342	16006170	2	0
TCGA-FS-A1ZT	9	16009911	16035672	4	2
TCGA-FS-A1ZT	9	16037251	24394305	2	0
TCGA-FS-A1ZT	9	24394830	35864274	2	2
TCGA-FS-A1ZT	9	35867901	37426152	6	2
TCGA-FS-A1ZT	9	37429661	141091394	2	2
TCGA-FS-A1ZT	10	72759	135506704	2	2
TCGA-FS-A1ZT	11	198572	38071602	2	2
TCGA-FS-A1ZT	11	38077702	46018139	4	2
TCGA-FS-A1ZT	11	46019861	51165185	2	2
TCGA-FS-A1ZT	11	51176574	62917058	2	0
TCGA-FS-A1ZT	11	62917615	65454795	2	2
TCGA-FS-A1ZT	11	65458169	68108736	7	2
TCGA-FS-A1ZT	11	68108931	69647997	3	3
TCGA-FS-A1ZT	11	69650887	70476963	6	2
TCGA-FS-A1ZT	11	70478801	71720940	4	2
TCGA-FS-A1ZT	11	71721407	73665787	6	2
TCGA-FS-A1ZT	11	73666213	75005209	10	2
TCGA-FS-A1ZT	11	75006877	77380115	6	2
TCGA-FS-A1ZT	11	77380234	78441443	11	2
TCGA-FS-A1ZT	11	78443235	79133715	6	2
TCGA-FS-A1ZT	11	79139709	81496259	14	2
TCGA-FS-A1ZT	11	81496407	81760105	7	2
TCGA-FS-A1ZT	11	81760105	82541165	2	0
TCGA-FS-A1ZT	11	82541231	84382482	6	2
TCGA-FS-A1ZT	11	84385884	85552710	13	2
TCGA-FS-A1ZT	11	85557159	134944770	2	0
TCGA-FS-A1ZT	12	150442	18382801	2	0
TCGA-FS-A1ZT	12	18387945	133778189	2	1
TCGA-FS-A1ZT	13	19026949	115108397	3	2
TCGA-FS-A1ZT	14	19002124	22692116	3	1
TCGA-FS-A1ZT	14	22692356	22978775	5	2
TCGA-FS-A1ZT	14	22983223	107285437	2	1
TCGA-FS-A1ZT	15	20016328	41669234	2	2
TCGA-FS-A1ZT	15	41670249	102469040	2	1
TCGA-FS-A1ZT	16	60777	5496218	2	1
TCGA-FS-A1ZT	16	5496373	8173001	2	2
TCGA-FS-A1ZT	16	8173240	70842097	2	1
TCGA-FS-A1ZT	16	70854381	71236727	4	1
TCGA-FS-A1ZT	16	71238259	90287535	2	1
TCGA-FS-A1ZT	17	526	69565336	2	1
TCGA-FS-A1ZT	17	69567810	81049726	4	2
TCGA-FS-A1ZT	18	48133	78015057	3	2
TCGA-FS-A1ZT	19	90910	59097854	2	1
TCGA-FS-A1ZT	20	61305	4779569	2	2
TCGA-FS-A1ZT	20	4779609	6306582	4	2
TCGA-FS-A1ZT	20	6311968	13497355	2	2
TCGA-FS-A1ZT	20	13498547	17568891	4	2
TCGA-FS-A1ZT	20	17568971	37944709	2	2
TCGA-FS-A1ZT	20	37948742	40599163	6	2
TCGA-FS-A1ZT	20	40599215	45201501	2	0
TCGA-FS-A1ZT	20	45202203	47987543	6	2
TCGA-FS-A1ZT	20	47988180	48593579	4	2
TCGA-FS-A1ZT	20	48598523	49649589	6	2
TCGA-FS-A1ZT	20	49649710	52441601	10	2
TCGA-FS-A1ZT	20	52442169	55186214	6	2
TCGA-FS-A1ZT	20	55190109	57013033	4	2
TCGA-FS-A1ZT	20	57013099	58526895	8	2
TCGA-FS-A1ZT	20	58538257	61445312	4	2
TCGA-FS-A1ZT	20	61446012	62956153	11	1
TCGA-FS-A1ZT	21	10736871	48096957	2	1
TCGA-FS-A1ZT	22	16052528	51234455	3	2
TCGA-FS-A1ZT	X	168477	2694240	2	2
TCGA-FS-A1ZT	X	2703391	154913205	2	0
TCGA-FS-A1ZT	X	154915975	155233846	2	1
