sample	chr	startpos	endpos	nMajor	nMinor
TCGA-GV-A3JV	1	61735	5209244	3	1
TCGA-GV-A3JV	1	5210124	71499222	2	1
TCGA-GV-A3JV	1	71499286	103436264	3	1
TCGA-GV-A3JV	1	103439030	105421918	2	1
TCGA-GV-A3JV	1	105422565	121482979	3	1
TCGA-GV-A3JV	1	144007049	240163537	4	1
TCGA-GV-A3JV	1	240170511	242223399	4	0
TCGA-GV-A3JV	1	242226106	249224388	4	1
TCGA-GV-A3JV	2	12784	9334743	2	0
TCGA-GV-A3JV	2	9337162	9574542	1	0
TCGA-GV-A3JV	2	9575332	192281716	2	0
TCGA-GV-A3JV	2	192281781	192375560	0	0
TCGA-GV-A3JV	2	192377140	243089456	2	0
TCGA-GV-A3JV	3	60345	12036552	2	2
TCGA-GV-A3JV	3	12037909	12491537	44	2
TCGA-GV-A3JV	3	12493956	12934830	6	0
TCGA-GV-A3JV	3	12936851	13367056	34	1
TCGA-GV-A3JV	3	13369702	13512675	4	1
TCGA-GV-A3JV	3	13513261	13918381	36	2
TCGA-GV-A3JV	3	13925440	13966714	6	3
TCGA-GV-A3JV	3	13969581	14962529	3	2
TCGA-GV-A3JV	3	14963337	15169307	36	8
TCGA-GV-A3JV	3	15173478	15401288	3	1
TCGA-GV-A3JV	3	15404203	16141874	3	2
TCGA-GV-A3JV	3	16141945	16275936	31	17
TCGA-GV-A3JV	3	16280722	169232522	2	2
TCGA-GV-A3JV	3	169233401	169309211	12	4
TCGA-GV-A3JV	3	169309227	169768401	7	2
TCGA-GV-A3JV	3	169769699	170119104	49	2
TCGA-GV-A3JV	3	170125912	172831201	2	1
TCGA-GV-A3JV	3	172831219	177230724	2	2
TCGA-GV-A3JV	3	177231315	182751411	2	1
TCGA-GV-A3JV	3	182762140	184341482	2	2
TCGA-GV-A3JV	3	184342545	188171568	2	1
TCGA-GV-A3JV	3	188171808	197896118	2	2
TCGA-GV-A3JV	4	12281	89525088	2	1
TCGA-GV-A3JV	4	89527287	90038053	2	0
TCGA-GV-A3JV	4	90042432	165560063	2	1
TCGA-GV-A3JV	4	165560925	165957179	1	1
TCGA-GV-A3JV	4	165957522	175889975	2	1
TCGA-GV-A3JV	4	175895549	177435074	1	0
TCGA-GV-A3JV	4	177438117	179500732	2	1
TCGA-GV-A3JV	4	179500775	180765327	1	1
TCGA-GV-A3JV	4	180765638	181123228	1	0
TCGA-GV-A3JV	4	181123325	181446799	1	1
TCGA-GV-A3JV	4	181447280	181864419	2	0
TCGA-GV-A3JV	4	181872130	182772982	1	1
TCGA-GV-A3JV	4	182774629	191027923	2	1
TCGA-GV-A3JV	5	15532	2188679	2	2
TCGA-GV-A3JV	5	2189473	3973807	3	1
TCGA-GV-A3JV	5	3978902	46377327	3	2
TCGA-GV-A3JV	5	46381782	85209042	2	1
TCGA-GV-A3JV	5	85211913	85554875	2	0
TCGA-GV-A3JV	5	85557135	143816856	2	1
TCGA-GV-A3JV	5	143817084	144965099	1	1
TCGA-GV-A3JV	5	144965130	162149492	2	1
TCGA-GV-A3JV	5	162150866	162511365	2	0
TCGA-GV-A3JV	5	162511954	180790320	2	1
TCGA-GV-A3JV	6	149661	134643564	2	1
TCGA-GV-A3JV	6	134645457	135557305	34	1
TCGA-GV-A3JV	6	135565508	171051005	2	1
TCGA-GV-A3JV	7	43259	12446633	2	1
TCGA-GV-A3JV	7	12447444	13792450	2	0
TCGA-GV-A3JV	7	13794653	156296060	2	1
TCGA-GV-A3JV	7	156297962	157225800	1	1
TCGA-GV-A3JV	7	157226739	159127004	2	1
TCGA-GV-A3JV	8	31254	3734971	3	3
TCGA-GV-A3JV	8	3735032	146298155	4	3
TCGA-GV-A3JV	9	46587	47217176	2	1
TCGA-GV-A3JV	9	65616971	105229777	2	0
TCGA-GV-A3JV	9	105230777	105951715	1	0
TCGA-GV-A3JV	9	105954000	141091394	2	0
TCGA-GV-A3JV	10	72759	135506704	2	1
TCGA-GV-A3JV	11	198572	69434580	2	1
TCGA-GV-A3JV	11	69435230	69493271	33	4
TCGA-GV-A3JV	11	69502929	69628936	4	1
TCGA-GV-A3JV	11	69629199	70220794	2	1
TCGA-GV-A3JV	11	70221717	70451712	36	5
TCGA-GV-A3JV	11	70452771	134944770	2	1
TCGA-GV-A3JV	12	150442	19255970	2	1
TCGA-GV-A3JV	12	19258607	19849490	16	1
TCGA-GV-A3JV	12	19852109	47352168	2	1
TCGA-GV-A3JV	12	47352572	47949145	16	1
TCGA-GV-A3JV	12	47950523	58476810	2	1
TCGA-GV-A3JV	12	58478598	59449385	28	1
TCGA-GV-A3JV	12	59449562	114678738	2	1
TCGA-GV-A3JV	12	114678868	114698502	3	0
TCGA-GV-A3JV	12	114703176	115285432	15	2
TCGA-GV-A3JV	12	115288601	116130409	2	1
TCGA-GV-A3JV	12	116130584	117000075	2	2
TCGA-GV-A3JV	12	117000196	133778189	2	1
TCGA-GV-A3JV	13	19026949	87447367	2	1
TCGA-GV-A3JV	13	87448079	89694220	2	0
TCGA-GV-A3JV	13	89694400	104931882	2	1
TCGA-GV-A3JV	13	104931971	107190469	2	0
TCGA-GV-A3JV	13	107191666	115108397	2	1
TCGA-GV-A3JV	14	19002124	56128021	2	1
TCGA-GV-A3JV	14	56130569	56574944	2	0
TCGA-GV-A3JV	14	56575157	71222736	2	1
TCGA-GV-A3JV	14	71226366	71946518	7	2
TCGA-GV-A3JV	14	71950484	72965095	2	1
TCGA-GV-A3JV	14	72967991	73405250	2	2
TCGA-GV-A3JV	14	73413482	73827900	7	2
TCGA-GV-A3JV	14	73837791	107285437	2	1
TCGA-GV-A3JV	15	20016328	102469040	2	1
TCGA-GV-A3JV	16	60777	4841426	2	1
TCGA-GV-A3JV	16	4855279	5485626	1	0
TCGA-GV-A3JV	16	5489529	35283226	2	1
TCGA-GV-A3JV	16	46463782	90287535	1	1
TCGA-GV-A3JV	17	526	81049726	2	2
TCGA-GV-A3JV	18	48133	1272129	2	1
TCGA-GV-A3JV	18	1273796	2588458	2	0
TCGA-GV-A3JV	18	2589482	78015057	2	1
TCGA-GV-A3JV	19	90910	59097854	2	2
TCGA-GV-A3JV	20	61305	44777295	2	2
TCGA-GV-A3JV	20	44777505	45756440	2	0
TCGA-GV-A3JV	20	45757364	62956153	2	2
TCGA-GV-A3JV	21	10736871	19721111	2	1
TCGA-GV-A3JV	21	19721194	48096957	2	0
TCGA-GV-A3JV	22	16052528	51234455	2	2
TCGA-GV-A3JV	X	168477	2694240	4	2
TCGA-GV-A3JV	X	2703391	93643147	2	0
TCGA-GV-A3JV	X	93644835	93913501	1	0
TCGA-GV-A3JV	X	93922774	154789496	2	0
TCGA-GV-A3JV	X	154789633	155233846	2	1
