sample	chr	startpos	endpos	nMajor	nMinor
TCGA-77-6843-b	1	61735	32041750	1	0
TCGA-77-6843-b	1	32049394	95547066	1	1
TCGA-77-6843-b	1	95547223	96728052	1	0
TCGA-77-6843-b	1	96730052	116532464	1	1
TCGA-77-6843-b	1	116538718	118254209	1	0
TCGA-77-6843-b	1	118258326	121482979	1	1
TCGA-77-6843-b	1	144007049	144945033	2	1
TCGA-77-6843-b	1	144945236	249224388	3	0
TCGA-77-6843-b	2	12784	141328427	1	1
TCGA-77-6843-b	2	141330438	142240499	1	0
TCGA-77-6843-b	2	142244143	243089456	1	1
TCGA-77-6843-b	3	60345	60262749	1	0
TCGA-77-6843-b	3	60262800	60434444	0	0
TCGA-77-6843-b	3	60434882	90273791	1	0
TCGA-77-6843-b	3	90279797	142566337	2	1
TCGA-77-6843-b	3	142567327	145199892	1	0
TCGA-77-6843-b	3	145203350	146549225	5	1
TCGA-77-6843-b	3	146551926	146846782	2	1
TCGA-77-6843-b	3	146848161	148126953	5	1
TCGA-77-6843-b	3	148127060	162304839	1	0
TCGA-77-6843-b	3	162311381	162322425	3	0
TCGA-77-6843-b	3	162324295	163389355	4	1
TCGA-77-6843-b	3	163390366	163974966	2	1
TCGA-77-6843-b	3	163976235	164375880	7	1
TCGA-77-6843-b	3	164380002	166785340	3	1
TCGA-77-6843-b	3	166788507	168282012	5	1
TCGA-77-6843-b	3	168285753	173656757	10	1
TCGA-77-6843-b	3	173656818	175668313	13	1
TCGA-77-6843-b	3	175668856	180293187	10	1
TCGA-77-6843-b	3	180293238	183205937	13	1
TCGA-77-6843-b	3	183206391	191107992	10	1
TCGA-77-6843-b	3	191108792	191442065	8	1
TCGA-77-6843-b	3	191446862	191851145	3	1
TCGA-77-6843-b	3	191851481	191947835	1	0
TCGA-77-6843-b	3	191947852	193495155	2	1
TCGA-77-6843-b	3	193498683	193585946	1	0
TCGA-77-6843-b	3	193586088	197896118	2	1
TCGA-77-6843-b	4	12281	84702407	1	1
TCGA-77-6843-b	4	84703631	183394493	1	0
TCGA-77-6843-b	4	183403680	183681048	0	0
TCGA-77-6843-b	4	183681864	191027923	1	0
TCGA-77-6843-b	5	15532	180790320	1	1
TCGA-77-6843-b	6	149661	171051005	1	1
TCGA-77-6843-b	7	43259	119516251	1	1
TCGA-77-6843-b	7	119516664	159127004	1	0
TCGA-77-6843-b	8	31254	3488325	1	1
TCGA-77-6843-b	8	3492024	3836611	1	0
TCGA-77-6843-b	8	3836835	8093182	1	1
TCGA-77-6843-b	8	8094763	9348852	1	0
TCGA-77-6843-b	8	9351983	11895245	1	1
TCGA-77-6843-b	8	11897177	38134155	1	0
TCGA-77-6843-b	8	38139663	39502916	2	1
TCGA-77-6843-b	8	39504742	129500973	1	1
TCGA-77-6843-b	8	129502089	129660873	2	1
TCGA-77-6843-b	8	129660897	146298155	1	1
TCGA-77-6843-b	9	46587	141091394	1	0
TCGA-77-6843-b	10	72759	42685649	1	1
TCGA-77-6843-b	10	42690172	46210751	2	1
TCGA-77-6843-b	10	46211699	51496782	1	0
TCGA-77-6843-b	10	51496796	51659444	2	1
TCGA-77-6843-b	10	51735651	63509194	1	0
TCGA-77-6843-b	10	63511789	65109388	2	1
TCGA-77-6843-b	10	65120193	68168179	1	1
TCGA-77-6843-b	10	68171803	118967581	1	0
TCGA-77-6843-b	10	118967604	135506704	1	1
TCGA-77-6843-b	11	198572	26781163	1	1
TCGA-77-6843-b	11	26781674	27143067	1	0
TCGA-77-6843-b	11	27144028	133608404	1	1
TCGA-77-6843-b	11	133608430	134944770	2	1
TCGA-77-6843-b	12	150442	133778189	1	1
TCGA-77-6843-b	13	19026949	102783277	1	1
TCGA-77-6843-b	13	102786070	102856506	1	0
TCGA-77-6843-b	13	102857474	115108397	1	1
TCGA-77-6843-b	14	19002124	107285437	1	0
TCGA-77-6843-b	15	20016328	71548085	1	1
TCGA-77-6843-b	15	71548224	71647812	2	1
TCGA-77-6843-b	15	71647862	102469040	1	1
TCGA-77-6843-b	16	60777	6959489	1	1
TCGA-77-6843-b	16	6959803	7277621	1	0
TCGA-77-6843-b	16	7277947	82749636	1	1
TCGA-77-6843-b	16	82754386	83616062	2	1
TCGA-77-6843-b	16	83616310	88897366	1	1
TCGA-77-6843-b	16	88904521	89289714	2	1
TCGA-77-6843-b	16	89289912	89797627	1	1
TCGA-77-6843-b	16	89797666	90287535	2	1
TCGA-77-6843-b	17	526	172852	14	0
TCGA-77-6843-b	17	173906	478203	5	0
TCGA-77-6843-b	17	488072	25343371	2	0
TCGA-77-6843-b	17	25346379	81049726	1	1
TCGA-77-6843-b	18	48133	78015057	1	1
TCGA-77-6843-b	19	90910	2326988	1	0
TCGA-77-6843-b	19	2327990	17670975	1	1
TCGA-77-6843-b	19	17671200	17795360	1	0
TCGA-77-6843-b	19	17795415	20011158	4	1
TCGA-77-6843-b	19	20011416	30791280	2	1
TCGA-77-6843-b	19	30799803	40335231	2	2
TCGA-77-6843-b	19	40335810	41126427	5	2
TCGA-77-6843-b	19	41127465	58308614	2	1
TCGA-77-6843-b	19	58308641	58785103	1	1
TCGA-77-6843-b	19	58791213	59097854	2	1
TCGA-77-6843-b	20	61305	14123341	1	1
TCGA-77-6843-b	20	14124369	14606400	1	0
TCGA-77-6843-b	20	14608923	29648997	1	1
TCGA-77-6843-b	20	29651211	39415322	2	1
TCGA-77-6843-b	20	39418053	39902053	3	1
TCGA-77-6843-b	20	39907067	62956153	1	1
TCGA-77-6843-b	21	10736871	48096957	1	1
TCGA-77-6843-b	22	16052528	24146114	1	0
TCGA-77-6843-b	22	24146323	50021820	1	1
TCGA-77-6843-b	22	50022333	51234455	2	1
TCGA-77-6843-b	X	168477	2694240	1	1
TCGA-77-6843-b	X	2703391	155233846	1	0
