sample	chr	startpos	endpos	nMajor	nMinor
TCGA-HU-A4GP-b	1	61735	14071845	1	1
TCGA-HU-A4GP-b	1	14078163	28546551	1	0
TCGA-HU-A4GP-b	1	28550448	121482979	1	1
TCGA-HU-A4GP-b	1	144007049	203643164	2	1
TCGA-HU-A4GP-b	1	203644320	249224388	1	0
TCGA-HU-A4GP-b	2	12784	68888593	2	1
TCGA-HU-A4GP-b	2	68888708	86091388	1	1
TCGA-HU-A4GP-b	2	86093947	87376621	2	0
TCGA-HU-A4GP-b	2	87376944	106572176	1	1
TCGA-HU-A4GP-b	2	106572812	107836419	3	1
TCGA-HU-A4GP-b	2	107836502	114851506	2	1
TCGA-HU-A4GP-b	2	114853735	243089456	1	1
TCGA-HU-A4GP-b	3	60345	60441341	1	1
TCGA-HU-A4GP-b	3	60441455	60535731	1	0
TCGA-HU-A4GP-b	3	60536420	197896118	1	1
TCGA-HU-A4GP-b	4	12281	191027923	1	0
TCGA-HU-A4GP-b	5	15532	7781702	1	0
TCGA-HU-A4GP-b	5	7783259	10740747	1	1
TCGA-HU-A4GP-b	5	10743420	11237453	1	0
TCGA-HU-A4GP-b	5	11239333	24131279	1	1
TCGA-HU-A4GP-b	5	24133287	24771475	1	0
TCGA-HU-A4GP-b	5	24771524	26930570	1	1
TCGA-HU-A4GP-b	5	26930696	27841442	1	0
TCGA-HU-A4GP-b	5	27843142	33709296	1	1
TCGA-HU-A4GP-b	5	33710393	36735645	1	0
TCGA-HU-A4GP-b	5	36735871	39427155	1	1
TCGA-HU-A4GP-b	5	39427224	39676277	1	0
TCGA-HU-A4GP-b	5	39676457	40651353	1	1
TCGA-HU-A4GP-b	5	40657952	83190260	1	0
TCGA-HU-A4GP-b	5	83192831	106681898	1	1
TCGA-HU-A4GP-b	5	106690481	113722936	1	0
TCGA-HU-A4GP-b	5	113723619	116224877	1	1
TCGA-HU-A4GP-b	5	116224957	117675938	1	0
TCGA-HU-A4GP-b	5	117676709	126438499	1	1
TCGA-HU-A4GP-b	5	126445161	127257565	1	0
TCGA-HU-A4GP-b	5	127259988	132135209	1	1
TCGA-HU-A4GP-b	5	132136496	132609259	1	0
TCGA-HU-A4GP-b	5	132609517	135233457	1	1
TCGA-HU-A4GP-b	5	135233744	146295990	1	0
TCGA-HU-A4GP-b	5	146296904	148292922	1	1
TCGA-HU-A4GP-b	5	148293429	148884223	1	0
TCGA-HU-A4GP-b	5	148886232	150557246	1	1
TCGA-HU-A4GP-b	5	150557431	159789092	1	0
TCGA-HU-A4GP-b	5	159789321	170698468	1	1
TCGA-HU-A4GP-b	5	170705469	171423122	1	0
TCGA-HU-A4GP-b	5	171424192	173837072	1	1
TCGA-HU-A4GP-b	5	173840099	174241806	1	0
TCGA-HU-A4GP-b	5	174242357	175293155	1	1
TCGA-HU-A4GP-b	5	175294233	178575429	1	0
TCGA-HU-A4GP-b	5	178581859	180445356	1	1
TCGA-HU-A4GP-b	5	180446233	180790320	1	0
TCGA-HU-A4GP-b	6	149661	171051005	1	1
TCGA-HU-A4GP-b	7	43259	40060028	1	1
TCGA-HU-A4GP-b	7	40060180	40396300	1	0
TCGA-HU-A4GP-b	7	40397573	159127004	1	1
TCGA-HU-A4GP-b	8	31254	43767226	2	1
TCGA-HU-A4GP-b	8	43778914	49436319	1	0
TCGA-HU-A4GP-b	8	49437636	49488750	2	0
TCGA-HU-A4GP-b	8	49491875	56047072	1	0
TCGA-HU-A4GP-b	8	56048060	146298155	2	1
TCGA-HU-A4GP-b	9	46587	327957	2	0
TCGA-HU-A4GP-b	9	328006	141091394	1	1
TCGA-HU-A4GP-b	10	72759	47121369	1	1
TCGA-HU-A4GP-b	10	47129684	55046147	2	1
TCGA-HU-A4GP-b	10	55046164	56134161	1	1
TCGA-HU-A4GP-b	10	56134237	81248584	3	1
TCGA-HU-A4GP-b	10	81251331	135506704	1	1
TCGA-HU-A4GP-b	11	198572	134944770	1	1
TCGA-HU-A4GP-b	12	150442	133778189	1	1
TCGA-HU-A4GP-b	13	19026949	115108397	1	1
TCGA-HU-A4GP-b	14	19002124	52912750	1	0
TCGA-HU-A4GP-b	14	52912864	107285437	1	1
TCGA-HU-A4GP-b	15	20016328	102469040	1	1
TCGA-HU-A4GP-b	16	60777	33835319	2	1
TCGA-HU-A4GP-b	16	33836801	78600755	1	0
TCGA-HU-A4GP-b	16	78607349	78843984	0	0
TCGA-HU-A4GP-b	16	78847535	90287535	1	0
TCGA-HU-A4GP-b	17	526	14903074	1	0
TCGA-HU-A4GP-b	17	14903571	81049726	1	1
TCGA-HU-A4GP-b	18	48133	15314796	1	0
TCGA-HU-A4GP-b	18	15326741	19221611	3	1
TCGA-HU-A4GP-b	18	19226168	20747320	9	1
TCGA-HU-A4GP-b	18	20747874	21406709	3	1
TCGA-HU-A4GP-b	18	21413303	78015057	1	0
TCGA-HU-A4GP-b	19	90910	50592124	1	0
TCGA-HU-A4GP-b	19	50592237	59097854	2	1
TCGA-HU-A4GP-b	20	61305	62956153	2	0
TCGA-HU-A4GP-b	21	10736871	48096957	1	0
TCGA-HU-A4GP-b	22	16052528	51234455	1	0
TCGA-HU-A4GP-b	X	168477	155233846	1	0
