sample	chr	startpos	endpos	nMajor	nMinor
TCGA-CV-7423-a	1	61735	40161013	2	2
TCGA-CV-7423-a	1	40166859	64359324	4	2
TCGA-CV-7423-a	1	64359353	73835094	3	3
TCGA-CV-7423-a	1	73844963	79295415	4	0
TCGA-CV-7423-a	1	79295552	88754881	3	0
TCGA-CV-7423-a	1	88755170	249224388	3	2
TCGA-CV-7423-a	2	12784	126641407	3	1
TCGA-CV-7423-a	2	126641586	159928267	3	0
TCGA-CV-7423-a	2	159929076	243089456	3	3
TCGA-CV-7423-a	3	60345	7889606	2	1
TCGA-CV-7423-a	3	7889657	87918445	1	1
TCGA-CV-7423-a	3	87919805	123525240	3	1
TCGA-CV-7423-a	3	123527087	197896118	3	3
TCGA-CV-7423-a	4	12281	42855645	2	1
TCGA-CV-7423-a	4	42857175	52698757	2	2
TCGA-CV-7423-a	4	52699760	60247323	3	3
TCGA-CV-7423-a	4	60249225	63959698	4	0
TCGA-CV-7423-a	4	63968368	76224685	6	0
TCGA-CV-7423-a	4	76229333	76284744	11	1
TCGA-CV-7423-a	4	76284765	77681958	11	0
TCGA-CV-7423-a	4	77688416	80773324	0	0
TCGA-CV-7423-a	4	80774485	85957142	1	0
TCGA-CV-7423-a	4	85960815	191027923	3	1
TCGA-CV-7423-a	5	15532	19495398	8	1
TCGA-CV-7423-a	5	19497699	46389273	7	1
TCGA-CV-7423-a	5	49432831	93780422	3	1
TCGA-CV-7423-a	5	93780519	99948982	4	1
TCGA-CV-7423-a	5	99949018	116983167	3	1
TCGA-CV-7423-a	5	116983854	157143251	4	1
TCGA-CV-7423-a	5	157143521	180790320	3	1
TCGA-CV-7423-a	6	149661	30635593	4	0
TCGA-CV-7423-a	6	30658239	55621641	2	2
TCGA-CV-7423-a	6	55621654	65175680	3	2
TCGA-CV-7423-a	6	65178052	171051005	2	2
TCGA-CV-7423-a	7	43259	82563111	3	3
TCGA-CV-7423-a	7	82563516	91617036	3	1
TCGA-CV-7423-a	7	91617091	94048229	7	3
TCGA-CV-7423-a	7	94048482	94417708	10	3
TCGA-CV-7423-a	7	94421061	110322233	3	2
TCGA-CV-7423-a	7	110322658	112394554	3	3
TCGA-CV-7423-a	7	112395789	159127004	3	1
TCGA-CV-7423-a	8	31254	2289665	2	0
TCGA-CV-7423-a	8	2289689	6130595	3	0
TCGA-CV-7423-a	8	6130672	47582970	2	0
TCGA-CV-7423-a	8	47584704	105078945	4	2
TCGA-CV-7423-a	8	105079271	111173806	5	2
TCGA-CV-7423-a	8	111173892	136324622	4	2
TCGA-CV-7423-a	8	136326665	140479275	5	2
TCGA-CV-7423-a	8	140480697	146298155	4	2
TCGA-CV-7423-a	9	46587	7500665	2	1
TCGA-CV-7423-a	9	7500955	20608391	2	2
TCGA-CV-7423-a	9	20608862	22249525	1	0
TCGA-CV-7423-a	9	22250574	47217176	2	2
TCGA-CV-7423-a	9	65616971	120659844	2	1
TCGA-CV-7423-a	9	120660025	122556023	2	2
TCGA-CV-7423-a	9	122556086	141091394	2	1
TCGA-CV-7423-a	10	72759	135506704	2	1
TCGA-CV-7423-a	11	198572	34285077	3	0
TCGA-CV-7423-a	11	34286823	34732225	22	2
TCGA-CV-7423-a	11	34733482	36964280	13	2
TCGA-CV-7423-a	11	36967260	40021192	3	2
TCGA-CV-7423-a	11	40021779	42131625	8	3
TCGA-CV-7423-a	11	42131899	43186064	19	2
TCGA-CV-7423-a	11	43186147	46743232	15	1
TCGA-CV-7423-a	11	46744925	47158644	7	3
TCGA-CV-7423-a	11	47162604	63010641	3	2
TCGA-CV-7423-a	11	63010931	63944604	2	1
TCGA-CV-7423-a	11	63944688	66994278	3	2
TCGA-CV-7423-a	11	66998245	93055538	6	2
TCGA-CV-7423-a	11	93055556	96638232	5	2
TCGA-CV-7423-a	11	96641604	99467726	6	2
TCGA-CV-7423-a	11	99467966	134944770	2	0
TCGA-CV-7423-a	12	150442	133778189	3	1
TCGA-CV-7423-a	13	19026949	115108397	3	2
TCGA-CV-7423-a	14	19002124	48316975	2	1
TCGA-CV-7423-a	14	48323142	49008805	2	0
TCGA-CV-7423-a	14	49009864	78997624	2	1
TCGA-CV-7423-a	14	78998012	88295600	2	2
TCGA-CV-7423-a	14	88295903	107285437	2	1
TCGA-CV-7423-a	15	20016328	26278411	4	1
TCGA-CV-7423-a	15	26278561	32350251	5	1
TCGA-CV-7423-a	15	32350464	33187397	7	1
TCGA-CV-7423-a	15	33192352	102469040	3	1
TCGA-CV-7423-a	16	60777	24275655	5	0
TCGA-CV-7423-a	16	24276288	30155327	5	2
TCGA-CV-7423-a	16	30159469	72148629	5	1
TCGA-CV-7423-a	16	72154187	72332787	3	1
TCGA-CV-7423-a	16	72334370	90287535	5	1
TCGA-CV-7423-a	17	526	16109675	2	0
TCGA-CV-7423-a	17	16117862	17299591	2	2
TCGA-CV-7423-a	17	17300368	21508894	2	0
TCGA-CV-7423-a	17	21513022	50169499	2	2
TCGA-CV-7423-a	17	50170182	54100484	3	2
TCGA-CV-7423-a	17	54101958	67345328	2	2
TCGA-CV-7423-a	17	67348164	69933936	3	2
TCGA-CV-7423-a	17	69934431	81049726	2	2
TCGA-CV-7423-a	18	48133	18546748	2	2
TCGA-CV-7423-a	18	18548205	20700525	3	2
TCGA-CV-7423-a	18	20700799	78015057	2	0
TCGA-CV-7423-a	19	90910	59097854	2	2
TCGA-CV-7423-a	20	61305	62956153	4	2
TCGA-CV-7423-a	21	10736871	22347039	4	0
TCGA-CV-7423-a	21	22348115	24832016	3	0
TCGA-CV-7423-a	21	24832028	48096957	4	0
TCGA-CV-7423-a	22	16052528	31951493	3	2
TCGA-CV-7423-a	22	31951515	38283605	2	1
TCGA-CV-7423-a	22	38284282	51234455	2	2
TCGA-CV-7423-a	X	168477	2694240	4	2
TCGA-CV-7423-a	X	2703391	25498539	2	0
TCGA-CV-7423-a	X	25498586	36329035	3	0
TCGA-CV-7423-a	X	36330646	154928724	2	0
TCGA-CV-7423-a	X	154928902	155233846	3	0
