sample	chr	startpos	endpos	nMajor	nMinor
TCGA-60-2715	1	61735	121482979	1	0
TCGA-60-2715	1	144007049	154505886	4	1
TCGA-60-2715	1	154506449	161446128	1	1
TCGA-60-2715	1	161446131	164066676	3	1
TCGA-60-2715	1	164067167	171934033	1	1
TCGA-60-2715	1	171936722	173541768	3	1
TCGA-60-2715	1	173542017	214739389	1	1
TCGA-60-2715	1	214741999	249224388	2	1
TCGA-60-2715	2	12784	45565550	1	1
TCGA-60-2715	2	45566389	46049849	12	1
TCGA-60-2715	2	46050621	48714302	17	0
TCGA-60-2715	2	48714938	54849284	1	1
TCGA-60-2715	2	54849508	60529659	3	1
TCGA-60-2715	2	60530170	60887434	16	1
TCGA-60-2715	2	60889602	61260327	10	1
TCGA-60-2715	2	61262134	78736009	1	1
TCGA-60-2715	2	78746201	85106418	2	1
TCGA-60-2715	2	85118430	86154004	5	0
TCGA-60-2715	2	86155271	86738324	11	1
TCGA-60-2715	2	86750619	243089456	1	0
TCGA-60-2715	3	60345	93520016	1	0
TCGA-60-2715	3	93523357	145127813	2	2
TCGA-60-2715	3	145132695	180434662	2	1
TCGA-60-2715	3	180437487	185797644	11	1
TCGA-60-2715	3	185799615	192089178	1	0
TCGA-60-2715	3	192090624	197896118	2	0
TCGA-60-2715	4	12281	49579167	1	0
TCGA-60-2715	4	49584109	52685993	3	0
TCGA-60-2715	4	52686044	52745082	4	0
TCGA-60-2715	4	52745959	55359457	9	1
TCGA-60-2715	4	55360425	62069055	6	1
TCGA-60-2715	4	62069356	74617282	1	0
TCGA-60-2715	4	74617654	191027923	3	0
TCGA-60-2715	5	15532	32545827	2	1
TCGA-60-2715	5	32548205	37448383	1	0
TCGA-60-2715	5	37449223	44541598	2	1
TCGA-60-2715	5	44542145	112398526	1	0
TCGA-60-2715	5	112398770	112744498	0	0
TCGA-60-2715	5	112746402	180790320	1	0
TCGA-60-2715	6	149661	62004761	3	0
TCGA-60-2715	6	62004928	64926338	3	1
TCGA-60-2715	6	64928789	67177952	1	1
TCGA-60-2715	6	67178173	68201144	3	1
TCGA-60-2715	6	68201373	78054631	1	1
TCGA-60-2715	6	78054943	171051005	1	0
TCGA-60-2715	7	43259	52719652	2	0
TCGA-60-2715	7	52719712	57595542	1	0
TCGA-60-2715	7	57597142	159127004	1	1
TCGA-60-2715	8	31254	5491721	1	1
TCGA-60-2715	8	5491824	40353117	1	0
TCGA-60-2715	8	40355155	126197886	1	1
TCGA-60-2715	8	126198318	146298155	2	1
TCGA-60-2715	9	46587	141091394	1	0
TCGA-60-2715	10	72759	135506704	1	0
TCGA-60-2715	11	198572	47874459	1	0
TCGA-60-2715	11	47877800	51238712	2	1
TCGA-60-2715	11	51267021	60477449	1	0
TCGA-60-2715	11	60481076	68832730	1	1
TCGA-60-2715	11	68842491	70678742	11	1
TCGA-60-2715	11	70680871	70752304	19	2
TCGA-60-2715	11	70753015	91258303	2	1
TCGA-60-2715	11	91260969	102999450	2	2
TCGA-60-2715	11	103002481	134944770	1	0
TCGA-60-2715	12	150442	30943898	1	0
TCGA-60-2715	12	30945379	133778189	1	1
TCGA-60-2715	13	19026949	115108397	1	0
TCGA-60-2715	14	19002124	22351670	2	1
TCGA-60-2715	14	22354103	100067184	1	1
TCGA-60-2715	14	100068118	107285437	2	0
TCGA-60-2715	15	20016328	32510092	2	1
TCGA-60-2715	15	32510210	102469040	1	1
TCGA-60-2715	16	60777	12506460	1	1
TCGA-60-2715	16	12506846	35283226	2	1
TCGA-60-2715	16	46463782	78940404	1	1
TCGA-60-2715	16	78940747	79115931	3	1
TCGA-60-2715	16	79115961	82405374	1	1
TCGA-60-2715	16	82406142	82704082	3	0
TCGA-60-2715	16	82704581	90287535	1	1
TCGA-60-2715	17	526	42981862	1	1
TCGA-60-2715	17	42982288	81049726	2	1
TCGA-60-2715	18	48133	19944292	1	1
TCGA-60-2715	18	19945710	20680292	2	2
TCGA-60-2715	18	20681207	78015057	1	0
TCGA-60-2715	19	90910	28501393	1	1
TCGA-60-2715	19	28501523	59097854	1	0
TCGA-60-2715	20	61305	10410080	2	1
TCGA-60-2715	20	10410320	13289134	2	2
TCGA-60-2715	20	13289154	29850835	2	1
TCGA-60-2715	20	29851154	62956153	1	1
TCGA-60-2715	21	10736871	48096957	1	0
TCGA-60-2715	22	16052528	51234455	1	1
TCGA-60-2715	X	168477	351516	2	1
TCGA-60-2715	X	353979	2703391	1	0
TCGA-60-2715	X	2703633	19596330	2	0
TCGA-60-2715	X	19599813	154827799	1	0
TCGA-60-2715	X	154828920	155233846	0	0
