sample	chr	startpos	endpos	nMajor	nMinor
TCGA-37-A5EN	1	61735	95062066	2	0
TCGA-37-A5EN	1	95069671	95177994	21	0
TCGA-37-A5EN	1	95183647	95346659	3	0
TCGA-37-A5EN	1	95346830	121482979	2	0
TCGA-37-A5EN	1	144007049	249224388	3	2
TCGA-37-A5EN	2	12784	3792129	2	1
TCGA-37-A5EN	2	3793243	95383280	4	1
TCGA-37-A5EN	2	95384902	243089456	2	1
TCGA-37-A5EN	3	60345	60388322	2	0
TCGA-37-A5EN	3	60391557	62764989	2	2
TCGA-37-A5EN	3	62772000	65010894	5	2
TCGA-37-A5EN	3	65018524	66395353	2	1
TCGA-37-A5EN	3	66396845	93548499	2	0
TCGA-37-A5EN	3	93551545	93646209	13	2
TCGA-37-A5EN	3	93647232	117698544	5	2
TCGA-37-A5EN	3	117698800	138745254	2	1
TCGA-37-A5EN	3	138751315	179885979	4	3
TCGA-37-A5EN	3	179886756	180550724	39	4
TCGA-37-A5EN	3	180551175	182060002	17	5
TCGA-37-A5EN	3	182061541	186928520	11	4
TCGA-37-A5EN	3	186930861	192000599	5	0
TCGA-37-A5EN	3	192000937	197896118	4	0
TCGA-37-A5EN	4	12281	13276925	1	1
TCGA-37-A5EN	4	13277080	38752985	1	0
TCGA-37-A5EN	4	38753177	39429130	5	0
TCGA-37-A5EN	4	39430969	191027923	2	0
TCGA-37-A5EN	5	15532	8960849	2	0
TCGA-37-A5EN	5	8960917	9694668	2	1
TCGA-37-A5EN	5	9695192	180790320	2	0
TCGA-37-A5EN	6	149661	38854344	2	0
TCGA-37-A5EN	6	38857299	44604869	4	2
TCGA-37-A5EN	6	44605066	55068994	2	2
TCGA-37-A5EN	6	55074274	171051005	2	1
TCGA-37-A5EN	7	43259	12601594	3	2
TCGA-37-A5EN	7	12602435	39930518	2	2
TCGA-37-A5EN	7	39930679	86101106	3	2
TCGA-37-A5EN	7	86103733	159127004	2	2
TCGA-37-A5EN	8	31254	31588778	1	1
TCGA-37-A5EN	8	31591007	33544309	2	1
TCGA-37-A5EN	8	33546686	43078894	6	3
TCGA-37-A5EN	8	43078988	64692787	2	1
TCGA-37-A5EN	8	64693006	68967247	3	1
TCGA-37-A5EN	8	68967380	110133495	2	1
TCGA-37-A5EN	8	110134438	111119829	4	1
TCGA-37-A5EN	8	111120656	146298155	2	2
TCGA-37-A5EN	9	46587	20934400	2	0
TCGA-37-A5EN	9	20937708	24332239	0	0
TCGA-37-A5EN	9	24332883	25725318	10	0
TCGA-37-A5EN	9	25730006	26774412	15	0
TCGA-37-A5EN	9	26775374	30635921	5	0
TCGA-37-A5EN	9	30636126	47217176	5	2
TCGA-37-A5EN	9	65616971	141091394	2	1
TCGA-37-A5EN	10	72759	127497395	2	1
TCGA-37-A5EN	10	127497915	135506704	2	2
TCGA-37-A5EN	11	198572	21982393	1	1
TCGA-37-A5EN	11	21982408	32442782	2	1
TCGA-37-A5EN	11	32442817	33695404	3	2
TCGA-37-A5EN	11	33695538	37362281	2	2
TCGA-37-A5EN	11	37366973	40959145	2	1
TCGA-37-A5EN	11	40960169	59032628	2	2
TCGA-37-A5EN	11	59032957	68958660	2	1
TCGA-37-A5EN	11	68959689	70356038	2	2
TCGA-37-A5EN	11	70356340	134944770	2	1
TCGA-37-A5EN	12	150442	8907196	2	0
TCGA-37-A5EN	12	8908969	10226238	4	0
TCGA-37-A5EN	12	10226463	14052463	2	0
TCGA-37-A5EN	12	14061569	17637071	4	0
TCGA-37-A5EN	12	17637904	23699646	5	0
TCGA-37-A5EN	12	23700293	24935982	6	0
TCGA-37-A5EN	12	24938781	30704139	4	0
TCGA-37-A5EN	12	30705384	31575589	2	0
TCGA-37-A5EN	12	31576293	32536155	9	2
TCGA-37-A5EN	12	32542465	33938587	3	0
TCGA-37-A5EN	12	33940823	70797917	2	2
TCGA-37-A5EN	12	70798343	133778189	2	1
TCGA-37-A5EN	13	19026949	76098918	2	2
TCGA-37-A5EN	13	76104670	90961697	2	1
TCGA-37-A5EN	13	90965928	111254341	2	2
TCGA-37-A5EN	13	111254499	115108397	2	1
TCGA-37-A5EN	14	19002124	49571257	2	1
TCGA-37-A5EN	14	49572227	50773919	3	1
TCGA-37-A5EN	14	50777088	53763892	5	1
TCGA-37-A5EN	14	53764521	76998961	1	1
TCGA-37-A5EN	14	77002627	107285437	2	1
TCGA-37-A5EN	15	20016328	30606261	1	1
TCGA-37-A5EN	15	30606503	79797683	3	1
TCGA-37-A5EN	15	79799971	102469040	2	2
TCGA-37-A5EN	16	60777	10815473	2	2
TCGA-37-A5EN	16	10816173	35283226	2	1
TCGA-37-A5EN	16	46463782	58199490	2	2
TCGA-37-A5EN	16	58200973	61014539	3	2
TCGA-37-A5EN	16	61015383	64113855	2	1
TCGA-37-A5EN	16	64113923	68520533	3	2
TCGA-37-A5EN	16	68521859	90287535	1	1
TCGA-37-A5EN	17	526	22235650	2	0
TCGA-37-A5EN	17	25270411	81049726	2	2
TCGA-37-A5EN	18	48133	8364107	2	2
TCGA-37-A5EN	18	8364598	78015057	2	1
TCGA-37-A5EN	19	90910	11604230	2	0
TCGA-37-A5EN	19	11608086	12766299	5	2
TCGA-37-A5EN	19	12766370	16628954	3	2
TCGA-37-A5EN	19	16629189	18087211	6	2
TCGA-37-A5EN	19	18097423	24505062	2	0
TCGA-37-A5EN	19	24505637	29002435	2	1
TCGA-37-A5EN	19	29003484	29790832	2	0
TCGA-37-A5EN	19	29791014	30651489	2	2
TCGA-37-A5EN	19	30654740	30727660	3	2
TCGA-37-A5EN	19	30729334	30996436	8	2
TCGA-37-A5EN	19	30996525	31898595	12	2
TCGA-37-A5EN	19	31899167	32903948	8	2
TCGA-37-A5EN	19	32904199	35890684	14	2
TCGA-37-A5EN	19	35891254	39482116	10	2
TCGA-37-A5EN	19	39482669	56412727	2	0
TCGA-37-A5EN	19	56413212	59059729	8	2
TCGA-37-A5EN	19	59061357	59097854	21	0
TCGA-37-A5EN	20	61305	62956153	2	2
TCGA-37-A5EN	21	10736871	48096957	2	0
TCGA-37-A5EN	22	16052528	51234455	2	2
TCGA-37-A5EN	X	168477	2694240	2	1
TCGA-37-A5EN	X	2703391	93371737	2	0
TCGA-37-A5EN	X	93380470	100079530	0	0
TCGA-37-A5EN	X	100087557	155233846	2	0
