sample	chr	startpos	endpos	nMajor	nMinor
TCGA-XJ-A83H	1	61735	249224388	1	1
TCGA-XJ-A83H	2	12784	243089456	1	1
TCGA-XJ-A83H	3	60345	102036048	1	1
TCGA-XJ-A83H	3	102037685	103901733	1	0
TCGA-XJ-A83H	3	103909377	197896118	1	1
TCGA-XJ-A83H	4	12281	191027923	1	1
TCGA-XJ-A83H	5	15532	22296872	1	1
TCGA-XJ-A83H	5	22297525	24013567	1	0
TCGA-XJ-A83H	5	24014157	180790320	1	1
TCGA-XJ-A83H	6	149661	84795186	1	1
TCGA-XJ-A83H	6	84795217	95347041	1	0
TCGA-XJ-A83H	6	95350770	171051005	1	1
TCGA-XJ-A83H	7	43259	159127004	1	1
TCGA-XJ-A83H	8	31254	41641624	1	0
TCGA-XJ-A83H	8	41641934	146298155	1	1
TCGA-XJ-A83H	9	46587	141091394	1	1
TCGA-XJ-A83H	10	72759	135506704	1	1
TCGA-XJ-A83H	11	198572	134944770	1	1
TCGA-XJ-A83H	12	150442	34482933	1	0
TCGA-XJ-A83H	12	34483140	133778189	1	1
TCGA-XJ-A83H	13	19026949	48507625	1	1
TCGA-XJ-A83H	13	48508103	52170980	1	0
TCGA-XJ-A83H	13	52171121	115108397	1	1
TCGA-XJ-A83H	14	19002124	21442081	1	0
TCGA-XJ-A83H	14	21448549	22410651	1	1
TCGA-XJ-A83H	14	22413785	22988571	2	1
TCGA-XJ-A83H	14	22993720	37078565	1	1
TCGA-XJ-A83H	14	37081053	38176246	2	1
TCGA-XJ-A83H	14	38178779	107285437	1	1
TCGA-XJ-A83H	15	20016328	102469040	1	1
TCGA-XJ-A83H	16	60777	28984971	1	1
TCGA-XJ-A83H	16	28985836	31942916	1	0
TCGA-XJ-A83H	16	31943135	35283226	1	1
TCGA-XJ-A83H	16	46463782	90287535	1	0
TCGA-XJ-A83H	17	526	81049726	1	1
TCGA-XJ-A83H	18	48133	63949357	1	1
TCGA-XJ-A83H	18	63953723	64403078	1	0
TCGA-XJ-A83H	18	64410841	65636753	1	1
TCGA-XJ-A83H	18	65638804	65736295	1	0
TCGA-XJ-A83H	18	65736784	78015057	1	1
TCGA-XJ-A83H	19	90910	59097854	1	1
TCGA-XJ-A83H	20	61305	62956153	1	1
TCGA-XJ-A83H	21	10736871	48096957	1	1
TCGA-XJ-A83H	22	16052528	51234455	1	1
TCGA-XJ-A83H	X	168477	2703391	1	1
TCGA-XJ-A83H	X	2703633	154929308	1	0
TCGA-XJ-A83H	X	154929498	155233846	1	1
