sample	chr	startpos	endpos	nMajor	nMinor
TCGA-2G-AAM4	1	61735	114095838	1	1
TCGA-2G-AAM4	1	114095931	115236448	2	1
TCGA-2G-AAM4	1	115245446	117124466	1	1
TCGA-2G-AAM4	1	117126968	119583968	2	1
TCGA-2G-AAM4	1	119585726	120909365	1	1
TCGA-2G-AAM4	1	120917063	249224388	2	1
TCGA-2G-AAM4	2	12784	106501041	2	1
TCGA-2G-AAM4	2	106503698	243089456	1	1
TCGA-2G-AAM4	3	60345	197896118	2	0
TCGA-2G-AAM4	4	12281	191027923	2	0
TCGA-2G-AAM4	5	15532	180790320	2	0
TCGA-2G-AAM4	6	149661	15256571	2	1
TCGA-2G-AAM4	6	15257068	15440339	1	0
TCGA-2G-AAM4	6	15440377	15455394	2	0
TCGA-2G-AAM4	6	15455407	171051005	2	1
TCGA-2G-AAM4	7	43259	159127004	2	1
TCGA-2G-AAM4	8	31254	65073605	2	1
TCGA-2G-AAM4	8	65074004	96976987	3	1
TCGA-2G-AAM4	8	96977607	100052501	2	1
TCGA-2G-AAM4	8	100057238	146298155	1	1
TCGA-2G-AAM4	9	46587	47217176	1	1
TCGA-2G-AAM4	9	65616971	91263519	3	0
TCGA-2G-AAM4	9	91268541	91441754	1	0
TCGA-2G-AAM4	9	91442467	141091394	3	0
TCGA-2G-AAM4	10	72759	3051579	1	1
TCGA-2G-AAM4	10	3052170	3056078	1	0
TCGA-2G-AAM4	10	3056850	135506704	1	1
TCGA-2G-AAM4	11	198572	57670246	1	1
TCGA-2G-AAM4	11	57675410	58585644	1	0
TCGA-2G-AAM4	11	58596910	134944770	1	1
TCGA-2G-AAM4	12	150442	34854498	6	2
TCGA-2G-AAM4	12	37857751	133778189	2	1
TCGA-2G-AAM4	13	19026949	115108397	1	1
TCGA-2G-AAM4	14	19002124	107285437	2	1
TCGA-2G-AAM4	15	20016328	102469040	1	1
TCGA-2G-AAM4	16	60777	90287535	1	1
TCGA-2G-AAM4	17	526	159137	3	0
TCGA-2G-AAM4	17	159783	81049726	2	1
TCGA-2G-AAM4	18	48133	78015057	1	1
TCGA-2G-AAM4	19	90910	24507154	2	1
TCGA-2G-AAM4	19	24507167	31862984	1	1
TCGA-2G-AAM4	19	31865119	31910838	1	0
TCGA-2G-AAM4	19	31911129	59097854	1	1
TCGA-2G-AAM4	20	61305	24233438	1	1
TCGA-2G-AAM4	20	24234028	62956153	2	1
TCGA-2G-AAM4	21	10736871	48096957	2	2
TCGA-2G-AAM4	22	16052528	37546733	2	1
TCGA-2G-AAM4	22	37547189	51234455	1	1
TCGA-2G-AAM4	X	168477	2686502	2	1
TCGA-2G-AAM4	X	2688542	81044885	4	1
TCGA-2G-AAM4	X	81046670	94622080	3	1
TCGA-2G-AAM4	X	94622531	113603918	4	1
TCGA-2G-AAM4	X	113604384	113627934	2	0
TCGA-2G-AAM4	X	113628144	113636376	1	0
TCGA-2G-AAM4	X	113637326	155233846	4	1
