sample	chr	startpos	endpos	nMajor	nMinor
TCGA-DX-AB3A	1	61735	49643801	1	1
TCGA-DX-AB3A	1	49646292	50058720	8	1
TCGA-DX-AB3A	1	50059967	53192746	14	1
TCGA-DX-AB3A	1	53193576	53852516	5	1
TCGA-DX-AB3A	1	53857444	54566190	7	1
TCGA-DX-AB3A	1	54566310	54745467	3	1
TCGA-DX-AB3A	1	54745528	55308570	1	1
TCGA-DX-AB3A	1	55308586	55347879	2	1
TCGA-DX-AB3A	1	55353939	58803487	1	1
TCGA-DX-AB3A	1	58806621	59343096	11	1
TCGA-DX-AB3A	1	59345607	59488023	6	1
TCGA-DX-AB3A	1	59488796	59962247	2	1
TCGA-DX-AB3A	1	59964314	60398858	8	1
TCGA-DX-AB3A	1	60400325	61767070	4	1
TCGA-DX-AB3A	1	61767141	65104197	9	1
TCGA-DX-AB3A	1	65111282	66226895	3	1
TCGA-DX-AB3A	1	66237666	66421309	1	1
TCGA-DX-AB3A	1	66421868	67002765	7	1
TCGA-DX-AB3A	1	67003917	67206312	2	1
TCGA-DX-AB3A	1	67211887	68764660	1	1
TCGA-DX-AB3A	1	68767547	68932362	3	2
TCGA-DX-AB3A	1	68933744	71774984	1	1
TCGA-DX-AB3A	1	71777263	71927494	3	1
TCGA-DX-AB3A	1	71928110	72155459	11	2
TCGA-DX-AB3A	1	72156476	72395953	1	1
TCGA-DX-AB3A	1	72398618	72550583	2	1
TCGA-DX-AB3A	1	72558576	73026220	5	1
TCGA-DX-AB3A	1	73029613	73933682	3	1
TCGA-DX-AB3A	1	73933687	74148667	5	2
TCGA-DX-AB3A	1	74151316	74588143	4	1
TCGA-DX-AB3A	1	74603536	75004875	5	1
TCGA-DX-AB3A	1	75005067	76118354	4	1
TCGA-DX-AB3A	1	76118885	96867919	1	1
TCGA-DX-AB3A	1	96869933	97034312	4	1
TCGA-DX-AB3A	1	97036955	146753340	1	1
TCGA-DX-AB3A	1	146753983	146783569	18	6
TCGA-DX-AB3A	1	146790963	146924840	3	1
TCGA-DX-AB3A	1	146925302	147161036	18	1
TCGA-DX-AB3A	1	147167893	147282207	12	2
TCGA-DX-AB3A	1	147283544	152996161	1	1
TCGA-DX-AB3A	1	153000714	153135459	19	7
TCGA-DX-AB3A	1	153136370	153220716	5	1
TCGA-DX-AB3A	1	153223549	153364130	2	0
TCGA-DX-AB3A	1	153365548	153466514	6	1
TCGA-DX-AB3A	1	153466704	153516358	17	6
TCGA-DX-AB3A	1	153518008	159971396	1	1
TCGA-DX-AB3A	1	159971784	160010151	7	3
TCGA-DX-AB3A	1	160012128	169843609	1	1
TCGA-DX-AB3A	1	169844317	169949913	4	2
TCGA-DX-AB3A	1	169950353	175866247	1	1
TCGA-DX-AB3A	1	175866321	175999700	20	9
TCGA-DX-AB3A	1	176000113	183811400	1	1
TCGA-DX-AB3A	1	183811777	183882832	8	3
TCGA-DX-AB3A	1	183884460	193620816	1	1
TCGA-DX-AB3A	1	193623669	249224388	1	0
TCGA-DX-AB3A	2	12784	9849528	1	0
TCGA-DX-AB3A	2	9850338	102674440	1	1
TCGA-DX-AB3A	2	102676129	110447577	2	1
TCGA-DX-AB3A	2	110447744	123293688	1	1
TCGA-DX-AB3A	2	123297807	126367153	2	1
TCGA-DX-AB3A	2	126368943	169117041	1	1
TCGA-DX-AB3A	2	169120432	169359453	2	1
TCGA-DX-AB3A	2	169361038	175485557	1	1
TCGA-DX-AB3A	2	175488537	175924511	7	1
TCGA-DX-AB3A	2	175928288	176095827	2	1
TCGA-DX-AB3A	2	176096490	179958523	1	1
TCGA-DX-AB3A	2	179962845	180359418	2	1
TCGA-DX-AB3A	2	180368062	184997066	1	1
TCGA-DX-AB3A	2	184997124	185054867	3	1
TCGA-DX-AB3A	2	185055727	190497586	1	1
TCGA-DX-AB3A	2	190497896	190553293	1	0
TCGA-DX-AB3A	2	190556898	190989226	3	1
TCGA-DX-AB3A	2	190993673	243089456	1	1
TCGA-DX-AB3A	3	60345	94040897	1	1
TCGA-DX-AB3A	3	94043391	94097686	9	5
TCGA-DX-AB3A	3	94105543	94227094	1	1
TCGA-DX-AB3A	3	94229960	94299512	9	4
TCGA-DX-AB3A	3	94315079	130898228	1	1
TCGA-DX-AB3A	3	130899418	131081617	9	5
TCGA-DX-AB3A	3	131082104	144675582	1	1
TCGA-DX-AB3A	3	144681176	144780608	6	3
TCGA-DX-AB3A	3	144781322	197896118	1	1
TCGA-DX-AB3A	4	12281	7418017	1	1
TCGA-DX-AB3A	4	7420575	7466466	5	2
TCGA-DX-AB3A	4	7466980	11778989	1	1
TCGA-DX-AB3A	4	11779293	12249694	16	1
TCGA-DX-AB3A	4	12253996	13298357	1	1
TCGA-DX-AB3A	4	13298944	13634755	6	3
TCGA-DX-AB3A	4	13636885	191027923	1	1
TCGA-DX-AB3A	5	15532	9799485	1	1
TCGA-DX-AB3A	5	9807723	9916491	7	3
TCGA-DX-AB3A	5	9917328	40445695	1	1
TCGA-DX-AB3A	5	40447291	40557885	6	3
TCGA-DX-AB3A	5	40561097	111769271	1	1
TCGA-DX-AB3A	5	111770880	112116584	10	1
TCGA-DX-AB3A	5	112116773	112926875	1	1
TCGA-DX-AB3A	5	112927686	113556298	9	1
TCGA-DX-AB3A	5	113558897	114530301	13	1
TCGA-DX-AB3A	5	114533832	115712455	16	1
TCGA-DX-AB3A	5	115713000	116225919	10	1
TCGA-DX-AB3A	5	116227207	117223317	15	1
TCGA-DX-AB3A	5	117227611	119230059	1	1
TCGA-DX-AB3A	5	119230991	119243084	6	6
TCGA-DX-AB3A	5	119250359	166645273	1	1
TCGA-DX-AB3A	5	166645422	166821903	2	1
TCGA-DX-AB3A	5	166823638	168593477	1	1
TCGA-DX-AB3A	5	168595665	169429058	3	1
TCGA-DX-AB3A	5	169433299	169974484	2	1
TCGA-DX-AB3A	5	169978258	170736044	1	1
TCGA-DX-AB3A	5	170747292	170920703	5	2
TCGA-DX-AB3A	5	170924989	171282194	1	1
TCGA-DX-AB3A	5	171283740	171421015	5	3
TCGA-DX-AB3A	5	171423122	173304641	1	1
TCGA-DX-AB3A	5	173306503	173730358	4	1
TCGA-DX-AB3A	5	173730624	173848225	10	1
TCGA-DX-AB3A	5	173853420	174020823	6	1
TCGA-DX-AB3A	5	174020862	174443500	9	1
TCGA-DX-AB3A	5	174443722	174750526	15	1
TCGA-DX-AB3A	5	174750605	175070563	9	1
TCGA-DX-AB3A	5	175074644	176685307	6	1
TCGA-DX-AB3A	5	176687304	180790320	1	1
TCGA-DX-AB3A	6	149661	513470	1	0
TCGA-DX-AB3A	6	514991	1795549	3	1
TCGA-DX-AB3A	6	1796604	3760130	2	1
TCGA-DX-AB3A	6	3762272	6146650	1	1
TCGA-DX-AB3A	6	6148267	6874708	2	1
TCGA-DX-AB3A	6	6879195	7543783	1	1
TCGA-DX-AB3A	6	7543987	12737434	2	1
TCGA-DX-AB3A	6	12739711	17267392	1	1
TCGA-DX-AB3A	6	17267608	18445750	2	1
TCGA-DX-AB3A	6	18445794	24256771	1	1
TCGA-DX-AB3A	6	24268753	24418216	2	1
TCGA-DX-AB3A	6	24420376	35600377	1	1
TCGA-DX-AB3A	6	35606483	36262991	6	3
TCGA-DX-AB3A	6	36266079	171051005	1	1
TCGA-DX-AB3A	7	43259	40791907	1	0
TCGA-DX-AB3A	7	40795826	40824008	3	0
TCGA-DX-AB3A	7	40824507	42009812	2	1
TCGA-DX-AB3A	7	42010230	49233299	1	0
TCGA-DX-AB3A	7	49234311	49549949	3	1
TCGA-DX-AB3A	7	49555700	50937794	4	1
TCGA-DX-AB3A	7	50938206	52389025	2	1
TCGA-DX-AB3A	7	52393850	53983666	4	1
TCGA-DX-AB3A	7	53984135	144673883	1	1
TCGA-DX-AB3A	7	144674519	144813088	1	0
TCGA-DX-AB3A	7	144813377	159127004	1	1
TCGA-DX-AB3A	8	31254	34761741	1	1
TCGA-DX-AB3A	8	34767104	35101973	5	2
TCGA-DX-AB3A	8	35107965	146298155	1	1
TCGA-DX-AB3A	9	46587	1391887	0	0
TCGA-DX-AB3A	9	1395617	3813756	1	0
TCGA-DX-AB3A	9	3821400	4684967	0	0
TCGA-DX-AB3A	9	4686223	47217176	1	0
TCGA-DX-AB3A	9	65616971	141091394	1	1
TCGA-DX-AB3A	10	72759	135506704	1	1
TCGA-DX-AB3A	11	198572	7491479	1	0
TCGA-DX-AB3A	11	7500159	8172315	10	1
TCGA-DX-AB3A	11	8172710	8252441	20	2
TCGA-DX-AB3A	11	8253143	8644963	12	1
TCGA-DX-AB3A	11	8645260	8813941	4	1
TCGA-DX-AB3A	11	8815599	134944770	1	1
TCGA-DX-AB3A	12	150442	30781912	2	1
TCGA-DX-AB3A	12	30782076	34142799	1	1
TCGA-DX-AB3A	12	34144954	34328567	3	1
TCGA-DX-AB3A	12	34332314	53952068	1	1
TCGA-DX-AB3A	12	53957600	54047818	6	3
TCGA-DX-AB3A	12	54047935	57945860	1	1
TCGA-DX-AB3A	12	57955223	57978740	11	10
TCGA-DX-AB3A	12	57978918	58251657	20	0
TCGA-DX-AB3A	12	58256010	61977815	1	1
TCGA-DX-AB3A	12	61983118	62160078	9	4
TCGA-DX-AB3A	12	62160347	62198271	27	11
TCGA-DX-AB3A	12	62202570	63162879	1	1
TCGA-DX-AB3A	12	63163019	63316003	12	5
TCGA-DX-AB3A	12	63319039	63876299	1	1
TCGA-DX-AB3A	12	63877085	64065298	11	5
TCGA-DX-AB3A	12	64073227	65232833	1	1
TCGA-DX-AB3A	12	65234761	65379967	7	4
TCGA-DX-AB3A	12	65380446	66167654	1	1
TCGA-DX-AB3A	12	66174856	66362673	17	3
TCGA-DX-AB3A	12	66363070	66466951	8	1
TCGA-DX-AB3A	12	66469850	66521687	20	1
TCGA-DX-AB3A	12	66525278	66594116	6	1
TCGA-DX-AB3A	12	66594134	66670087	3	2
TCGA-DX-AB3A	12	66673432	68222381	1	1
TCGA-DX-AB3A	12	68223224	68255932	15	7
TCGA-DX-AB3A	12	68257039	68275494	10	5
TCGA-DX-AB3A	12	68279110	68560645	1	1
TCGA-DX-AB3A	12	68564364	68589907	19	9
TCGA-DX-AB3A	12	68589948	69004215	1	1
TCGA-DX-AB3A	12	69011460	69374949	30	2
TCGA-DX-AB3A	12	69375205	69821414	1	1
TCGA-DX-AB3A	12	69824024	70556739	25	2
TCGA-DX-AB3A	12	70558948	70693138	2	0
TCGA-DX-AB3A	12	70700268	70771661	30	0
TCGA-DX-AB3A	12	70774378	70786819	3	0
TCGA-DX-AB3A	12	70788821	71425081	1	1
TCGA-DX-AB3A	12	71426527	71661997	15	1
TCGA-DX-AB3A	12	71663102	71743667	2	0
TCGA-DX-AB3A	12	71747881	71940476	22	5
TCGA-DX-AB3A	12	71940572	71990605	14	13
TCGA-DX-AB3A	12	71990898	73355585	1	1
TCGA-DX-AB3A	12	73355620	73442704	27	2
TCGA-DX-AB3A	12	73444425	73470745	23	2
TCGA-DX-AB3A	12	73477968	73802589	12	1
TCGA-DX-AB3A	12	73816501	74147159	4	1
TCGA-DX-AB3A	12	74147250	75019324	2	1
TCGA-DX-AB3A	12	75021060	75107458	9	4
TCGA-DX-AB3A	12	75107510	75713292	1	1
TCGA-DX-AB3A	12	75713693	75764705	16	5
TCGA-DX-AB3A	12	75765421	75850085	15	5
TCGA-DX-AB3A	12	75852841	76028504	2	0
TCGA-DX-AB3A	12	76034992	76041425	14	5
TCGA-DX-AB3A	12	76042692	76064228	12	4
TCGA-DX-AB3A	12	76064308	76115182	11	4
TCGA-DX-AB3A	12	76119142	76143863	15	5
TCGA-DX-AB3A	12	76146674	76251581	2	1
TCGA-DX-AB3A	12	76252610	76314430	12	4
TCGA-DX-AB3A	12	76318912	76523969	2	1
TCGA-DX-AB3A	12	76528958	76580689	21	7
TCGA-DX-AB3A	12	76580798	76635129	6	2
TCGA-DX-AB3A	12	76640823	76754960	1	1
TCGA-DX-AB3A	12	76763731	76940022	5	5
TCGA-DX-AB3A	12	76948304	77545863	1	1
TCGA-DX-AB3A	12	77546648	77616605	28	0
TCGA-DX-AB3A	12	77618767	85542286	1	1
TCGA-DX-AB3A	12	85544429	85767668	20	7
TCGA-DX-AB3A	12	85775414	85791832	21	21
TCGA-DX-AB3A	12	85798512	127231835	1	1
TCGA-DX-AB3A	12	127231896	133778189	1	0
TCGA-DX-AB3A	13	19026949	115108397	1	1
TCGA-DX-AB3A	14	19002124	107285437	1	1
TCGA-DX-AB3A	15	20016328	102469040	1	1
TCGA-DX-AB3A	16	60777	27041776	1	0
TCGA-DX-AB3A	16	27042403	27239514	1	1
TCGA-DX-AB3A	16	27242492	29335735	3	1
TCGA-DX-AB3A	16	29337127	90287535	1	1
TCGA-DX-AB3A	17	526	26649867	1	1
TCGA-DX-AB3A	17	26658162	33049614	1	0
TCGA-DX-AB3A	17	33052658	33576894	1	1
TCGA-DX-AB3A	17	33580369	39038334	1	0
TCGA-DX-AB3A	17	39040386	39110920	7	2
TCGA-DX-AB3A	17	39112404	39389311	1	1
TCGA-DX-AB3A	17	39389918	40366350	1	0
TCGA-DX-AB3A	17	40367941	40797461	1	1
TCGA-DX-AB3A	17	40799074	46405435	1	0
TCGA-DX-AB3A	17	46408472	46697758	1	1
TCGA-DX-AB3A	17	46699851	48320115	2	1
TCGA-DX-AB3A	17	48326312	48643715	1	1
TCGA-DX-AB3A	17	48644537	49452209	4	1
TCGA-DX-AB3A	17	49453555	50632520	7	1
TCGA-DX-AB3A	17	50634628	51377639	2	1
TCGA-DX-AB3A	17	51378130	51983383	1	1
TCGA-DX-AB3A	17	51983821	52580311	3	1
TCGA-DX-AB3A	17	52590097	52645863	1	0
TCGA-DX-AB3A	17	52646103	52886055	6	1
TCGA-DX-AB3A	17	52886167	52948589	1	0
TCGA-DX-AB3A	17	52948610	52975219	8	1
TCGA-DX-AB3A	17	52978674	53220220	1	0
TCGA-DX-AB3A	17	53223299	54431367	1	1
TCGA-DX-AB3A	17	54432083	54988151	2	1
TCGA-DX-AB3A	17	54993355	55356187	5	1
TCGA-DX-AB3A	17	55356209	56443943	4	1
TCGA-DX-AB3A	17	56447732	61945449	9	1
TCGA-DX-AB3A	17	61954112	63904684	5	1
TCGA-DX-AB3A	17	63905414	64197259	14	1
TCGA-DX-AB3A	17	64200241	64445663	5	1
TCGA-DX-AB3A	17	64447721	64656631	8	1
TCGA-DX-AB3A	17	64658150	66037343	3	1
TCGA-DX-AB3A	17	66058921	67510346	2	1
TCGA-DX-AB3A	17	67511655	68024469	4	1
TCGA-DX-AB3A	17	68024685	68833248	9	1
TCGA-DX-AB3A	17	68833326	70175587	4	1
TCGA-DX-AB3A	17	70176273	70997852	2	1
TCGA-DX-AB3A	17	70998484	71834692	6	1
TCGA-DX-AB3A	17	71835495	73972641	4	1
TCGA-DX-AB3A	17	73978553	81049726	2	1
TCGA-DX-AB3A	18	48133	15287229	1	1
TCGA-DX-AB3A	18	15287837	21782869	2	1
TCGA-DX-AB3A	18	21783295	23024405	4	1
TCGA-DX-AB3A	18	23027844	25047278	2	1
TCGA-DX-AB3A	18	25051089	25097761	1	1
TCGA-DX-AB3A	18	25098779	26931341	1	0
TCGA-DX-AB3A	18	26942139	45158716	6	1
TCGA-DX-AB3A	18	45159498	60281955	1	0
TCGA-DX-AB3A	18	60284785	61006113	1	1
TCGA-DX-AB3A	18	61006292	78015057	1	0
TCGA-DX-AB3A	19	90910	3180770	1	0
TCGA-DX-AB3A	19	3187430	27865904	1	1
TCGA-DX-AB3A	19	27866421	29613319	2	1
TCGA-DX-AB3A	19	29617543	30229352	1	1
TCGA-DX-AB3A	19	30229383	30333758	6	2
TCGA-DX-AB3A	19	30339140	32882020	1	1
TCGA-DX-AB3A	19	32887591	34123490	3	1
TCGA-DX-AB3A	19	34130089	35021713	2	1
TCGA-DX-AB3A	19	35022319	37481153	1	1
TCGA-DX-AB3A	19	37482151	43255217	2	1
TCGA-DX-AB3A	19	43262982	43940597	1	0
TCGA-DX-AB3A	19	43940776	46406605	1	1
TCGA-DX-AB3A	19	46406698	46797830	2	1
TCGA-DX-AB3A	19	46806630	55158144	1	1
TCGA-DX-AB3A	19	55158851	57438738	1	0
TCGA-DX-AB3A	19	57444239	57554175	1	1
TCGA-DX-AB3A	19	57557852	59097854	1	0
TCGA-DX-AB3A	20	61305	1077097	1	0
TCGA-DX-AB3A	20	1079585	7174361	2	1
TCGA-DX-AB3A	20	7174578	8133428	4	1
TCGA-DX-AB3A	20	8133577	9364799	3	1
TCGA-DX-AB3A	20	9365241	10487648	1	0
TCGA-DX-AB3A	20	10495065	13957228	6	1
TCGA-DX-AB3A	20	13957570	24149197	5	1
TCGA-DX-AB3A	20	24150944	24364466	3	1
TCGA-DX-AB3A	20	24364877	24948737	8	1
TCGA-DX-AB3A	20	24950029	26288535	5	1
TCGA-DX-AB3A	20	26289921	62956153	1	1
TCGA-DX-AB3A	21	10736871	35488751	1	1
TCGA-DX-AB3A	21	35491500	48096957	2	1
TCGA-DX-AB3A	22	16052528	21456518	1	0
TCGA-DX-AB3A	22	21459724	22917025	2	1
TCGA-DX-AB3A	22	22927631	26335299	1	0
TCGA-DX-AB3A	22	26335739	26469229	1	1
TCGA-DX-AB3A	22	26472006	30859482	1	0
TCGA-DX-AB3A	22	30864692	32028721	1	1
TCGA-DX-AB3A	22	32034475	51234455	1	0
TCGA-DX-AB3A	X	168477	2703391	1	1
TCGA-DX-AB3A	X	2703633	154929498	1	0
TCGA-DX-AB3A	X	154963439	155233846	1	1
