sample	chr	startpos	endpos	nMajor	nMinor
TCGA-06-0219	1	61735	6202961	1	1
TCGA-06-0219	1	6203514	8272696	1	0
TCGA-06-0219	1	8273177	28472828	1	1
TCGA-06-0219	1	28477302	29552016	2	1
TCGA-06-0219	1	29559613	249224388	1	1
TCGA-06-0219	2	12784	243089456	1	1
TCGA-06-0219	3	60345	115766285	1	1
TCGA-06-0219	3	115769299	116925001	1	0
TCGA-06-0219	3	116930316	169866633	1	1
TCGA-06-0219	3	169868550	172259318	1	0
TCGA-06-0219	3	172263439	190273818	1	1
TCGA-06-0219	3	190273818	197896118	1	0
TCGA-06-0219	4	12281	115809956	1	1
TCGA-06-0219	4	115810413	136385003	1	0
TCGA-06-0219	4	136389004	136652193	1	1
TCGA-06-0219	4	136653594	138710504	1	0
TCGA-06-0219	4	138710705	191027923	1	1
TCGA-06-0219	5	15532	180790320	1	1
TCGA-06-0219	6	149661	42698605	1	1
TCGA-06-0219	6	42704119	44334252	2	1
TCGA-06-0219	6	44338639	115517243	1	1
TCGA-06-0219	6	115541598	142019294	1	0
TCGA-06-0219	6	142025756	163732489	1	1
TCGA-06-0219	6	163732939	163999116	1	0
TCGA-06-0219	6	164000119	171051005	1	1
TCGA-06-0219	7	43259	54534597	1	1
TCGA-06-0219	7	54534776	55521304	28	0
TCGA-06-0219	7	55524734	154140853	1	1
TCGA-06-0219	7	154145593	156094812	1	0
TCGA-06-0219	7	156095326	159127004	1	1
TCGA-06-0219	8	31254	146298155	1	1
TCGA-06-0219	9	46587	11711811	1	0
TCGA-06-0219	9	11711824	11845539	2	1
TCGA-06-0219	9	11848378	27220066	1	0
TCGA-06-0219	9	27226419	30211118	2	1
TCGA-06-0219	9	30212782	131157119	1	1
TCGA-06-0219	9	131162181	132278428	2	1
TCGA-06-0219	9	132279423	141091394	1	1
TCGA-06-0219	10	72759	89652396	1	0
TCGA-06-0219	10	89652518	90150837	0	0
TCGA-06-0219	10	90152140	135506704	1	0
TCGA-06-0219	11	198572	134944770	1	1
TCGA-06-0219	12	150442	23076517	1	1
TCGA-06-0219	12	23078132	44398254	1	0
TCGA-06-0219	12	44399019	49033067	1	1
TCGA-06-0219	12	49034326	54286218	2	1
TCGA-06-0219	12	54286365	55214145	3	1
TCGA-06-0219	12	55214165	65568635	2	1
TCGA-06-0219	12	65571343	68644844	1	0
TCGA-06-0219	12	68645051	133778189	1	1
TCGA-06-0219	13	19026949	115108397	1	0
TCGA-06-0219	14	19002124	107285437	1	0
TCGA-06-0219	15	20016328	102469040	1	1
TCGA-06-0219	16	60777	48304702	1	1
TCGA-06-0219	16	48305704	58504460	1	0
TCGA-06-0219	16	58505375	76756998	1	1
TCGA-06-0219	16	76757488	82206614	1	0
TCGA-06-0219	16	82206983	90287535	1	1
TCGA-06-0219	17	526	73993124	1	1
TCGA-06-0219	17	73995327	75309351	2	1
TCGA-06-0219	17	75311336	81049726	1	1
TCGA-06-0219	18	48133	78015057	1	1
TCGA-06-0219	19	90910	59097854	1	1
TCGA-06-0219	20	61305	14660872	1	1
TCGA-06-0219	20	14660944	15353093	1	0
TCGA-06-0219	20	15353909	62956153	1	1
TCGA-06-0219	21	10736871	48096957	1	1
TCGA-06-0219	22	16052528	51234455	1	0
TCGA-06-0219	X	168477	2694240	1	1
TCGA-06-0219	X	2703391	154929498	1	0
TCGA-06-0219	X	154963439	155233846	2	1
