sample	chr	startpos	endpos	nMajor	nMinor
TCGA-BF-A1PZ	1	61735	121482979	2	0
TCGA-BF-A1PZ	1	144007049	249224388	5	0
TCGA-BF-A1PZ	2	12784	243089456	1	1
TCGA-BF-A1PZ	3	60345	119536817	1	1
TCGA-BF-A1PZ	3	119542297	121168042	1	0
TCGA-BF-A1PZ	3	121168344	197896118	1	1
TCGA-BF-A1PZ	4	12281	39662080	2	1
TCGA-BF-A1PZ	4	39670446	191027923	2	0
TCGA-BF-A1PZ	5	15532	180790320	2	0
TCGA-BF-A1PZ	6	149661	101547868	2	0
TCGA-BF-A1PZ	6	101547947	171051005	1	0
TCGA-BF-A1PZ	7	43259	159127004	1	1
TCGA-BF-A1PZ	8	31254	146298155	2	0
TCGA-BF-A1PZ	9	46587	21801530	1	0
TCGA-BF-A1PZ	9	21806564	22202668	0	0
TCGA-BF-A1PZ	9	22204445	47217176	1	0
TCGA-BF-A1PZ	9	65616971	141091394	1	1
TCGA-BF-A1PZ	10	72759	135506704	1	1
TCGA-BF-A1PZ	11	198572	134944770	2	0
TCGA-BF-A1PZ	12	150442	133778189	1	1
TCGA-BF-A1PZ	13	19026949	115108397	2	0
TCGA-BF-A1PZ	14	19002124	107285437	1	1
TCGA-BF-A1PZ	15	20016328	102469040	1	1
TCGA-BF-A1PZ	16	60777	70839337	1	1
TCGA-BF-A1PZ	16	70842097	71202489	2	1
TCGA-BF-A1PZ	16	71202797	90287535	1	1
TCGA-BF-A1PZ	17	526	81049726	2	1
TCGA-BF-A1PZ	18	48133	78015057	2	1
TCGA-BF-A1PZ	19	90910	59097854	1	1
TCGA-BF-A1PZ	20	61305	58165717	2	2
TCGA-BF-A1PZ	20	58165852	59270540	2	1
TCGA-BF-A1PZ	20	59271029	62956153	2	2
TCGA-BF-A1PZ	21	10736871	38885672	1	1
TCGA-BF-A1PZ	21	38888186	48096957	1	0
TCGA-BF-A1PZ	22	16052528	51234455	1	1
TCGA-BF-A1PZ	X	168477	63618712	1	1
TCGA-BF-A1PZ	X	63625853	118576433	1	0
TCGA-BF-A1PZ	X	118576921	155233846	1	1
