sample	chr	startpos	endpos	nMajor	nMinor
TCGA-CJ-4876	1	61735	121482979	1	0
TCGA-CJ-4876	1	144007049	145439650	2	1
TCGA-CJ-4876	1	145440257	249224388	3	0
TCGA-CJ-4876	2	12784	243089456	2	1
TCGA-CJ-4876	3	60345	82713305	1	0
TCGA-CJ-4876	3	82715327	197896118	1	1
TCGA-CJ-4876	4	12281	191027923	1	1
TCGA-CJ-4876	5	15532	119712656	1	1
TCGA-CJ-4876	5	119719674	120807065	2	1
TCGA-CJ-4876	5	120814732	121921627	1	1
TCGA-CJ-4876	5	121924581	122951996	2	1
TCGA-CJ-4876	5	122957164	123442405	1	1
TCGA-CJ-4876	5	123444620	180790320	2	1
TCGA-CJ-4876	6	149661	350392	2	1
TCGA-CJ-4876	6	350482	127784392	1	1
TCGA-CJ-4876	6	127784493	127928561	1	0
TCGA-CJ-4876	6	127934048	131399091	1	1
TCGA-CJ-4876	6	131401079	132425702	1	0
TCGA-CJ-4876	6	132427787	132882295	1	1
TCGA-CJ-4876	6	132882483	171051005	1	0
TCGA-CJ-4876	7	43259	159127004	1	1
TCGA-CJ-4876	8	31254	146298155	1	0
TCGA-CJ-4876	9	46587	47217176	1	1
TCGA-CJ-4876	9	65616971	141091394	1	0
TCGA-CJ-4876	10	72759	135506704	1	1
TCGA-CJ-4876	11	198572	134944770	1	1
TCGA-CJ-4876	12	150442	133778189	1	1
TCGA-CJ-4876	13	19026949	115108397	1	1
TCGA-CJ-4876	14	19002124	107285437	1	0
TCGA-CJ-4876	15	20016328	102469040	1	1
TCGA-CJ-4876	16	60777	70842097	1	1
TCGA-CJ-4876	16	70854381	71202797	2	1
TCGA-CJ-4876	16	71205194	90287535	1	1
TCGA-CJ-4876	17	526	81049726	1	1
TCGA-CJ-4876	18	48133	78015057	1	1
TCGA-CJ-4876	19	90910	59097854	1	1
TCGA-CJ-4876	20	61305	62956153	1	1
TCGA-CJ-4876	21	10736871	48096957	1	1
TCGA-CJ-4876	22	16052528	51234455	1	1
TCGA-CJ-4876	X	168477	2703391	1	1
TCGA-CJ-4876	X	2703633	155233846	1	0
