sample	chr	startpos	endpos	nMajor	nMinor
TCGA-46-6025	1	61735	6103415	3	1
TCGA-46-6025	1	6104002	44800498	1	1
TCGA-46-6025	1	44800892	107816855	2	1
TCGA-46-6025	1	107817550	121482979	1	0
TCGA-46-6025	1	144007049	157500525	2	2
TCGA-46-6025	1	157503805	161013312	4	2
TCGA-46-6025	1	161014370	172152229	2	2
TCGA-46-6025	1	172153224	234479675	2	1
TCGA-46-6025	1	234480498	238890157	3	1
TCGA-46-6025	1	238890311	239922134	3	3
TCGA-46-6025	1	239923029	246162225	3	1
TCGA-46-6025	1	246162256	246446285	1	1
TCGA-46-6025	1	246446838	249224388	3	1
TCGA-46-6025	2	12784	25472784	3	2
TCGA-46-6025	2	25478453	101988471	2	2
TCGA-46-6025	2	101989007	141973369	2	0
TCGA-46-6025	2	141975422	142812720	0	0
TCGA-46-6025	2	142813431	171899187	2	0
TCGA-46-6025	2	171899813	183821519	2	2
TCGA-46-6025	2	183825646	195019347	3	2
TCGA-46-6025	2	195019480	197370704	4	1
TCGA-46-6025	2	197370951	208558420	3	1
TCGA-46-6025	2	208558623	239199003	3	0
TCGA-46-6025	2	239202107	240912961	2	0
TCGA-46-6025	2	240914041	243089456	3	0
TCGA-46-6025	3	60345	45823133	3	0
TCGA-46-6025	3	45823814	67896101	2	0
TCGA-46-6025	3	67905132	78019536	1	0
TCGA-46-6025	3	78019658	106127031	1	1
TCGA-46-6025	3	106127786	113780293	2	1
TCGA-46-6025	3	113785818	117849164	4	1
TCGA-46-6025	3	117850774	122730910	4	0
TCGA-46-6025	3	122731585	139007048	2	0
TCGA-46-6025	3	139011981	139840886	8	0
TCGA-46-6025	3	139840957	140196528	4	0
TCGA-46-6025	3	140197086	178140020	8	0
TCGA-46-6025	3	178140347	186034661	9	0
TCGA-46-6025	3	186035859	191419370	6	0
TCGA-46-6025	3	191420257	194916833	7	0
TCGA-46-6025	3	194917749	197896118	9	0
TCGA-46-6025	4	12281	9381191	2	1
TCGA-46-6025	4	9381818	49510399	2	0
TCGA-46-6025	4	49511202	49590656	1	1
TCGA-46-6025	4	49620885	94171751	2	2
TCGA-46-6025	4	94176105	94213329	1	1
TCGA-46-6025	4	94214093	94250924	2	1
TCGA-46-6025	4	94251270	157736535	2	0
TCGA-46-6025	4	157736616	191027923	1	0
TCGA-46-6025	5	15532	7382403	3	0
TCGA-46-6025	5	7384202	10775502	3	1
TCGA-46-6025	5	10775831	12404095	2	1
TCGA-46-6025	5	12406443	17478372	3	1
TCGA-46-6025	5	17478567	31736444	5	1
TCGA-46-6025	5	31736582	32670870	4	2
TCGA-46-6025	5	32670974	40497177	4	3
TCGA-46-6025	5	40498577	46386392	3	2
TCGA-46-6025	5	46389273	49905264	1	1
TCGA-46-6025	5	49905809	65121193	2	0
TCGA-46-6025	5	65121368	65614238	4	0
TCGA-46-6025	5	65614321	87620005	2	0
TCGA-46-6025	5	87620670	91072537	4	0
TCGA-46-6025	5	91073986	125772838	2	0
TCGA-46-6025	5	125773331	136595766	1	0
TCGA-46-6025	5	136601534	142514005	1	1
TCGA-46-6025	5	142515162	142623779	1	0
TCGA-46-6025	5	142625815	174358870	1	1
TCGA-46-6025	5	174359392	175638630	1	0
TCGA-46-6025	5	175650219	180790320	1	1
TCGA-46-6025	6	149661	5127155	2	1
TCGA-46-6025	6	5127747	6568572	3	3
TCGA-46-6025	6	6568762	7588506	3	2
TCGA-46-6025	6	7589235	20688734	2	0
TCGA-46-6025	6	20691063	21220531	0	0
TCGA-46-6025	6	21222407	34775381	2	0
TCGA-46-6025	6	34777250	43156654	2	1
TCGA-46-6025	6	43157889	48504930	3	1
TCGA-46-6025	6	48507289	51671321	3	2
TCGA-46-6025	6	51671350	55333415	2	1
TCGA-46-6025	6	55333589	70983805	2	2
TCGA-46-6025	6	70984648	73954599	2	1
TCGA-46-6025	6	73957856	75943069	1	0
TCGA-46-6025	6	75945548	79399775	2	0
TCGA-46-6025	6	79399849	81729597	4	0
TCGA-46-6025	6	81730280	168111624	2	0
TCGA-46-6025	6	168112035	171051005	3	0
TCGA-46-6025	7	43259	22240935	2	0
TCGA-46-6025	7	22243477	22832825	7	2
TCGA-46-6025	7	22833070	34689667	2	2
TCGA-46-6025	7	34691758	45103287	2	1
TCGA-46-6025	7	45103771	48484117	6	2
TCGA-46-6025	7	48484265	51822907	5	2
TCGA-46-6025	7	51822976	57597626	3	2
TCGA-46-6025	7	57601059	100147254	2	1
TCGA-46-6025	7	100147537	108023932	2	0
TCGA-46-6025	7	108024027	131596983	3	0
TCGA-46-6025	7	131597330	134565640	2	0
TCGA-46-6025	7	134566071	148635216	4	0
TCGA-46-6025	7	148637765	157474209	2	0
TCGA-46-6025	7	157493081	159127004	2	2
TCGA-46-6025	8	31254	42301991	2	0
TCGA-46-6025	8	42302378	56069557	2	1
TCGA-46-6025	8	56070004	73925412	2	0
TCGA-46-6025	8	73925591	74391780	4	0
TCGA-46-6025	8	74392080	90608449	2	0
TCGA-46-6025	8	90608549	102689988	3	0
TCGA-46-6025	8	102698284	133190437	4	0
TCGA-46-6025	8	133191579	134211695	3	0
TCGA-46-6025	8	134212130	146298155	2	0
TCGA-46-6025	9	46587	35623943	3	0
TCGA-46-6025	9	35627490	38156946	3	2
TCGA-46-6025	9	38161915	47217176	3	0
TCGA-46-6025	9	65616971	72377636	3	2
TCGA-46-6025	9	72380901	89546438	2	1
TCGA-46-6025	9	89549050	121756868	2	0
TCGA-46-6025	9	121757016	133615842	3	0
TCGA-46-6025	9	133615933	141091394	5	0
TCGA-46-6025	10	72759	19097651	2	1
TCGA-46-6025	10	19098989	44210600	2	2
TCGA-46-6025	10	44219191	75894232	2	0
TCGA-46-6025	10	75894404	97413064	1	0
TCGA-46-6025	10	97414696	135506704	2	0
TCGA-46-6025	11	198572	7190830	2	0
TCGA-46-6025	11	7190928	12665436	1	0
TCGA-46-6025	11	12665955	38766664	2	0
TCGA-46-6025	11	38776288	42468544	3	2
TCGA-46-6025	11	42471288	71284225	2	2
TCGA-46-6025	11	71285221	75545223	2	1
TCGA-46-6025	11	75547716	102018247	1	1
TCGA-46-6025	11	102019946	104844342	1	0
TCGA-46-6025	11	104844503	134944770	1	1
TCGA-46-6025	12	150442	11586582	4	0
TCGA-46-6025	12	11586642	31564977	4	1
TCGA-46-6025	12	31568109	46682987	2	1
TCGA-46-6025	12	46685729	47199855	4	1
TCGA-46-6025	12	47204735	69886787	2	1
TCGA-46-6025	12	69888147	77616605	2	0
TCGA-46-6025	12	77618767	81103817	3	0
TCGA-46-6025	12	81104281	86726128	3	1
TCGA-46-6025	12	86726232	116833359	4	0
TCGA-46-6025	12	116835577	121309851	3	0
TCGA-46-6025	12	121310062	122619563	6	0
TCGA-46-6025	12	122621421	133778189	3	0
TCGA-46-6025	13	19026949	51231132	2	0
TCGA-46-6025	13	51232123	64387690	1	0
TCGA-46-6025	13	64388271	110472407	2	0
TCGA-46-6025	13	110473868	115108397	3	0
TCGA-46-6025	14	19002124	31731789	2	0
TCGA-46-6025	14	31733642	79652715	3	0
TCGA-46-6025	14	79653155	91809758	1	0
TCGA-46-6025	14	91813442	97279220	2	0
TCGA-46-6025	14	97287970	107285437	4	0
TCGA-46-6025	15	20016328	32093065	2	2
TCGA-46-6025	15	32096289	38194162	4	2
TCGA-46-6025	15	38194856	39784170	2	2
TCGA-46-6025	15	39786975	51256201	2	0
TCGA-46-6025	15	51261630	56584867	2	2
TCGA-46-6025	15	56585080	58392646	3	0
TCGA-46-6025	15	58393382	66959523	2	0
TCGA-46-6025	15	66960452	82526567	3	0
TCGA-46-6025	15	82527344	92423600	4	0
TCGA-46-6025	15	92423663	97403769	6	0
TCGA-46-6025	15	97404047	102469040	7	0
TCGA-46-6025	16	60777	2266803	2	0
TCGA-46-6025	16	2268349	14586544	4	0
TCGA-46-6025	16	14586821	25969633	2	0
TCGA-46-6025	16	25970032	26131326	2	1
TCGA-46-6025	16	26131793	27413129	2	0
TCGA-46-6025	16	27413566	52876866	2	1
TCGA-46-6025	16	52877758	64885900	1	1
TCGA-46-6025	16	64890061	71799453	2	1
TCGA-46-6025	16	71799759	74465514	2	0
TCGA-46-6025	16	74466566	84365189	1	0
TCGA-46-6025	16	84365491	90287535	1	1
TCGA-46-6025	17	526	27842278	2	0
TCGA-46-6025	17	27842530	37235024	3	0
TCGA-46-6025	17	37236832	43183420	6	0
TCGA-46-6025	17	43185820	66885372	5	0
TCGA-46-6025	17	66885468	81049726	6	0
TCGA-46-6025	18	48133	585606	1	0
TCGA-46-6025	18	586700	19235006	2	0
TCGA-46-6025	18	19239293	29310300	3	0
TCGA-46-6025	18	29310974	47476950	2	0
TCGA-46-6025	18	47477745	47609032	0	0
TCGA-46-6025	18	47610442	78015057	2	0
TCGA-46-6025	19	90910	16508368	2	0
TCGA-46-6025	19	16512616	24419375	2	1
TCGA-46-6025	19	24420063	34934648	2	0
TCGA-46-6025	19	34934780	36310948	3	0
TCGA-46-6025	19	36312612	55214795	4	0
TCGA-46-6025	19	55214989	59097854	3	0
TCGA-46-6025	20	61305	18508355	2	1
TCGA-46-6025	20	18508925	32684796	1	1
TCGA-46-6025	20	32690382	33343157	1	0
TCGA-46-6025	20	33359328	60393777	1	1
TCGA-46-6025	20	60394335	62956153	3	1
TCGA-46-6025	21	10736871	24600908	3	1
TCGA-46-6025	21	24601009	37395556	1	1
TCGA-46-6025	21	37395959	41266084	2	1
TCGA-46-6025	21	41268738	48096957	2	0
TCGA-46-6025	22	16052528	25099192	2	1
TCGA-46-6025	22	25102715	26671039	2	2
TCGA-46-6025	22	26675659	29744661	4	2
TCGA-46-6025	22	29745263	33671871	2	2
TCGA-46-6025	22	33672191	46863319	2	1
TCGA-46-6025	22	46863759	51234455	4	1
TCGA-46-6025	X	168477	2694240	3	2
TCGA-46-6025	X	2703391	34659916	2	0
TCGA-46-6025	X	34662162	56137435	1	0
TCGA-46-6025	X	56137692	80784298	2	0
TCGA-46-6025	X	80792764	104416590	1	0
TCGA-46-6025	X	104421758	104597041	0	0
TCGA-46-6025	X	104599636	104601831	1	0
TCGA-46-6025	X	104612048	104841037	0	0
TCGA-46-6025	X	104842841	105805794	1	0
TCGA-46-6025	X	105806020	120201561	3	0
TCGA-46-6025	X	120210215	142209019	2	0
TCGA-46-6025	X	142209490	154174752	1	0
TCGA-46-6025	X	154182270	155233846	3	0
