sample	chr	startpos	endpos	nMajor	nMinor
TCGA-EE-A183	1	61735	70997639	2	1
TCGA-EE-A183	1	70997811	121482979	1	1
TCGA-EE-A183	1	144007049	152537306	2	2
TCGA-EE-A183	1	152537781	153192077	4	0
TCGA-EE-A183	1	153192160	171133889	2	2
TCGA-EE-A183	1	171134710	171980635	4	0
TCGA-EE-A183	1	171983089	189872331	2	2
TCGA-EE-A183	1	189872804	249224388	2	0
TCGA-EE-A183	2	12784	135285279	1	1
TCGA-EE-A183	2	135285339	137496219	2	0
TCGA-EE-A183	2	137496806	177579988	1	1
TCGA-EE-A183	2	177581333	178994479	2	0
TCGA-EE-A183	2	178996313	243089456	1	1
TCGA-EE-A183	3	60345	14837504	1	1
TCGA-EE-A183	3	14837529	15303047	3	0
TCGA-EE-A183	3	15304741	155761170	1	1
TCGA-EE-A183	3	155761944	156213030	2	0
TCGA-EE-A183	3	156215286	197896118	1	1
TCGA-EE-A183	4	12281	191027923	1	1
TCGA-EE-A183	5	15532	49564628	2	1
TCGA-EE-A183	5	49564798	103676341	1	1
TCGA-EE-A183	5	103678705	105244177	2	0
TCGA-EE-A183	5	105246242	130318541	1	1
TCGA-EE-A183	5	130321002	131840207	2	0
TCGA-EE-A183	5	131845202	180790320	1	1
TCGA-EE-A183	6	149661	41013724	2	1
TCGA-EE-A183	6	41014220	57348807	1	1
TCGA-EE-A183	6	57349214	62688600	2	0
TCGA-EE-A183	6	62688908	81454293	1	1
TCGA-EE-A183	6	81454297	171051005	1	0
TCGA-EE-A183	7	43259	22824614	1	1
TCGA-EE-A183	7	22826360	50801330	1	0
TCGA-EE-A183	7	50802252	117756060	3	1
TCGA-EE-A183	7	117757114	120588528	5	0
TCGA-EE-A183	7	120588565	159127004	3	1
TCGA-EE-A183	8	31254	39124798	1	0
TCGA-EE-A183	8	39128531	146298155	1	1
TCGA-EE-A183	9	46587	11135658	1	1
TCGA-EE-A183	9	11135805	11837690	2	0
TCGA-EE-A183	9	11837866	47217176	1	1
TCGA-EE-A183	9	65616971	71239019	2	0
TCGA-EE-A183	9	71241221	141091394	1	1
TCGA-EE-A183	10	72759	754828	2	0
TCGA-EE-A183	10	756757	135276932	1	1
TCGA-EE-A183	10	135277297	135506704	2	0
TCGA-EE-A183	11	198572	134944770	1	1
TCGA-EE-A183	12	150442	133249675	1	1
TCGA-EE-A183	12	133251939	133778189	2	0
TCGA-EE-A183	13	19026949	33790903	1	1
TCGA-EE-A183	13	33792241	34236716	2	0
TCGA-EE-A183	13	34237114	109196576	1	1
TCGA-EE-A183	13	109196685	110004041	2	0
TCGA-EE-A183	13	110009318	115108397	1	1
TCGA-EE-A183	14	19002124	107285437	1	1
TCGA-EE-A183	15	20016328	38590832	2	1
TCGA-EE-A183	15	38591287	54005166	1	0
TCGA-EE-A183	15	54006063	102469040	3	1
TCGA-EE-A183	16	60777	35283226	1	1
TCGA-EE-A183	16	46463782	49460238	2	1
TCGA-EE-A183	16	49463951	73390339	1	1
TCGA-EE-A183	16	73391013	74248789	1	0
TCGA-EE-A183	16	74250253	76843803	1	1
TCGA-EE-A183	16	76844517	77861082	1	0
TCGA-EE-A183	16	77861779	80393671	1	1
TCGA-EE-A183	16	80398721	82817006	1	0
TCGA-EE-A183	16	82817251	83424264	1	1
TCGA-EE-A183	16	83424290	90287535	1	0
TCGA-EE-A183	17	526	81049726	1	1
TCGA-EE-A183	18	48133	77716624	1	1
TCGA-EE-A183	18	77716889	78015057	1	0
TCGA-EE-A183	19	90910	22572651	1	1
TCGA-EE-A183	19	22572894	24057517	2	0
TCGA-EE-A183	19	24058907	56754719	1	1
TCGA-EE-A183	19	56755041	57959658	1	0
TCGA-EE-A183	19	57961219	59097854	1	1
TCGA-EE-A183	20	61305	16470656	1	1
TCGA-EE-A183	20	16470749	17584333	1	0
TCGA-EE-A183	20	17585552	19937969	1	1
TCGA-EE-A183	20	19938351	26224651	1	0
TCGA-EE-A183	20	26225145	62956153	2	1
TCGA-EE-A183	21	10736871	14860631	3	0
TCGA-EE-A183	21	14866241	48096957	1	1
TCGA-EE-A183	22	16052528	51234455	2	0
TCGA-EE-A183	X	168477	2694240	1	1
TCGA-EE-A183	X	2703391	154929308	1	0
TCGA-EE-A183	X	154929498	155233846	2	1
