sample	chr	startpos	endpos	nMajor	nMinor
TCGA-YL-A8HL	1	61735	206862605	1	1
TCGA-YL-A8HL	1	206867994	212477974	1	0
TCGA-YL-A8HL	1	212489243	249224388	1	1
TCGA-YL-A8HL	2	12784	175922382	1	1
TCGA-YL-A8HL	2	175922691	176170824	1	0
TCGA-YL-A8HL	2	176171243	176988702	1	1
TCGA-YL-A8HL	2	176998822	177963353	1	0
TCGA-YL-A8HL	2	177964799	243089456	1	1
TCGA-YL-A8HL	3	60345	52461629	1	1
TCGA-YL-A8HL	3	52462648	52578388	1	0
TCGA-YL-A8HL	3	52578474	197896118	1	1
TCGA-YL-A8HL	4	12281	92118210	1	1
TCGA-YL-A8HL	4	92118305	92657887	2	1
TCGA-YL-A8HL	4	92660631	183091203	1	1
TCGA-YL-A8HL	4	183091270	184185517	1	0
TCGA-YL-A8HL	4	184187691	191027923	1	1
TCGA-YL-A8HL	5	15532	180790320	1	1
TCGA-YL-A8HL	6	149661	86161796	1	1
TCGA-YL-A8HL	6	86162352	86976209	1	0
TCGA-YL-A8HL	6	86976512	87410051	1	1
TCGA-YL-A8HL	6	87410104	91633564	1	0
TCGA-YL-A8HL	6	91634701	92771785	1	1
TCGA-YL-A8HL	6	92772446	93019192	1	0
TCGA-YL-A8HL	6	93019918	171051005	1	1
TCGA-YL-A8HL	7	43259	140221814	1	1
TCGA-YL-A8HL	7	140224024	146747044	1	0
TCGA-YL-A8HL	7	146750254	159127004	1	1
TCGA-YL-A8HL	8	31254	12971183	1	1
TCGA-YL-A8HL	8	12971580	37067007	1	0
TCGA-YL-A8HL	8	37067784	129402528	1	1
TCGA-YL-A8HL	8	129405358	129812382	1	0
TCGA-YL-A8HL	8	129822620	146298155	1	1
TCGA-YL-A8HL	9	46587	21948915	1	1
TCGA-YL-A8HL	9	21949761	22053652	1	0
TCGA-YL-A8HL	9	22053687	141091394	1	1
TCGA-YL-A8HL	10	72759	76791101	1	1
TCGA-YL-A8HL	10	76791268	89400950	1	0
TCGA-YL-A8HL	10	89401619	90356924	0	0
TCGA-YL-A8HL	10	90357105	135506704	1	0
TCGA-YL-A8HL	11	198572	134944770	1	1
TCGA-YL-A8HL	12	150442	14744444	1	0
TCGA-YL-A8HL	12	14746155	29901135	1	1
TCGA-YL-A8HL	12	29901386	30016743	1	0
TCGA-YL-A8HL	12	30017396	30373867	1	1
TCGA-YL-A8HL	12	30375595	30638316	1	0
TCGA-YL-A8HL	12	30638874	66560667	1	1
TCGA-YL-A8HL	12	66560879	68550162	1	0
TCGA-YL-A8HL	12	68555011	101896700	1	1
TCGA-YL-A8HL	12	101902608	133026980	1	0
TCGA-YL-A8HL	12	133045913	133778189	1	1
TCGA-YL-A8HL	13	19026949	72838862	1	1
TCGA-YL-A8HL	13	72839003	73264072	1	0
TCGA-YL-A8HL	13	73264563	95857866	1	1
TCGA-YL-A8HL	13	95858704	95865018	0	0
TCGA-YL-A8HL	13	95869131	115108397	1	1
TCGA-YL-A8HL	14	19002124	22455697	1	1
TCGA-YL-A8HL	14	22455919	22978775	2	1
TCGA-YL-A8HL	14	22983223	107285437	1	1
TCGA-YL-A8HL	15	20016328	102469040	1	1
TCGA-YL-A8HL	16	60777	67710555	1	1
TCGA-YL-A8HL	16	67711968	90287535	1	0
TCGA-YL-A8HL	17	526	19165168	1	0
TCGA-YL-A8HL	17	19167818	81049726	1	1
TCGA-YL-A8HL	18	48133	78015057	1	1
TCGA-YL-A8HL	19	90910	1517292	1	1
TCGA-YL-A8HL	19	1518201	2284011	1	0
TCGA-YL-A8HL	19	2284284	2759484	1	1
TCGA-YL-A8HL	19	2760716	5788309	1	0
TCGA-YL-A8HL	19	5791358	7704663	1	1
TCGA-YL-A8HL	19	7712277	8218227	1	0
TCGA-YL-A8HL	19	8226029	10297700	1	1
TCGA-YL-A8HL	19	10300930	11768486	1	0
TCGA-YL-A8HL	19	11770016	16922109	1	1
TCGA-YL-A8HL	19	16925673	17169936	1	0
TCGA-YL-A8HL	19	17171689	59097854	1	1
TCGA-YL-A8HL	20	61305	62956153	1	1
TCGA-YL-A8HL	21	10736871	48096957	1	1
TCGA-YL-A8HL	22	16052528	51234455	1	1
TCGA-YL-A8HL	X	168477	2694240	1	1
TCGA-YL-A8HL	X	2703391	155233846	1	0
