sample	chr	startpos	endpos	nMajor	nMinor
TCGA-76-4935	1	61735	44230885	2	2
TCGA-76-4935	1	44231905	44570827	4	2
TCGA-76-4935	1	44571031	204343212	2	2
TCGA-76-4935	1	204345392	204626012	38	3
TCGA-76-4935	1	204627052	249224388	2	2
TCGA-76-4935	2	12784	243089456	2	2
TCGA-76-4935	3	60345	175262419	2	2
TCGA-76-4935	3	175263907	175610016	1	1
TCGA-76-4935	3	175611831	197896118	2	2
TCGA-76-4935	4	12281	9544136	2	2
TCGA-76-4935	4	9547322	12199803	2	0
TCGA-76-4935	4	12209039	54139774	2	2
TCGA-76-4935	4	54142810	55311337	25	2
TCGA-76-4935	4	55311965	56097840	4	2
TCGA-76-4935	4	56105330	56195626	31	0
TCGA-76-4935	4	56203199	56203199	3	1
TCGA-76-4935	4	56207711	191027923	2	2
TCGA-76-4935	5	15532	180790320	2	2
TCGA-76-4935	6	149661	171051005	2	2
TCGA-76-4935	7	43259	7061141	4	2
TCGA-76-4935	7	7061255	65744376	5	2
TCGA-76-4935	7	65746431	159127004	4	2
TCGA-76-4935	8	31254	146298155	2	2
TCGA-76-4935	9	46587	20887736	2	0
TCGA-76-4935	9	20889147	22558881	0	0
TCGA-76-4935	9	22565072	22596378	1	0
TCGA-76-4935	9	22596808	25814620	2	0
TCGA-76-4935	9	25814985	32653066	2	1
TCGA-76-4935	9	32656259	141091394	2	2
TCGA-76-4935	10	72759	135506704	2	0
TCGA-76-4935	11	198572	134944770	2	2
TCGA-76-4935	12	150442	11251874	2	2
TCGA-76-4935	12	11256829	19600677	2	0
TCGA-76-4935	12	19601541	34854498	2	2
TCGA-76-4935	12	37857751	46392829	2	0
TCGA-76-4935	12	46399825	57969671	2	2
TCGA-76-4935	12	57972925	57993490	25	14
TCGA-76-4935	12	57999135	58251657	36	0
TCGA-76-4935	12	58256010	58486021	3	1
TCGA-76-4935	12	58486328	59818030	2	2
TCGA-76-4935	12	59823212	67909316	2	0
TCGA-76-4935	12	67909350	68048688	3	1
TCGA-76-4935	12	68049075	68698086	2	0
TCGA-76-4935	12	68705349	133778189	2	2
TCGA-76-4935	13	19026949	20287916	2	1
TCGA-76-4935	13	20288081	115108397	2	0
TCGA-76-4935	14	19002124	103672234	2	2
TCGA-76-4935	14	103676460	104005850	4	2
TCGA-76-4935	14	104006028	107285437	2	2
TCGA-76-4935	15	20016328	102469040	1	1
TCGA-76-4935	16	60777	90287535	2	2
TCGA-76-4935	17	526	81049726	2	2
TCGA-76-4935	18	48133	78015057	2	2
TCGA-76-4935	19	90910	59097854	2	2
TCGA-76-4935	20	61305	62956153	2	2
TCGA-76-4935	21	10736871	48096957	2	2
TCGA-76-4935	22	16052528	51234455	2	2
TCGA-76-4935	X	168477	155233846	2	2
