sample	chr	startpos	endpos	nMajor	nMinor
TCGA-VS-A9UO	1	61735	31736123	1	0
TCGA-VS-A9UO	1	31740706	243085890	1	1
TCGA-VS-A9UO	1	243087106	244380497	2	1
TCGA-VS-A9UO	1	244380551	249224388	1	1
TCGA-VS-A9UO	2	12784	9846816	1	0
TCGA-VS-A9UO	2	9849385	103890647	2	0
TCGA-VS-A9UO	2	103893242	115150229	1	0
TCGA-VS-A9UO	2	115153424	121098197	2	0
TCGA-VS-A9UO	2	121110387	127077347	1	0
TCGA-VS-A9UO	2	127079722	166418242	2	0
TCGA-VS-A9UO	2	166421414	211333274	3	0
TCGA-VS-A9UO	2	211336770	243089456	1	0
TCGA-VS-A9UO	3	60345	129067638	1	1
TCGA-VS-A9UO	3	129069945	130178986	1	0
TCGA-VS-A9UO	3	130179966	148837122	1	1
TCGA-VS-A9UO	3	148845710	160380993	3	1
TCGA-VS-A9UO	3	160385339	170250991	4	1
TCGA-VS-A9UO	3	170251555	172102039	3	1
TCGA-VS-A9UO	3	172102729	175916400	4	1
TCGA-VS-A9UO	3	175920510	187491794	3	1
TCGA-VS-A9UO	3	187493205	193333438	4	1
TCGA-VS-A9UO	3	193333892	197896118	3	1
TCGA-VS-A9UO	4	12281	68178514	1	0
TCGA-VS-A9UO	4	68180780	79133299	2	0
TCGA-VS-A9UO	4	79136032	81546730	1	0
TCGA-VS-A9UO	4	81547351	84181287	2	0
TCGA-VS-A9UO	4	84185461	191027923	1	0
TCGA-VS-A9UO	5	15532	50167292	1	1
TCGA-VS-A9UO	5	50168241	58328561	1	0
TCGA-VS-A9UO	5	58330269	61189812	0	0
TCGA-VS-A9UO	5	61191394	67221332	1	0
TCGA-VS-A9UO	5	67221353	180790320	1	1
TCGA-VS-A9UO	6	149661	32140277	2	1
TCGA-VS-A9UO	6	32140487	146990571	1	1
TCGA-VS-A9UO	6	146991045	147881001	1	0
TCGA-VS-A9UO	6	147881171	159380384	1	1
TCGA-VS-A9UO	6	159380614	168652007	2	1
TCGA-VS-A9UO	6	168654286	171051005	3	1
TCGA-VS-A9UO	7	43259	72792745	1	1
TCGA-VS-A9UO	7	72795718	159127004	1	0
TCGA-VS-A9UO	8	31254	23149641	1	0
TCGA-VS-A9UO	8	23150635	27155521	1	1
TCGA-VS-A9UO	8	27156502	27347794	1	0
TCGA-VS-A9UO	8	27349714	146298155	1	1
TCGA-VS-A9UO	9	46587	130124884	1	1
TCGA-VS-A9UO	9	130124951	141091394	2	1
TCGA-VS-A9UO	10	72759	135506704	1	1
TCGA-VS-A9UO	11	198572	27086519	1	0
TCGA-VS-A9UO	11	27099212	102695472	1	1
TCGA-VS-A9UO	11	102695486	102745873	5	2
TCGA-VS-A9UO	11	102748695	117401148	1	1
TCGA-VS-A9UO	11	117404769	134944770	1	0
TCGA-VS-A9UO	12	150442	47959240	1	1
TCGA-VS-A9UO	12	47960471	48413875	1	0
TCGA-VS-A9UO	12	48413922	133778189	1	1
TCGA-VS-A9UO	13	19026949	66891535	1	1
TCGA-VS-A9UO	13	66892164	68246305	1	0
TCGA-VS-A9UO	13	68246757	115108397	1	1
TCGA-VS-A9UO	14	19002124	22458695	1	1
TCGA-VS-A9UO	14	22459450	29005709	1	0
TCGA-VS-A9UO	14	29006941	107285437	1	1
TCGA-VS-A9UO	15	20016328	24641662	1	1
TCGA-VS-A9UO	15	24647143	26393886	2	1
TCGA-VS-A9UO	15	26395127	37505263	1	1
TCGA-VS-A9UO	15	37508181	59189959	1	0
TCGA-VS-A9UO	15	59189972	59891498	2	1
TCGA-VS-A9UO	15	59894617	81334782	1	1
TCGA-VS-A9UO	15	81335100	83669542	2	1
TCGA-VS-A9UO	15	83670073	102469040	3	1
TCGA-VS-A9UO	16	60777	23149399	1	1
TCGA-VS-A9UO	16	23150027	35283226	2	1
TCGA-VS-A9UO	16	46463782	90287535	1	0
TCGA-VS-A9UO	17	526	7362449	2	0
TCGA-VS-A9UO	17	7379617	21524172	1	0
TCGA-VS-A9UO	17	21527046	81049726	1	1
TCGA-VS-A9UO	18	48133	22192149	1	1
TCGA-VS-A9UO	18	22193236	78015057	1	0
TCGA-VS-A9UO	19	90910	59097854	1	1
TCGA-VS-A9UO	20	61305	14949201	1	1
TCGA-VS-A9UO	20	14952322	15247867	1	0
TCGA-VS-A9UO	20	15250014	34150273	1	1
TCGA-VS-A9UO	20	34154741	50247762	2	1
TCGA-VS-A9UO	20	50248259	50785396	3	1
TCGA-VS-A9UO	20	50787735	62956153	2	1
TCGA-VS-A9UO	21	10736871	15515843	1	1
TCGA-VS-A9UO	21	15515977	16450802	1	0
TCGA-VS-A9UO	21	16450918	25031249	1	1
TCGA-VS-A9UO	21	25034985	34459394	1	0
TCGA-VS-A9UO	21	34461729	45348179	1	1
TCGA-VS-A9UO	21	45348914	48096957	2	1
TCGA-VS-A9UO	22	16052528	50537989	1	1
TCGA-VS-A9UO	22	50540766	51234455	1	0
TCGA-VS-A9UO	X	168477	10905605	1	0
TCGA-VS-A9UO	X	10906371	11681079	0	0
TCGA-VS-A9UO	X	11687111	155233846	1	0
