sample	chr	startpos	endpos	nMajor	nMinor
TCGA-27-1831	1	61735	201572453	1	1
TCGA-27-1831	1	201572929	202247617	2	1
TCGA-27-1831	1	202251813	204907765	1	1
TCGA-27-1831	1	204909058	205571387	2	1
TCGA-27-1831	1	205574063	249224388	1	1
TCGA-27-1831	2	12784	172725206	1	1
TCGA-27-1831	2	172725301	173538547	2	1
TCGA-27-1831	2	173538944	243089456	1	1
TCGA-27-1831	3	60345	197896118	1	1
TCGA-27-1831	4	12281	153733674	1	1
TCGA-27-1831	4	153737819	154493017	2	1
TCGA-27-1831	4	154493400	191027923	1	1
TCGA-27-1831	5	15532	180790320	1	1
TCGA-27-1831	6	149661	171051005	1	1
TCGA-27-1831	7	43259	8296595	2	1
TCGA-27-1831	7	8298573	48184430	2	2
TCGA-27-1831	7	48185644	48354835	2	1
TCGA-27-1831	7	48358947	49760185	2	0
TCGA-27-1831	7	49761297	54781985	2	1
TCGA-27-1831	7	54787752	55335806	36	1
TCGA-27-1831	7	55335914	55378254	6	2
TCGA-27-1831	7	55378485	159127004	2	2
TCGA-27-1831	8	31254	268482	1	0
TCGA-27-1831	8	280468	1902750	1	1
TCGA-27-1831	8	1909165	2769076	1	0
TCGA-27-1831	8	2769298	146298155	1	1
TCGA-27-1831	9	46587	19964617	1	1
TCGA-27-1831	9	19965105	21133232	1	0
TCGA-27-1831	9	21135952	21228260	0	0
TCGA-27-1831	9	21232811	22035479	1	0
TCGA-27-1831	9	22037369	23704310	0	0
TCGA-27-1831	9	23705147	27287004	1	0
TCGA-27-1831	9	27290237	34158580	1	1
TCGA-27-1831	9	34159416	34888536	2	1
TCGA-27-1831	9	34891317	141091394	1	1
TCGA-27-1831	10	72759	65576676	1	0
TCGA-27-1831	10	65577444	83691697	1	1
TCGA-27-1831	10	83694001	131305836	1	0
TCGA-27-1831	10	131306415	135506704	1	1
TCGA-27-1831	11	198572	134944770	1	1
TCGA-27-1831	12	150442	133778189	1	1
TCGA-27-1831	13	19026949	115108397	1	1
TCGA-27-1831	14	19002124	22396632	1	1
TCGA-27-1831	14	22397143	22974293	2	1
TCGA-27-1831	14	22975700	75309054	1	1
TCGA-27-1831	14	75310109	76049003	2	1
TCGA-27-1831	14	76049334	107285437	1	1
TCGA-27-1831	15	20016328	102469040	1	1
TCGA-27-1831	16	60777	4324385	1	1
TCGA-27-1831	16	4331551	4902608	2	1
TCGA-27-1831	16	4903189	85039661	1	1
TCGA-27-1831	16	85048043	85701117	2	1
TCGA-27-1831	16	85702535	90287535	1	1
TCGA-27-1831	17	526	81049726	1	1
TCGA-27-1831	18	48133	78015057	1	1
TCGA-27-1831	19	90910	59097854	1	1
TCGA-27-1831	20	61305	62956153	1	1
TCGA-27-1831	21	10736871	48096957	1	1
TCGA-27-1831	22	16052528	37637653	1	1
TCGA-27-1831	22	37638617	38371556	2	1
TCGA-27-1831	22	38383355	51234455	1	1
TCGA-27-1831	X	168477	2703391	1	1
TCGA-27-1831	X	2703633	155233846	1	0
