sample	chr	startpos	endpos	nMajor	nMinor
TCGA-VQ-A8E2	1	61735	11678195	4	1
TCGA-VQ-A8E2	1	11680283	12179418	6	1
TCGA-VQ-A8E2	1	12180124	58129636	4	1
TCGA-VQ-A8E2	1	58129773	65163281	2	1
TCGA-VQ-A8E2	1	65163709	80922656	2	2
TCGA-VQ-A8E2	1	80924781	83903868	3	2
TCGA-VQ-A8E2	1	83904435	109743167	2	2
TCGA-VQ-A8E2	1	109743251	114603543	2	1
TCGA-VQ-A8E2	1	114605353	121482979	4	2
TCGA-VQ-A8E2	1	144007049	151805015	3	2
TCGA-VQ-A8E2	1	151806205	151970645	5	2
TCGA-VQ-A8E2	1	151971497	205414766	3	2
TCGA-VQ-A8E2	1	205428066	205662144	5	3
TCGA-VQ-A8E2	1	205662337	206900247	2	2
TCGA-VQ-A8E2	1	206902050	207331841	6	3
TCGA-VQ-A8E2	1	207332756	236732054	3	2
TCGA-VQ-A8E2	1	236732145	241045758	3	3
TCGA-VQ-A8E2	1	241046053	249224388	3	2
TCGA-VQ-A8E2	2	12784	457051	4	3
TCGA-VQ-A8E2	2	457320	44959084	3	2
TCGA-VQ-A8E2	2	44962016	49423914	2	2
TCGA-VQ-A8E2	2	49424279	99376026	3	2
TCGA-VQ-A8E2	2	99377398	103973809	4	1
TCGA-VQ-A8E2	2	103974129	105294849	4	4
TCGA-VQ-A8E2	2	105300527	111895544	4	1
TCGA-VQ-A8E2	2	111896243	112516882	1	1
TCGA-VQ-A8E2	2	112520074	122876285	4	1
TCGA-VQ-A8E2	2	122877064	124817635	4	3
TCGA-VQ-A8E2	2	124817755	184870485	4	1
TCGA-VQ-A8E2	2	184873804	186274767	4	3
TCGA-VQ-A8E2	2	186275627	190743048	4	1
TCGA-VQ-A8E2	2	190744738	191213784	8	1
TCGA-VQ-A8E2	2	191216109	195916278	4	1
TCGA-VQ-A8E2	2	195918947	243089456	4	3
TCGA-VQ-A8E2	3	60345	2658066	2	2
TCGA-VQ-A8E2	3	2662576	3884404	2	1
TCGA-VQ-A8E2	3	3884459	18588411	3	1
TCGA-VQ-A8E2	3	18589151	51170300	2	2
TCGA-VQ-A8E2	3	51170488	90283074	2	1
TCGA-VQ-A8E2	3	90283951	131723626	4	1
TCGA-VQ-A8E2	3	131724031	132289720	7	1
TCGA-VQ-A8E2	3	132292485	161520610	4	1
TCGA-VQ-A8E2	3	161520740	163028631	4	0
TCGA-VQ-A8E2	3	163028656	197896118	4	1
TCGA-VQ-A8E2	4	12281	11731743	3	0
TCGA-VQ-A8E2	4	11732810	12257457	5	0
TCGA-VQ-A8E2	4	12260043	19319948	3	0
TCGA-VQ-A8E2	4	19321206	22044975	3	2
TCGA-VQ-A8E2	4	22045379	27693929	3	0
TCGA-VQ-A8E2	4	27694189	27909546	3	2
TCGA-VQ-A8E2	4	27909694	34841364	3	0
TCGA-VQ-A8E2	4	34841386	38899233	3	2
TCGA-VQ-A8E2	4	38899616	72362179	3	0
TCGA-VQ-A8E2	4	72370348	72565730	3	2
TCGA-VQ-A8E2	4	72572069	73999615	3	0
TCGA-VQ-A8E2	4	74000329	76707382	3	3
TCGA-VQ-A8E2	4	76710987	107486259	3	0
TCGA-VQ-A8E2	4	107500264	110914321	3	2
TCGA-VQ-A8E2	4	110914751	191027923	3	0
TCGA-VQ-A8E2	5	15532	19685034	3	2
TCGA-VQ-A8E2	5	19685759	25419987	3	1
TCGA-VQ-A8E2	5	25420089	27805705	3	0
TCGA-VQ-A8E2	5	27807495	49586503	3	1
TCGA-VQ-A8E2	5	49587801	119892289	3	0
TCGA-VQ-A8E2	5	119894040	180790320	4	0
TCGA-VQ-A8E2	6	149661	17084137	2	2
TCGA-VQ-A8E2	6	17084922	26129339	4	1
TCGA-VQ-A8E2	6	26129375	27378785	2	1
TCGA-VQ-A8E2	6	27379409	42101288	4	1
TCGA-VQ-A8E2	6	42103482	43084901	2	2
TCGA-VQ-A8E2	6	43088647	44040241	8	1
TCGA-VQ-A8E2	6	44050269	46949837	5	1
TCGA-VQ-A8E2	6	46950549	49715273	2	2
TCGA-VQ-A8E2	6	49716561	52303843	2	1
TCGA-VQ-A8E2	6	52303990	54114292	4	1
TCGA-VQ-A8E2	6	54114296	72118690	2	2
TCGA-VQ-A8E2	6	72118716	79387600	2	1
TCGA-VQ-A8E2	6	79388479	81814154	4	1
TCGA-VQ-A8E2	6	81814211	89975569	2	2
TCGA-VQ-A8E2	6	89980026	100462386	2	1
TCGA-VQ-A8E2	6	100467829	102954028	2	2
TCGA-VQ-A8E2	6	102954513	104153806	4	3
TCGA-VQ-A8E2	6	104153870	110750593	3	3
TCGA-VQ-A8E2	6	110750665	162921682	3	0
TCGA-VQ-A8E2	6	162922136	166039682	3	2
TCGA-VQ-A8E2	6	166043509	171051005	2	2
TCGA-VQ-A8E2	7	43259	57986591	3	2
TCGA-VQ-A8E2	7	58006218	73384467	4	3
TCGA-VQ-A8E2	7	73390443	154502018	3	2
TCGA-VQ-A8E2	7	154503217	159127004	2	2
TCGA-VQ-A8E2	8	31254	43662756	1	1
TCGA-VQ-A8E2	8	43663675	125964794	3	1
TCGA-VQ-A8E2	8	125966828	126894926	7	1
TCGA-VQ-A8E2	8	126896471	126964511	13	2
TCGA-VQ-A8E2	8	126966158	129043582	22	0
TCGA-VQ-A8E2	8	129045291	129166270	16	1
TCGA-VQ-A8E2	8	129166547	129438240	8	1
TCGA-VQ-A8E2	8	129438493	132343954	5	1
TCGA-VQ-A8E2	8	132344001	141815174	3	1
TCGA-VQ-A8E2	8	141815283	142400113	22	0
TCGA-VQ-A8E2	8	142404619	143323973	5	1
TCGA-VQ-A8E2	8	143324399	143739435	8	1
TCGA-VQ-A8E2	8	143739647	146298155	3	1
TCGA-VQ-A8E2	9	46587	2793134	3	0
TCGA-VQ-A8E2	9	2793342	22103813	2	0
TCGA-VQ-A8E2	9	22104207	25369368	4	0
TCGA-VQ-A8E2	9	25375427	78002560	3	0
TCGA-VQ-A8E2	9	78005177	82925288	3	1
TCGA-VQ-A8E2	9	82925337	89025919	3	0
TCGA-VQ-A8E2	9	89025971	89966967	3	2
TCGA-VQ-A8E2	9	89967148	92881865	3	0
TCGA-VQ-A8E2	9	92890225	96873272	3	2
TCGA-VQ-A8E2	9	96873705	97561533	3	1
TCGA-VQ-A8E2	9	97562930	101289991	3	0
TCGA-VQ-A8E2	9	101290181	103905346	3	2
TCGA-VQ-A8E2	9	103906946	106512546	3	0
TCGA-VQ-A8E2	9	106518014	111637707	3	2
TCGA-VQ-A8E2	9	111637776	116383896	3	0
TCGA-VQ-A8E2	9	116384786	121336890	3	2
TCGA-VQ-A8E2	9	121337329	135735865	3	0
TCGA-VQ-A8E2	9	135736238	139050458	3	2
TCGA-VQ-A8E2	9	139050647	140034840	3	0
TCGA-VQ-A8E2	9	140036614	141091394	5	2
TCGA-VQ-A8E2	10	72759	62624402	1	1
TCGA-VQ-A8E2	10	62624576	124539105	3	1
TCGA-VQ-A8E2	10	124539174	135506704	2	1
TCGA-VQ-A8E2	11	198572	27079265	4	2
TCGA-VQ-A8E2	11	27079310	76498133	3	2
TCGA-VQ-A8E2	11	76498369	76981891	5	2
TCGA-VQ-A8E2	11	76986665	131001534	3	2
TCGA-VQ-A8E2	11	131004410	134944770	3	1
TCGA-VQ-A8E2	12	150442	21175965	4	0
TCGA-VQ-A8E2	12	21176135	62713703	3	3
TCGA-VQ-A8E2	12	62714343	63086591	4	0
TCGA-VQ-A8E2	12	63088856	71747881	3	3
TCGA-VQ-A8E2	12	71748166	121360131	4	0
TCGA-VQ-A8E2	12	121361574	124688274	2	0
TCGA-VQ-A8E2	12	124694503	133778189	4	0
TCGA-VQ-A8E2	13	19026949	73548118	2	2
TCGA-VQ-A8E2	13	73550343	74021788	14	2
TCGA-VQ-A8E2	13	74031177	74187147	6	1
TCGA-VQ-A8E2	13	74187367	110810658	2	2
TCGA-VQ-A8E2	13	110810769	115108397	2	1
TCGA-VQ-A8E2	14	19002124	92639317	2	2
TCGA-VQ-A8E2	14	92640678	107285437	2	1
TCGA-VQ-A8E2	15	20016328	98925491	2	2
TCGA-VQ-A8E2	15	98925547	102469040	2	1
TCGA-VQ-A8E2	16	60777	4634096	2	0
TCGA-VQ-A8E2	16	4637004	78714257	2	2
TCGA-VQ-A8E2	16	78714567	78860827	2	0
TCGA-VQ-A8E2	16	78860946	90287535	2	1
TCGA-VQ-A8E2	17	526	37630414	3	0
TCGA-VQ-A8E2	17	37634890	41462229	3	2
TCGA-VQ-A8E2	17	41462675	51222776	2	2
TCGA-VQ-A8E2	17	51222836	51986146	2	0
TCGA-VQ-A8E2	17	51987587	77723457	2	2
TCGA-VQ-A8E2	17	77723584	81049726	4	2
TCGA-VQ-A8E2	18	48133	9628466	2	2
TCGA-VQ-A8E2	18	9628853	71495497	2	1
TCGA-VQ-A8E2	18	71497474	78015057	1	1
TCGA-VQ-A8E2	19	90910	5469640	4	0
TCGA-VQ-A8E2	19	5469695	9470770	2	0
TCGA-VQ-A8E2	19	9470827	16395596	3	0
TCGA-VQ-A8E2	19	16398369	19809147	2	0
TCGA-VQ-A8E2	19	19811837	29356959	4	0
TCGA-VQ-A8E2	19	29357498	30096563	32	0
TCGA-VQ-A8E2	19	30096708	30506324	63	0
TCGA-VQ-A8E2	19	30506839	31937342	27	0
TCGA-VQ-A8E2	19	31939505	37298700	4	0
TCGA-VQ-A8E2	19	37299428	39931059	3	3
TCGA-VQ-A8E2	19	39939991	46960707	5	0
TCGA-VQ-A8E2	19	46961422	54257114	2	0
TCGA-VQ-A8E2	19	54259987	59097854	3	0
TCGA-VQ-A8E2	20	61305	5512255	8	4
TCGA-VQ-A8E2	20	5513055	9496716	9	4
TCGA-VQ-A8E2	20	9497057	15330909	8	4
TCGA-VQ-A8E2	20	15330923	15826140	11	4
TCGA-VQ-A8E2	20	15827930	52575046	8	4
TCGA-VQ-A8E2	20	52577607	55524789	8	2
TCGA-VQ-A8E2	20	55527775	62956153	7	2
TCGA-VQ-A8E2	21	10736871	41099937	4	0
TCGA-VQ-A8E2	21	41102421	41890152	3	3
TCGA-VQ-A8E2	21	41891379	48096957	3	0
TCGA-VQ-A8E2	22	16052528	24096890	4	1
TCGA-VQ-A8E2	22	24096996	51234455	4	0
TCGA-VQ-A8E2	X	168477	2703955	3	1
TCGA-VQ-A8E2	X	2706944	7123294	3	0
TCGA-VQ-A8E2	X	7123305	7775084	1	0
TCGA-VQ-A8E2	X	7779886	45454048	3	0
TCGA-VQ-A8E2	X	45458701	46136416	5	0
TCGA-VQ-A8E2	X	46136832	95623060	3	0
TCGA-VQ-A8E2	X	95625518	95846838	1	0
TCGA-VQ-A8E2	X	95846961	119192839	3	0
TCGA-VQ-A8E2	X	119201123	125412177	1	0
TCGA-VQ-A8E2	X	125412509	128970690	5	0
TCGA-VQ-A8E2	X	128973482	130374066	1	0
TCGA-VQ-A8E2	X	130374797	139284650	3	0
TCGA-VQ-A8E2	X	139285651	141850410	5	0
TCGA-VQ-A8E2	X	141851064	142355021	3	0
TCGA-VQ-A8E2	X	142356755	150093000	5	0
TCGA-VQ-A8E2	X	150094861	155233846	1	0
