sample	chr	startpos	endpos	nMajor	nMinor
TCGA-13-1507	1	61735	182238457	2	1
TCGA-13-1507	1	182246165	185362819	2	0
TCGA-13-1507	1	185365125	193452187	2	1
TCGA-13-1507	1	193452983	194236701	1	1
TCGA-13-1507	1	194237361	249224388	2	1
TCGA-13-1507	2	12784	7025175	3	1
TCGA-13-1507	2	7028652	100208830	2	1
TCGA-13-1507	2	100208909	104216317	3	1
TCGA-13-1507	2	104218148	159984008	2	1
TCGA-13-1507	2	159984702	160219552	2	0
TCGA-13-1507	2	160219681	242236835	2	1
TCGA-13-1507	2	242242628	243089456	2	0
TCGA-13-1507	3	60345	89018678	2	1
TCGA-13-1507	3	89018866	106259760	3	3
TCGA-13-1507	3	106259956	116114111	3	1
TCGA-13-1507	3	116114164	116286901	2	0
TCGA-13-1507	3	116287781	116382409	1	0
TCGA-13-1507	3	116385285	116686499	1	1
TCGA-13-1507	3	116687216	117107538	2	0
TCGA-13-1507	3	117107806	138592959	3	1
TCGA-13-1507	3	138592974	140007866	3	2
TCGA-13-1507	3	140007919	143438124	3	1
TCGA-13-1507	3	143438478	145938060	3	3
TCGA-13-1507	3	145938481	166551407	3	1
TCGA-13-1507	3	166552986	169946877	3	3
TCGA-13-1507	3	169947588	197896118	3	1
TCGA-13-1507	4	12281	182022740	2	1
TCGA-13-1507	4	182023667	182592597	1	1
TCGA-13-1507	4	182592981	191027923	2	1
TCGA-13-1507	5	15532	49432831	2	2
TCGA-13-1507	5	49441958	136083154	2	1
TCGA-13-1507	5	136086282	156663706	2	0
TCGA-13-1507	5	156664822	180790320	2	1
TCGA-13-1507	6	149661	67900559	2	1
TCGA-13-1507	6	67900639	68768276	5	1
TCGA-13-1507	6	68768869	70486630	8	1
TCGA-13-1507	6	70493219	83493393	2	1
TCGA-13-1507	6	83493985	92959836	4	1
TCGA-13-1507	6	92960707	98388121	2	1
TCGA-13-1507	6	98388344	109115766	5	1
TCGA-13-1507	6	109115955	144129632	2	1
TCGA-13-1507	6	144130089	145206481	3	1
TCGA-13-1507	6	145206591	168677517	2	1
TCGA-13-1507	6	168678753	171051005	1	1
TCGA-13-1507	7	43259	53118434	2	1
TCGA-13-1507	7	53119005	61987294	2	2
TCGA-13-1507	7	61987323	106868475	2	1
TCGA-13-1507	7	106872532	107267963	2	0
TCGA-13-1507	7	107270567	146382988	2	1
TCGA-13-1507	7	146383446	146855556	1	0
TCGA-13-1507	7	146858462	153883148	2	1
TCGA-13-1507	7	153884957	159127004	2	2
TCGA-13-1507	8	31254	26169327	1	1
TCGA-13-1507	8	26169653	26259620	0	0
TCGA-13-1507	8	26259680	43786802	1	1
TCGA-13-1507	8	43824048	50224067	7	1
TCGA-13-1507	8	50228153	59970337	2	1
TCGA-13-1507	8	59970548	61534428	4	1
TCGA-13-1507	8	61534895	62315017	7	3
TCGA-13-1507	8	62315098	65828731	3	1
TCGA-13-1507	8	65829146	66387563	3	2
TCGA-13-1507	8	66387579	66613113	6	4
TCGA-13-1507	8	66617792	69182888	4	1
TCGA-13-1507	8	69192864	69327056	9	4
TCGA-13-1507	8	69332717	71910655	4	1
TCGA-13-1507	8	71910726	72746291	3	1
TCGA-13-1507	8	72746562	73929721	4	1
TCGA-13-1507	8	73931724	83498885	3	1
TCGA-13-1507	8	83500220	95686214	2	1
TCGA-13-1507	8	95686279	106769070	3	1
TCGA-13-1507	8	106771257	107872714	4	1
TCGA-13-1507	8	107872994	113037723	5	1
TCGA-13-1507	8	113038872	117947272	3	1
TCGA-13-1507	8	117947385	132205298	5	1
TCGA-13-1507	8	132207342	134240697	3	1
TCGA-13-1507	8	134241897	134921098	5	1
TCGA-13-1507	8	134921302	139175059	3	1
TCGA-13-1507	8	139175182	142945953	4	1
TCGA-13-1507	8	142946225	146298155	3	1
TCGA-13-1507	9	46587	5331307	4	2
TCGA-13-1507	9	5331558	6246144	2	2
TCGA-13-1507	9	6251012	9270642	4	2
TCGA-13-1507	9	9271443	9417120	4	0
TCGA-13-1507	9	9420735	12015370	4	2
TCGA-13-1507	9	12015741	31834082	4	1
TCGA-13-1507	9	31834128	47217176	3	1
TCGA-13-1507	9	65616971	141091394	1	1
TCGA-13-1507	10	72759	16627980	2	1
TCGA-13-1507	10	16628547	16750511	2	0
TCGA-13-1507	10	16753473	28778107	2	1
TCGA-13-1507	10	28778422	36026138	2	2
TCGA-13-1507	10	36026685	39076206	3	2
TCGA-13-1507	10	39076221	56378236	2	0
TCGA-13-1507	10	56378410	56993130	5	2
TCGA-13-1507	10	56994447	75308540	2	0
TCGA-13-1507	10	75317530	79362405	5	2
TCGA-13-1507	10	79363388	81885914	6	2
TCGA-13-1507	10	81886045	83458603	9	2
TCGA-13-1507	10	83459119	135506704	2	0
TCGA-13-1507	11	198572	50669693	2	0
TCGA-13-1507	11	50682379	134944770	2	1
TCGA-13-1507	12	150442	39795880	2	0
TCGA-13-1507	12	39796559	40400132	2	2
TCGA-13-1507	12	40402776	44185652	2	1
TCGA-13-1507	12	44190821	47078527	2	0
TCGA-13-1507	12	47084893	47784173	2	1
TCGA-13-1507	12	47786575	99921291	2	0
TCGA-13-1507	12	99922441	100332210	1	0
TCGA-13-1507	12	100338069	133778189	2	0
TCGA-13-1507	13	19026949	51076895	2	1
TCGA-13-1507	13	51086107	51352807	2	0
TCGA-13-1507	13	51354186	115108397	2	1
TCGA-13-1507	14	19002124	107285437	1	1
TCGA-13-1507	15	20016328	40986114	2	0
TCGA-13-1507	15	40986237	42513547	1	0
TCGA-13-1507	15	42514297	102469040	2	0
TCGA-13-1507	16	60777	57567624	2	0
TCGA-13-1507	16	57575397	58242014	3	0
TCGA-13-1507	16	58244466	70398733	1	0
TCGA-13-1507	16	70404502	78570567	1	1
TCGA-13-1507	16	78570715	78762822	1	0
TCGA-13-1507	16	78764097	89402234	1	1
TCGA-13-1507	16	89405747	89620813	1	0
TCGA-13-1507	16	89626240	90287535	1	1
TCGA-13-1507	17	526	21524172	3	0
TCGA-13-1507	17	21527046	44868094	2	0
TCGA-13-1507	17	44868187	61614601	3	0
TCGA-13-1507	17	61617502	67858433	4	0
TCGA-13-1507	17	67859360	71887096	2	0
TCGA-13-1507	17	71889092	72447700	4	0
TCGA-13-1507	17	72452443	72944972	3	0
TCGA-13-1507	17	72945429	75946131	6	0
TCGA-13-1507	17	75948004	79836635	3	0
TCGA-13-1507	17	79844820	81049726	2	0
TCGA-13-1507	18	48133	18931150	3	1
TCGA-13-1507	18	18935532	21987537	9	2
TCGA-13-1507	18	21988249	22399686	14	3
TCGA-13-1507	18	22401058	24551846	2	2
TCGA-13-1507	18	24551866	26990995	2	1
TCGA-13-1507	18	26991993	28908090	4	2
TCGA-13-1507	18	28908915	33701451	3	2
TCGA-13-1507	18	33701589	34755582	2	2
TCGA-13-1507	18	34760133	35305576	4	2
TCGA-13-1507	18	35310968	37417186	3	2
TCGA-13-1507	18	37417738	41982671	4	2
TCGA-13-1507	18	41983065	49109693	5	2
TCGA-13-1507	18	49109894	52211416	4	2
TCGA-13-1507	18	52213614	54259219	2	1
TCGA-13-1507	18	54265847	78015057	2	0
TCGA-13-1507	19	90910	11159096	1	1
TCGA-13-1507	19	11159525	11595520	1	0
TCGA-13-1507	19	11596297	22443554	1	1
TCGA-13-1507	19	22445651	24583312	5	1
TCGA-13-1507	19	24596750	27863589	4	0
TCGA-13-1507	19	27865904	39710903	2	1
TCGA-13-1507	19	39712137	41780388	2	2
TCGA-13-1507	19	41781493	59097854	2	1
TCGA-13-1507	20	61305	12986949	2	2
TCGA-13-1507	20	12987789	13373279	2	1
TCGA-13-1507	20	13380990	62956153	2	2
TCGA-13-1507	21	10736871	15331425	2	1
TCGA-13-1507	21	15331478	47789310	1	1
TCGA-13-1507	21	47792874	48096957	1	0
TCGA-13-1507	22	16052528	50447254	1	1
TCGA-13-1507	22	50447384	51234455	1	0
TCGA-13-1507	X	168477	32740960	2	0
TCGA-13-1507	X	32741924	33052117	1	0
TCGA-13-1507	X	33052213	66344143	2	0
TCGA-13-1507	X	66348384	73320868	1	0
TCGA-13-1507	X	73321113	73747833	0	0
TCGA-13-1507	X	73757533	155233846	1	0
