sample	chr	startpos	endpos	nMajor	nMinor
TCGA-AA-3549	1	61735	48006831	1	1
TCGA-AA-3549	1	48006898	51456710	1	0
TCGA-AA-3549	1	51461755	65848075	1	1
TCGA-AA-3549	1	65852064	73074749	1	0
TCGA-AA-3549	1	73077448	74524181	1	1
TCGA-AA-3549	1	74531987	79520457	1	0
TCGA-AA-3549	1	79520554	81566623	1	1
TCGA-AA-3549	1	81567342	86655053	1	0
TCGA-AA-3549	1	86655274	97048084	1	1
TCGA-AA-3549	1	97048107	121482979	1	0
TCGA-AA-3549	1	144007049	151950089	1	1
TCGA-AA-3549	1	151950290	152606122	1	0
TCGA-AA-3549	1	152609951	186499926	1	1
TCGA-AA-3549	1	186502694	187239318	1	0
TCGA-AA-3549	1	187239429	208354469	1	1
TCGA-AA-3549	1	208358991	208670753	1	0
TCGA-AA-3549	1	208671279	209318318	1	1
TCGA-AA-3549	1	209318792	211669464	1	0
TCGA-AA-3549	1	211671900	214970458	1	1
TCGA-AA-3549	1	214971131	215813988	1	0
TCGA-AA-3549	1	215816688	216840114	1	1
TCGA-AA-3549	1	216840226	217249774	1	0
TCGA-AA-3549	1	217253234	217731548	1	1
TCGA-AA-3549	1	217731869	218237517	1	0
TCGA-AA-3549	1	218238495	222006206	1	1
TCGA-AA-3549	1	222006376	249224388	1	0
TCGA-AA-3549	2	12784	236357432	1	1
TCGA-AA-3549	2	236358240	243089456	2	0
TCGA-AA-3549	3	60345	197896118	1	1
TCGA-AA-3549	4	12281	191027923	1	0
TCGA-AA-3549	5	15532	180790320	1	1
TCGA-AA-3549	6	149661	171051005	1	1
TCGA-AA-3549	7	43259	159127004	1	1
TCGA-AA-3549	8	31254	34379078	1	0
TCGA-AA-3549	8	34379983	36766538	1	1
TCGA-AA-3549	8	36770297	36993350	1	0
TCGA-AA-3549	8	36994086	37426005	1	1
TCGA-AA-3549	8	37426884	40943837	1	0
TCGA-AA-3549	8	40944012	146298155	1	1
TCGA-AA-3549	9	46587	79323348	1	1
TCGA-AA-3549	9	79323986	79617605	1	0
TCGA-AA-3549	9	79621373	95891998	1	1
TCGA-AA-3549	9	95892443	98143642	1	0
TCGA-AA-3549	9	98143742	100822401	2	1
TCGA-AA-3549	9	100823084	101580396	1	0
TCGA-AA-3549	9	101584551	141091394	1	1
TCGA-AA-3549	10	72759	52794924	1	1
TCGA-AA-3549	10	52795626	53366180	1	0
TCGA-AA-3549	10	53369005	135506704	1	1
TCGA-AA-3549	11	198572	134944770	1	1
TCGA-AA-3549	12	150442	110265992	1	1
TCGA-AA-3549	12	110267506	113939970	1	0
TCGA-AA-3549	12	113944419	115069165	1	1
TCGA-AA-3549	12	115070146	116384309	1	0
TCGA-AA-3549	12	116387210	124368245	1	1
TCGA-AA-3549	12	124371400	125439806	1	0
TCGA-AA-3549	12	125440187	133778189	1	1
TCGA-AA-3549	13	19026949	115108397	6	0
TCGA-AA-3549	14	19002124	107285437	1	1
TCGA-AA-3549	15	20016328	102469040	1	0
TCGA-AA-3549	16	60777	75892685	1	1
TCGA-AA-3549	16	75893344	76412317	1	0
TCGA-AA-3549	16	76412599	77087101	1	1
TCGA-AA-3549	16	77087123	90287535	1	0
TCGA-AA-3549	17	526	5777383	2	0
TCGA-AA-3549	17	5782945	5847003	1	0
TCGA-AA-3549	17	5847215	10494598	2	0
TCGA-AA-3549	17	10495245	11921738	1	0
TCGA-AA-3549	17	11921944	19624321	2	0
TCGA-AA-3549	17	19625815	25282105	1	0
TCGA-AA-3549	17	25287061	32505722	2	0
TCGA-AA-3549	17	32505772	33132967	2	1
TCGA-AA-3549	17	33134161	81049726	1	1
TCGA-AA-3549	18	48133	19495668	1	1
TCGA-AA-3549	18	19496983	48116918	1	0
TCGA-AA-3549	18	48117777	53065516	0	0
TCGA-AA-3549	18	53066079	54314154	1	0
TCGA-AA-3549	18	54314666	56947643	1	1
TCGA-AA-3549	18	56947980	61498671	1	0
TCGA-AA-3549	18	61500948	64528767	0	0
TCGA-AA-3549	18	64530463	78015057	1	0
TCGA-AA-3549	19	90910	10151778	1	1
TCGA-AA-3549	19	10154673	11136259	1	0
TCGA-AA-3549	19	11136315	46765021	1	1
TCGA-AA-3549	19	46771375	47878158	1	0
TCGA-AA-3549	19	47879874	59097854	1	1
TCGA-AA-3549	20	61305	62956153	3	1
TCGA-AA-3549	21	10736871	48096957	1	1
TCGA-AA-3549	22	16052528	26437949	1	1
TCGA-AA-3549	22	26438107	33818598	1	0
TCGA-AA-3549	22	33820256	35667486	1	1
TCGA-AA-3549	22	35669272	37202179	1	0
TCGA-AA-3549	22	37202831	37533143	1	1
TCGA-AA-3549	22	37533286	41397399	1	0
TCGA-AA-3549	22	41397795	42117651	1	1
TCGA-AA-3549	22	42118754	49410815	1	0
TCGA-AA-3549	22	49411389	49902342	1	1
TCGA-AA-3549	22	49904978	51234455	1	0
TCGA-AA-3549	X	168477	155233846	2	0
