sample	chr	startpos	endpos	nMajor	nMinor
TCGA-HU-A4H3	1	61735	234585234	1	1
TCGA-HU-A4H3	1	234585541	235078957	2	0
TCGA-HU-A4H3	1	235079866	249224388	1	1
TCGA-HU-A4H3	2	12784	346507	2	0
TCGA-HU-A4H3	2	347812	43447766	1	1
TCGA-HU-A4H3	2	43448614	44242033	2	0
TCGA-HU-A4H3	2	44243814	54745492	1	1
TCGA-HU-A4H3	2	54746380	56225534	2	0
TCGA-HU-A4H3	2	56225588	158477911	1	1
TCGA-HU-A4H3	2	158480721	159587256	2	0
TCGA-HU-A4H3	2	159588969	160670135	1	1
TCGA-HU-A4H3	2	160670155	162867862	2	0
TCGA-HU-A4H3	2	162868858	172343249	1	1
TCGA-HU-A4H3	2	172344987	174167278	2	0
TCGA-HU-A4H3	2	174168919	188882476	1	1
TCGA-HU-A4H3	2	188891930	191040574	2	0
TCGA-HU-A4H3	2	191048227	243089456	1	1
TCGA-HU-A4H3	3	60345	1371260	2	0
TCGA-HU-A4H3	3	1371396	41650339	1	1
TCGA-HU-A4H3	3	41654151	43072054	2	0
TCGA-HU-A4H3	3	43072073	59762116	1	1
TCGA-HU-A4H3	3	59762810	59970958	1	0
TCGA-HU-A4H3	3	59970997	60350729	1	1
TCGA-HU-A4H3	3	60351561	60721185	0	0
TCGA-HU-A4H3	3	60721400	60957562	1	0
TCGA-HU-A4H3	3	60957887	68375259	1	1
TCGA-HU-A4H3	3	68375772	69343566	2	0
TCGA-HU-A4H3	3	69346575	107382022	1	1
TCGA-HU-A4H3	3	107382343	197896118	3	1
TCGA-HU-A4H3	4	12281	143234955	1	1
TCGA-HU-A4H3	4	143234981	144823919	2	0
TCGA-HU-A4H3	4	144829774	158432730	1	1
TCGA-HU-A4H3	4	158433954	160892067	2	0
TCGA-HU-A4H3	4	160892867	191027923	1	1
TCGA-HU-A4H3	5	15532	180790320	1	1
TCGA-HU-A4H3	6	149661	31233758	1	1
TCGA-HU-A4H3	6	31242695	31360095	1	0
TCGA-HU-A4H3	6	31362310	115349449	1	1
TCGA-HU-A4H3	6	115349542	116739133	2	1
TCGA-HU-A4H3	6	116739730	171051005	1	1
TCGA-HU-A4H3	7	43259	64201	2	2
TCGA-HU-A4H3	7	65254	22889960	2	0
TCGA-HU-A4H3	7	22890742	159127004	2	1
TCGA-HU-A4H3	8	31254	146298155	2	1
TCGA-HU-A4H3	9	46587	1169070	1	1
TCGA-HU-A4H3	9	1169183	1668830	2	0
TCGA-HU-A4H3	9	1669625	9121158	1	1
TCGA-HU-A4H3	9	9127537	9288835	1	0
TCGA-HU-A4H3	9	9289352	9329715	0	0
TCGA-HU-A4H3	9	9329870	9769285	1	0
TCGA-HU-A4H3	9	9769633	141091394	1	1
TCGA-HU-A4H3	10	72759	37853422	1	1
TCGA-HU-A4H3	10	37859609	38502717	2	0
TCGA-HU-A4H3	10	38513565	65001788	1	1
TCGA-HU-A4H3	10	65002733	65176863	1	0
TCGA-HU-A4H3	10	65182708	135506704	1	1
TCGA-HU-A4H3	11	198572	89892674	1	1
TCGA-HU-A4H3	11	89894294	91363055	2	0
TCGA-HU-A4H3	11	91363163	134944770	1	1
TCGA-HU-A4H3	12	150442	133199599	1	1
TCGA-HU-A4H3	12	133203297	133778189	2	0
TCGA-HU-A4H3	13	19026949	115108397	1	1
TCGA-HU-A4H3	14	19002124	107285437	1	1
TCGA-HU-A4H3	15	20016328	63632775	1	1
TCGA-HU-A4H3	15	63633238	66278576	2	0
TCGA-HU-A4H3	15	66283700	102469040	1	1
TCGA-HU-A4H3	16	60777	31947241	1	1
TCGA-HU-A4H3	16	31948604	48858977	2	0
TCGA-HU-A4H3	16	48859532	90287535	1	1
TCGA-HU-A4H3	17	526	81049726	1	1
TCGA-HU-A4H3	18	48133	77693807	1	1
TCGA-HU-A4H3	18	77694168	78015057	2	0
TCGA-HU-A4H3	19	90910	23231739	1	1
TCGA-HU-A4H3	19	23232472	24367879	2	0
TCGA-HU-A4H3	19	24368149	59097854	1	1
TCGA-HU-A4H3	20	61305	6175064	1	1
TCGA-HU-A4H3	20	6175190	6840751	2	0
TCGA-HU-A4H3	20	6841447	62956153	1	1
TCGA-HU-A4H3	21	10736871	48096957	1	0
TCGA-HU-A4H3	22	16052528	51234455	1	1
TCGA-HU-A4H3	X	168477	62625539	1	1
TCGA-HU-A4H3	X	62628488	66394203	2	0
TCGA-HU-A4H3	X	66398192	78519647	1	1
TCGA-HU-A4H3	X	78520702	80122719	2	0
TCGA-HU-A4H3	X	80124673	108878663	1	1
TCGA-HU-A4H3	X	108881378	113080340	2	0
TCGA-HU-A4H3	X	113080888	155233846	1	1
