sample	chr	startpos	endpos	nMajor	nMinor
TCGA-BH-A209	1	61735	37285123	1	0
TCGA-BH-A209	1	37286182	40406881	2	1
TCGA-BH-A209	1	40407954	66239699	1	1
TCGA-BH-A209	1	66239723	71693375	1	0
TCGA-BH-A209	1	71693853	74067770	2	1
TCGA-BH-A209	1	74069547	76583790	1	1
TCGA-BH-A209	1	76584196	76927674	2	1
TCGA-BH-A209	1	76927766	108449377	1	1
TCGA-BH-A209	1	108449793	111207720	2	1
TCGA-BH-A209	1	111208807	118120568	1	0
TCGA-BH-A209	1	118120921	121482979	3	1
TCGA-BH-A209	1	144007049	163033511	2	1
TCGA-BH-A209	1	163033537	163953111	5	1
TCGA-BH-A209	1	163957374	169817183	6	1
TCGA-BH-A209	1	169817636	185263628	2	1
TCGA-BH-A209	1	185264208	186847543	3	1
TCGA-BH-A209	1	186847574	191967942	2	1
TCGA-BH-A209	1	191968069	193769084	4	1
TCGA-BH-A209	1	193769321	194763654	7	1
TCGA-BH-A209	1	194765326	196181198	4	1
TCGA-BH-A209	1	196187152	200135399	2	1
TCGA-BH-A209	1	200135564	202395763	3	1
TCGA-BH-A209	1	202398692	204260710	6	1
TCGA-BH-A209	1	204261060	205773379	4	1
TCGA-BH-A209	1	205774422	249224388	2	1
TCGA-BH-A209	2	12784	45817002	1	1
TCGA-BH-A209	2	45818952	48746606	2	1
TCGA-BH-A209	2	48750410	90242268	1	1
TCGA-BH-A209	2	90242470	243089456	2	1
TCGA-BH-A209	3	60345	190883077	1	1
TCGA-BH-A209	3	190883231	192210315	1	0
TCGA-BH-A209	3	192216223	197896118	1	1
TCGA-BH-A209	4	12281	43884466	1	0
TCGA-BH-A209	4	43888113	191027923	1	1
TCGA-BH-A209	5	15532	46271008	1	1
TCGA-BH-A209	5	46271108	134627153	1	0
TCGA-BH-A209	5	134631367	139924829	1	1
TCGA-BH-A209	5	139925365	163341716	1	0
TCGA-BH-A209	5	163344474	164612212	1	1
TCGA-BH-A209	5	164613016	167370263	1	0
TCGA-BH-A209	5	167370930	180790320	1	1
TCGA-BH-A209	6	149661	566673	4	0
TCGA-BH-A209	6	566713	1715726	8	0
TCGA-BH-A209	6	1716710	2833739	4	0
TCGA-BH-A209	6	2834265	3627106	6	0
TCGA-BH-A209	6	3627623	3988758	3	0
TCGA-BH-A209	6	3989017	6267577	5	0
TCGA-BH-A209	6	6267868	9668126	3	0
TCGA-BH-A209	6	9669686	12200946	1	0
TCGA-BH-A209	6	12201036	13519372	3	0
TCGA-BH-A209	6	13521823	15273650	7	0
TCGA-BH-A209	6	15274017	16019724	9	0
TCGA-BH-A209	6	16022020	16446643	5	0
TCGA-BH-A209	6	16447103	24797647	1	0
TCGA-BH-A209	6	24797815	26630163	2	0
TCGA-BH-A209	6	26631734	31449022	1	0
TCGA-BH-A209	6	31449081	36621533	2	0
TCGA-BH-A209	6	36621675	42653718	1	0
TCGA-BH-A209	6	42659199	44802910	6	1
TCGA-BH-A209	6	44803687	47649694	3	1
TCGA-BH-A209	6	47652510	48184732	4	1
TCGA-BH-A209	6	48185396	50795611	1	0
TCGA-BH-A209	6	50796634	52822447	1	1
TCGA-BH-A209	6	52823605	55323930	3	1
TCGA-BH-A209	6	55327498	171051005	1	1
TCGA-BH-A209	7	43259	159127004	1	1
TCGA-BH-A209	8	31254	36832672	1	0
TCGA-BH-A209	8	36841962	37131290	3	0
TCGA-BH-A209	8	37131907	40188348	6	0
TCGA-BH-A209	8	40188411	43621892	2	0
TCGA-BH-A209	8	43624895	49889465	2	1
TCGA-BH-A209	8	49890132	50245215	1	0
TCGA-BH-A209	8	50245833	61862837	2	2
TCGA-BH-A209	8	61864082	75026965	4	2
TCGA-BH-A209	8	75028664	76169957	6	2
TCGA-BH-A209	8	76171681	79882187	8	2
TCGA-BH-A209	8	79886961	84524144	6	2
TCGA-BH-A209	8	84525194	128396498	4	2
TCGA-BH-A209	8	128396947	130080412	8	2
TCGA-BH-A209	8	130088605	137705905	5	2
TCGA-BH-A209	8	137709636	146298155	3	2
TCGA-BH-A209	9	46587	6531461	1	0
TCGA-BH-A209	9	6532195	7154923	8	1
TCGA-BH-A209	9	7155713	8137132	1	0
TCGA-BH-A209	9	8142291	8654867	8	1
TCGA-BH-A209	9	8662440	14598861	3	1
TCGA-BH-A209	9	14601881	129166914	1	0
TCGA-BH-A209	9	129167071	130325398	3	1
TCGA-BH-A209	9	130327545	141091394	1	0
TCGA-BH-A209	10	72759	135506704	1	1
TCGA-BH-A209	11	198572	134944770	1	1
TCGA-BH-A209	12	150442	133778189	1	1
TCGA-BH-A209	13	19026949	25885285	1	0
TCGA-BH-A209	13	25888908	27000141	6	1
TCGA-BH-A209	13	27000368	33223799	4	1
TCGA-BH-A209	13	33224861	115108397	1	0
TCGA-BH-A209	14	19002124	107285437	1	1
TCGA-BH-A209	15	20016328	102469040	1	1
TCGA-BH-A209	16	60777	90287535	1	0
TCGA-BH-A209	17	526	32376384	1	0
TCGA-BH-A209	17	32377373	34292939	1	1
TCGA-BH-A209	17	34292952	41359946	1	0
TCGA-BH-A209	17	41367401	81049726	1	1
TCGA-BH-A209	18	48133	19494756	1	1
TCGA-BH-A209	18	19495668	78015057	1	0
TCGA-BH-A209	19	90910	6996509	1	0
TCGA-BH-A209	19	6996640	8135480	8	1
TCGA-BH-A209	19	8136027	9056240	4	1
TCGA-BH-A209	19	9056941	9503924	7	1
TCGA-BH-A209	19	9503937	11303554	4	1
TCGA-BH-A209	19	11309871	12809056	6	1
TCGA-BH-A209	19	12809726	16152816	3	1
TCGA-BH-A209	19	16155016	18660053	1	1
TCGA-BH-A209	19	18663026	19946939	3	1
TCGA-BH-A209	19	19949209	24133685	1	0
TCGA-BH-A209	19	24134691	30442214	1	1
TCGA-BH-A209	19	30442830	32381071	3	1
TCGA-BH-A209	19	32381414	33035101	6	1
TCGA-BH-A209	19	33035849	35772899	5	1
TCGA-BH-A209	19	35774556	59097854	1	0
TCGA-BH-A209	20	61305	62956153	1	1
TCGA-BH-A209	21	10736871	48096957	1	1
TCGA-BH-A209	22	16052528	18557119	1	0
TCGA-BH-A209	22	18559103	21845294	1	1
TCGA-BH-A209	22	21845355	23187249	2	1
TCGA-BH-A209	22	23187641	23821281	4	1
TCGA-BH-A209	22	23825414	24564544	1	1
TCGA-BH-A209	22	24565796	27291924	3	1
TCGA-BH-A209	22	27292868	28309261	0	0
TCGA-BH-A209	22	28313383	28567310	3	1
TCGA-BH-A209	22	28568835	30704223	1	0
TCGA-BH-A209	22	30711443	31015468	4	1
TCGA-BH-A209	22	31023893	51234455	1	0
TCGA-BH-A209	X	168477	47945028	1	0
TCGA-BH-A209	X	47945488	58480556	2	0
TCGA-BH-A209	X	58495944	155233846	1	0
