sample	chr	startpos	endpos	nMajor	nMinor
TCGA-KL-8324	1	61735	249224388	3	0
TCGA-KL-8324	2	12784	243089456	3	0
TCGA-KL-8324	3	60345	197896118	3	0
TCGA-KL-8324	4	12281	159245888	3	3
TCGA-KL-8324	4	159246608	163934279	3	1
TCGA-KL-8324	4	163934608	191027923	3	3
TCGA-KL-8324	5	15532	180790320	3	0
TCGA-KL-8324	6	149661	171051005	3	0
TCGA-KL-8324	7	43259	159127004	3	3
TCGA-KL-8324	8	31254	146298155	3	3
TCGA-KL-8324	9	46587	141091394	3	0
TCGA-KL-8324	10	72759	135506704	3	3
TCGA-KL-8324	11	198572	134944770	3	3
TCGA-KL-8324	12	150442	133778189	3	3
TCGA-KL-8324	13	19026949	115108397	3	0
TCGA-KL-8324	14	19002124	107285437	3	3
TCGA-KL-8324	15	20016328	102469040	3	3
TCGA-KL-8324	16	60777	90287535	3	3
TCGA-KL-8324	17	526	81049726	3	0
TCGA-KL-8324	18	48133	78015057	3	3
TCGA-KL-8324	19	90910	59097854	3	3
TCGA-KL-8324	20	61305	62956153	3	3
TCGA-KL-8324	21	10736871	48096957	3	0
TCGA-KL-8324	22	16052528	51234455	3	2
TCGA-KL-8324	X	168477	155233846	3	0
