sample	chr	startpos	endpos	nMajor	nMinor
TCGA-BH-A1FD	1	61735	3166089	1	1
TCGA-BH-A1FD	1	3169157	23424649	1	0
TCGA-BH-A1FD	1	23431922	47096647	1	1
TCGA-BH-A1FD	1	47097402	47574650	1	0
TCGA-BH-A1FD	1	47576736	48129188	1	1
TCGA-BH-A1FD	1	48133197	48911793	1	0
TCGA-BH-A1FD	1	48915570	62778547	1	1
TCGA-BH-A1FD	1	62778711	63872359	1	0
TCGA-BH-A1FD	1	63873998	92048909	1	1
TCGA-BH-A1FD	1	92048966	92585920	2	1
TCGA-BH-A1FD	1	92586079	215263093	1	1
TCGA-BH-A1FD	1	215264248	216158399	1	0
TCGA-BH-A1FD	1	216159419	217116429	0	0
TCGA-BH-A1FD	1	217118738	217418745	1	0
TCGA-BH-A1FD	1	217419706	217570487	0	0
TCGA-BH-A1FD	1	217571581	218080976	1	0
TCGA-BH-A1FD	1	218081062	220840808	1	1
TCGA-BH-A1FD	1	220845108	223511958	1	0
TCGA-BH-A1FD	1	223518796	231877284	1	1
TCGA-BH-A1FD	1	231880340	232321591	1	0
TCGA-BH-A1FD	1	232321669	235988566	1	1
TCGA-BH-A1FD	1	235994307	237649741	1	0
TCGA-BH-A1FD	1	237650644	240206827	1	1
TCGA-BH-A1FD	1	240206985	241292292	1	0
TCGA-BH-A1FD	1	241292521	241403844	1	1
TCGA-BH-A1FD	1	241405174	249224388	1	0
TCGA-BH-A1FD	2	12784	49296484	1	1
TCGA-BH-A1FD	2	49300234	49617168	1	0
TCGA-BH-A1FD	2	49617498	71215551	1	1
TCGA-BH-A1FD	2	71217595	71682572	2	1
TCGA-BH-A1FD	2	71682950	77646848	1	1
TCGA-BH-A1FD	2	77650709	77876709	1	0
TCGA-BH-A1FD	2	77878335	108891728	1	1
TCGA-BH-A1FD	2	108891945	111585306	1	0
TCGA-BH-A1FD	2	111586056	223254698	1	1
TCGA-BH-A1FD	2	223256799	226403878	1	0
TCGA-BH-A1FD	2	226411223	230244293	1	1
TCGA-BH-A1FD	2	230252705	232157368	1	0
TCGA-BH-A1FD	2	232158246	233241903	1	1
TCGA-BH-A1FD	2	233241978	238766800	2	1
TCGA-BH-A1FD	2	238766985	241506669	2	0
TCGA-BH-A1FD	2	241508759	243089456	2	1
TCGA-BH-A1FD	3	60345	2263937	1	1
TCGA-BH-A1FD	3	2264111	2609230	1	0
TCGA-BH-A1FD	3	2609580	181581174	1	1
TCGA-BH-A1FD	3	181581183	181676929	1	0
TCGA-BH-A1FD	3	181677909	182259754	0	0
TCGA-BH-A1FD	3	182261809	197896118	1	1
TCGA-BH-A1FD	4	12281	3879618	1	1
TCGA-BH-A1FD	4	3885808	4194849	3	1
TCGA-BH-A1FD	4	4195400	78297785	1	1
TCGA-BH-A1FD	4	78299981	189106521	1	0
TCGA-BH-A1FD	4	189106552	191027923	1	1
TCGA-BH-A1FD	5	15532	55574191	1	1
TCGA-BH-A1FD	5	55576562	58543049	1	0
TCGA-BH-A1FD	5	58546593	66992391	1	1
TCGA-BH-A1FD	5	66992708	92792468	1	0
TCGA-BH-A1FD	5	92793118	97120507	1	1
TCGA-BH-A1FD	5	97125667	97373227	1	0
TCGA-BH-A1FD	5	97374425	155336143	1	1
TCGA-BH-A1FD	5	155338081	157338181	1	0
TCGA-BH-A1FD	5	157340772	162682183	1	1
TCGA-BH-A1FD	5	162683796	166786345	1	0
TCGA-BH-A1FD	5	166787432	166926279	0	0
TCGA-BH-A1FD	5	166931707	167275949	1	0
TCGA-BH-A1FD	5	167276307	180790320	1	1
TCGA-BH-A1FD	6	149661	6693320	1	1
TCGA-BH-A1FD	6	6697584	7156901	1	0
TCGA-BH-A1FD	6	7157040	14205978	1	1
TCGA-BH-A1FD	6	14210419	15191655	1	0
TCGA-BH-A1FD	6	15197987	68225905	1	1
TCGA-BH-A1FD	6	68228212	68565227	2	0
TCGA-BH-A1FD	6	68567868	129623963	1	0
TCGA-BH-A1FD	6	129626250	145204317	1	1
TCGA-BH-A1FD	6	145204339	151794071	1	0
TCGA-BH-A1FD	6	151794395	152432571	3	1
TCGA-BH-A1FD	6	152435542	152644280	1	1
TCGA-BH-A1FD	6	152645245	153334606	1	0
TCGA-BH-A1FD	6	153335148	162366266	1	1
TCGA-BH-A1FD	6	162367823	171051005	1	0
TCGA-BH-A1FD	7	43259	1892565	1	1
TCGA-BH-A1FD	7	1912222	49260656	2	1
TCGA-BH-A1FD	7	49261594	49536511	1	1
TCGA-BH-A1FD	7	49538640	62647277	2	1
TCGA-BH-A1FD	7	62651632	159127004	1	1
TCGA-BH-A1FD	8	31254	2667934	1	0
TCGA-BH-A1FD	8	2668581	2969818	1	1
TCGA-BH-A1FD	8	2970431	5225512	1	0
TCGA-BH-A1FD	8	5225682	5632188	1	1
TCGA-BH-A1FD	8	5632378	6275753	4	1
TCGA-BH-A1FD	8	6278908	8174013	1	0
TCGA-BH-A1FD	8	8176893	8415810	9	1
TCGA-BH-A1FD	8	8419612	8761970	1	0
TCGA-BH-A1FD	8	8762040	8775663	5	2
TCGA-BH-A1FD	8	8778094	8867376	1	0
TCGA-BH-A1FD	8	8872304	10697857	5	1
TCGA-BH-A1FD	8	10699552	11881859	1	0
TCGA-BH-A1FD	8	11882397	11987726	3	1
TCGA-BH-A1FD	8	11991517	13056737	1	0
TCGA-BH-A1FD	8	13059257	13100245	6	0
TCGA-BH-A1FD	8	13104705	13354677	1	0
TCGA-BH-A1FD	8	13355424	13556400	5	1
TCGA-BH-A1FD	8	13556813	36891773	1	0
TCGA-BH-A1FD	8	36897037	41041871	6	1
TCGA-BH-A1FD	8	41045355	50003194	2	1
TCGA-BH-A1FD	8	50004901	52920123	1	1
TCGA-BH-A1FD	8	52923780	52931892	0	0
TCGA-BH-A1FD	8	52945379	54147206	1	0
TCGA-BH-A1FD	8	54149389	55657941	4	1
TCGA-BH-A1FD	8	55659025	55934350	2	1
TCGA-BH-A1FD	8	55934395	61080268	5	1
TCGA-BH-A1FD	8	61084499	67207374	1	1
TCGA-BH-A1FD	8	67209954	67465588	1	0
TCGA-BH-A1FD	8	67470715	68951204	2	1
TCGA-BH-A1FD	8	68951905	72129474	1	1
TCGA-BH-A1FD	8	72129679	73341379	1	0
TCGA-BH-A1FD	8	73343981	75385729	2	1
TCGA-BH-A1FD	8	75397835	77851978	1	0
TCGA-BH-A1FD	8	77857273	77888054	4	1
TCGA-BH-A1FD	8	77889111	78708623	4	2
TCGA-BH-A1FD	8	78709297	78889863	9	2
TCGA-BH-A1FD	8	78890531	80913384	4	1
TCGA-BH-A1FD	8	80914930	82501951	2	1
TCGA-BH-A1FD	8	82502377	90317170	1	0
TCGA-BH-A1FD	8	90317695	94462906	1	1
TCGA-BH-A1FD	8	94463409	94763396	1	0
TCGA-BH-A1FD	8	94764036	96521423	1	1
TCGA-BH-A1FD	8	96521988	98672028	1	0
TCGA-BH-A1FD	8	98675056	98884538	2	1
TCGA-BH-A1FD	8	98885546	99373929	6	1
TCGA-BH-A1FD	8	99375466	100605703	2	1
TCGA-BH-A1FD	8	100606008	101324125	1	0
TCGA-BH-A1FD	8	101327955	101646390	5	1
TCGA-BH-A1FD	8	101651991	102034689	1	0
TCGA-BH-A1FD	8	102039707	102645656	4	1
TCGA-BH-A1FD	8	102645783	115780720	1	0
TCGA-BH-A1FD	8	115786768	116396594	6	2
TCGA-BH-A1FD	8	116399053	117112366	21	3
TCGA-BH-A1FD	8	117120123	118112386	12	2
TCGA-BH-A1FD	8	118119172	119577471	1	0
TCGA-BH-A1FD	8	119579349	119729672	2	2
TCGA-BH-A1FD	8	119737284	122239170	13	2
TCGA-BH-A1FD	8	122240089	128340672	1	0
TCGA-BH-A1FD	8	128340908	129003117	10	2
TCGA-BH-A1FD	8	129009922	130291974	15	2
TCGA-BH-A1FD	8	130293776	130727016	8	2
TCGA-BH-A1FD	8	130727978	131337836	2	1
TCGA-BH-A1FD	8	131339373	132454735	1	0
TCGA-BH-A1FD	8	132455575	134611911	1	1
TCGA-BH-A1FD	8	134612108	134888350	7	2
TCGA-BH-A1FD	8	134893661	135171382	2	1
TCGA-BH-A1FD	8	135174385	135440627	3	1
TCGA-BH-A1FD	8	135443791	136338867	9	2
TCGA-BH-A1FD	8	136339273	136649677	1	0
TCGA-BH-A1FD	8	136653104	136758151	10	2
TCGA-BH-A1FD	8	136758163	136953381	12	2
TCGA-BH-A1FD	8	136954331	137051601	11	2
TCGA-BH-A1FD	8	137054657	137074033	13	3
TCGA-BH-A1FD	8	137075949	137194633	1	1
TCGA-BH-A1FD	8	137198392	137278398	5	1
TCGA-BH-A1FD	8	137278411	139946965	1	0
TCGA-BH-A1FD	8	139947883	140384377	7	1
TCGA-BH-A1FD	8	140388179	140921339	1	0
TCGA-BH-A1FD	8	140921993	141517471	1	1
TCGA-BH-A1FD	8	141530863	142381292	8	2
TCGA-BH-A1FD	8	142392967	146298155	1	0
TCGA-BH-A1FD	9	46587	22983565	2	0
TCGA-BH-A1FD	9	22983864	141091394	1	0
TCGA-BH-A1FD	10	72759	94899344	1	1
TCGA-BH-A1FD	10	94899845	135506704	1	0
TCGA-BH-A1FD	11	198572	3407529	1	1
TCGA-BH-A1FD	11	3410609	3632259	2	1
TCGA-BH-A1FD	11	3632370	85475440	1	1
TCGA-BH-A1FD	11	85477283	85858538	2	1
TCGA-BH-A1FD	11	85859483	86909499	1	1
TCGA-BH-A1FD	11	86911919	88238968	2	1
TCGA-BH-A1FD	11	88244324	93801673	1	0
TCGA-BH-A1FD	11	93809618	100498959	1	1
TCGA-BH-A1FD	11	100505949	101710224	3	1
TCGA-BH-A1FD	11	101712638	132740982	1	0
TCGA-BH-A1FD	11	132746028	132990652	0	0
TCGA-BH-A1FD	11	132991763	134944770	1	0
TCGA-BH-A1FD	12	150442	96328918	1	1
TCGA-BH-A1FD	12	96329273	133778189	2	1
TCGA-BH-A1FD	13	19026949	34589178	1	1
TCGA-BH-A1FD	13	34594457	36904296	2	1
TCGA-BH-A1FD	13	36904371	38047980	1	0
TCGA-BH-A1FD	13	38049378	38075904	1	1
TCGA-BH-A1FD	13	38075965	38832626	2	1
TCGA-BH-A1FD	13	38832645	40188473	1	1
TCGA-BH-A1FD	13	40188793	70789139	1	0
TCGA-BH-A1FD	13	70789991	71571851	0	0
TCGA-BH-A1FD	13	71575940	115108397	1	0
TCGA-BH-A1FD	14	19002124	45203243	1	1
TCGA-BH-A1FD	14	45203476	107285437	1	0
TCGA-BH-A1FD	15	20016328	55807604	1	1
TCGA-BH-A1FD	15	55808402	57159298	1	0
TCGA-BH-A1FD	15	57164572	58101708	2	1
TCGA-BH-A1FD	15	58110751	58186188	2	0
TCGA-BH-A1FD	15	58187003	59170964	1	0
TCGA-BH-A1FD	15	59175228	101174111	1	1
TCGA-BH-A1FD	15	101176335	101467560	1	0
TCGA-BH-A1FD	15	101467822	102469040	1	1
TCGA-BH-A1FD	16	60777	35283226	1	1
TCGA-BH-A1FD	16	46463782	47676184	2	1
TCGA-BH-A1FD	16	47676440	47733824	2	0
TCGA-BH-A1FD	16	47735030	90287535	1	0
TCGA-BH-A1FD	17	526	56522533	1	0
TCGA-BH-A1FD	17	56528629	81049726	1	1
TCGA-BH-A1FD	18	48133	12566070	1	0
TCGA-BH-A1FD	18	12568509	14285523	2	0
TCGA-BH-A1FD	18	14304901	66750952	1	0
TCGA-BH-A1FD	18	66751045	66841139	0	0
TCGA-BH-A1FD	18	66848880	78015057	1	0
TCGA-BH-A1FD	19	90910	51569548	1	1
TCGA-BH-A1FD	19	51572068	53947976	3	1
TCGA-BH-A1FD	19	53948604	55787514	1	1
TCGA-BH-A1FD	19	55788445	56981551	3	1
TCGA-BH-A1FD	19	56983965	57830496	2	1
TCGA-BH-A1FD	19	57832089	59097854	1	0
TCGA-BH-A1FD	20	61305	10642998	1	0
TCGA-BH-A1FD	20	10643850	11510559	0	0
TCGA-BH-A1FD	20	11514253	26224651	1	0
TCGA-BH-A1FD	20	26225145	62956153	1	1
TCGA-BH-A1FD	21	10736871	48096957	1	1
TCGA-BH-A1FD	22	16052528	17398812	1	1
TCGA-BH-A1FD	22	17399211	51234455	1	0
TCGA-BH-A1FD	X	168477	62625019	1	1
TCGA-BH-A1FD	X	62625199	155233846	1	0
