sample	chr	startpos	endpos	nMajor	nMinor
TCGA-30-1853	1	61735	4286684	4	0
TCGA-30-1853	1	4291287	40321258	2	0
TCGA-30-1853	1	40328692	40466188	3	0
TCGA-30-1853	1	40468968	81272516	2	0
TCGA-30-1853	1	81279520	81442729	3	0
TCGA-30-1853	1	81443206	121482979	2	0
TCGA-30-1853	1	144007049	218553310	2	1
TCGA-30-1853	1	218553529	219999103	3	1
TCGA-30-1853	1	219999251	234420323	2	1
TCGA-30-1853	1	234420745	235263993	4	1
TCGA-30-1853	1	235264433	241873498	2	1
TCGA-30-1853	1	241873689	242008827	3	1
TCGA-30-1853	1	242008874	249224388	2	1
TCGA-30-1853	2	12784	71580129	2	1
TCGA-30-1853	2	71582308	71801738	3	1
TCGA-30-1853	2	71802886	96184598	2	1
TCGA-30-1853	2	96185368	243089456	1	1
TCGA-30-1853	3	60345	8501282	2	1
TCGA-30-1853	3	8501886	9568974	1	1
TCGA-30-1853	3	9574327	47213830	2	1
TCGA-30-1853	3	47217736	48331332	1	1
TCGA-30-1853	3	48336060	64472177	2	1
TCGA-30-1853	3	64472243	66503658	4	1
TCGA-30-1853	3	66503803	72037723	3	1
TCGA-30-1853	3	72039789	197896118	2	1
TCGA-30-1853	4	12281	191027923	1	1
TCGA-30-1853	5	15532	180790320	2	1
TCGA-30-1853	6	149661	35829144	3	0
TCGA-30-1853	6	35832270	46107312	1	0
TCGA-30-1853	6	46108083	46474520	2	0
TCGA-30-1853	6	46484995	171051005	1	0
TCGA-30-1853	7	43259	32717473	1	1
TCGA-30-1853	7	32731386	34303581	6	1
TCGA-30-1853	7	34303762	34800421	3	1
TCGA-30-1853	7	34801263	57974724	2	1
TCGA-30-1853	7	57986591	76269682	3	2
TCGA-30-1853	7	76270287	77548646	2	1
TCGA-30-1853	7	77549782	121529905	2	2
TCGA-30-1853	7	121530086	126279058	3	2
TCGA-30-1853	7	126283480	127734693	2	2
TCGA-30-1853	7	127736976	128351707	3	2
TCGA-30-1853	7	128352123	144455911	2	2
TCGA-30-1853	7	144456079	147558292	3	2
TCGA-30-1853	7	147558570	151587064	2	2
TCGA-30-1853	7	151590285	154437099	3	2
TCGA-30-1853	7	154438858	159127004	2	2
TCGA-30-1853	8	31254	46912027	2	1
TCGA-30-1853	8	46912314	123410872	3	3
TCGA-30-1853	8	123410962	136992301	3	2
TCGA-30-1853	8	136994952	140112841	3	3
TCGA-30-1853	8	140112894	146298155	3	2
TCGA-30-1853	9	46587	131834811	2	0
TCGA-30-1853	9	131835286	132707219	3	0
TCGA-30-1853	9	132709239	141091394	2	0
TCGA-30-1853	10	72759	64955853	2	1
TCGA-30-1853	10	64956117	65786999	3	1
TCGA-30-1853	10	65791943	72819988	2	1
TCGA-30-1853	10	72820353	75555302	1	1
TCGA-30-1853	10	75556328	105073364	2	1
TCGA-30-1853	10	105077857	113501672	2	0
TCGA-30-1853	10	113502538	114392904	3	0
TCGA-30-1853	10	114392981	114832672	2	0
TCGA-30-1853	10	114835956	115410682	2	2
TCGA-30-1853	10	115410828	135506704	2	1
TCGA-30-1853	11	198572	32240665	1	1
TCGA-30-1853	11	32240911	32430859	2	1
TCGA-30-1853	11	32435351	34513932	1	1
TCGA-30-1853	11	34516250	34775076	2	1
TCGA-30-1853	11	34775452	70966863	1	1
TCGA-30-1853	11	70966997	74308495	1	0
TCGA-30-1853	11	74310160	74365778	1	1
TCGA-30-1853	11	74366331	134944770	2	1
TCGA-30-1853	12	150442	32776363	2	1
TCGA-30-1853	12	32778671	38566917	3	1
TCGA-30-1853	12	38568939	58705233	2	1
TCGA-30-1853	12	58708620	60243380	1	1
TCGA-30-1853	12	60243688	64386017	2	1
TCGA-30-1853	12	64389187	133778189	2	0
TCGA-30-1853	13	19026949	115108397	2	1
TCGA-30-1853	14	19002124	41322994	1	1
TCGA-30-1853	14	41325018	107285437	2	1
TCGA-30-1853	15	20016328	93245002	2	1
TCGA-30-1853	15	93245099	93556279	3	1
TCGA-30-1853	15	93557610	102469040	2	1
TCGA-30-1853	16	60777	446362	1	1
TCGA-30-1853	16	449345	4130869	2	1
TCGA-30-1853	16	4132922	4719119	2	2
TCGA-30-1853	16	4719981	90287535	1	1
TCGA-30-1853	17	526	7002401	2	0
TCGA-30-1853	17	7014495	7897778	3	0
TCGA-30-1853	17	7898483	29920940	2	0
TCGA-30-1853	17	29922236	36908672	1	0
TCGA-30-1853	17	36909061	37123114	2	0
TCGA-30-1853	17	37131463	37813856	1	0
TCGA-30-1853	17	37816079	38441511	2	0
TCGA-30-1853	17	38447569	45989766	1	0
TCGA-30-1853	17	45991240	55752817	2	0
TCGA-30-1853	17	55753259	56384022	3	0
TCGA-30-1853	17	56388683	81049726	2	0
TCGA-30-1853	18	48133	668300	2	1
TCGA-30-1853	18	668376	954176	3	1
TCGA-30-1853	18	954465	10190764	2	1
TCGA-30-1853	18	10192731	14691685	2	0
TCGA-30-1853	18	14694205	19607342	1	0
TCGA-30-1853	18	19611093	21364287	21	1
TCGA-30-1853	18	21364336	24391444	15	1
TCGA-30-1853	18	24392377	25298705	21	2
TCGA-30-1853	18	25298721	45993910	1	0
TCGA-30-1853	18	45993963	47171723	3	0
TCGA-30-1853	18	47173279	78015057	1	0
TCGA-30-1853	19	90910	1170989	1	1
TCGA-30-1853	19	1171150	8226405	1	0
TCGA-30-1853	19	8232196	8449312	2	0
TCGA-30-1853	19	8452045	12878857	1	0
TCGA-30-1853	19	12888092	13053330	2	1
TCGA-30-1853	19	13058969	16072153	7	1
TCGA-30-1853	19	16072153	17686781	3	1
TCGA-30-1853	19	17687057	24436648	1	1
TCGA-30-1853	19	24436665	31960267	2	1
TCGA-30-1853	19	31960437	59097854	1	1
TCGA-30-1853	20	61305	5397328	2	0
TCGA-30-1853	20	5397623	5885689	3	0
TCGA-30-1853	20	5886189	19416357	2	0
TCGA-30-1853	20	19416594	53024521	2	1
TCGA-30-1853	20	53030466	62956153	2	2
TCGA-30-1853	21	10736871	33657716	1	0
TCGA-30-1853	21	33657882	38815731	2	1
TCGA-30-1853	21	38817699	44005943	1	1
TCGA-30-1853	21	44006207	44517579	2	1
TCGA-30-1853	21	44518088	46489109	1	1
TCGA-30-1853	21	46489369	48096957	1	0
TCGA-30-1853	22	16052528	35630503	1	1
TCGA-30-1853	22	35630740	35891195	2	1
TCGA-30-1853	22	35892758	41395125	1	1
TCGA-30-1853	22	41396353	51234455	1	0
TCGA-30-1853	X	168477	16510686	1	0
TCGA-30-1853	X	16511219	17300197	2	0
TCGA-30-1853	X	17302528	155233846	1	0
