sample	chr	startpos	endpos	nMajor	nMinor
TCGA-EE-A2MM	1	61735	121482979	3	2
TCGA-EE-A2MM	1	144007049	249224388	2	2
TCGA-EE-A2MM	2	12784	243089456	2	2
TCGA-EE-A2MM	3	60345	197896118	2	2
TCGA-EE-A2MM	4	12281	11498436	2	1
TCGA-EE-A2MM	4	11498704	13443231	2	2
TCGA-EE-A2MM	4	13450320	22660220	2	1
TCGA-EE-A2MM	4	22660620	36244844	2	0
TCGA-EE-A2MM	4	36250842	40528427	2	1
TCGA-EE-A2MM	4	40529071	43496095	2	2
TCGA-EE-A2MM	4	43498001	48159425	2	1
TCGA-EE-A2MM	4	48159458	74407090	2	0
TCGA-EE-A2MM	4	74413589	79935478	3	0
TCGA-EE-A2MM	4	79935938	151069592	2	0
TCGA-EE-A2MM	4	151071859	151765282	0	0
TCGA-EE-A2MM	4	151772384	152845606	2	0
TCGA-EE-A2MM	4	152845946	152868684	1	0
TCGA-EE-A2MM	4	152873753	153253620	0	0
TCGA-EE-A2MM	4	153258749	191027923	2	0
TCGA-EE-A2MM	5	15532	50311188	2	1
TCGA-EE-A2MM	5	50311203	53938236	2	2
TCGA-EE-A2MM	5	53938325	180790320	2	1
TCGA-EE-A2MM	6	149661	51643268	9	2
TCGA-EE-A2MM	6	51647813	57312892	7	2
TCGA-EE-A2MM	6	57323779	58082951	3	2
TCGA-EE-A2MM	6	58140300	61930020	7	2
TCGA-EE-A2MM	6	61931989	171051005	2	2
TCGA-EE-A2MM	7	43259	159127004	2	2
TCGA-EE-A2MM	8	31254	146298155	2	1
TCGA-EE-A2MM	9	46587	73757678	2	2
TCGA-EE-A2MM	9	73760453	73881970	1	0
TCGA-EE-A2MM	9	73882291	126275986	2	2
TCGA-EE-A2MM	9	126282380	127933615	2	0
TCGA-EE-A2MM	9	127934207	141091394	2	2
TCGA-EE-A2MM	10	72759	38921403	2	0
TCGA-EE-A2MM	10	38938661	135506704	3	0
TCGA-EE-A2MM	11	198572	62531094	2	2
TCGA-EE-A2MM	11	62532200	79337980	4	2
TCGA-EE-A2MM	11	79338476	93575168	5	2
TCGA-EE-A2MM	11	93575238	93656697	5	1
TCGA-EE-A2MM	11	93659314	94667711	9	2
TCGA-EE-A2MM	11	94667964	95265641	18	2
TCGA-EE-A2MM	11	95266245	95504778	9	2
TCGA-EE-A2MM	11	95512249	134944770	2	0
TCGA-EE-A2MM	12	150442	18489613	2	0
TCGA-EE-A2MM	12	18498559	19568058	2	2
TCGA-EE-A2MM	12	19571416	21384409	5	2
TCGA-EE-A2MM	12	21399496	23216795	3	2
TCGA-EE-A2MM	12	23217012	23814408	5	2
TCGA-EE-A2MM	12	23817039	24589138	8	2
TCGA-EE-A2MM	12	24593624	25106961	2	2
TCGA-EE-A2MM	12	25107130	27100563	2	1
TCGA-EE-A2MM	12	27102857	29260426	2	0
TCGA-EE-A2MM	12	29261101	133778189	2	2
TCGA-EE-A2MM	13	19026949	115108397	2	2
TCGA-EE-A2MM	14	19002124	22376649	2	2
TCGA-EE-A2MM	14	22377373	22995817	3	3
TCGA-EE-A2MM	14	22997524	107285437	2	2
TCGA-EE-A2MM	15	20016328	102469040	2	1
TCGA-EE-A2MM	16	60777	90287535	2	1
TCGA-EE-A2MM	17	526	7701204	2	0
TCGA-EE-A2MM	17	7704407	12866546	2	2
TCGA-EE-A2MM	17	12871941	25271294	2	0
TCGA-EE-A2MM	17	25274376	81049726	2	2
TCGA-EE-A2MM	18	48133	15069726	2	0
TCGA-EE-A2MM	18	15070857	78015057	2	2
TCGA-EE-A2MM	19	90910	22019596	5	2
TCGA-EE-A2MM	19	22023646	23200094	3	2
TCGA-EE-A2MM	19	23200579	59097854	2	2
TCGA-EE-A2MM	20	61305	62956153	2	2
TCGA-EE-A2MM	21	10736871	48096957	2	2
TCGA-EE-A2MM	22	16052528	51234455	2	0
TCGA-EE-A2MM	X	168477	155233846	2	0
