sample	chr	startpos	endpos	nMajor	nMinor
TCGA-09-1665	1	61735	5871451	2	1
TCGA-09-1665	1	5872575	5960503	1	0
TCGA-09-1665	1	5961284	6656960	2	1
TCGA-09-1665	1	6657355	9159112	1	1
TCGA-09-1665	1	9164133	9873654	2	1
TCGA-09-1665	1	9876537	12217566	2	0
TCGA-09-1665	1	12217636	21584585	1	0
TCGA-09-1665	1	21584941	25240040	1	1
TCGA-09-1665	1	25251040	27445697	1	0
TCGA-09-1665	1	27455760	53861033	1	1
TCGA-09-1665	1	53862594	54576639	2	1
TCGA-09-1665	1	54578100	55712080	3	1
TCGA-09-1665	1	55712335	58345469	2	1
TCGA-09-1665	1	58345508	58631040	2	0
TCGA-09-1665	1	58631127	60382060	2	1
TCGA-09-1665	1	60384643	66779277	1	1
TCGA-09-1665	1	66779458	84375658	2	1
TCGA-09-1665	1	84378892	84390011	1	1
TCGA-09-1665	1	84390526	90392798	2	0
TCGA-09-1665	1	90395484	94486490	1	0
TCGA-09-1665	1	94486587	100920681	2	0
TCGA-09-1665	1	100922429	110427386	2	1
TCGA-09-1665	1	110428224	115776964	1	1
TCGA-09-1665	1	115777538	121172971	2	1
TCGA-09-1665	1	121175667	160813743	2	2
TCGA-09-1665	1	160814420	203840196	2	1
TCGA-09-1665	1	203842292	217347855	1	1
TCGA-09-1665	1	217350383	219265599	1	0
TCGA-09-1665	1	219269798	222926121	1	1
TCGA-09-1665	1	222931672	224507264	1	0
TCGA-09-1665	1	224510089	249224388	1	1
TCGA-09-1665	2	12784	8286962	3	0
TCGA-09-1665	2	8287950	26839799	2	0
TCGA-09-1665	2	26839948	27094842	3	0
TCGA-09-1665	2	27096548	32806491	3	1
TCGA-09-1665	2	32815369	43456734	1	1
TCGA-09-1665	2	43457272	44881220	1	0
TCGA-09-1665	2	44884818	44912156	2	0
TCGA-09-1665	2	44912189	47773540	1	1
TCGA-09-1665	2	47773556	74375457	2	1
TCGA-09-1665	2	74375804	80761078	2	2
TCGA-09-1665	2	80761192	100895730	2	1
TCGA-09-1665	2	100898583	113378875	2	2
TCGA-09-1665	2	113379342	113986881	3	2
TCGA-09-1665	2	113989267	114839366	2	2
TCGA-09-1665	2	114840339	122120140	2	1
TCGA-09-1665	2	122120270	139471415	1	0
TCGA-09-1665	2	139472180	140860356	2	0
TCGA-09-1665	2	140865947	159634321	3	0
TCGA-09-1665	2	159634597	159684010	5	0
TCGA-09-1665	2	159684784	205213379	3	0
TCGA-09-1665	2	205213731	215515697	4	0
TCGA-09-1665	2	215518243	218371458	1	0
TCGA-09-1665	2	218371862	226027681	2	0
TCGA-09-1665	2	226028182	226038578	0	0
TCGA-09-1665	2	226038842	239161104	2	0
TCGA-09-1665	2	239166727	243089456	3	0
TCGA-09-1665	3	60345	8569040	2	0
TCGA-09-1665	3	8569209	8837535	3	0
TCGA-09-1665	3	8846304	13625764	2	0
TCGA-09-1665	3	13634747	13717252	3	0
TCGA-09-1665	3	13717501	35416500	2	0
TCGA-09-1665	3	35422893	35527409	1	0
TCGA-09-1665	3	35529635	42105957	7	0
TCGA-09-1665	3	42109324	43148003	5	0
TCGA-09-1665	3	43150578	44784591	3	0
TCGA-09-1665	3	44784949	56385999	4	0
TCGA-09-1665	3	56388108	57026309	2	0
TCGA-09-1665	3	57026844	59641065	3	0
TCGA-09-1665	3	59641767	61281829	4	0
TCGA-09-1665	3	61281841	65442557	4	1
TCGA-09-1665	3	65442578	71246160	3	1
TCGA-09-1665	3	71249675	75827610	2	1
TCGA-09-1665	3	75831632	77526065	3	1
TCGA-09-1665	3	77531558	86261525	1	1
TCGA-09-1665	3	86265202	106038277	2	1
TCGA-09-1665	3	106039481	106149319	3	1
TCGA-09-1665	3	106149578	115592766	2	1
TCGA-09-1665	3	115596244	116729273	1	1
TCGA-09-1665	3	116729711	116908975	2	1
TCGA-09-1665	3	116912738	117092819	3	1
TCGA-09-1665	3	117093334	131360071	2	1
TCGA-09-1665	3	131360321	134185127	1	1
TCGA-09-1665	3	134191440	139177585	2	1
TCGA-09-1665	3	139178853	139524774	3	1
TCGA-09-1665	3	139526458	144672225	2	1
TCGA-09-1665	3	144672307	148437427	1	1
TCGA-09-1665	3	148438191	149887788	2	1
TCGA-09-1665	3	149888534	151995165	1	1
TCGA-09-1665	3	151995660	157057390	3	1
TCGA-09-1665	3	157063707	157183136	3	0
TCGA-09-1665	3	157185023	175211606	3	1
TCGA-09-1665	3	175212106	175566986	1	1
TCGA-09-1665	3	175567427	177020089	3	1
TCGA-09-1665	3	177024659	184416009	3	0
TCGA-09-1665	3	184417797	185976349	4	0
TCGA-09-1665	3	185980202	193529913	2	0
TCGA-09-1665	3	193532008	193804221	2	1
TCGA-09-1665	3	193804881	195186140	1	1
TCGA-09-1665	3	195194569	197896118	3	1
TCGA-09-1665	4	12281	26728719	1	1
TCGA-09-1665	4	26736138	26987761	1	0
TCGA-09-1665	4	26988841	30245760	1	1
TCGA-09-1665	4	30245961	32667007	2	1
TCGA-09-1665	4	32674640	34947391	2	2
TCGA-09-1665	4	34957013	40372916	2	1
TCGA-09-1665	4	40373082	41894047	3	1
TCGA-09-1665	4	41894946	42138994	2	1
TCGA-09-1665	4	42139132	56649195	2	2
TCGA-09-1665	4	56649843	57361816	2	1
TCGA-09-1665	4	57362827	59823904	2	2
TCGA-09-1665	4	59824827	61074851	2	1
TCGA-09-1665	4	61075851	63228957	2	2
TCGA-09-1665	4	63229194	86836407	2	1
TCGA-09-1665	4	86836423	90701570	2	0
TCGA-09-1665	4	90701826	92129153	3	0
TCGA-09-1665	4	92140285	149116534	2	0
TCGA-09-1665	4	149116615	149263552	1	0
TCGA-09-1665	4	149265104	149977252	2	0
TCGA-09-1665	4	149979341	150962153	1	0
TCGA-09-1665	4	150968276	163783308	2	0
TCGA-09-1665	4	163784057	181671284	1	0
TCGA-09-1665	4	181675783	182452162	0	0
TCGA-09-1665	4	182454780	191027923	1	0
TCGA-09-1665	5	15532	13104964	6	2
TCGA-09-1665	5	13106248	17058666	6	3
TCGA-09-1665	5	17061269	20746840	3	0
TCGA-09-1665	5	20753282	36222870	1	0
TCGA-09-1665	5	36228687	43259246	2	0
TCGA-09-1665	5	43260815	46389273	2	1
TCGA-09-1665	5	49432831	67872818	1	0
TCGA-09-1665	5	67873165	68321745	0	0
TCGA-09-1665	5	68326128	84270819	1	0
TCGA-09-1665	5	84271174	93377582	2	0
TCGA-09-1665	5	93379750	95422498	1	0
TCGA-09-1665	5	95423467	104480850	2	0
TCGA-09-1665	5	104482881	111509789	1	0
TCGA-09-1665	5	111509987	112246453	2	0
TCGA-09-1665	5	112254282	119683798	1	0
TCGA-09-1665	5	119684285	120284507	2	0
TCGA-09-1665	5	120286820	141915302	1	0
TCGA-09-1665	5	141922621	142630418	1	1
TCGA-09-1665	5	142632719	168704543	2	1
TCGA-09-1665	5	168706384	169342351	3	1
TCGA-09-1665	5	169342517	177698326	2	1
TCGA-09-1665	5	177698462	180790320	2	2
TCGA-09-1665	6	149661	3804556	2	0
TCGA-09-1665	6	3805108	13631555	2	1
TCGA-09-1665	6	13634681	17766391	1	1
TCGA-09-1665	6	17766406	40237566	2	1
TCGA-09-1665	6	40237608	43401826	2	2
TCGA-09-1665	6	43405525	53210172	2	1
TCGA-09-1665	6	53210355	91087303	2	0
TCGA-09-1665	6	91088075	93860517	3	0
TCGA-09-1665	6	93865345	94441962	2	0
TCGA-09-1665	6	94445919	125053562	3	0
TCGA-09-1665	6	125053617	127408236	3	2
TCGA-09-1665	6	127412139	139627411	3	0
TCGA-09-1665	6	139629433	145576782	4	0
TCGA-09-1665	6	145576804	149623261	5	0
TCGA-09-1665	6	149624378	160247249	3	0
TCGA-09-1665	6	160247320	165851585	2	0
TCGA-09-1665	6	165852087	166091992	0	0
TCGA-09-1665	6	166096111	171051005	2	0
TCGA-09-1665	7	43259	27426844	1	0
TCGA-09-1665	7	27427867	27464751	0	0
TCGA-09-1665	7	27468350	27876927	1	0
TCGA-09-1665	7	27881889	28096968	1	1
TCGA-09-1665	7	28098906	47797466	3	1
TCGA-09-1665	7	47798316	55476422	2	1
TCGA-09-1665	7	55479001	56005991	2	2
TCGA-09-1665	7	56016934	105977669	2	1
TCGA-09-1665	7	105980160	109975285	2	2
TCGA-09-1665	7	109978120	110608137	1	1
TCGA-09-1665	7	110610696	113422867	2	2
TCGA-09-1665	7	113422903	116426995	2	1
TCGA-09-1665	7	116427019	127742174	2	2
TCGA-09-1665	7	127743638	128060525	3	2
TCGA-09-1665	7	128063136	136407649	2	1
TCGA-09-1665	7	136407995	141393704	3	2
TCGA-09-1665	7	141398588	159127004	2	2
TCGA-09-1665	8	31254	26002358	2	0
TCGA-09-1665	8	26002518	26270498	1	0
TCGA-09-1665	8	26275546	30713343	2	0
TCGA-09-1665	8	30714019	36971978	2	1
TCGA-09-1665	8	36977625	49600176	1	1
TCGA-09-1665	8	49603152	57857095	4	1
TCGA-09-1665	8	57858539	67941618	2	1
TCGA-09-1665	8	67946710	73383339	1	0
TCGA-09-1665	8	73388504	93435652	2	1
TCGA-09-1665	8	93436894	105162038	3	1
TCGA-09-1665	8	105166588	110093513	3	0
TCGA-09-1665	8	110095633	111509813	4	0
TCGA-09-1665	8	111514934	113374404	5	0
TCGA-09-1665	8	113374673	118189531	4	0
TCGA-09-1665	8	118189566	120429744	3	0
TCGA-09-1665	8	120430127	125328670	3	1
TCGA-09-1665	8	125334536	127606148	5	1
TCGA-09-1665	8	127606343	142230192	6	1
TCGA-09-1665	8	142232704	146298155	4	1
TCGA-09-1665	9	46587	28820869	1	0
TCGA-09-1665	9	28822290	29069900	0	0
TCGA-09-1665	9	29072796	32717510	1	0
TCGA-09-1665	9	32717956	36481987	2	1
TCGA-09-1665	9	36482245	47217176	2	0
TCGA-09-1665	9	65616971	88574931	1	1
TCGA-09-1665	9	88584357	90350370	2	1
TCGA-09-1665	9	90350505	91679818	1	1
TCGA-09-1665	9	91680600	94326962	2	1
TCGA-09-1665	9	94327712	107909127	1	1
TCGA-09-1665	9	107917030	133916921	2	1
TCGA-09-1665	9	133921351	136068202	2	0
TCGA-09-1665	9	136068621	139056779	3	0
TCGA-09-1665	9	139057920	141091394	4	0
TCGA-09-1665	10	72759	5831450	2	2
TCGA-09-1665	10	5832677	6211928	4	2
TCGA-09-1665	10	6212016	6335786	2	1
TCGA-09-1665	10	6338833	6442093	2	0
TCGA-09-1665	10	6442854	11260487	2	1
TCGA-09-1665	10	11263204	11364845	2	0
TCGA-09-1665	10	11367447	23836428	2	1
TCGA-09-1665	10	23837290	25515080	1	1
TCGA-09-1665	10	25517409	30763300	1	0
TCGA-09-1665	10	30765253	52231729	1	1
TCGA-09-1665	10	52232694	58299180	1	0
TCGA-09-1665	10	58300810	66455310	2	0
TCGA-09-1665	10	66455377	70489395	3	0
TCGA-09-1665	10	70489593	71300334	4	0
TCGA-09-1665	10	71300423	77168622	2	0
TCGA-09-1665	10	77170140	78242515	0	0
TCGA-09-1665	10	78252851	94729117	2	0
TCGA-09-1665	10	94729753	115637136	1	0
TCGA-09-1665	10	115641640	127939770	1	1
TCGA-09-1665	10	127939881	127964821	1	0
TCGA-09-1665	10	127965981	135506704	1	1
TCGA-09-1665	11	198572	10756026	1	0
TCGA-09-1665	11	10756585	19208573	1	1
TCGA-09-1665	11	19209050	19326227	1	0
TCGA-09-1665	11	19326782	20784263	1	1
TCGA-09-1665	11	20784279	21026013	1	0
TCGA-09-1665	11	21026435	36376057	1	1
TCGA-09-1665	11	36376603	59909976	2	1
TCGA-09-1665	11	59918513	66167163	1	1
TCGA-09-1665	11	66169676	75336512	2	1
TCGA-09-1665	11	75340050	84958012	3	1
TCGA-09-1665	11	84963042	86755539	1	1
TCGA-09-1665	11	86755553	86992343	1	0
TCGA-09-1665	11	86993076	88994859	1	1
TCGA-09-1665	11	88997681	102377855	2	1
TCGA-09-1665	11	102378298	102484653	4	1
TCGA-09-1665	11	102485553	113153724	2	1
TCGA-09-1665	11	113154125	125497466	1	1
TCGA-09-1665	11	125497548	129689789	2	1
TCGA-09-1665	11	129690743	134944770	1	1
TCGA-09-1665	12	150442	885194	2	1
TCGA-09-1665	12	888428	4576462	2	0
TCGA-09-1665	12	4576578	9768503	2	1
TCGA-09-1665	12	9773232	11593336	2	2
TCGA-09-1665	12	11598347	12601953	2	1
TCGA-09-1665	12	12606211	14553458	1	1
TCGA-09-1665	12	14556994	14834468	1	0
TCGA-09-1665	12	14836095	15125838	1	1
TCGA-09-1665	12	15126003	16952591	2	1
TCGA-09-1665	12	16952990	19549100	1	1
TCGA-09-1665	12	19549711	19874749	2	1
TCGA-09-1665	12	19876746	20548078	3	1
TCGA-09-1665	12	20552783	21832308	4	1
TCGA-09-1665	12	21846129	22978045	4	2
TCGA-09-1665	12	22978124	23700812	2	2
TCGA-09-1665	12	23702846	23961100	2	1
TCGA-09-1665	12	23961979	24237747	3	1
TCGA-09-1665	12	24237886	24745537	2	2
TCGA-09-1665	12	24748492	27857095	3	2
TCGA-09-1665	12	27859004	28032825	2	1
TCGA-09-1665	12	28039519	29159513	3	2
TCGA-09-1665	12	29159573	30231005	2	2
TCGA-09-1665	12	30231331	34292835	2	0
TCGA-09-1665	12	34293346	41365868	3	2
TCGA-09-1665	12	41366042	43617771	2	2
TCGA-09-1665	12	43626765	46193722	3	2
TCGA-09-1665	12	46197357	47789577	4	2
TCGA-09-1665	12	47797349	48594514	3	2
TCGA-09-1665	12	48595679	59300412	2	0
TCGA-09-1665	12	59301570	59708053	3	0
TCGA-09-1665	12	59708112	130992216	2	0
TCGA-09-1665	12	130993815	133778189	3	0
TCGA-09-1665	13	19026949	21570310	3	0
TCGA-09-1665	13	21571127	71922573	2	0
TCGA-09-1665	13	71924746	72042065	4	0
TCGA-09-1665	13	72043511	115108397	2	0
TCGA-09-1665	14	19002124	45984503	2	1
TCGA-09-1665	14	45984855	49955015	2	0
TCGA-09-1665	14	49955016	50057230	2	1
TCGA-09-1665	14	50059669	50842280	3	1
TCGA-09-1665	14	50847107	67688288	1	1
TCGA-09-1665	14	67688528	68327554	2	1
TCGA-09-1665	14	68329041	80434519	1	1
TCGA-09-1665	14	80438660	80926711	1	0
TCGA-09-1665	14	80933642	90117801	2	0
TCGA-09-1665	14	90119626	90301527	1	0
TCGA-09-1665	14	90306382	91079435	2	0
TCGA-09-1665	14	91080616	96919119	1	0
TCGA-09-1665	14	96919159	103321426	2	0
TCGA-09-1665	14	103325915	107285437	3	0
TCGA-09-1665	15	20016328	22769349	1	1
TCGA-09-1665	15	22770435	28706002	3	1
TCGA-09-1665	15	28709292	39882490	2	1
TCGA-09-1665	15	39887649	40170578	1	0
TCGA-09-1665	15	40173227	49797736	2	0
TCGA-09-1665	15	49801014	50107984	1	0
TCGA-09-1665	15	50109454	71940633	2	0
TCGA-09-1665	15	71940660	71998429	3	0
TCGA-09-1665	15	71998811	79028470	2	0
TCGA-09-1665	15	79039274	84370733	4	0
TCGA-09-1665	15	84371678	85863602	3	0
TCGA-09-1665	15	85863982	86660652	4	0
TCGA-09-1665	15	86660720	89524064	2	0
TCGA-09-1665	15	89526684	99253157	4	0
TCGA-09-1665	15	99253871	102469040	5	0
TCGA-09-1665	16	60777	18928700	1	1
TCGA-09-1665	16	18931591	19089562	2	1
TCGA-09-1665	16	19092537	70083373	1	1
TCGA-09-1665	16	70088797	70857654	1	0
TCGA-09-1665	16	70858315	71202489	2	0
TCGA-09-1665	16	71202797	90287535	1	0
TCGA-09-1665	17	526	899212	1	0
TCGA-09-1665	17	899259	1366065	2	0
TCGA-09-1665	17	1376669	2001856	1	0
TCGA-09-1665	17	2002224	2812063	2	0
TCGA-09-1665	17	2816405	3207419	1	0
TCGA-09-1665	17	3208350	7710955	2	0
TCGA-09-1665	17	7717368	8566226	1	0
TCGA-09-1665	17	8567559	11743901	2	0
TCGA-09-1665	17	11744765	21989345	1	0
TCGA-09-1665	17	21991493	30663823	2	0
TCGA-09-1665	17	30668431	33913686	3	0
TCGA-09-1665	17	33917787	36244358	4	0
TCGA-09-1665	17	36300607	43570033	2	0
TCGA-09-1665	17	43570226	55753827	5	0
TCGA-09-1665	17	55754311	72950927	3	0
TCGA-09-1665	17	72952788	74959559	2	0
TCGA-09-1665	17	74971903	77388432	3	0
TCGA-09-1665	17	77388476	81049726	4	0
TCGA-09-1665	18	48133	5744872	2	1
TCGA-09-1665	18	5744983	10708973	2	0
TCGA-09-1665	18	10709600	50871951	2	1
TCGA-09-1665	18	50873078	78015057	1	1
TCGA-09-1665	19	90910	7925985	1	0
TCGA-09-1665	19	7929857	30442830	2	1
TCGA-09-1665	19	30443931	34933291	1	1
TCGA-09-1665	19	34934648	37247472	2	1
TCGA-09-1665	19	37249666	40347658	3	1
TCGA-09-1665	19	40350681	41360532	1	1
TCGA-09-1665	19	41360574	46979410	1	0
TCGA-09-1665	19	46980893	47141158	1	1
TCGA-09-1665	19	47143779	53440375	1	0
TCGA-09-1665	19	53442337	55650744	3	0
TCGA-09-1665	19	55661621	59097854	2	0
TCGA-09-1665	20	61305	3143048	3	0
TCGA-09-1665	20	3144664	3651269	4	0
TCGA-09-1665	20	3666255	5695174	4	1
TCGA-09-1665	20	5695218	14948662	3	1
TCGA-09-1665	20	14948935	15959530	2	1
TCGA-09-1665	20	15959700	20300742	3	1
TCGA-09-1665	20	20302249	26100402	2	1
TCGA-09-1665	20	26103487	30731567	2	2
TCGA-09-1665	20	30734627	32698313	3	2
TCGA-09-1665	20	32707010	34965616	2	1
TCGA-09-1665	20	34968575	43851108	1	1
TCGA-09-1665	20	43854677	48696408	2	1
TCGA-09-1665	20	48697265	49375385	3	1
TCGA-09-1665	20	49379558	53981990	2	1
TCGA-09-1665	20	53982027	54388425	3	1
TCGA-09-1665	20	54391321	62956153	4	1
TCGA-09-1665	21	10736871	27879342	2	0
TCGA-09-1665	21	27883752	28779852	2	2
TCGA-09-1665	21	28780636	29401347	3	1
TCGA-09-1665	21	29404679	31568760	2	1
TCGA-09-1665	21	31569711	33315533	1	1
TCGA-09-1665	21	33317209	33911952	1	0
TCGA-09-1665	21	33915366	40016736	2	1
TCGA-09-1665	21	40019336	44324506	1	1
TCGA-09-1665	21	44332583	48096957	1	0
TCGA-09-1665	22	16052528	25803411	2	0
TCGA-09-1665	22	25803549	34901410	3	0
TCGA-09-1665	22	34905434	35658022	4	0
TCGA-09-1665	22	35667299	39705148	2	0
TCGA-09-1665	22	39706474	41094245	1	0
TCGA-09-1665	22	41095958	46757062	2	0
TCGA-09-1665	22	46757680	47088007	1	0
TCGA-09-1665	22	47089321	47249551	3	0
TCGA-09-1665	22	47254618	47771805	2	0
TCGA-09-1665	22	47776065	51234455	1	0
TCGA-09-1665	X	168477	56444835	1	0
TCGA-09-1665	X	56448626	69483790	2	1
TCGA-09-1665	X	69484460	73847490	2	2
TCGA-09-1665	X	73847852	76099386	1	1
TCGA-09-1665	X	76108298	79406727	1	0
TCGA-09-1665	X	79414988	79833897	1	1
TCGA-09-1665	X	79834714	86478732	1	0
TCGA-09-1665	X	86480236	88199187	1	1
TCGA-09-1665	X	88200198	92612941	1	0
TCGA-09-1665	X	92613638	93834387	2	1
TCGA-09-1665	X	93836263	109847744	1	0
TCGA-09-1665	X	109857954	110141280	2	0
TCGA-09-1665	X	110142047	124761899	1	0
TCGA-09-1665	X	124772098	125851766	1	1
TCGA-09-1665	X	125857146	155233846	1	0
