sample	chr	startpos	endpos	nMajor	nMinor
TCGA-BP-4341	1	61735	249224388	1	1
TCGA-BP-4341	2	12784	243089456	1	1
TCGA-BP-4341	3	60345	69158155	1	0
TCGA-BP-4341	3	69159368	197896118	1	1
TCGA-BP-4341	4	12281	191027923	1	1
TCGA-BP-4341	5	15532	180790320	1	1
TCGA-BP-4341	6	149661	171051005	1	1
TCGA-BP-4341	7	43259	159127004	1	1
TCGA-BP-4341	8	31254	65479082	1	0
TCGA-BP-4341	8	65486290	146298155	1	1
TCGA-BP-4341	9	46587	141091394	1	1
TCGA-BP-4341	10	72759	135506704	1	1
TCGA-BP-4341	11	198572	27017388	1	1
TCGA-BP-4341	11	27017607	30093004	2	0
TCGA-BP-4341	11	30093291	134944770	1	1
TCGA-BP-4341	12	150442	133778189	1	1
TCGA-BP-4341	13	19026949	115108397	1	1
TCGA-BP-4341	14	19002124	20902160	2	0
TCGA-BP-4341	14	20903168	29490300	1	1
TCGA-BP-4341	14	29490601	31938908	2	1
TCGA-BP-4341	14	31939009	107285437	1	1
TCGA-BP-4341	15	20016328	102469040	1	1
TCGA-BP-4341	16	60777	90287535	1	1
TCGA-BP-4341	17	526	81049726	1	1
TCGA-BP-4341	18	48133	78015057	1	1
TCGA-BP-4341	19	90910	59097854	1	1
TCGA-BP-4341	20	61305	186405	1	0
TCGA-BP-4341	20	187168	62956153	1	1
TCGA-BP-4341	21	10736871	15222872	2	0
TCGA-BP-4341	21	15255428	48096957	1	1
TCGA-BP-4341	22	16052528	51234455	1	1
TCGA-BP-4341	X	168477	155233846	1	0
