sample	chr	startpos	endpos	nMajor	nMinor
TCGA-J4-AAU2	1	61735	249224388	1	1
TCGA-J4-AAU2	2	12784	243089456	1	1
TCGA-J4-AAU2	3	60345	175587243	1	1
TCGA-J4-AAU2	3	175594469	176357749	2	1
TCGA-J4-AAU2	3	176360355	197896118	1	1
TCGA-J4-AAU2	4	12281	191027923	1	1
TCGA-J4-AAU2	5	15532	180790320	1	1
TCGA-J4-AAU2	6	149661	171051005	1	1
TCGA-J4-AAU2	7	43259	159127004	1	1
TCGA-J4-AAU2	8	31254	146298155	1	1
TCGA-J4-AAU2	9	46587	141091394	1	1
TCGA-J4-AAU2	10	72759	129993264	1	1
TCGA-J4-AAU2	10	129994145	130213537	1	0
TCGA-J4-AAU2	10	130214217	135506704	1	1
TCGA-J4-AAU2	11	198572	134944770	1	1
TCGA-J4-AAU2	12	150442	133778189	1	1
TCGA-J4-AAU2	13	19026949	113274588	1	1
TCGA-J4-AAU2	13	113274677	115108397	2	0
TCGA-J4-AAU2	14	19002124	107285437	1	1
TCGA-J4-AAU2	15	20016328	102469040	1	1
TCGA-J4-AAU2	16	60777	90287535	1	1
TCGA-J4-AAU2	17	526	81049726	1	1
TCGA-J4-AAU2	18	48133	78015057	1	1
TCGA-J4-AAU2	19	90910	59097854	1	1
TCGA-J4-AAU2	20	61305	62956153	1	1
TCGA-J4-AAU2	21	10736871	48096957	1	1
TCGA-J4-AAU2	22	16052528	51234455	1	1
TCGA-J4-AAU2	X	168477	2703391	1	1
TCGA-J4-AAU2	X	2703633	155233846	1	0
