sample	chr	startpos	endpos	nMajor	nMinor
TCGA-A6-6782	1	61735	121482979	2	2
TCGA-A6-6782	1	144007049	249224388	3	2
TCGA-A6-6782	2	12784	243089456	3	2
TCGA-A6-6782	3	60345	60736044	3	2
TCGA-A6-6782	3	60736866	61012747	2	0
TCGA-A6-6782	3	61013460	134244614	3	2
TCGA-A6-6782	3	134247016	182858287	3	3
TCGA-A6-6782	3	182859353	197896118	3	2
TCGA-A6-6782	4	12281	191027923	2	2
TCGA-A6-6782	5	15532	13984160	3	1
TCGA-A6-6782	5	13984305	177360868	2	2
TCGA-A6-6782	5	177377648	180790320	3	3
TCGA-A6-6782	6	149661	162603286	2	2
TCGA-A6-6782	6	162603318	163225155	1	1
TCGA-A6-6782	6	163226827	171051005	2	2
TCGA-A6-6782	7	43259	4566594	3	3
TCGA-A6-6782	7	4566608	95141736	5	2
TCGA-A6-6782	7	95143388	159127004	3	2
TCGA-A6-6782	8	31254	37743521	2	2
TCGA-A6-6782	8	37743959	146298155	3	2
TCGA-A6-6782	9	46587	3135193	6	4
TCGA-A6-6782	9	3137759	5845546	5	4
TCGA-A6-6782	9	5846188	47217176	4	3
TCGA-A6-6782	9	65616971	141091394	4	1
TCGA-A6-6782	10	72759	38542356	3	3
TCGA-A6-6782	10	38542888	77645694	2	2
TCGA-A6-6782	10	77646553	78121150	2	0
TCGA-A6-6782	10	78134531	135506704	3	2
TCGA-A6-6782	11	198572	134944770	2	2
TCGA-A6-6782	12	150442	11147018	4	2
TCGA-A6-6782	12	11152029	133778189	2	2
TCGA-A6-6782	13	19026949	115108397	9	2
TCGA-A6-6782	14	19002124	107285437	2	0
TCGA-A6-6782	15	20016328	102469040	3	0
TCGA-A6-6782	16	60777	6517526	3	2
TCGA-A6-6782	16	6520153	6665882	1	0
TCGA-A6-6782	16	6666820	7064663	2	2
TCGA-A6-6782	16	7066293	90287535	3	2
TCGA-A6-6782	17	526	19149363	2	0
TCGA-A6-6782	17	19152102	21347949	4	0
TCGA-A6-6782	17	21348488	27471953	3	2
TCGA-A6-6782	17	27472243	81049726	4	1
TCGA-A6-6782	18	48133	37068634	2	0
TCGA-A6-6782	18	37069312	37349442	1	0
TCGA-A6-6782	18	37354384	78015057	2	0
TCGA-A6-6782	19	90910	42832405	3	2
TCGA-A6-6782	19	42833562	59097854	3	1
TCGA-A6-6782	20	61305	2364386	9	2
TCGA-A6-6782	20	2364868	4878981	7	2
TCGA-A6-6782	20	4879297	14816462	4	2
TCGA-A6-6782	20	14817018	15307955	2	2
TCGA-A6-6782	20	15307970	19111739	4	2
TCGA-A6-6782	20	19113918	21055045	6	2
TCGA-A6-6782	20	21055289	29874982	4	2
TCGA-A6-6782	20	29875166	33294824	8	2
TCGA-A6-6782	20	33299082	37361504	10	2
TCGA-A6-6782	20	37361944	47509816	8	2
TCGA-A6-6782	20	47510093	49544083	12	1
TCGA-A6-6782	20	49551286	62956153	3	2
TCGA-A6-6782	21	10736871	48096957	2	1
TCGA-A6-6782	22	16052528	17055747	2	0
TCGA-A6-6782	22	17056415	51234455	3	2
TCGA-A6-6782	X	168477	154815442	5	0
TCGA-A6-6782	X	154819381	155233846	4	0
