sample	chr	startpos	endpos	nMajor	nMinor
TCGA-26-6174	1	61735	249224388	2	2
TCGA-26-6174	2	12784	243089456	2	2
TCGA-26-6174	3	60345	99284012	2	2
TCGA-26-6174	3	99285360	197896118	3	2
TCGA-26-6174	4	12281	191027923	2	2
TCGA-26-6174	5	15532	180790320	2	2
TCGA-26-6174	6	149661	30190640	2	1
TCGA-26-6174	6	30193513	171051005	2	2
TCGA-26-6174	7	43259	159127004	3	3
TCGA-26-6174	8	31254	146298155	2	2
TCGA-26-6174	9	46587	19605128	4	0
TCGA-26-6174	9	19608187	26457709	0	0
TCGA-26-6174	9	26460924	36598301	4	0
TCGA-26-6174	9	36598625	141091394	3	3
TCGA-26-6174	10	72759	135506704	4	0
TCGA-26-6174	11	198572	134944770	2	2
TCGA-26-6174	12	150442	133778189	2	2
TCGA-26-6174	13	19026949	115108397	2	2
TCGA-26-6174	14	19002124	107285437	2	2
TCGA-26-6174	15	20016328	25078787	2	0
TCGA-26-6174	15	25079015	26472385	2	1
TCGA-26-6174	15	26473109	53132937	2	0
TCGA-26-6174	15	53133063	63812484	2	2
TCGA-26-6174	15	63817069	70153562	3	3
TCGA-26-6174	15	70153691	75348962	2	2
TCGA-26-6174	15	75350841	90856350	2	0
TCGA-26-6174	15	90859051	91075375	5	1
TCGA-26-6174	15	91077822	102469040	2	0
TCGA-26-6174	16	60777	90287535	2	2
TCGA-26-6174	17	526	81049726	2	2
TCGA-26-6174	18	48133	78015057	2	2
TCGA-26-6174	19	90910	59097854	2	2
TCGA-26-6174	20	61305	47278902	2	2
TCGA-26-6174	20	47279876	47703330	4	2
TCGA-26-6174	20	47703810	62956153	2	2
TCGA-26-6174	21	10736871	48096957	2	2
TCGA-26-6174	22	16052528	51234455	2	2
TCGA-26-6174	X	168477	155233846	2	2
