sample	chr	startpos	endpos	nMajor	nMinor
TCGA-B0-4945	1	61735	32488555	2	0
TCGA-B0-4945	1	32489064	67612908	2	2
TCGA-B0-4945	1	67615487	71010420	4	2
TCGA-B0-4945	1	71010594	109258150	2	2
TCGA-B0-4945	1	109266187	117030719	2	0
TCGA-B0-4945	1	117030982	249224388	2	2
TCGA-B0-4945	2	12784	243089456	2	2
TCGA-B0-4945	3	60345	90264056	2	0
TCGA-B0-4945	3	90264161	197896118	2	2
TCGA-B0-4945	4	12281	191027923	2	2
TCGA-B0-4945	5	15532	106935029	2	2
TCGA-B0-4945	5	106935614	180790320	4	3
TCGA-B0-4945	6	149661	171051005	2	2
TCGA-B0-4945	7	43259	159127004	2	2
TCGA-B0-4945	8	31254	146298155	1	1
TCGA-B0-4945	9	46587	141091394	2	2
TCGA-B0-4945	10	72759	135506704	2	2
TCGA-B0-4945	11	198572	134944770	2	2
TCGA-B0-4945	12	150442	133778189	2	2
TCGA-B0-4945	13	19026949	115108397	2	2
TCGA-B0-4945	14	19002124	104551319	1	1
TCGA-B0-4945	14	104554044	107285437	2	2
TCGA-B0-4945	15	20016328	102469040	2	2
TCGA-B0-4945	16	60777	90287535	2	2
TCGA-B0-4945	17	526	81049726	2	2
TCGA-B0-4945	18	48133	46241649	2	2
TCGA-B0-4945	18	46244874	78015057	2	0
TCGA-B0-4945	19	90910	59097854	2	2
TCGA-B0-4945	20	61305	62956153	2	2
TCGA-B0-4945	21	10736871	48096957	2	2
TCGA-B0-4945	22	16052528	51234455	2	2
TCGA-B0-4945	X	168477	155233846	2	2
