sample	chr	startpos	endpos	nMajor	nMinor
TCGA-CF-A5U8	1	61735	249224388	1	1
TCGA-CF-A5U8	2	12784	243089456	1	1
TCGA-CF-A5U8	3	60345	25081881	1	1
TCGA-CF-A5U8	3	25081937	25548205	2	0
TCGA-CF-A5U8	3	25548574	197896118	1	1
TCGA-CF-A5U8	4	12281	191027923	1	1
TCGA-CF-A5U8	5	15532	180790320	1	1
TCGA-CF-A5U8	6	149661	31007304	1	1
TCGA-CF-A5U8	6	31008598	32740411	2	0
TCGA-CF-A5U8	6	32741742	171051005	1	1
TCGA-CF-A5U8	7	43259	57390223	1	1
TCGA-CF-A5U8	7	57391157	66678983	2	0
TCGA-CF-A5U8	7	66683716	159127004	1	1
TCGA-CF-A5U8	8	31254	38831059	1	1
TCGA-CF-A5U8	8	38835269	40475513	2	0
TCGA-CF-A5U8	8	40475518	49612501	1	1
TCGA-CF-A5U8	8	49614519	51488905	2	0
TCGA-CF-A5U8	8	51488959	146298155	1	1
TCGA-CF-A5U8	9	46587	141091394	1	0
TCGA-CF-A5U8	10	72759	135506704	1	1
TCGA-CF-A5U8	11	198572	50658789	1	0
TCGA-CF-A5U8	11	50662811	134944770	1	1
TCGA-CF-A5U8	12	150442	133778189	1	1
TCGA-CF-A5U8	13	19026949	63539822	1	1
TCGA-CF-A5U8	13	63540263	68056899	2	0
TCGA-CF-A5U8	13	68064271	115108397	1	1
TCGA-CF-A5U8	14	19002124	107285437	1	1
TCGA-CF-A5U8	15	20016328	102469040	1	1
TCGA-CF-A5U8	16	60777	35283226	1	1
TCGA-CF-A5U8	16	46463782	48181470	2	0
TCGA-CF-A5U8	16	48186373	90287535	1	1
TCGA-CF-A5U8	17	526	81049726	1	1
TCGA-CF-A5U8	18	48133	78015057	1	1
TCGA-CF-A5U8	19	90910	59097854	1	1
TCGA-CF-A5U8	20	61305	24816969	1	1
TCGA-CF-A5U8	20	24819582	30001522	2	0
TCGA-CF-A5U8	20	30002536	62956153	1	1
TCGA-CF-A5U8	21	10736871	48096957	1	1
TCGA-CF-A5U8	22	16052528	37247878	1	1
TCGA-CF-A5U8	22	37247987	43059524	2	0
TCGA-CF-A5U8	22	43061482	51234455	1	1
TCGA-CF-A5U8	X	168477	155233846	1	0
