sample	chr	startpos	endpos	nMajor	nMinor
TCGA-92-8065	1	61735	121482979	1	1
TCGA-92-8065	1	144007049	153212778	2	1
TCGA-92-8065	1	153214524	153566779	3	1
TCGA-92-8065	1	153568969	165583731	2	1
TCGA-92-8065	1	165583868	219431000	2	0
TCGA-92-8065	1	219434105	249224388	2	1
TCGA-92-8065	2	12784	69391839	1	1
TCGA-92-8065	2	69392619	70118427	1	0
TCGA-92-8065	2	70120608	80032699	1	1
TCGA-92-8065	2	80034207	80202362	1	0
TCGA-92-8065	2	80202944	141660591	1	1
TCGA-92-8065	2	141665832	142161447	1	0
TCGA-92-8065	2	142164460	154253115	1	1
TCGA-92-8065	2	154253604	156168039	1	0
TCGA-92-8065	2	156173182	161423326	1	1
TCGA-92-8065	2	161425341	191902774	1	0
TCGA-92-8065	2	191904183	192059580	0	0
TCGA-92-8065	2	192062401	243089456	1	0
TCGA-92-8065	3	60345	29452692	1	0
TCGA-92-8065	3	29455179	29976238	0	0
TCGA-92-8065	3	29977739	81845336	1	0
TCGA-92-8065	3	81848757	81909338	2	0
TCGA-92-8065	3	81918699	83109212	5	1
TCGA-92-8065	3	83110059	140086027	2	1
TCGA-92-8065	3	140086548	146862012	3	1
TCGA-92-8065	3	146862314	147222748	3	0
TCGA-92-8065	3	147223672	158041071	3	1
TCGA-92-8065	3	158041455	197896118	5	1
TCGA-92-8065	4	12281	87562746	1	0
TCGA-92-8065	4	87563036	88059415	0	0
TCGA-92-8065	4	88063743	157006983	1	0
TCGA-92-8065	4	157007067	157312697	2	0
TCGA-92-8065	4	157314152	170846380	1	0
TCGA-92-8065	4	170846553	171320764	0	0
TCGA-92-8065	4	171334299	191027923	1	0
TCGA-92-8065	5	15532	8130290	2	1
TCGA-92-8065	5	8130362	128211693	1	1
TCGA-92-8065	5	128214819	140023090	2	1
TCGA-92-8065	5	140023238	180790320	1	1
TCGA-92-8065	6	149661	37683387	1	0
TCGA-92-8065	6	37684084	168335278	1	1
TCGA-92-8065	6	168336630	168592980	2	0
TCGA-92-8065	6	168593510	171051005	1	1
TCGA-92-8065	7	43259	38303434	2	1
TCGA-92-8065	7	38310723	110391589	1	1
TCGA-92-8065	7	110395081	159127004	1	0
TCGA-92-8065	8	31254	98331852	1	1
TCGA-92-8065	8	98333617	146298155	2	1
TCGA-92-8065	9	46587	47217176	1	0
TCGA-92-8065	9	65616971	125870322	2	0
TCGA-92-8065	9	125870466	141091394	3	0
TCGA-92-8065	10	72759	1357992	1	0
TCGA-92-8065	10	1358618	1543492	2	1
TCGA-92-8065	10	1543564	135506704	1	1
TCGA-92-8065	11	198572	7332202	1	0
TCGA-92-8065	11	7332512	134944770	1	1
TCGA-92-8065	12	150442	133778189	1	1
TCGA-92-8065	13	19026949	50826349	1	1
TCGA-92-8065	13	50827560	115108397	2	1
TCGA-92-8065	14	19002124	107285437	1	1
TCGA-92-8065	15	20016328	102469040	1	0
TCGA-92-8065	16	60777	3314923	2	1
TCGA-92-8065	16	3319193	33945187	1	1
TCGA-92-8065	16	33946627	90287535	1	0
TCGA-92-8065	17	526	63759584	1	0
TCGA-92-8065	17	63764586	63883342	0	0
TCGA-92-8065	17	63884192	73751098	2	0
TCGA-92-8065	17	73757387	81049726	3	0
TCGA-92-8065	18	48133	37213013	1	1
TCGA-92-8065	18	37213310	37359333	1	0
TCGA-92-8065	18	37359734	78015057	1	1
TCGA-92-8065	19	90910	4301475	1	0
TCGA-92-8065	19	4301845	15259024	2	1
TCGA-92-8065	19	15263385	59097854	1	1
TCGA-92-8065	20	61305	29441595	1	0
TCGA-92-8065	20	29443421	38992554	1	1
TCGA-92-8065	20	38998579	45739406	2	1
TCGA-92-8065	20	45739823	45829899	1	0
TCGA-92-8065	20	45831329	62956153	2	1
TCGA-92-8065	21	10736871	48096957	1	1
TCGA-92-8065	22	16052528	26170627	1	0
TCGA-92-8065	22	26174397	26331627	0	0
TCGA-92-8065	22	26332225	51234455	1	0
TCGA-92-8065	X	168477	155233846	1	1
