sample	chr	startpos	endpos	nMajor	nMinor
TCGA-06-0875	1	61735	170076312	2	2
TCGA-06-0875	1	170076429	170646621	4	2
TCGA-06-0875	1	170646915	236116871	2	2
TCGA-06-0875	1	236119468	237684278	2	0
TCGA-06-0875	1	237685681	249224388	2	2
TCGA-06-0875	2	12784	55110671	2	2
TCGA-06-0875	2	55111122	55639259	4	2
TCGA-06-0875	2	55639558	243089456	2	2
TCGA-06-0875	3	60345	93810432	2	2
TCGA-06-0875	3	93812337	94371249	4	2
TCGA-06-0875	3	94372148	197896118	2	2
TCGA-06-0875	4	12281	52689539	2	2
TCGA-06-0875	4	52696792	58774442	4	2
TCGA-06-0875	4	58776533	191027923	2	2
TCGA-06-0875	5	15532	180790320	2	2
TCGA-06-0875	6	149661	171051005	2	2
TCGA-06-0875	7	43259	134851706	4	4
TCGA-06-0875	7	134852479	135608714	4	2
TCGA-06-0875	7	135608912	136242298	4	4
TCGA-06-0875	7	136245454	137972605	4	2
TCGA-06-0875	7	137972636	138356569	4	4
TCGA-06-0875	7	138358271	138753615	4	2
TCGA-06-0875	7	138762619	159127004	4	4
TCGA-06-0875	8	31254	146298155	2	2
TCGA-06-0875	9	46587	22307876	2	0
TCGA-06-0875	9	22321178	28473654	2	2
TCGA-06-0875	9	28476225	47217176	3	2
TCGA-06-0875	9	65616971	85406613	2	0
TCGA-06-0875	9	85406628	141091394	2	2
TCGA-06-0875	10	72759	135506704	2	0
TCGA-06-0875	11	198572	134944770	2	2
TCGA-06-0875	12	150442	41307896	2	2
TCGA-06-0875	12	41315152	58094293	2	0
TCGA-06-0875	12	58101331	58849722	16	2
TCGA-06-0875	12	58850246	59284850	8	2
TCGA-06-0875	12	59285460	59336737	9	1
TCGA-06-0875	12	59338512	72343257	2	0
TCGA-06-0875	12	72343287	75464526	2	2
TCGA-06-0875	12	75467299	76185508	9	2
TCGA-06-0875	12	76194445	76349898	18	2
TCGA-06-0875	12	76351647	76367607	3	1
TCGA-06-0875	12	76368133	133778189	2	2
TCGA-06-0875	13	19026949	115108397	2	1
TCGA-06-0875	14	19002124	107285437	2	1
TCGA-06-0875	15	20016328	102469040	1	1
TCGA-06-0875	16	60777	90287535	2	2
TCGA-06-0875	17	526	6567190	2	2
TCGA-06-0875	17	6568228	6978992	2	0
TCGA-06-0875	17	6979840	8610591	2	2
TCGA-06-0875	17	8610795	10697391	2	0
TCGA-06-0875	17	10698734	10861103	2	2
TCGA-06-0875	17	10862399	11001923	1	1
TCGA-06-0875	17	11008146	81049726	2	2
TCGA-06-0875	18	48133	78015057	2	2
TCGA-06-0875	19	90910	59097854	2	1
TCGA-06-0875	20	61305	62956153	2	2
TCGA-06-0875	21	10736871	48096957	2	1
TCGA-06-0875	22	16052528	51234455	2	0
TCGA-06-0875	X	168477	4596532	2	1
TCGA-06-0875	X	4596589	5666092	3	2
TCGA-06-0875	X	5666329	12591448	2	1
TCGA-06-0875	X	12592543	14033206	2	2
TCGA-06-0875	X	14036106	16280787	2	1
TCGA-06-0875	X	16280969	19048943	2	2
TCGA-06-0875	X	19050633	21778663	2	1
TCGA-06-0875	X	21779083	24981469	2	2
TCGA-06-0875	X	24983277	29196166	2	1
TCGA-06-0875	X	29196167	30654945	2	2
TCGA-06-0875	X	30655017	39364648	2	1
TCGA-06-0875	X	39365345	41522607	2	2
TCGA-06-0875	X	41531564	45511485	2	1
TCGA-06-0875	X	45511975	46371801	2	2
TCGA-06-0875	X	46374001	53821233	2	1
TCGA-06-0875	X	53821780	55740127	2	2
TCGA-06-0875	X	55743035	63555981	2	1
TCGA-06-0875	X	63556742	63717330	6	0
TCGA-06-0875	X	63725867	79164270	2	1
TCGA-06-0875	X	79164693	82891052	2	2
TCGA-06-0875	X	82891511	87493813	2	1
TCGA-06-0875	X	87493850	88030159	2	2
TCGA-06-0875	X	88030679	155233846	2	1
