sample	chr	startpos	endpos	nMajor	nMinor
TCGA-B0-5402	1	61735	41863990	2	2
TCGA-B0-5402	1	41864971	121482979	2	1
TCGA-B0-5402	1	144007049	249224388	2	2
TCGA-B0-5402	2	12784	243089456	2	2
TCGA-B0-5402	3	60345	90257834	2	0
TCGA-B0-5402	3	90258929	197896118	2	2
TCGA-B0-5402	4	12281	191027923	2	2
TCGA-B0-5402	5	15532	93650014	2	2
TCGA-B0-5402	5	93658221	180790320	4	2
TCGA-B0-5402	6	149661	74826382	2	2
TCGA-B0-5402	6	74828481	171051005	2	0
TCGA-B0-5402	7	43259	159127004	2	2
TCGA-B0-5402	8	31254	146298155	2	2
TCGA-B0-5402	9	46587	47217176	2	1
TCGA-B0-5402	9	65616971	141091394	1	1
TCGA-B0-5402	10	72759	38677869	2	2
TCGA-B0-5402	10	38679109	135506704	2	0
TCGA-B0-5402	11	198572	134944770	2	2
TCGA-B0-5402	12	150442	133778189	2	2
TCGA-B0-5402	13	19026949	115108397	2	2
TCGA-B0-5402	14	19002124	107285437	2	2
TCGA-B0-5402	15	20016328	102469040	2	2
TCGA-B0-5402	16	60777	5454486	2	2
TCGA-B0-5402	16	5454823	35283226	3	2
TCGA-B0-5402	16	46463782	90287535	2	0
TCGA-B0-5402	17	526	81049726	2	2
TCGA-B0-5402	18	48133	78015057	2	2
TCGA-B0-5402	19	90910	59097854	2	2
TCGA-B0-5402	20	61305	52246606	2	2
TCGA-B0-5402	20	52246646	62956153	2	1
TCGA-B0-5402	21	10736871	48096957	2	0
TCGA-B0-5402	22	16052528	51234455	2	2
TCGA-B0-5402	X	168477	2693624	2	2
TCGA-B0-5402	X	2694240	154909159	2	0
TCGA-B0-5402	X	154910730	155233846	3	1
