sample	chr	startpos	endpos	nMajor	nMinor
TCGA-85-8351	1	61735	40829628	1	1
TCGA-85-8351	1	40837481	48488234	3	1
TCGA-85-8351	1	48494186	51613307	2	1
TCGA-85-8351	1	51613618	57282033	3	1
TCGA-85-8351	1	57283417	58729461	2	1
TCGA-85-8351	1	58730637	62081373	27	0
TCGA-85-8351	1	62082800	64565202	21	0
TCGA-85-8351	1	64566396	66319549	26	0
TCGA-85-8351	1	66321989	66722511	1	1
TCGA-85-8351	1	66724571	66801318	19	7
TCGA-85-8351	1	66803080	67298144	2	1
TCGA-85-8351	1	67301038	69034218	3	1
TCGA-85-8351	1	69035022	70396305	2	1
TCGA-85-8351	1	70397087	75234862	1	1
TCGA-85-8351	1	75235317	77659041	2	1
TCGA-85-8351	1	77671679	79966964	3	1
TCGA-85-8351	1	79967028	87781239	4	1
TCGA-85-8351	1	87782158	88154873	2	1
TCGA-85-8351	1	88155169	88770499	7	1
TCGA-85-8351	1	88770663	89619551	4	1
TCGA-85-8351	1	89619792	121482979	2	1
TCGA-85-8351	1	144007049	164167119	3	1
TCGA-85-8351	1	164169700	249224388	4	1
TCGA-85-8351	2	12784	141721142	3	0
TCGA-85-8351	2	141721191	142111183	1	0
TCGA-85-8351	2	142111918	243089456	3	0
TCGA-85-8351	3	60345	60500603	2	0
TCGA-85-8351	3	60502990	60640716	1	0
TCGA-85-8351	3	60640754	90502862	2	0
TCGA-85-8351	3	93519478	170181860	2	2
TCGA-85-8351	3	170182282	187319689	3	3
TCGA-85-8351	3	187319969	197896118	4	2
TCGA-85-8351	4	12281	14339617	2	1
TCGA-85-8351	4	14340202	16438113	1	1
TCGA-85-8351	4	16439437	17257020	1	0
TCGA-85-8351	4	17257605	17672884	1	1
TCGA-85-8351	4	17673045	28310431	2	1
TCGA-85-8351	4	28310549	34967341	1	1
TCGA-85-8351	4	34967868	44440024	2	1
TCGA-85-8351	4	44440806	52699776	1	1
TCGA-85-8351	4	52700771	59958749	2	2
TCGA-85-8351	4	59962953	61982857	3	1
TCGA-85-8351	4	61983404	64333810	3	2
TCGA-85-8351	4	64337175	66585766	3	1
TCGA-85-8351	4	66587596	70874861	2	2
TCGA-85-8351	4	70874982	76159708	3	1
TCGA-85-8351	4	76160993	77149785	3	0
TCGA-85-8351	4	77150296	78030864	3	2
TCGA-85-8351	4	78031268	81441764	3	3
TCGA-85-8351	4	81442420	139215734	3	0
TCGA-85-8351	4	139219246	142367404	2	0
TCGA-85-8351	4	142367675	144886753	5	0
TCGA-85-8351	4	144886767	191027923	3	0
TCGA-85-8351	5	15532	17375416	4	2
TCGA-85-8351	5	17375767	30245638	5	2
TCGA-85-8351	5	30245708	46251306	4	2
TCGA-85-8351	5	46271008	46377327	3	0
TCGA-85-8351	5	46381782	180790320	2	0
TCGA-85-8351	6	149661	76655772	2	1
TCGA-85-8351	6	76656740	91799256	2	2
TCGA-85-8351	6	91799387	101799310	3	2
TCGA-85-8351	6	101799654	103111967	2	2
TCGA-85-8351	6	103112933	104622978	3	2
TCGA-85-8351	6	104625659	104897473	5	2
TCGA-85-8351	6	104909015	105845557	10	2
TCGA-85-8351	6	105847282	108755941	5	2
TCGA-85-8351	6	108756241	110796529	9	2
TCGA-85-8351	6	110798785	171051005	2	1
TCGA-85-8351	7	43259	54386517	2	1
TCGA-85-8351	7	54393488	55894663	55	1
TCGA-85-8351	7	55899496	159127004	2	1
TCGA-85-8351	8	31254	55091227	2	1
TCGA-85-8351	8	55091561	55162332	39	25
TCGA-85-8351	8	55162791	55263342	55	5
TCGA-85-8351	8	55263672	55273341	42	27
TCGA-85-8351	8	55273351	108813477	2	1
TCGA-85-8351	8	108814057	109395894	2	0
TCGA-85-8351	8	109400058	128303988	2	1
TCGA-85-8351	8	128307797	128800301	74	1
TCGA-85-8351	8	128801948	146298155	2	1
TCGA-85-8351	9	46587	141091394	2	0
TCGA-85-8351	10	72759	135506704	1	1
TCGA-85-8351	11	198572	22272314	1	1
TCGA-85-8351	11	22274302	36529742	2	1
TCGA-85-8351	11	36530329	44582660	1	1
TCGA-85-8351	11	44583463	134944770	2	1
TCGA-85-8351	12	150442	133778189	2	1
TCGA-85-8351	13	19026949	102756849	2	0
TCGA-85-8351	13	102758534	103549954	21	0
TCGA-85-8351	13	103552642	104806056	2	0
TCGA-85-8351	13	104806617	107905217	3	0
TCGA-85-8351	13	107905865	109421064	2	0
TCGA-85-8351	13	109421136	115108397	3	0
TCGA-85-8351	14	19002124	107285437	2	1
TCGA-85-8351	15	20016328	28154841	2	2
TCGA-85-8351	15	28155010	102469040	2	1
TCGA-85-8351	16	60777	90287535	2	1
TCGA-85-8351	17	526	60632208	3	0
TCGA-85-8351	17	60633831	81049726	5	0
TCGA-85-8351	18	48133	78015057	2	1
TCGA-85-8351	19	90910	24596750	2	0
TCGA-85-8351	19	27747993	39196085	3	2
TCGA-85-8351	19	39197365	43200760	2	0
TCGA-85-8351	19	43202150	45094298	2	2
TCGA-85-8351	19	45095875	47007584	2	1
TCGA-85-8351	19	47008421	49498909	2	0
TCGA-85-8351	19	49500958	50593993	2	2
TCGA-85-8351	19	50638498	51193190	5	2
TCGA-85-8351	19	51193574	52002110	3	2
TCGA-85-8351	19	52002729	56466227	2	2
TCGA-85-8351	19	56466681	57188322	6	2
TCGA-85-8351	19	57190019	59097854	3	2
TCGA-85-8351	20	61305	26274834	2	1
TCGA-85-8351	20	26278316	62956153	3	2
TCGA-85-8351	21	10736871	48096957	1	1
TCGA-85-8351	22	16052528	51234455	2	1
TCGA-85-8351	X	168477	2694240	2	1
TCGA-85-8351	X	2703391	114957913	2	0
TCGA-85-8351	X	115007722	115882357	1	0
TCGA-85-8351	X	115887334	155233846	2	0
