sample	chr	startpos	endpos	nMajor	nMinor
TCGA-85-7844	1	61735	121482979	1	1
TCGA-85-7844	1	144007049	183929686	2	1
TCGA-85-7844	1	183929771	190239037	2	2
TCGA-85-7844	1	190241397	191621805	3	0
TCGA-85-7844	1	191622277	195053829	2	1
TCGA-85-7844	1	195054064	197209264	2	2
TCGA-85-7844	1	197209691	204625007	2	1
TCGA-85-7844	1	204626012	249224388	2	0
TCGA-85-7844	2	12784	243089456	1	1
TCGA-85-7844	3	60345	90502862	1	0
TCGA-85-7844	3	93519478	197896118	5	1
TCGA-85-7844	4	12281	124974957	1	1
TCGA-85-7844	4	124975183	134347056	1	0
TCGA-85-7844	4	134347437	152233566	1	1
TCGA-85-7844	4	152235366	152643597	0	0
TCGA-85-7844	4	152643972	191027923	1	1
TCGA-85-7844	5	15532	49455636	5	1
TCGA-85-7844	5	49459054	90494075	1	0
TCGA-85-7844	5	90494114	180790320	1	1
TCGA-85-7844	6	149661	171051005	1	1
TCGA-85-7844	7	43259	54935343	2	1
TCGA-85-7844	7	54939080	55113552	1	0
TCGA-85-7844	7	55113748	62453467	2	1
TCGA-85-7844	7	62453696	159127004	1	1
TCGA-85-7844	8	31254	79886961	1	0
TCGA-85-7844	8	79887153	146298155	1	1
TCGA-85-7844	9	46587	28281953	1	0
TCGA-85-7844	9	28284240	28587994	0	0
TCGA-85-7844	9	28588575	47217176	1	0
TCGA-85-7844	9	65616971	106425667	2	0
TCGA-85-7844	9	106430730	124854550	1	0
TCGA-85-7844	9	124864385	141091394	2	0
TCGA-85-7844	10	72759	60195871	1	0
TCGA-85-7844	10	60197764	62403446	1	1
TCGA-85-7844	10	62406605	135506704	1	0
TCGA-85-7844	11	198572	134944770	1	1
TCGA-85-7844	12	150442	133778189	1	1
TCGA-85-7844	13	19026949	115108397	1	0
TCGA-85-7844	14	19002124	98325874	1	0
TCGA-85-7844	14	98327764	107285437	1	1
TCGA-85-7844	15	20016328	102469040	2	1
TCGA-85-7844	16	60777	35283226	1	1
TCGA-85-7844	16	46463782	63573848	1	0
TCGA-85-7844	16	63574341	63662679	3	0
TCGA-85-7844	16	63676226	65280695	1	0
TCGA-85-7844	16	65281719	71488771	2	0
TCGA-85-7844	16	71495524	90287535	1	0
TCGA-85-7844	17	526	21454839	1	0
TCGA-85-7844	17	21457926	80864254	1	1
TCGA-85-7844	17	80864972	81049726	1	0
TCGA-85-7844	18	48133	26201727	1	1
TCGA-85-7844	18	26212054	78015057	1	0
TCGA-85-7844	19	90910	59097854	1	1
TCGA-85-7844	20	61305	1946337	1	0
TCGA-85-7844	20	1946669	14705786	1	1
TCGA-85-7844	20	14705888	26209790	1	0
TCGA-85-7844	20	26210452	62956153	1	1
TCGA-85-7844	21	10736871	48096957	1	1
TCGA-85-7844	22	16052528	51234455	1	1
TCGA-85-7844	X	168477	155233846	1	0
