sample	chr	startpos	endpos	nMajor	nMinor
TCGA-CV-7407	1	61735	111609672	3	0
TCGA-CV-7407	1	111610738	118319304	1	0
TCGA-CV-7407	1	118326850	121482979	3	0
TCGA-CV-7407	1	144007049	145390170	4	1
TCGA-CV-7407	1	145391761	169950353	3	3
TCGA-CV-7407	1	169954791	172119970	2	2
TCGA-CV-7407	1	172121789	199459945	3	3
TCGA-CV-7407	1	199463505	227201265	5	2
TCGA-CV-7407	1	227203642	228101255	8	2
TCGA-CV-7407	1	228104375	249224388	5	2
TCGA-CV-7407	2	12784	82811760	3	2
TCGA-CV-7407	2	82814450	100146749	2	2
TCGA-CV-7407	2	100148087	117373726	2	1
TCGA-CV-7407	2	117375212	122253897	2	2
TCGA-CV-7407	2	122254957	128382657	1	1
TCGA-CV-7407	2	128402565	137565841	2	2
TCGA-CV-7407	2	137566169	140542267	2	1
TCGA-CV-7407	2	140544049	142748812	1	1
TCGA-CV-7407	2	142748910	174659220	2	1
TCGA-CV-7407	2	174666561	175892582	6	2
TCGA-CV-7407	2	175893233	178683973	10	2
TCGA-CV-7407	2	178684382	180991780	12	2
TCGA-CV-7407	2	180992501	204832645	7	2
TCGA-CV-7407	2	204833769	204853697	7	3
TCGA-CV-7407	2	204857886	237634394	2	0
TCGA-CV-7407	2	237635202	243089456	3	0
TCGA-CV-7407	3	60345	285316	3	1
TCGA-CV-7407	3	285569	8017681	3	0
TCGA-CV-7407	3	8018306	60284894	2	0
TCGA-CV-7407	3	60286386	60420665	0	0
TCGA-CV-7407	3	60421119	71043496	2	0
TCGA-CV-7407	3	71045000	90247857	1	0
TCGA-CV-7407	3	90247905	134034201	3	0
TCGA-CV-7407	3	134036293	138116510	11	3
TCGA-CV-7407	3	138119952	139406713	4	4
TCGA-CV-7407	3	139407384	140941086	3	0
TCGA-CV-7407	3	140945685	142856740	12	3
TCGA-CV-7407	3	142856894	142872837	2	0
TCGA-CV-7407	3	142884695	144901269	7	4
TCGA-CV-7407	3	144902070	146630608	3	0
TCGA-CV-7407	3	146633237	148191163	8	3
TCGA-CV-7407	3	148201808	148466418	13	4
TCGA-CV-7407	3	148468746	148998416	4	4
TCGA-CV-7407	3	148999547	153733014	10	3
TCGA-CV-7407	3	153733729	154778597	4	4
TCGA-CV-7407	3	154789084	155309481	9	3
TCGA-CV-7407	3	155311488	155475450	3	0
TCGA-CV-7407	3	155475463	157527564	7	3
TCGA-CV-7407	3	157530262	158529493	12	3
TCGA-CV-7407	3	158532973	159131305	4	4
TCGA-CV-7407	3	159132012	160702096	10	3
TCGA-CV-7407	3	160703936	161935978	13	3
TCGA-CV-7407	3	161936456	161973171	3	0
TCGA-CV-7407	3	161974416	162902143	4	4
TCGA-CV-7407	3	162902291	162932569	4	0
TCGA-CV-7407	3	162932762	166911193	12	3
TCGA-CV-7407	3	166911855	170787301	16	3
TCGA-CV-7407	3	170787528	171277620	7	3
TCGA-CV-7407	3	171279210	172284901	13	3
TCGA-CV-7407	3	172285492	172876427	7	3
TCGA-CV-7407	3	172881415	173773777	3	0
TCGA-CV-7407	3	173779603	174433766	4	4
TCGA-CV-7407	3	174434063	176369232	10	3
TCGA-CV-7407	3	176380744	176683434	5	2
TCGA-CV-7407	3	176688072	178982782	16	3
TCGA-CV-7407	3	178982819	183021269	13	3
TCGA-CV-7407	3	183022163	183618707	9	3
TCGA-CV-7407	3	183620414	187738156	12	3
TCGA-CV-7407	3	187738676	187867317	4	4
TCGA-CV-7407	3	187874933	189960608	12	3
TCGA-CV-7407	3	189964912	190293435	6	5
TCGA-CV-7407	3	190293555	192793187	4	4
TCGA-CV-7407	3	192793418	192919456	2	0
TCGA-CV-7407	3	192919610	195383142	4	4
TCGA-CV-7407	3	195390680	197896118	3	0
TCGA-CV-7407	4	12281	53077637	2	1
TCGA-CV-7407	4	53079222	78996302	3	0
TCGA-CV-7407	4	78996827	79259734	1	0
TCGA-CV-7407	4	79260533	90527344	3	0
TCGA-CV-7407	4	90527778	91195856	5	0
TCGA-CV-7407	4	91196158	191027923	3	0
TCGA-CV-7407	5	15532	46389273	3	1
TCGA-CV-7407	5	49432831	107020375	2	0
TCGA-CV-7407	5	107023656	107806214	4	0
TCGA-CV-7407	5	107806341	108134756	2	0
TCGA-CV-7407	5	108134983	180790320	4	0
TCGA-CV-7407	6	149661	66001749	2	2
TCGA-CV-7407	6	66012255	68154316	3	2
TCGA-CV-7407	6	68154538	123967785	2	1
TCGA-CV-7407	6	123968389	124582147	1	1
TCGA-CV-7407	6	124582245	171051005	2	1
TCGA-CV-7407	7	43259	38310723	2	2
TCGA-CV-7407	7	38311098	38362072	6	5
TCGA-CV-7407	7	38366512	159127004	2	2
TCGA-CV-7407	8	31254	11702006	1	1
TCGA-CV-7407	8	11702006	18699820	2	1
TCGA-CV-7407	8	18702471	37930950	1	1
TCGA-CV-7407	8	37940352	39787100	7	1
TCGA-CV-7407	8	39792914	41903547	11	1
TCGA-CV-7407	8	41904088	47493523	3	1
TCGA-CV-7407	8	47495067	50261912	5	1
TCGA-CV-7407	8	50264613	58900145	6	1
TCGA-CV-7407	8	58901430	60511106	5	1
TCGA-CV-7407	8	60517429	146298155	4	1
TCGA-CV-7407	9	46587	2703292	5	0
TCGA-CV-7407	9	2706835	2891180	1	0
TCGA-CV-7407	9	2892743	2905850	7	3
TCGA-CV-7407	9	2905854	6489129	8	0
TCGA-CV-7407	9	6489373	9821895	21	0
TCGA-CV-7407	9	9822038	12328717	25	0
TCGA-CV-7407	9	12331720	16797461	21	0
TCGA-CV-7407	9	16800707	18637326	7	0
TCGA-CV-7407	9	18637552	20029294	6	0
TCGA-CV-7407	9	20031656	27582851	1	0
TCGA-CV-7407	9	27582931	33334593	2	0
TCGA-CV-7407	9	33336546	34198058	4	0
TCGA-CV-7407	9	34210872	34539341	8	0
TCGA-CV-7407	9	34540065	47217176	4	0
TCGA-CV-7407	9	65616971	99734916	3	2
TCGA-CV-7407	9	99742242	132510366	2	2
TCGA-CV-7407	9	132511199	141091394	3	2
TCGA-CV-7407	10	72759	46146746	2	1
TCGA-CV-7407	10	46148326	52163991	5	2
TCGA-CV-7407	10	52164585	52711152	2	1
TCGA-CV-7407	10	52711581	53564266	6	2
TCGA-CV-7407	10	53569925	55161768	10	2
TCGA-CV-7407	10	55162149	135506704	2	1
TCGA-CV-7407	11	198572	51228146	2	1
TCGA-CV-7407	11	51228181	57262118	2	2
TCGA-CV-7407	11	57262993	58945536	4	2
TCGA-CV-7407	11	58949014	68947705	2	1
TCGA-CV-7407	11	68955847	78777519	2	2
TCGA-CV-7407	11	78778749	80952190	5	2
TCGA-CV-7407	11	80958406	83206046	2	2
TCGA-CV-7407	11	83208125	85208955	2	1
TCGA-CV-7407	11	85213396	134944770	2	0
TCGA-CV-7407	12	150442	79453693	2	2
TCGA-CV-7407	12	79454982	133778189	2	1
TCGA-CV-7407	13	19026949	115108397	2	1
TCGA-CV-7407	14	19002124	22374996	2	2
TCGA-CV-7407	14	22375931	22615465	4	3
TCGA-CV-7407	14	22615548	22978775	6	5
TCGA-CV-7407	14	22983223	40812585	2	2
TCGA-CV-7407	14	40813248	42373839	3	2
TCGA-CV-7407	14	42375243	107285437	2	1
TCGA-CV-7407	15	20016328	27363154	1	1
TCGA-CV-7407	15	27363377	27533335	1	0
TCGA-CV-7407	15	27537380	102469040	1	1
TCGA-CV-7407	16	60777	90287535	2	1
TCGA-CV-7407	17	526	81049726	2	1
TCGA-CV-7407	18	48133	78015057	1	1
TCGA-CV-7407	19	90910	14664933	2	0
TCGA-CV-7407	19	14684425	17382250	3	3
TCGA-CV-7407	19	17382582	18312588	3	0
TCGA-CV-7407	19	18313515	19917369	3	3
TCGA-CV-7407	19	19919751	21849364	5	2
TCGA-CV-7407	19	21850392	23592283	8	3
TCGA-CV-7407	19	23601230	27772025	13	2
TCGA-CV-7407	19	27777386	31673562	6	3
TCGA-CV-7407	19	31673681	32558368	7	6
TCGA-CV-7407	19	32561352	32845358	8	1
TCGA-CV-7407	19	32847328	35028448	5	5
TCGA-CV-7407	19	35029042	37836394	11	4
TCGA-CV-7407	19	37839352	39001484	4	1
TCGA-CV-7407	19	39005254	40777690	4	2
TCGA-CV-7407	19	40777827	57164095	2	1
TCGA-CV-7407	19	57164930	59097854	1	1
TCGA-CV-7407	20	61305	7700582	1	1
TCGA-CV-7407	20	7701127	8406002	1	0
TCGA-CV-7407	20	8409294	62956153	1	1
TCGA-CV-7407	21	10736871	48096957	2	1
TCGA-CV-7407	22	16052528	51234455	3	1
TCGA-CV-7407	X	168477	56894354	1	1
TCGA-CV-7407	X	56894518	155233846	2	2
