sample	chr	startpos	endpos	nMajor	nMinor
TCGA-33-A4WN	1	61735	66085634	2	2
TCGA-33-A4WN	1	66088014	108588668	2	1
TCGA-33-A4WN	1	108589589	118878835	2	0
TCGA-33-A4WN	1	118879516	121482979	2	1
TCGA-33-A4WN	1	144007049	145468011	3	2
TCGA-33-A4WN	1	145474968	249224388	6	0
TCGA-33-A4WN	2	12784	76346694	4	2
TCGA-33-A4WN	2	76348105	81594307	2	2
TCGA-33-A4WN	2	81595164	83933329	3	2
TCGA-33-A4WN	2	83934256	243089456	2	2
TCGA-33-A4WN	3	60345	90030890	1	1
TCGA-33-A4WN	3	90040755	109484601	6	2
TCGA-33-A4WN	3	109490636	143680470	5	4
TCGA-33-A4WN	3	143680644	154876983	9	3
TCGA-33-A4WN	3	154876994	163451969	8	3
TCGA-33-A4WN	3	163452196	192327238	9	3
TCGA-33-A4WN	3	192327272	197896118	8	3
TCGA-33-A4WN	4	12281	10448713	2	0
TCGA-33-A4WN	4	10453525	12305280	2	1
TCGA-33-A4WN	4	12305329	27428453	2	0
TCGA-33-A4WN	4	27428475	29311554	2	1
TCGA-33-A4WN	4	29311777	29394432	11	3
TCGA-33-A4WN	4	29401589	30060551	4	3
TCGA-33-A4WN	4	30063038	37385794	2	2
TCGA-33-A4WN	4	37386461	49503785	2	1
TCGA-33-A4WN	4	49510399	61096548	3	3
TCGA-33-A4WN	4	61101031	61367078	11	3
TCGA-33-A4WN	4	61371097	63787251	7	2
TCGA-33-A4WN	4	63792287	64076807	2	2
TCGA-33-A4WN	4	64076924	71083108	4	3
TCGA-33-A4WN	4	71083209	91116065	3	3
TCGA-33-A4WN	4	91116065	187753636	1	1
TCGA-33-A4WN	4	187754871	191027923	2	1
TCGA-33-A4WN	5	15532	11496344	8	0
TCGA-33-A4WN	5	11496568	24553445	9	0
TCGA-33-A4WN	5	24560193	24731000	14	0
TCGA-33-A4WN	5	24731215	30114972	5	0
TCGA-33-A4WN	5	30115028	39609196	4	0
TCGA-33-A4WN	5	39609436	45828845	4	2
TCGA-33-A4WN	5	45831550	180790320	2	1
TCGA-33-A4WN	6	149661	92304132	2	2
TCGA-33-A4WN	6	92306358	95213855	3	2
TCGA-33-A4WN	6	95213956	171051005	2	2
TCGA-33-A4WN	7	43259	57581242	3	3
TCGA-33-A4WN	7	57582014	159127004	2	2
TCGA-33-A4WN	8	31254	34287761	2	0
TCGA-33-A4WN	8	34295809	40455416	16	2
TCGA-33-A4WN	8	40456194	43442247	11	2
TCGA-33-A4WN	8	43446280	146298155	2	2
TCGA-33-A4WN	9	46587	27290237	2	0
TCGA-33-A4WN	9	27290725	27671961	3	3
TCGA-33-A4WN	9	27672182	141091394	2	2
TCGA-33-A4WN	10	72759	135506704	2	2
TCGA-33-A4WN	11	198572	39390483	2	2
TCGA-33-A4WN	11	39390687	41976441	2	1
TCGA-33-A4WN	11	41976509	44287292	3	2
TCGA-33-A4WN	11	44287353	134944770	2	2
TCGA-33-A4WN	12	150442	59684714	2	2
TCGA-33-A4WN	12	59690560	61815188	3	2
TCGA-33-A4WN	12	61816420	127703953	2	2
TCGA-33-A4WN	12	127704101	127944690	4	0
TCGA-33-A4WN	12	127945642	133778189	2	2
TCGA-33-A4WN	13	19026949	115108397	1	1
TCGA-33-A4WN	14	19002124	25736084	1	1
TCGA-33-A4WN	14	25740875	30219811	2	0
TCGA-33-A4WN	14	30220646	107285437	1	1
TCGA-33-A4WN	15	20016328	102469040	2	2
TCGA-33-A4WN	16	60777	58973180	2	2
TCGA-33-A4WN	16	58973237	64610604	3	2
TCGA-33-A4WN	16	64613857	90287535	2	2
TCGA-33-A4WN	17	526	18374180	4	0
TCGA-33-A4WN	17	18377278	21532869	2	0
TCGA-33-A4WN	17	21534869	59215266	2	2
TCGA-33-A4WN	17	59215474	60413001	7	2
TCGA-33-A4WN	17	60413171	79143028	3	3
TCGA-33-A4WN	17	79144440	81049726	2	0
TCGA-33-A4WN	18	48133	26596627	2	2
TCGA-33-A4WN	18	26599922	29169825	3	2
TCGA-33-A4WN	18	29169933	78015057	2	2
TCGA-33-A4WN	19	90910	59097854	2	2
TCGA-33-A4WN	20	61305	55381090	2	2
TCGA-33-A4WN	20	55384954	62956153	2	1
TCGA-33-A4WN	21	10736871	48096957	2	2
TCGA-33-A4WN	22	16052528	51234455	2	2
TCGA-33-A4WN	X	168477	416224	7	0
TCGA-33-A4WN	X	416482	22334165	4	0
TCGA-33-A4WN	X	22334458	34772612	5	0
TCGA-33-A4WN	X	34772668	35134143	9	0
TCGA-33-A4WN	X	35136713	41302530	4	0
TCGA-33-A4WN	X	41302581	44639621	5	0
TCGA-33-A4WN	X	44642748	55975218	7	0
TCGA-33-A4WN	X	55979304	56306490	10	0
TCGA-33-A4WN	X	56306534	58066111	3	0
TCGA-33-A4WN	X	58067125	155233846	2	0
