sample	chr	startpos	endpos	nMajor	nMinor
TCGA-HC-A6HX	1	61735	115700327	1	1
TCGA-HC-A6HX	1	115700669	118582975	3	1
TCGA-HC-A6HX	1	118583408	167804081	1	1
TCGA-HC-A6HX	1	167804738	171814965	2	1
TCGA-HC-A6HX	1	171820018	249224388	1	1
TCGA-HC-A6HX	2	12784	222184303	1	1
TCGA-HC-A6HX	2	222184640	225511523	2	1
TCGA-HC-A6HX	2	225511657	243089456	1	1
TCGA-HC-A6HX	3	60345	194375129	1	1
TCGA-HC-A6HX	3	194377697	197896118	3	1
TCGA-HC-A6HX	4	12281	70979385	1	1
TCGA-HC-A6HX	4	70979673	73365749	2	1
TCGA-HC-A6HX	4	73366420	165079109	1	1
TCGA-HC-A6HX	4	165079499	165873457	3	1
TCGA-HC-A6HX	4	165880958	179454416	1	1
TCGA-HC-A6HX	4	179458669	181773368	2	1
TCGA-HC-A6HX	4	181773566	191027923	1	1
TCGA-HC-A6HX	5	15532	14109455	1	1
TCGA-HC-A6HX	5	14109554	19577284	2	1
TCGA-HC-A6HX	5	19582435	49441958	1	1
TCGA-HC-A6HX	5	49447306	52714889	2	1
TCGA-HC-A6HX	5	52715136	180790320	1	1
TCGA-HC-A6HX	6	149661	4920211	1	1
TCGA-HC-A6HX	6	4920230	8808090	2	1
TCGA-HC-A6HX	6	8809202	29019232	1	1
TCGA-HC-A6HX	6	29023214	32308465	2	1
TCGA-HC-A6HX	6	32313097	137403017	1	1
TCGA-HC-A6HX	6	137403148	141227697	2	1
TCGA-HC-A6HX	6	141227939	171051005	1	1
TCGA-HC-A6HX	7	43259	25476215	1	1
TCGA-HC-A6HX	7	25476252	29985759	2	1
TCGA-HC-A6HX	7	29989553	147280000	1	1
TCGA-HC-A6HX	7	147280197	148024494	4	2
TCGA-HC-A6HX	7	148024817	159127004	1	1
TCGA-HC-A6HX	8	31254	130877770	1	1
TCGA-HC-A6HX	8	130877818	135136343	2	1
TCGA-HC-A6HX	8	135136657	146298155	1	1
TCGA-HC-A6HX	9	46587	117909509	1	1
TCGA-HC-A6HX	9	117909576	121016962	2	1
TCGA-HC-A6HX	9	121018333	141091394	1	1
TCGA-HC-A6HX	10	72759	5944443	1	1
TCGA-HC-A6HX	10	5945672	7837570	2	1
TCGA-HC-A6HX	10	7845298	26082128	1	1
TCGA-HC-A6HX	10	26084106	28702779	2	1
TCGA-HC-A6HX	10	28703185	135506704	1	1
TCGA-HC-A6HX	11	198572	29159631	1	1
TCGA-HC-A6HX	11	29162136	32454262	2	1
TCGA-HC-A6HX	11	32455527	134944770	1	1
TCGA-HC-A6HX	12	150442	96057403	1	1
TCGA-HC-A6HX	12	96062882	100972649	3	1
TCGA-HC-A6HX	12	100973709	115708570	1	1
TCGA-HC-A6HX	12	115710648	118945639	2	1
TCGA-HC-A6HX	12	118946523	133778189	1	1
TCGA-HC-A6HX	13	19026949	26595817	1	1
TCGA-HC-A6HX	13	26596411	27643135	2	2
TCGA-HC-A6HX	13	27643748	31267070	2	1
TCGA-HC-A6HX	13	31269282	50750494	1	1
TCGA-HC-A6HX	13	50750651	115108397	2	0
TCGA-HC-A6HX	14	19002124	107285437	1	1
TCGA-HC-A6HX	15	20016328	102469040	1	1
TCGA-HC-A6HX	16	60777	52990046	1	1
TCGA-HC-A6HX	16	52990213	90287535	1	0
TCGA-HC-A6HX	17	526	22217680	1	1
TCGA-HC-A6HX	17	22217883	28396721	2	2
TCGA-HC-A6HX	17	28398977	62492582	1	1
TCGA-HC-A6HX	17	62492582	65277568	3	1
TCGA-HC-A6HX	17	65279573	81049726	1	1
TCGA-HC-A6HX	18	48133	78015057	1	1
TCGA-HC-A6HX	19	90910	59097854	1	1
TCGA-HC-A6HX	20	61305	5073715	1	1
TCGA-HC-A6HX	20	5073837	8242639	2	1
TCGA-HC-A6HX	20	8243115	49906076	1	1
TCGA-HC-A6HX	20	49906932	53482244	2	1
TCGA-HC-A6HX	20	53482415	62956153	1	1
TCGA-HC-A6HX	21	10736871	48096957	1	1
TCGA-HC-A6HX	22	16052528	33797189	1	1
TCGA-HC-A6HX	22	33797362	37683994	2	1
TCGA-HC-A6HX	22	37684972	51234455	1	1
TCGA-HC-A6HX	X	168477	2694240	1	1
TCGA-HC-A6HX	X	2703391	15408327	1	0
TCGA-HC-A6HX	X	15408419	17523518	4	0
TCGA-HC-A6HX	X	17527652	19536620	3	0
TCGA-HC-A6HX	X	19537158	86909324	1	0
TCGA-HC-A6HX	X	86910110	89849819	2	0
TCGA-HC-A6HX	X	89849947	155233846	1	0
