sample	chr	startpos	endpos	nMajor	nMinor
TCGA-ZG-A9NI	1	61735	3394250	4	1
TCGA-ZG-A9NI	1	3400790	29307954	2	1
TCGA-ZG-A9NI	1	29309818	121482979	2	2
TCGA-ZG-A9NI	1	144007049	249224388	3	2
TCGA-ZG-A9NI	2	12784	234762215	2	2
TCGA-ZG-A9NI	2	234764497	243089456	2	0
TCGA-ZG-A9NI	3	60345	7366352	2	0
TCGA-ZG-A9NI	3	7367771	59415485	2	2
TCGA-ZG-A9NI	3	59416391	60979510	3	2
TCGA-ZG-A9NI	3	60983267	61282880	5	2
TCGA-ZG-A9NI	3	61283344	118471212	2	2
TCGA-ZG-A9NI	3	118479483	174933478	4	2
TCGA-ZG-A9NI	3	174935706	197896118	4	0
TCGA-ZG-A9NI	4	12281	58329289	2	2
TCGA-ZG-A9NI	4	58329383	67673566	3	2
TCGA-ZG-A9NI	4	67675535	191027923	2	2
TCGA-ZG-A9NI	5	15532	31121889	3	2
TCGA-ZG-A9NI	5	31122961	141241883	2	2
TCGA-ZG-A9NI	5	141244356	180790320	4	2
TCGA-ZG-A9NI	6	149661	43977535	4	2
TCGA-ZG-A9NI	6	43977588	159518469	2	2
TCGA-ZG-A9NI	6	159518664	171051005	2	0
TCGA-ZG-A9NI	7	43259	22494034	3	2
TCGA-ZG-A9NI	7	22498603	43847448	5	2
TCGA-ZG-A9NI	7	43850512	62548991	2	2
TCGA-ZG-A9NI	7	62549005	144989690	4	2
TCGA-ZG-A9NI	7	144990171	147559148	5	2
TCGA-ZG-A9NI	7	147559454	159127004	4	2
TCGA-ZG-A9NI	8	31254	31659872	2	0
TCGA-ZG-A9NI	8	31663987	67035302	3	2
TCGA-ZG-A9NI	8	67036573	73863745	7	2
TCGA-ZG-A9NI	8	73867896	83184786	6	6
TCGA-ZG-A9NI	8	83195783	146298155	7	2
TCGA-ZG-A9NI	9	46587	141091394	3	2
TCGA-ZG-A9NI	10	72759	8737810	2	2
TCGA-ZG-A9NI	10	8738908	72910085	3	2
TCGA-ZG-A9NI	10	72910633	135056464	2	2
TCGA-ZG-A9NI	10	135063027	135506704	3	1
TCGA-ZG-A9NI	11	198572	82903922	2	2
TCGA-ZG-A9NI	11	82908161	134602340	2	1
TCGA-ZG-A9NI	11	134602946	134944770	2	0
TCGA-ZG-A9NI	12	150442	9811651	4	2
TCGA-ZG-A9NI	12	9811948	65082934	2	2
TCGA-ZG-A9NI	12	65083557	82607765	3	2
TCGA-ZG-A9NI	12	82613281	133778189	2	2
TCGA-ZG-A9NI	13	19026949	32401696	2	2
TCGA-ZG-A9NI	13	32402274	34331988	0	0
TCGA-ZG-A9NI	13	34332027	36441606	2	0
TCGA-ZG-A9NI	13	36441752	37260371	2	2
TCGA-ZG-A9NI	13	37261530	115108397	2	0
TCGA-ZG-A9NI	14	19002124	51331966	3	2
TCGA-ZG-A9NI	14	51332728	51849207	2	0
TCGA-ZG-A9NI	14	51850519	107285437	3	2
TCGA-ZG-A9NI	15	20016328	65666819	2	2
TCGA-ZG-A9NI	15	65667137	86382228	3	2
TCGA-ZG-A9NI	15	86382924	102469040	2	2
TCGA-ZG-A9NI	16	60777	293915	2	0
TCGA-ZG-A9NI	16	294386	74369531	3	2
TCGA-ZG-A9NI	16	74379973	90287535	2	0
TCGA-ZG-A9NI	17	526	10797696	2	0
TCGA-ZG-A9NI	17	10798217	45241629	2	2
TCGA-ZG-A9NI	17	45247169	59492087	4	2
TCGA-ZG-A9NI	17	59492356	81049726	5	2
TCGA-ZG-A9NI	18	48133	3184518	2	2
TCGA-ZG-A9NI	18	3188164	3687828	2	0
TCGA-ZG-A9NI	18	3688817	53920907	2	2
TCGA-ZG-A9NI	18	53922808	63837539	4	2
TCGA-ZG-A9NI	18	63837732	78015057	2	2
TCGA-ZG-A9NI	19	90910	59097854	2	2
TCGA-ZG-A9NI	20	61305	5808814	2	2
TCGA-ZG-A9NI	20	5809131	17249788	3	2
TCGA-ZG-A9NI	20	17250915	62956153	2	2
TCGA-ZG-A9NI	21	10736871	33176531	2	2
TCGA-ZG-A9NI	21	33177933	48096957	5	2
TCGA-ZG-A9NI	22	16052528	51234455	2	2
TCGA-ZG-A9NI	X	168477	2694240	4	3
TCGA-ZG-A9NI	X	2703391	9825088	4	0
TCGA-ZG-A9NI	X	9825109	12701190	5	0
TCGA-ZG-A9NI	X	12702718	155233846	2	0
