sample	chr	startpos	endpos	nMajor	nMinor
TCGA-CV-7177-b	1	61735	121482979	1	1
TCGA-CV-7177-b	1	144007049	204652898	2	1
TCGA-CV-7177-b	1	204654934	204727167	1	0
TCGA-CV-7177-b	1	204727382	249224388	2	1
TCGA-CV-7177-b	2	12784	136192779	1	1
TCGA-CV-7177-b	2	136206225	138416421	2	0
TCGA-CV-7177-b	2	138418051	141874037	1	1
TCGA-CV-7177-b	2	141874410	142165632	1	0
TCGA-CV-7177-b	2	142167237	243089456	1	1
TCGA-CV-7177-b	3	60345	87523247	1	0
TCGA-CV-7177-b	3	87523563	130648798	1	1
TCGA-CV-7177-b	3	130660983	143294182	2	1
TCGA-CV-7177-b	3	143295706	143444912	2	0
TCGA-CV-7177-b	3	143448657	197896118	2	2
TCGA-CV-7177-b	4	12281	152988490	2	0
TCGA-CV-7177-b	4	152989410	153346252	0	0
TCGA-CV-7177-b	4	153348761	191027923	2	0
TCGA-CV-7177-b	5	15532	46389273	2	1
TCGA-CV-7177-b	5	49432831	177588019	1	0
TCGA-CV-7177-b	5	177597942	177887638	0	0
TCGA-CV-7177-b	5	177888014	180790320	1	0
TCGA-CV-7177-b	6	149661	171051005	1	1
TCGA-CV-7177-b	7	43259	159127004	2	1
TCGA-CV-7177-b	8	31254	492960	3	0
TCGA-CV-7177-b	8	505361	146298155	2	0
TCGA-CV-7177-b	9	46587	21780298	1	0
TCGA-CV-7177-b	9	21784822	22082419	0	0
TCGA-CV-7177-b	9	22082581	47217176	1	0
TCGA-CV-7177-b	9	65616971	116388816	2	1
TCGA-CV-7177-b	9	116389289	117011595	2	0
TCGA-CV-7177-b	9	117013319	121226856	2	1
TCGA-CV-7177-b	9	121227303	121760686	1	1
TCGA-CV-7177-b	9	121761064	137789468	2	1
TCGA-CV-7177-b	9	137789517	138268891	1	1
TCGA-CV-7177-b	9	138268983	141091394	2	1
TCGA-CV-7177-b	10	72759	521723	1	0
TCGA-CV-7177-b	10	524800	105097086	1	1
TCGA-CV-7177-b	10	105097193	105348250	1	0
TCGA-CV-7177-b	10	105350111	135506704	1	1
TCGA-CV-7177-b	11	198572	9863023	1	1
TCGA-CV-7177-b	11	9865163	9939485	3	1
TCGA-CV-7177-b	11	9939818	11368170	2	1
TCGA-CV-7177-b	11	11368441	104052170	1	1
TCGA-CV-7177-b	11	104052398	121077373	1	0
TCGA-CV-7177-b	11	121077577	121088659	2	0
TCGA-CV-7177-b	11	121088794	134944770	1	1
TCGA-CV-7177-b	12	150442	38279916	3	1
TCGA-CV-7177-b	12	38280036	38703019	2	0
TCGA-CV-7177-b	12	38703855	133778189	1	1
TCGA-CV-7177-b	13	19026949	115108397	1	0
TCGA-CV-7177-b	14	19002124	26973377	1	0
TCGA-CV-7177-b	14	26974414	88999959	2	0
TCGA-CV-7177-b	14	89000903	107285437	2	1
TCGA-CV-7177-b	15	20016328	41280208	1	1
TCGA-CV-7177-b	15	41282371	41902059	1	0
TCGA-CV-7177-b	15	41907046	74299000	1	1
TCGA-CV-7177-b	15	74299870	83068590	1	0
TCGA-CV-7177-b	15	83083151	102469040	1	1
TCGA-CV-7177-b	16	60777	34002622	1	1
TCGA-CV-7177-b	16	34011283	90287535	3	1
TCGA-CV-7177-b	17	526	17570827	2	0
TCGA-CV-7177-b	17	17579861	42334171	1	1
TCGA-CV-7177-b	17	42340623	57684148	2	1
TCGA-CV-7177-b	17	57684582	81049726	2	0
TCGA-CV-7177-b	18	48133	78015057	1	1
TCGA-CV-7177-b	19	90910	59097854	1	1
TCGA-CV-7177-b	20	61305	12214753	2	2
TCGA-CV-7177-b	20	12215369	12636368	4	2
TCGA-CV-7177-b	20	12636378	29529825	2	2
TCGA-CV-7177-b	20	29529915	62956153	2	1
TCGA-CV-7177-b	21	10736871	48096957	1	1
TCGA-CV-7177-b	22	16052528	51234455	1	1
TCGA-CV-7177-b	X	168477	70344089	1	1
TCGA-CV-7177-b	X	70345048	100973604	2	1
TCGA-CV-7177-b	X	100974000	155233846	1	1
