sample	chr	startpos	endpos	nMajor	nMinor
TCGA-WQ-AB4B	1	61735	121482979	1	0
TCGA-WQ-AB4B	1	144007049	249224388	2	1
TCGA-WQ-AB4B	2	12784	141803326	1	1
TCGA-WQ-AB4B	2	141803496	243089456	1	0
TCGA-WQ-AB4B	3	60345	197896118	1	0
TCGA-WQ-AB4B	4	12281	155111083	1	0
TCGA-WQ-AB4B	4	155111268	155805881	1	1
TCGA-WQ-AB4B	4	155811145	187258266	1	0
TCGA-WQ-AB4B	4	187260712	191027923	1	1
TCGA-WQ-AB4B	5	15532	167403035	2	1
TCGA-WQ-AB4B	5	167404411	180790320	1	1
TCGA-WQ-AB4B	6	149661	1686108	1	1
TCGA-WQ-AB4B	6	1686599	2009649	1	0
TCGA-WQ-AB4B	6	2016679	171051005	1	1
TCGA-WQ-AB4B	7	43259	159127004	2	1
TCGA-WQ-AB4B	8	31254	43786802	1	0
TCGA-WQ-AB4B	8	43824048	118805610	4	1
TCGA-WQ-AB4B	8	118808176	119357238	5	1
TCGA-WQ-AB4B	8	119359084	139925114	4	1
TCGA-WQ-AB4B	8	139927419	146298155	3	1
TCGA-WQ-AB4B	9	46587	47217176	1	1
TCGA-WQ-AB4B	9	65616971	141091394	1	0
TCGA-WQ-AB4B	10	72759	135506704	1	1
TCGA-WQ-AB4B	11	198572	87542093	1	1
TCGA-WQ-AB4B	11	87544734	134944770	1	0
TCGA-WQ-AB4B	12	150442	31328426	1	1
TCGA-WQ-AB4B	12	31329169	31406907	1	0
TCGA-WQ-AB4B	12	31407123	133778189	1	1
TCGA-WQ-AB4B	13	19026949	89655120	1	1
TCGA-WQ-AB4B	13	89658337	92805837	1	0
TCGA-WQ-AB4B	13	92811054	115108397	1	1
TCGA-WQ-AB4B	14	19002124	103402056	1	1
TCGA-WQ-AB4B	14	103402729	104022998	2	1
TCGA-WQ-AB4B	14	104023078	107285437	1	1
TCGA-WQ-AB4B	15	20016328	102469040	1	1
TCGA-WQ-AB4B	16	60777	90287535	1	1
TCGA-WQ-AB4B	17	526	81049726	1	1
TCGA-WQ-AB4B	18	48133	20065977	1	1
TCGA-WQ-AB4B	18	20068749	20648100	2	1
TCGA-WQ-AB4B	18	20648375	78015057	1	1
TCGA-WQ-AB4B	19	90910	59097854	1	1
TCGA-WQ-AB4B	20	61305	62956153	2	1
TCGA-WQ-AB4B	21	10736871	48096957	1	0
TCGA-WQ-AB4B	22	16052528	51234455	1	0
TCGA-WQ-AB4B	X	168477	2694240	1	1
TCGA-WQ-AB4B	X	2703391	154929498	1	0
TCGA-WQ-AB4B	X	154963439	155233846	1	1
