sample	chr	startpos	endpos	nMajor	nMinor
TCGA-RE-A7BO	1	61735	45800138	3	0
TCGA-RE-A7BO	1	45800156	246408071	2	1
TCGA-RE-A7BO	1	246408304	246510779	1	0
TCGA-RE-A7BO	1	246512024	249224388	2	1
TCGA-RE-A7BO	2	12784	11500058	2	1
TCGA-RE-A7BO	2	11502656	12415090	3	1
TCGA-RE-A7BO	2	12415940	41877897	2	1
TCGA-RE-A7BO	2	41878312	43361021	3	1
TCGA-RE-A7BO	2	43361256	160896482	2	1
TCGA-RE-A7BO	2	160902356	161746011	4	1
TCGA-RE-A7BO	2	161748492	232581851	2	2
TCGA-RE-A7BO	2	232584240	243089456	1	1
TCGA-RE-A7BO	3	60345	60087451	1	1
TCGA-RE-A7BO	3	60087678	60382828	1	0
TCGA-RE-A7BO	3	60386782	60688702	0	0
TCGA-RE-A7BO	3	60689395	197896118	1	1
TCGA-RE-A7BO	4	12281	191027923	2	0
TCGA-RE-A7BO	5	15532	19547577	5	0
TCGA-RE-A7BO	5	19549519	129143070	4	0
TCGA-RE-A7BO	5	129143712	131364333	6	0
TCGA-RE-A7BO	5	131367610	166360068	4	0
TCGA-RE-A7BO	5	166360383	167946589	6	0
TCGA-RE-A7BO	5	167947791	173981106	3	0
TCGA-RE-A7BO	5	173981565	180790320	4	0
TCGA-RE-A7BO	6	149661	171051005	3	0
TCGA-RE-A7BO	7	43259	159127004	4	1
TCGA-RE-A7BO	8	31254	26706444	2	2
TCGA-RE-A7BO	8	26706905	32512618	2	0
TCGA-RE-A7BO	8	32512699	41035302	2	2
TCGA-RE-A7BO	8	41035395	43736889	3	3
TCGA-RE-A7BO	8	43744681	81266044	3	2
TCGA-RE-A7BO	8	81267706	85396241	4	2
TCGA-RE-A7BO	8	85396700	87286049	3	3
TCGA-RE-A7BO	8	87286653	89090700	5	2
TCGA-RE-A7BO	8	89090727	146298155	3	3
TCGA-RE-A7BO	9	46587	141091394	3	0
TCGA-RE-A7BO	10	72759	135506704	2	1
TCGA-RE-A7BO	11	198572	134944770	3	3
TCGA-RE-A7BO	12	150442	133778189	2	1
TCGA-RE-A7BO	13	19026949	115108397	2	1
TCGA-RE-A7BO	14	19002124	107285437	2	0
TCGA-RE-A7BO	15	20016328	102469040	1	1
TCGA-RE-A7BO	16	60777	78526747	2	1
TCGA-RE-A7BO	16	78526937	78821150	1	0
TCGA-RE-A7BO	16	78822569	79687920	2	1
TCGA-RE-A7BO	16	79688490	90287535	1	1
TCGA-RE-A7BO	17	526	22219568	2	0
TCGA-RE-A7BO	17	22227075	81049726	2	1
TCGA-RE-A7BO	18	48133	3665135	2	0
TCGA-RE-A7BO	18	3665427	8653185	1	0
TCGA-RE-A7BO	18	8655629	13527341	1	1
TCGA-RE-A7BO	18	13529894	13908502	1	0
TCGA-RE-A7BO	18	13913116	15328076	1	1
TCGA-RE-A7BO	18	15347915	20650148	2	1
TCGA-RE-A7BO	18	20652523	36083127	2	0
TCGA-RE-A7BO	18	36083734	36340055	5	0
TCGA-RE-A7BO	18	36341319	36770531	2	0
TCGA-RE-A7BO	18	36774415	78015057	1	0
TCGA-RE-A7BO	19	90910	46007334	2	1
TCGA-RE-A7BO	19	46027752	59097854	3	1
TCGA-RE-A7BO	20	61305	6619725	3	1
TCGA-RE-A7BO	20	6620893	26258092	3	0
TCGA-RE-A7BO	20	26266098	62956153	6	0
TCGA-RE-A7BO	21	10736871	36220679	2	1
TCGA-RE-A7BO	21	36221072	36404827	1	0
TCGA-RE-A7BO	21	36404922	48096957	2	1
TCGA-RE-A7BO	22	16052528	51234455	1	1
TCGA-RE-A7BO	X	168477	6672533	2	0
TCGA-RE-A7BO	X	6672823	6808682	0	0
TCGA-RE-A7BO	X	6809256	31671938	2	0
TCGA-RE-A7BO	X	31673276	31764406	0	0
TCGA-RE-A7BO	X	31766645	96121282	2	0
TCGA-RE-A7BO	X	96122613	96411194	1	0
TCGA-RE-A7BO	X	96411668	155233846	2	0
