sample	chr	startpos	endpos	nMajor	nMinor
TCGA-WC-A87Y	1	61735	249224388	1	1
TCGA-WC-A87Y	2	12784	243089456	1	1
TCGA-WC-A87Y	3	60345	197896118	1	0
TCGA-WC-A87Y	4	12281	191027923	1	1
TCGA-WC-A87Y	5	15532	180790320	1	1
TCGA-WC-A87Y	6	149661	171051005	1	1
TCGA-WC-A87Y	7	43259	159127004	1	1
TCGA-WC-A87Y	8	31254	46847534	1	1
TCGA-WC-A87Y	8	46863535	146298155	4	1
TCGA-WC-A87Y	9	46587	141091394	1	1
TCGA-WC-A87Y	10	72759	135506704	1	1
TCGA-WC-A87Y	11	198572	134944770	1	1
TCGA-WC-A87Y	12	150442	133778189	1	1
TCGA-WC-A87Y	13	19026949	115108397	1	1
TCGA-WC-A87Y	14	19002124	22480147	1	1
TCGA-WC-A87Y	14	22480324	22995108	2	1
TCGA-WC-A87Y	14	22995817	107285437	1	1
TCGA-WC-A87Y	15	20016328	102469040	1	1
TCGA-WC-A87Y	16	60777	90287535	1	1
TCGA-WC-A87Y	17	526	81049726	1	1
TCGA-WC-A87Y	18	48133	78015057	1	1
TCGA-WC-A87Y	19	90910	59097854	1	1
TCGA-WC-A87Y	20	61305	62956153	1	1
TCGA-WC-A87Y	21	10736871	48096957	1	1
TCGA-WC-A87Y	22	16052528	51234455	1	1
TCGA-WC-A87Y	X	168477	2693624	1	1
TCGA-WC-A87Y	X	2694240	155233846	1	0
