sample	chr	startpos	endpos	nMajor	nMinor
TCGA-EJ-5526	1	61735	65582586	2	2
TCGA-EJ-5526	1	65583108	65743123	2	0
TCGA-EJ-5526	1	65744929	154688588	2	2
TCGA-EJ-5526	1	154692601	154803645	2	0
TCGA-EJ-5526	1	154807018	249224388	2	2
TCGA-EJ-5526	2	12784	33403837	2	2
TCGA-EJ-5526	2	33403948	35670434	3	2
TCGA-EJ-5526	2	35670651	114781357	2	2
TCGA-EJ-5526	2	114781788	116983419	3	2
TCGA-EJ-5526	2	116986672	124763704	2	2
TCGA-EJ-5526	2	124764392	126797090	3	2
TCGA-EJ-5526	2	126799433	243089456	2	2
TCGA-EJ-5526	3	60345	66990841	2	2
TCGA-EJ-5526	3	66992650	68708939	3	2
TCGA-EJ-5526	3	68712263	186988386	2	2
TCGA-EJ-5526	3	186990459	193601448	3	2
TCGA-EJ-5526	3	193604383	194135913	2	0
TCGA-EJ-5526	3	194138271	197896118	2	2
TCGA-EJ-5526	4	12281	187263403	2	2
TCGA-EJ-5526	4	187263441	191027923	3	2
TCGA-EJ-5526	5	15532	2159490	2	2
TCGA-EJ-5526	5	2165813	4068808	3	2
TCGA-EJ-5526	5	4069585	49779462	2	2
TCGA-EJ-5526	5	49786301	78402547	2	0
TCGA-EJ-5526	5	78403378	135687505	2	2
TCGA-EJ-5526	5	135690580	136760230	2	0
TCGA-EJ-5526	5	136760478	160869466	2	2
TCGA-EJ-5526	5	160870473	161162740	2	0
TCGA-EJ-5526	5	161163196	162445591	2	2
TCGA-EJ-5526	5	162448000	167667266	2	0
TCGA-EJ-5526	5	167668843	180790320	2	2
TCGA-EJ-5526	6	149661	36557683	2	2
TCGA-EJ-5526	6	36557976	37023018	2	0
TCGA-EJ-5526	6	37025436	45682969	2	2
TCGA-EJ-5526	6	45683280	48286655	3	2
TCGA-EJ-5526	6	48286776	83933307	2	2
TCGA-EJ-5526	6	83933646	87145994	2	0
TCGA-EJ-5526	6	87152993	87331094	2	1
TCGA-EJ-5526	6	87331483	87891752	2	0
TCGA-EJ-5526	6	87897499	128539632	2	2
TCGA-EJ-5526	6	128540348	132912650	3	2
TCGA-EJ-5526	6	132915276	160849907	2	2
TCGA-EJ-5526	6	160850273	163327504	2	0
TCGA-EJ-5526	6	163327682	171051005	2	2
TCGA-EJ-5526	7	43259	40297008	2	2
TCGA-EJ-5526	7	40298709	41774006	2	0
TCGA-EJ-5526	7	41774695	43062842	3	2
TCGA-EJ-5526	7	43063124	68003277	2	2
TCGA-EJ-5526	7	68003333	68436785	2	0
TCGA-EJ-5526	7	68441007	141940953	2	2
TCGA-EJ-5526	7	141941190	145121321	3	2
TCGA-EJ-5526	7	145121739	159127004	2	2
TCGA-EJ-5526	8	31254	26181573	2	0
TCGA-EJ-5526	8	26187195	37472687	3	2
TCGA-EJ-5526	8	37472911	40285421	2	2
TCGA-EJ-5526	8	40285805	41853860	3	3
TCGA-EJ-5526	8	41863584	46847534	2	0
TCGA-EJ-5526	8	46863535	58914006	4	2
TCGA-EJ-5526	8	58917491	59021845	2	0
TCGA-EJ-5526	8	59022516	70762656	3	3
TCGA-EJ-5526	8	70765256	107083520	4	2
TCGA-EJ-5526	8	107083817	109934834	5	2
TCGA-EJ-5526	8	109937074	146298155	3	3
TCGA-EJ-5526	9	46587	1554534	3	2
TCGA-EJ-5526	9	1554754	87758458	2	2
TCGA-EJ-5526	9	87758811	141091394	3	2
TCGA-EJ-5526	10	72759	135506704	2	2
TCGA-EJ-5526	11	198572	2726233	2	2
TCGA-EJ-5526	11	2729340	3165555	2	0
TCGA-EJ-5526	11	3170866	87635353	2	2
TCGA-EJ-5526	11	87635741	88651344	3	2
TCGA-EJ-5526	11	88659143	96965192	2	2
TCGA-EJ-5526	11	96970997	102028054	3	2
TCGA-EJ-5526	11	102028549	134944770	2	2
TCGA-EJ-5526	12	150442	11834648	3	3
TCGA-EJ-5526	12	11834724	14378345	2	0
TCGA-EJ-5526	12	14378836	37857944	3	3
TCGA-EJ-5526	12	37863724	48596579	2	0
TCGA-EJ-5526	12	48596890	50507815	3	2
TCGA-EJ-5526	12	50510777	52211105	2	0
TCGA-EJ-5526	12	52211520	122704872	3	3
TCGA-EJ-5526	12	122712374	133778189	2	0
TCGA-EJ-5526	13	19026949	43997104	2	2
TCGA-EJ-5526	13	44001372	94935879	2	1
TCGA-EJ-5526	13	94936119	115108397	2	2
TCGA-EJ-5526	14	19002124	22348783	2	2
TCGA-EJ-5526	14	22349214	23014062	3	2
TCGA-EJ-5526	14	23014638	79015809	2	2
TCGA-EJ-5526	14	79016165	88274016	3	2
TCGA-EJ-5526	14	88274261	98166585	2	2
TCGA-EJ-5526	14	98166922	98985735	3	2
TCGA-EJ-5526	14	98985951	107285437	2	2
TCGA-EJ-5526	15	20016328	27407596	3	2
TCGA-EJ-5526	15	27407612	94773605	2	2
TCGA-EJ-5526	15	94776265	98711843	3	2
TCGA-EJ-5526	15	98713184	102469040	2	2
TCGA-EJ-5526	16	60777	6535177	2	2
TCGA-EJ-5526	16	6538986	7908317	3	2
TCGA-EJ-5526	16	7910872	25754322	2	2
TCGA-EJ-5526	16	25754982	27081914	3	2
TCGA-EJ-5526	16	27084675	59618442	2	2
TCGA-EJ-5526	16	59620792	63456357	3	2
TCGA-EJ-5526	16	63457855	77146866	2	2
TCGA-EJ-5526	16	77147234	78872859	3	2
TCGA-EJ-5526	16	78872931	79583615	2	0
TCGA-EJ-5526	16	79583815	79758776	2	2
TCGA-EJ-5526	16	79762067	81104709	2	0
TCGA-EJ-5526	16	81104965	84591181	2	2
TCGA-EJ-5526	16	84593393	86020128	2	0
TCGA-EJ-5526	16	86020271	90287535	2	2
TCGA-EJ-5526	17	526	21508894	2	1
TCGA-EJ-5526	17	21513022	27041808	2	2
TCGA-EJ-5526	17	27046965	27542481	2	0
TCGA-EJ-5526	17	27543420	81049726	2	2
TCGA-EJ-5526	18	48133	70031354	2	2
TCGA-EJ-5526	18	70032831	78015057	3	2
TCGA-EJ-5526	19	90910	15526376	2	2
TCGA-EJ-5526	19	15528983	17459425	2	0
TCGA-EJ-5526	19	17460782	59097854	2	2
TCGA-EJ-5526	20	61305	5205374	2	2
TCGA-EJ-5526	20	5208551	6016236	2	0
TCGA-EJ-5526	20	6016890	62956153	2	2
TCGA-EJ-5526	21	10736871	39875588	2	2
TCGA-EJ-5526	21	39879350	42864692	2	0
TCGA-EJ-5526	21	42864743	48096957	2	2
TCGA-EJ-5526	22	16052528	28489658	2	2
TCGA-EJ-5526	22	28490076	31596648	2	0
TCGA-EJ-5526	22	31596896	51234455	2	2
TCGA-EJ-5526	X	168477	2694240	3	2
TCGA-EJ-5526	X	2703391	154735698	2	0
TCGA-EJ-5526	X	154739500	155233846	1	0
