sample	chr	startpos	endpos	nMajor	nMinor
TCGA-AX-A3G8	1	61735	121482979	1	1
TCGA-AX-A3G8	1	144007049	200189421	4	1
TCGA-AX-A3G8	1	200189524	249224388	3	1
TCGA-AX-A3G8	2	12784	243089456	1	1
TCGA-AX-A3G8	3	60345	197896118	1	1
TCGA-AX-A3G8	4	12281	191027923	1	1
TCGA-AX-A3G8	5	15532	180790320	1	1
TCGA-AX-A3G8	6	149661	171051005	1	1
TCGA-AX-A3G8	7	43259	159127004	1	1
TCGA-AX-A3G8	8	31254	146298155	1	1
TCGA-AX-A3G8	9	46587	141091394	1	1
TCGA-AX-A3G8	10	72759	135506704	1	1
TCGA-AX-A3G8	11	198572	134944770	1	1
TCGA-AX-A3G8	12	150442	38976754	2	0
TCGA-AX-A3G8	12	38977411	46557322	1	1
TCGA-AX-A3G8	12	46558614	46949589	2	1
TCGA-AX-A3G8	12	46953360	133778189	1	1
TCGA-AX-A3G8	13	19026949	115108397	1	1
TCGA-AX-A3G8	14	19002124	107285437	1	1
TCGA-AX-A3G8	15	20016328	102469040	1	1
TCGA-AX-A3G8	16	60777	70842097	1	1
TCGA-AX-A3G8	16	70854381	71207879	2	1
TCGA-AX-A3G8	16	71208200	90287535	1	1
TCGA-AX-A3G8	17	526	17344269	1	1
TCGA-AX-A3G8	17	17344851	17871343	1	0
TCGA-AX-A3G8	17	17872149	81049726	1	1
TCGA-AX-A3G8	18	48133	78015057	1	1
TCGA-AX-A3G8	19	90910	59097854	1	1
TCGA-AX-A3G8	20	61305	62956153	1	1
TCGA-AX-A3G8	21	10736871	48096957	1	1
TCGA-AX-A3G8	22	16052528	51234455	1	1
TCGA-AX-A3G8	X	168477	140341716	1	1
TCGA-AX-A3G8	X	140353323	140783054	1	0
TCGA-AX-A3G8	X	140788744	155233846	1	1
