sample	chr	startpos	endpos	nMajor	nMinor
TCGA-WB-A822	1	61735	121482979	1	0
TCGA-WB-A822	1	144007049	249224388	1	1
TCGA-WB-A822	2	12784	243089456	1	1
TCGA-WB-A822	3	60345	90455162	1	1
TCGA-WB-A822	3	90485636	197896118	1	0
TCGA-WB-A822	4	12281	191027923	1	1
TCGA-WB-A822	5	15532	180790320	1	1
TCGA-WB-A822	6	149661	171051005	1	1
TCGA-WB-A822	7	43259	159127004	1	1
TCGA-WB-A822	8	31254	146298155	1	1
TCGA-WB-A822	9	46587	141091394	1	1
TCGA-WB-A822	10	72759	135506704	1	1
TCGA-WB-A822	11	198572	50501846	1	0
TCGA-WB-A822	11	50508724	134944770	1	1
TCGA-WB-A822	12	150442	133778189	1	1
TCGA-WB-A822	13	19026949	115108397	1	1
TCGA-WB-A822	14	19002124	22359663	1	1
TCGA-WB-A822	14	22367550	22988571	2	1
TCGA-WB-A822	14	22993720	107285437	1	1
TCGA-WB-A822	15	20016328	102469040	1	1
TCGA-WB-A822	16	60777	90287535	1	1
TCGA-WB-A822	17	526	22227075	1	0
TCGA-WB-A822	17	22227741	81049726	1	1
TCGA-WB-A822	18	48133	78015057	1	1
TCGA-WB-A822	19	90910	59097854	1	1
TCGA-WB-A822	20	61305	62956153	1	1
TCGA-WB-A822	21	10736871	48096957	1	1
TCGA-WB-A822	22	16052528	51234455	1	1
TCGA-WB-A822	X	168477	2694240	1	1
TCGA-WB-A822	X	2703391	155233846	1	0
