sample	chr	startpos	endpos	nMajor	nMinor
TCGA-D9-A3Z4	1	61735	118229305	4	0
TCGA-D9-A3Z4	1	118229436	121482979	2	2
TCGA-D9-A3Z4	1	144007049	145390114	4	2
TCGA-D9-A3Z4	1	145390170	209083018	5	4
TCGA-D9-A3Z4	1	209083871	237278525	4	2
TCGA-D9-A3Z4	1	237278774	237739494	4	4
TCGA-D9-A3Z4	1	237741484	249224388	6	4
TCGA-D9-A3Z4	2	12784	7321992	2	2
TCGA-D9-A3Z4	2	7322437	7332798	1	0
TCGA-D9-A3Z4	2	7332935	33627969	2	2
TCGA-D9-A3Z4	2	33630276	36509516	3	2
TCGA-D9-A3Z4	2	36510725	243089456	2	2
TCGA-D9-A3Z4	3	60345	116729818	2	2
TCGA-D9-A3Z4	3	116736739	117087745	2	0
TCGA-D9-A3Z4	3	117088288	197434381	2	2
TCGA-D9-A3Z4	3	197437155	197896118	4	2
TCGA-D9-A3Z4	4	12281	9846349	2	2
TCGA-D9-A3Z4	4	9847875	13782375	3	2
TCGA-D9-A3Z4	4	13782918	66577814	2	2
TCGA-D9-A3Z4	4	66578534	69484049	2	0
TCGA-D9-A3Z4	4	69484087	191027923	2	2
TCGA-D9-A3Z4	5	15532	50391229	2	2
TCGA-D9-A3Z4	5	50391660	176017455	2	0
TCGA-D9-A3Z4	5	176017549	177316740	2	2
TCGA-D9-A3Z4	5	177324737	178358045	2	0
TCGA-D9-A3Z4	5	178358644	179459839	2	2
TCGA-D9-A3Z4	5	179463334	180790320	2	0
TCGA-D9-A3Z4	6	149661	65142365	2	2
TCGA-D9-A3Z4	6	65146263	171051005	2	1
TCGA-D9-A3Z4	7	43259	159127004	2	2
TCGA-D9-A3Z4	8	31254	43786802	2	0
TCGA-D9-A3Z4	8	43824048	62704879	9	2
TCGA-D9-A3Z4	8	62707733	70347548	10	2
TCGA-D9-A3Z4	8	70348234	107215926	9	2
TCGA-D9-A3Z4	8	107216793	123567805	10	2
TCGA-D9-A3Z4	8	123570510	139173436	9	2
TCGA-D9-A3Z4	8	139173968	146298155	8	2
TCGA-D9-A3Z4	9	46587	21956914	2	0
TCGA-D9-A3Z4	9	21957144	22089599	0	0
TCGA-D9-A3Z4	9	22096338	37560756	2	0
TCGA-D9-A3Z4	9	37561346	141091394	2	2
TCGA-D9-A3Z4	10	72759	57107534	2	2
TCGA-D9-A3Z4	10	57107749	135506704	2	1
TCGA-D9-A3Z4	11	198572	134944770	2	0
TCGA-D9-A3Z4	12	150442	133778189	2	2
TCGA-D9-A3Z4	13	19026949	115108397	4	2
TCGA-D9-A3Z4	14	19002124	107285437	2	0
TCGA-D9-A3Z4	15	20016328	95536089	2	2
TCGA-D9-A3Z4	15	95539098	98679086	3	2
TCGA-D9-A3Z4	15	98679544	102469040	2	2
TCGA-D9-A3Z4	16	60777	35283226	2	2
TCGA-D9-A3Z4	16	46463782	70971709	2	0
TCGA-D9-A3Z4	16	70971743	71202489	4	1
TCGA-D9-A3Z4	16	71202797	90287535	2	0
TCGA-D9-A3Z4	17	526	81049726	2	2
TCGA-D9-A3Z4	18	48133	78015057	2	2
TCGA-D9-A3Z4	19	90910	59097854	2	2
TCGA-D9-A3Z4	20	61305	62956153	2	2
TCGA-D9-A3Z4	21	10736871	18999064	4	0
TCGA-D9-A3Z4	21	18999296	19932318	5	2
TCGA-D9-A3Z4	21	19933065	20078500	4	0
TCGA-D9-A3Z4	21	20080384	20706839	5	2
TCGA-D9-A3Z4	21	20709086	22057163	6	5
TCGA-D9-A3Z4	21	22063481	47867318	4	0
TCGA-D9-A3Z4	21	47868321	48096957	0	0
TCGA-D9-A3Z4	22	16052528	51234455	2	2
TCGA-D9-A3Z4	X	168477	2694240	2	2
TCGA-D9-A3Z4	X	2703391	155233846	2	0
