sample	chr	startpos	endpos	nMajor	nMinor
TCGA-29-1762	1	61735	16087824	6	0
TCGA-29-1762	1	16087996	34691739	3	0
TCGA-29-1762	1	34697488	53588414	3	3
TCGA-29-1762	1	53588443	53653829	6	4
TCGA-29-1762	1	53654542	229675343	3	3
TCGA-29-1762	1	229680638	247686454	6	3
TCGA-29-1762	1	247687800	249224388	3	0
TCGA-29-1762	2	12784	68111314	3	3
TCGA-29-1762	2	68116027	68251124	6	3
TCGA-29-1762	2	68260795	217288955	3	3
TCGA-29-1762	2	217289275	217452442	6	3
TCGA-29-1762	2	217453743	243089456	3	3
TCGA-29-1762	3	60345	34751177	3	0
TCGA-29-1762	3	34753530	197896118	3	3
TCGA-29-1762	4	12281	25508010	3	0
TCGA-29-1762	4	25510986	25641169	7	0
TCGA-29-1762	4	25662067	191027923	3	0
TCGA-29-1762	5	15532	49481184	3	3
TCGA-29-1762	5	49496975	180790320	3	0
TCGA-29-1762	6	149661	67406303	3	3
TCGA-29-1762	6	67410060	171051005	3	0
TCGA-29-1762	7	43259	11707028	3	0
TCGA-29-1762	7	11707492	159127004	3	3
TCGA-29-1762	8	31254	37361423	3	0
TCGA-29-1762	8	37367800	50560398	3	3
TCGA-29-1762	8	50564803	51654055	3	0
TCGA-29-1762	8	51658851	58109220	3	3
TCGA-29-1762	8	58110155	58628352	3	0
TCGA-29-1762	8	58629713	60385911	3	2
TCGA-29-1762	8	60388601	62409168	5	3
TCGA-29-1762	8	62409413	66469926	3	3
TCGA-29-1762	8	66470243	72136270	6	3
TCGA-29-1762	8	72136861	73870170	3	2
TCGA-29-1762	8	73872063	74106554	3	0
TCGA-29-1762	8	74107483	85470964	3	3
TCGA-29-1762	8	85478866	104672367	3	0
TCGA-29-1762	8	104672812	105467266	3	3
TCGA-29-1762	8	105467509	109060280	6	3
TCGA-29-1762	8	109060572	109395894	3	2
TCGA-29-1762	8	109400058	110579332	5	3
TCGA-29-1762	8	110580950	110676297	4	2
TCGA-29-1762	8	110681269	112303639	3	0
TCGA-29-1762	8	112304889	114357832	3	3
TCGA-29-1762	8	114359441	117245641	3	0
TCGA-29-1762	8	117245789	133663963	3	3
TCGA-29-1762	8	133668391	136704838	5	3
TCGA-29-1762	8	136705708	136881238	3	2
TCGA-29-1762	8	136881583	146298155	3	0
TCGA-29-1762	9	46587	47217176	4	4
TCGA-29-1762	9	65616971	97574120	5	3
TCGA-29-1762	9	97579146	114543694	5	0
TCGA-29-1762	9	114544665	131187679	4	4
TCGA-29-1762	9	131190822	141091394	5	0
TCGA-29-1762	10	72759	116139551	3	3
TCGA-29-1762	10	116139682	135506704	6	3
TCGA-29-1762	11	198572	49314265	3	0
TCGA-29-1762	11	49317613	134944770	3	3
TCGA-29-1762	12	150442	133778189	3	3
TCGA-29-1762	13	19026949	86171848	3	0
TCGA-29-1762	13	86174278	115108397	6	0
TCGA-29-1762	14	19002124	62790729	3	3
TCGA-29-1762	14	62792458	75673392	3	0
TCGA-29-1762	14	75676634	75783201	7	0
TCGA-29-1762	14	75784428	90459368	3	0
TCGA-29-1762	14	90461253	95528546	3	3
TCGA-29-1762	14	95528862	107285437	6	3
TCGA-29-1762	15	20016328	38706063	3	3
TCGA-29-1762	15	38707126	102469040	3	0
TCGA-29-1762	16	60777	90287535	3	0
TCGA-29-1762	17	526	47942408	3	0
TCGA-29-1762	17	47944460	49972972	6	0
TCGA-29-1762	17	49973197	81049726	3	0
TCGA-29-1762	18	48133	66949345	3	0
TCGA-29-1762	18	66949737	67017139	5	0
TCGA-29-1762	18	67017370	67017885	4	0
TCGA-29-1762	18	67018003	78015057	6	0
TCGA-29-1762	19	90910	665896	6	0
TCGA-29-1762	19	669363	11818283	3	0
TCGA-29-1762	19	11820517	31793353	3	3
TCGA-29-1762	19	31798612	41032478	6	3
TCGA-29-1762	19	41035636	59097854	6	0
TCGA-29-1762	20	61305	50230512	3	3
TCGA-29-1762	20	50231173	50844434	7	3
TCGA-29-1762	20	50846844	62956153	3	3
TCGA-29-1762	21	10736871	48096957	6	2
TCGA-29-1762	22	16052528	31921968	3	3
TCGA-29-1762	22	31924561	51234455	3	0
TCGA-29-1762	X	168477	120834237	3	3
TCGA-29-1762	X	120834522	120886951	2	1
TCGA-29-1762	X	120886979	146119443	3	3
TCGA-29-1762	X	146120035	155233846	6	3
