sample	chr	startpos	endpos	nMajor	nMinor
TCGA-B9-A8YH	1	61735	249224388	1	1
TCGA-B9-A8YH	2	12784	243089456	1	1
TCGA-B9-A8YH	3	60345	197896118	2	1
TCGA-B9-A8YH	4	12281	191027923	1	1
TCGA-B9-A8YH	5	15532	180790320	1	1
TCGA-B9-A8YH	6	149661	171051005	1	1
TCGA-B9-A8YH	7	43259	159127004	2	2
TCGA-B9-A8YH	8	31254	146298155	1	1
TCGA-B9-A8YH	9	46587	141091394	1	1
TCGA-B9-A8YH	10	72759	135506704	1	1
TCGA-B9-A8YH	11	198572	134944770	1	1
TCGA-B9-A8YH	12	150442	133778189	2	1
TCGA-B9-A8YH	13	19026949	115108397	1	1
TCGA-B9-A8YH	14	19002124	22480147	1	1
TCGA-B9-A8YH	14	22480324	22974293	2	1
TCGA-B9-A8YH	14	22975700	107285437	1	1
TCGA-B9-A8YH	15	20016328	102469040	1	1
TCGA-B9-A8YH	16	60777	90287535	1	1
TCGA-B9-A8YH	17	526	81049726	2	1
TCGA-B9-A8YH	18	48133	78015057	1	1
TCGA-B9-A8YH	19	90910	59097854	1	1
TCGA-B9-A8YH	20	61305	62956153	2	1
TCGA-B9-A8YH	21	10736871	48096957	1	1
TCGA-B9-A8YH	22	16052528	51234455	1	1
TCGA-B9-A8YH	X	168477	155233846	1	0
