sample	chr	startpos	endpos	nMajor	nMinor
TCGA-F4-6856	1	61735	249224388	1	1
TCGA-F4-6856	2	12784	243089456	1	1
TCGA-F4-6856	3	60345	60089314	2	0
TCGA-F4-6856	3	60089378	60303504	1	0
TCGA-F4-6856	3	60306891	66512287	2	0
TCGA-F4-6856	3	66517100	197896118	1	1
TCGA-F4-6856	4	12281	191027923	1	1
TCGA-F4-6856	5	15532	180790320	1	1
TCGA-F4-6856	6	149661	58759028	1	1
TCGA-F4-6856	6	58774716	104149835	1	0
TCGA-F4-6856	6	104153300	171051005	1	1
TCGA-F4-6856	7	43259	159127004	1	1
TCGA-F4-6856	8	31254	146298155	1	1
TCGA-F4-6856	9	46587	141091394	1	1
TCGA-F4-6856	10	72759	135506704	1	1
TCGA-F4-6856	11	198572	134944770	1	1
TCGA-F4-6856	12	150442	133778189	1	1
TCGA-F4-6856	13	19026949	115108397	1	1
TCGA-F4-6856	14	19002124	37183917	1	1
TCGA-F4-6856	14	37185948	37258704	1	0
TCGA-F4-6856	14	37261411	107285437	1	1
TCGA-F4-6856	15	20016328	102469040	1	1
TCGA-F4-6856	16	60777	6382728	1	1
TCGA-F4-6856	16	6385171	6643366	1	0
TCGA-F4-6856	16	6644064	90287535	1	1
TCGA-F4-6856	17	526	81049726	1	1
TCGA-F4-6856	18	48133	78015057	1	1
TCGA-F4-6856	19	90910	59097854	1	1
TCGA-F4-6856	20	61305	14003523	1	1
TCGA-F4-6856	20	14007188	14272127	1	0
TCGA-F4-6856	20	14276686	14915051	1	1
TCGA-F4-6856	20	14917048	15353093	1	0
TCGA-F4-6856	20	15353909	62956153	1	1
TCGA-F4-6856	21	10736871	48096957	1	1
TCGA-F4-6856	22	16052528	51234455	1	1
TCGA-F4-6856	X	168477	2694240	1	1
TCGA-F4-6856	X	2703391	155233846	1	0
