sample	chr	startpos	endpos	nMajor	nMinor
TCGA-A4-7286	1	61735	249224388	2	0
TCGA-A4-7286	2	12784	243089456	2	1
TCGA-A4-7286	3	60345	197896118	2	1
TCGA-A4-7286	4	12281	191027923	2	1
TCGA-A4-7286	5	15532	180790320	1	1
TCGA-A4-7286	6	149661	171051005	2	0
TCGA-A4-7286	7	43259	159127004	2	1
TCGA-A4-7286	8	31254	146298155	2	1
TCGA-A4-7286	9	46587	141091394	2	0
TCGA-A4-7286	10	72759	135506704	2	1
TCGA-A4-7286	11	198572	134944770	2	1
TCGA-A4-7286	12	150442	133778189	2	2
TCGA-A4-7286	13	19026949	115108397	2	1
TCGA-A4-7286	14	19002124	107285437	1	1
TCGA-A4-7286	15	20016328	102469040	1	1
TCGA-A4-7286	16	60777	90287535	2	2
TCGA-A4-7286	17	526	81049726	2	2
TCGA-A4-7286	18	48133	78015057	1	1
TCGA-A4-7286	19	90910	59097854	1	1
TCGA-A4-7286	20	61305	62956153	2	2
TCGA-A4-7286	21	10736871	48096957	2	1
TCGA-A4-7286	22	16052528	51234455	1	1
TCGA-A4-7286	X	168477	155233846	2	0
