sample	chr	startpos	endpos	nMajor	nMinor
TCGA-B6-A408	1	61735	249224388	2	2
TCGA-B6-A408	2	12784	243089456	2	1
TCGA-B6-A408	3	60345	197896118	2	2
TCGA-B6-A408	4	12281	111548596	2	1
TCGA-B6-A408	4	111548862	191027923	3	1
TCGA-B6-A408	5	15532	180790320	2	2
TCGA-B6-A408	6	149661	73857068	2	2
TCGA-B6-A408	6	73859611	171051005	2	1
TCGA-B6-A408	7	43259	159127004	2	1
TCGA-B6-A408	8	31254	29730255	1	0
TCGA-B6-A408	8	29731255	30344591	14	0
TCGA-B6-A408	8	30349861	31534591	1	0
TCGA-B6-A408	8	31539862	33125798	14	0
TCGA-B6-A408	8	33133665	34412809	10	0
TCGA-B6-A408	8	34414823	36342053	16	0
TCGA-B6-A408	8	36350027	36621588	1	0
TCGA-B6-A408	8	36623304	39942545	16	0
TCGA-B6-A408	8	39942659	40577956	12	0
TCGA-B6-A408	8	40580585	43603698	10	0
TCGA-B6-A408	8	43604362	146298155	5	0
TCGA-B6-A408	9	46587	17707785	1	0
TCGA-B6-A408	9	17708019	20430468	2	1
TCGA-B6-A408	9	20430925	25467899	1	0
TCGA-B6-A408	9	25472081	26457170	13	1
TCGA-B6-A408	9	26457170	30758416	9	1
TCGA-B6-A408	9	30767291	32183267	1	0
TCGA-B6-A408	9	32185506	141091394	2	1
TCGA-B6-A408	10	72759	135506704	2	1
TCGA-B6-A408	11	198572	7621394	2	0
TCGA-B6-A408	11	7621867	10597050	2	2
TCGA-B6-A408	11	10598395	12412930	2	0
TCGA-B6-A408	11	12413142	134944770	2	2
TCGA-B6-A408	12	150442	53865854	2	2
TCGA-B6-A408	12	53867312	54805340	12	2
TCGA-B6-A408	12	54808217	64691133	2	2
TCGA-B6-A408	12	64694149	66661209	22	1
TCGA-B6-A408	12	66661529	67691296	12	2
TCGA-B6-A408	12	67692188	71965816	19	1
TCGA-B6-A408	12	71966606	71979546	16	4
TCGA-B6-A408	12	71980986	77220193	2	0
TCGA-B6-A408	12	77221813	80804716	20	2
TCGA-B6-A408	12	80804977	81338092	26	1
TCGA-B6-A408	12	81339865	133778189	2	0
TCGA-B6-A408	13	19026949	27358698	1	0
TCGA-B6-A408	13	27358780	27860980	3	1
TCGA-B6-A408	13	27861079	28850567	4	1
TCGA-B6-A408	13	28856288	32205642	7	1
TCGA-B6-A408	13	32211212	32546255	11	1
TCGA-B6-A408	13	32546338	32982240	1	0
TCGA-B6-A408	13	32983250	33387499	13	0
TCGA-B6-A408	13	33389251	115108397	1	0
TCGA-B6-A408	14	19002124	107285437	2	2
TCGA-B6-A408	15	20016328	35106382	2	2
TCGA-B6-A408	15	35106444	102469040	2	1
TCGA-B6-A408	16	60777	27011672	2	2
TCGA-B6-A408	16	27023649	28023852	2	0
TCGA-B6-A408	16	28025640	28337177	12	1
TCGA-B6-A408	16	28340581	29752794	6	1
TCGA-B6-A408	16	29753249	35283226	10	1
TCGA-B6-A408	16	46463782	70881984	2	0
TCGA-B6-A408	16	70883526	71202797	3	1
TCGA-B6-A408	16	71205194	90287535	2	0
TCGA-B6-A408	17	526	22217680	2	0
TCGA-B6-A408	17	22217883	81049726	2	1
TCGA-B6-A408	18	48133	78015057	2	2
TCGA-B6-A408	19	90910	59097854	2	1
TCGA-B6-A408	20	61305	62956153	2	2
TCGA-B6-A408	21	10736871	48096957	2	1
TCGA-B6-A408	22	16052528	27836125	2	0
TCGA-B6-A408	22	27842207	29041877	2	1
TCGA-B6-A408	22	29044817	29955907	2	0
TCGA-B6-A408	22	29956885	35850227	2	1
TCGA-B6-A408	22	35850758	51234455	2	0
TCGA-B6-A408	X	168477	155233846	2	2
