sample	chr	startpos	endpos	nMajor	nMinor
TCGA-P3-A6T4	1	61735	147806902	2	1
TCGA-P3-A6T4	1	147806980	155433942	2	2
TCGA-P3-A6T4	1	155436481	249224388	2	1
TCGA-P3-A6T4	2	12784	243089456	2	1
TCGA-P3-A6T4	3	60345	85380339	2	0
TCGA-P3-A6T4	3	85384470	86027715	4	2
TCGA-P3-A6T4	3	86029127	121105622	2	2
TCGA-P3-A6T4	3	121109011	134106768	3	2
TCGA-P3-A6T4	3	134108539	197896118	4	4
TCGA-P3-A6T4	4	12281	109747068	2	0
TCGA-P3-A6T4	4	109748072	191027923	5	0
TCGA-P3-A6T4	5	15532	56742492	3	2
TCGA-P3-A6T4	5	56745494	112547299	2	0
TCGA-P3-A6T4	5	112548264	137533818	3	2
TCGA-P3-A6T4	5	137544095	151223757	2	0
TCGA-P3-A6T4	5	151225054	180790320	3	2
TCGA-P3-A6T4	6	149661	25504562	2	2
TCGA-P3-A6T4	6	25506072	25628891	2	0
TCGA-P3-A6T4	6	25629658	72483428	2	2
TCGA-P3-A6T4	6	72484696	97300524	2	1
TCGA-P3-A6T4	6	97302969	153866839	2	2
TCGA-P3-A6T4	6	153867750	171051005	2	1
TCGA-P3-A6T4	7	43259	87770175	3	2
TCGA-P3-A6T4	7	87771197	90547820	4	2
TCGA-P3-A6T4	7	90548130	106299792	2	2
TCGA-P3-A6T4	7	106302545	159127004	2	1
TCGA-P3-A6T4	8	31254	74104230	2	0
TCGA-P3-A6T4	8	74104797	98227965	5	0
TCGA-P3-A6T4	8	98228653	146298155	6	0
TCGA-P3-A6T4	9	46587	94716442	2	0
TCGA-P3-A6T4	9	94716832	141091394	3	0
TCGA-P3-A6T4	10	72759	34554820	2	0
TCGA-P3-A6T4	10	34561804	34579835	2	1
TCGA-P3-A6T4	10	34580891	34945656	0	0
TCGA-P3-A6T4	10	34946013	36709589	2	0
TCGA-P3-A6T4	10	36710530	42621181	2	1
TCGA-P3-A6T4	10	42623158	66919535	3	3
TCGA-P3-A6T4	10	66920488	71704551	2	2
TCGA-P3-A6T4	10	71704656	73640409	2	1
TCGA-P3-A6T4	10	73641845	83403394	2	2
TCGA-P3-A6T4	10	83409015	135506704	2	1
TCGA-P3-A6T4	11	198572	6358019	2	0
TCGA-P3-A6T4	11	6360264	68060103	2	2
TCGA-P3-A6T4	11	68066034	69235255	7	2
TCGA-P3-A6T4	11	69239741	70956497	17	1
TCGA-P3-A6T4	11	70966863	134944770	2	0
TCGA-P3-A6T4	12	150442	6397137	3	0
TCGA-P3-A6T4	12	6405578	19522661	2	0
TCGA-P3-A6T4	12	19523063	22330520	3	2
TCGA-P3-A6T4	12	22335870	25989135	7	2
TCGA-P3-A6T4	12	25989165	32123017	5	2
TCGA-P3-A6T4	12	32123954	32778742	6	2
TCGA-P3-A6T4	12	32778913	133778189	2	2
TCGA-P3-A6T4	13	19026949	20499709	2	1
TCGA-P3-A6T4	13	20501728	39305174	2	0
TCGA-P3-A6T4	13	39307025	65960253	3	0
TCGA-P3-A6T4	13	65960643	115108397	4	0
TCGA-P3-A6T4	14	19002124	25193476	4	1
TCGA-P3-A6T4	14	25198362	37623589	4	0
TCGA-P3-A6T4	14	37626500	37785828	0	0
TCGA-P3-A6T4	14	37787631	59484976	4	0
TCGA-P3-A6T4	14	59485611	99841438	4	1
TCGA-P3-A6T4	14	99841859	100043076	1	0
TCGA-P3-A6T4	14	100044835	107285437	4	1
TCGA-P3-A6T4	15	20016328	26608049	4	2
TCGA-P3-A6T4	15	26610713	37120734	3	1
TCGA-P3-A6T4	15	37120947	102469040	1	1
TCGA-P3-A6T4	16	60777	90287535	2	2
TCGA-P3-A6T4	17	526	81049726	3	0
TCGA-P3-A6T4	18	48133	21622632	2	1
TCGA-P3-A6T4	18	21622994	78015057	2	0
TCGA-P3-A6T4	19	90910	10459282	2	0
TCGA-P3-A6T4	19	10467502	59097854	2	2
TCGA-P3-A6T4	20	61305	16901886	2	2
TCGA-P3-A6T4	20	16902364	20267366	3	2
TCGA-P3-A6T4	20	20268154	62956153	2	2
TCGA-P3-A6T4	21	10736871	36467802	1	1
TCGA-P3-A6T4	21	36469177	48096957	2	1
TCGA-P3-A6T4	22	16052528	18235108	3	1
TCGA-P3-A6T4	22	18235288	21398291	4	3
TCGA-P3-A6T4	22	21398496	51234455	4	0
TCGA-P3-A6T4	X	168477	96229101	2	0
TCGA-P3-A6T4	X	96232198	96527769	1	0
TCGA-P3-A6T4	X	96528333	154929308	3	0
TCGA-P3-A6T4	X	154929498	155233846	4	0
