sample	chr	startpos	endpos	nMajor	nMinor
TCGA-GM-A5PX	1	61735	121482979	1	1
TCGA-GM-A5PX	1	144007049	188721031	3	1
TCGA-GM-A5PX	1	188727771	190768945	6	1
TCGA-GM-A5PX	1	190769033	249224388	3	1
TCGA-GM-A5PX	2	12784	243089456	1	1
TCGA-GM-A5PX	3	60345	197896118	1	1
TCGA-GM-A5PX	4	12281	184609622	1	1
TCGA-GM-A5PX	4	184609921	185400748	1	0
TCGA-GM-A5PX	4	185406285	191027923	1	1
TCGA-GM-A5PX	5	15532	180790320	1	1
TCGA-GM-A5PX	6	149661	171051005	1	1
TCGA-GM-A5PX	7	43259	159127004	1	1
TCGA-GM-A5PX	8	31254	146298155	1	1
TCGA-GM-A5PX	9	46587	141091394	1	1
TCGA-GM-A5PX	10	72759	135506704	1	1
TCGA-GM-A5PX	11	198572	134944770	1	1
TCGA-GM-A5PX	12	150442	133778189	1	1
TCGA-GM-A5PX	13	19026949	33372881	1	1
TCGA-GM-A5PX	13	33373057	97065450	1	0
TCGA-GM-A5PX	13	97065470	115108397	1	1
TCGA-GM-A5PX	14	19002124	52951129	1	1
TCGA-GM-A5PX	14	52952708	103991999	1	0
TCGA-GM-A5PX	14	103996733	107285437	1	1
TCGA-GM-A5PX	15	20016328	102469040	1	1
TCGA-GM-A5PX	16	60777	35283226	2	1
TCGA-GM-A5PX	16	46463782	90287535	1	0
TCGA-GM-A5PX	17	526	81049726	1	1
TCGA-GM-A5PX	18	48133	78015057	1	1
TCGA-GM-A5PX	19	90910	59097854	1	1
TCGA-GM-A5PX	20	61305	62956153	1	1
TCGA-GM-A5PX	21	10736871	48096957	1	1
TCGA-GM-A5PX	22	16052528	51234455	1	1
TCGA-GM-A5PX	X	168477	155233846	1	1
