sample	chr	startpos	endpos	nMajor	nMinor
TCGA-61-2096	1	61735	14623934	2	1
TCGA-61-2096	1	14624856	102020078	1	1
TCGA-61-2096	1	102020258	102608577	2	1
TCGA-61-2096	1	102610446	121482979	1	1
TCGA-61-2096	1	144007049	242871062	2	1
TCGA-61-2096	1	242871110	249224388	2	0
TCGA-61-2096	2	12784	34592234	1	0
TCGA-61-2096	2	34593948	136059116	1	1
TCGA-61-2096	2	136065175	137143759	2	1
TCGA-61-2096	2	137144913	159742949	1	1
TCGA-61-2096	2	159748112	160355973	2	1
TCGA-61-2096	2	160356904	243089456	1	1
TCGA-61-2096	3	60345	15214243	1	1
TCGA-61-2096	3	15216429	15857590	2	1
TCGA-61-2096	3	15857607	32490894	1	1
TCGA-61-2096	3	32491012	33525672	2	1
TCGA-61-2096	3	33529515	57508380	1	1
TCGA-61-2096	3	57508538	77127207	2	1
TCGA-61-2096	3	77127671	97650404	1	1
TCGA-61-2096	3	97650715	118618598	1	0
TCGA-61-2096	3	118619216	134442330	2	0
TCGA-61-2096	3	134445418	141111750	2	1
TCGA-61-2096	3	141113312	157712956	1	1
TCGA-61-2096	3	157713622	157935359	2	1
TCGA-61-2096	3	157945603	169868550	1	1
TCGA-61-2096	3	169870860	170826684	2	1
TCGA-61-2096	3	170827565	175550240	1	1
TCGA-61-2096	3	175558000	176216487	2	1
TCGA-61-2096	3	176218948	179287006	1	1
TCGA-61-2096	3	179288102	179614511	2	1
TCGA-61-2096	3	179615430	197896118	1	1
TCGA-61-2096	4	12281	38675802	1	1
TCGA-61-2096	4	38678119	39058893	2	1
TCGA-61-2096	4	39065091	103020856	1	1
TCGA-61-2096	4	103024138	104135478	2	1
TCGA-61-2096	4	104136024	115029152	1	1
TCGA-61-2096	4	115037428	116111642	2	1
TCGA-61-2096	4	116115847	141171813	1	1
TCGA-61-2096	4	141172413	141971172	2	1
TCGA-61-2096	4	141973830	152339541	1	1
TCGA-61-2096	4	152341736	152759144	2	1
TCGA-61-2096	4	152760129	191027923	1	1
TCGA-61-2096	5	15532	14507753	1	0
TCGA-61-2096	5	14507773	15179535	2	0
TCGA-61-2096	5	15181643	16411507	1	0
TCGA-61-2096	5	16411810	58196238	1	1
TCGA-61-2096	5	58196593	58398243	1	0
TCGA-61-2096	5	58400621	65317181	1	1
TCGA-61-2096	5	65317913	66454953	1	0
TCGA-61-2096	5	66460390	95825749	1	1
TCGA-61-2096	5	95826782	96001415	2	1
TCGA-61-2096	5	96001842	180790320	1	1
TCGA-61-2096	6	149661	55158341	1	1
TCGA-61-2096	6	55158853	57328607	2	1
TCGA-61-2096	6	57328748	86476870	1	1
TCGA-61-2096	6	86478737	151394362	1	0
TCGA-61-2096	6	151395408	152585499	2	0
TCGA-61-2096	6	152586009	171051005	1	0
TCGA-61-2096	7	43259	46069812	1	0
TCGA-61-2096	7	46070669	75979760	1	1
TCGA-61-2096	7	75981782	80546976	1	0
TCGA-61-2096	7	80547047	159127004	2	0
TCGA-61-2096	8	31254	23694487	1	1
TCGA-61-2096	8	23695903	39890775	1	0
TCGA-61-2096	8	39891456	40798860	0	0
TCGA-61-2096	8	40799963	82090375	1	1
TCGA-61-2096	8	82090445	87318642	2	1
TCGA-61-2096	8	87319488	120883142	2	0
TCGA-61-2096	8	120883743	135496414	3	0
TCGA-61-2096	8	135497576	141069256	2	0
TCGA-61-2096	8	141073453	141423571	1	0
TCGA-61-2096	8	141424500	142689117	2	1
TCGA-61-2096	8	142689225	146298155	2	0
TCGA-61-2096	9	46587	3974811	1	1
TCGA-61-2096	9	3975129	36238462	1	0
TCGA-61-2096	9	36243442	37141508	2	0
TCGA-61-2096	9	37161736	132130971	1	0
TCGA-61-2096	9	132130993	132543851	2	0
TCGA-61-2096	9	132547912	141091394	1	0
TCGA-61-2096	10	72759	24939665	1	0
TCGA-61-2096	10	24947027	45608812	1	1
TCGA-61-2096	10	45610044	46485761	2	1
TCGA-61-2096	10	46506788	72035579	1	1
TCGA-61-2096	10	72035728	72271934	2	1
TCGA-61-2096	10	72272453	77373534	1	1
TCGA-61-2096	10	77374157	91034967	2	1
TCGA-61-2096	10	91036723	96611113	2	2
TCGA-61-2096	10	96612650	102667905	2	1
TCGA-61-2096	10	102671317	113712611	1	0
TCGA-61-2096	10	113716102	135506704	1	1
TCGA-61-2096	11	198572	2894452	1	1
TCGA-61-2096	11	2895800	9869024	1	0
TCGA-61-2096	11	9869224	121999030	1	1
TCGA-61-2096	11	121999548	134944770	1	0
TCGA-61-2096	12	150442	1072390	2	1
TCGA-61-2096	12	1072508	32648281	1	1
TCGA-61-2096	12	32649009	33001398	2	1
TCGA-61-2096	12	33007121	42687798	1	1
TCGA-61-2096	12	42697092	44174301	2	1
TCGA-61-2096	12	44179210	45358638	1	0
TCGA-61-2096	12	45363694	101893159	2	0
TCGA-61-2096	12	101893315	133778189	1	0
TCGA-61-2096	13	19026949	23720320	1	1
TCGA-61-2096	13	23720363	23986458	1	0
TCGA-61-2096	13	23988844	94007107	1	1
TCGA-61-2096	13	94008061	94571359	1	0
TCGA-61-2096	13	94572633	95450856	2	0
TCGA-61-2096	13	95450911	115108397	1	0
TCGA-61-2096	14	19002124	25002845	1	0
TCGA-61-2096	14	25003202	30343290	1	1
TCGA-61-2096	14	30344483	32332071	2	1
TCGA-61-2096	14	32332377	107285437	1	1
TCGA-61-2096	15	20016328	63257881	1	0
TCGA-61-2096	15	63258358	89934668	2	0
TCGA-61-2096	15	89938586	89999498	3	0
TCGA-61-2096	15	90000008	91271066	4	0
TCGA-61-2096	15	91276796	102469040	3	0
TCGA-61-2096	16	60777	24527550	1	0
TCGA-61-2096	16	24530156	61992752	1	1
TCGA-61-2096	16	61994736	66904769	1	0
TCGA-61-2096	16	66905632	90287535	1	1
TCGA-61-2096	17	526	6352053	1	0
TCGA-61-2096	17	6359852	6548278	2	0
TCGA-61-2096	17	6548730	44267520	1	0
TCGA-61-2096	17	44267617	64261182	2	0
TCGA-61-2096	17	64263332	65051180	3	0
TCGA-61-2096	17	65051553	72637593	2	0
TCGA-61-2096	17	72640110	74957392	4	0
TCGA-61-2096	17	74958384	81049726	2	0
TCGA-61-2096	18	48133	521947	1	1
TCGA-61-2096	18	523677	852562	4	1
TCGA-61-2096	18	852758	18818357	2	1
TCGA-61-2096	18	18823039	78015057	1	0
TCGA-61-2096	19	90910	7008499	1	0
TCGA-61-2096	19	7011362	17088014	4	1
TCGA-61-2096	19	17088174	18473780	3	1
TCGA-61-2096	19	18475730	46099967	1	1
TCGA-61-2096	19	46106908	59097854	1	0
TCGA-61-2096	20	61305	35799100	1	1
TCGA-61-2096	20	35800053	36243810	3	1
TCGA-61-2096	20	36243823	41171826	1	1
TCGA-61-2096	20	41172794	41278809	1	0
TCGA-61-2096	20	41279219	53910504	1	1
TCGA-61-2096	20	53913170	55277664	2	1
TCGA-61-2096	20	55278977	62956153	3	1
TCGA-61-2096	21	10736871	16637835	1	1
TCGA-61-2096	21	16637872	16948663	2	1
TCGA-61-2096	21	16951887	29051773	1	1
TCGA-61-2096	21	29051835	29539496	1	0
TCGA-61-2096	21	29542400	48096957	1	1
TCGA-61-2096	22	16052528	51234455	1	0
TCGA-61-2096	X	168477	24138833	1	0
TCGA-61-2096	X	24142979	24640914	2	0
TCGA-61-2096	X	24641429	70650418	1	0
TCGA-61-2096	X	70650524	86642330	2	0
TCGA-61-2096	X	86643705	144982975	1	0
TCGA-61-2096	X	144983236	145280008	2	0
TCGA-61-2096	X	145280054	149537834	1	0
TCGA-61-2096	X	149542406	150300920	2	0
TCGA-61-2096	X	150303890	155233846	1	0
