sample	chr	startpos	endpos	nMajor	nMinor
TCGA-24-1846	1	61735	31269254	1	0
TCGA-24-1846	1	31275003	44869606	2	0
TCGA-24-1846	1	44878509	47226045	2	1
TCGA-24-1846	1	47230163	161098482	1	1
TCGA-24-1846	1	161109019	189762813	1	0
TCGA-24-1846	1	189762841	234257619	1	1
TCGA-24-1846	1	234258035	234320769	2	1
TCGA-24-1846	1	234321855	249224388	1	1
TCGA-24-1846	2	12784	89545343	1	1
TCGA-24-1846	2	89548064	172768559	1	0
TCGA-24-1846	2	172777813	235849993	1	1
TCGA-24-1846	2	235850039	237363335	1	0
TCGA-24-1846	2	237364455	243089456	1	1
TCGA-24-1846	3	60345	81502783	1	0
TCGA-24-1846	3	81503982	194832855	1	1
TCGA-24-1846	3	194832876	195418263	2	1
TCGA-24-1846	3	195422289	197896118	4	1
TCGA-24-1846	4	12281	25855179	2	1
TCGA-24-1846	4	25858105	56070971	1	1
TCGA-24-1846	4	56071489	90785139	1	0
TCGA-24-1846	4	90785341	91035786	2	0
TCGA-24-1846	4	91039783	177729872	1	0
TCGA-24-1846	4	177735975	179892958	2	0
TCGA-24-1846	4	179893411	182043081	1	0
TCGA-24-1846	4	182043723	182207638	0	0
TCGA-24-1846	4	182214800	191027923	1	0
TCGA-24-1846	5	15532	66979973	1	1
TCGA-24-1846	5	66980256	74625948	1	0
TCGA-24-1846	5	74631262	180790320	1	1
TCGA-24-1846	6	149661	38873347	1	1
TCGA-24-1846	6	38874911	39893970	1	0
TCGA-24-1846	6	39900804	117582190	1	1
TCGA-24-1846	6	117582258	141881742	2	1
TCGA-24-1846	6	141893556	171051005	1	0
TCGA-24-1846	7	43259	115865512	1	0
TCGA-24-1846	7	115867893	146328333	2	0
TCGA-24-1846	7	146328801	159127004	2	1
TCGA-24-1846	8	31254	40314448	1	0
TCGA-24-1846	8	40314725	55729533	1	1
TCGA-24-1846	8	55730512	68205300	1	0
TCGA-24-1846	8	68206120	80785667	2	0
TCGA-24-1846	8	80786648	108792197	3	0
TCGA-24-1846	8	108798233	135992243	3	1
TCGA-24-1846	8	135997240	146298155	2	1
TCGA-24-1846	9	46587	6993848	2	1
TCGA-24-1846	9	6994399	47217176	1	1
TCGA-24-1846	9	65616971	112027488	1	0
TCGA-24-1846	9	112031994	141091394	2	0
TCGA-24-1846	10	72759	135506704	1	1
TCGA-24-1846	11	198572	63504427	1	0
TCGA-24-1846	11	63504649	110918788	2	1
TCGA-24-1846	11	110919219	134944770	1	1
TCGA-24-1846	12	150442	6745512	1	0
TCGA-24-1846	12	6749930	27497449	1	1
TCGA-24-1846	12	27497502	27801865	2	1
TCGA-24-1846	12	27804712	124794214	1	1
TCGA-24-1846	12	124795150	133778189	1	0
TCGA-24-1846	13	19026949	115108397	1	0
TCGA-24-1846	14	19002124	25414402	1	1
TCGA-24-1846	14	25419841	42371930	1	0
TCGA-24-1846	14	42372813	107285437	2	0
TCGA-24-1846	15	20016328	30576729	1	1
TCGA-24-1846	15	30583436	47336620	1	0
TCGA-24-1846	15	47338697	48651388	2	0
TCGA-24-1846	15	48653043	78195544	2	1
TCGA-24-1846	15	78197793	102469040	1	1
TCGA-24-1846	16	60777	90287535	1	0
TCGA-24-1846	17	526	1234046	1	0
TCGA-24-1846	17	1234271	6373244	2	0
TCGA-24-1846	17	6373269	59948885	1	0
TCGA-24-1846	17	59949487	81049726	2	0
TCGA-24-1846	18	48133	47740938	1	1
TCGA-24-1846	18	47741100	51421562	2	1
TCGA-24-1846	18	51422391	61223296	2	0
TCGA-24-1846	18	61229388	78015057	1	0
TCGA-24-1846	19	90910	14115718	1	0
TCGA-24-1846	19	14123115	30855889	1	1
TCGA-24-1846	19	30858332	59097854	1	0
TCGA-24-1846	20	61305	46449735	1	1
TCGA-24-1846	20	46449865	62956153	1	0
TCGA-24-1846	21	10736871	40045400	1	0
TCGA-24-1846	21	40045606	48096957	2	0
TCGA-24-1846	22	16052528	51234455	1	0
TCGA-24-1846	X	168477	10565873	1	0
TCGA-24-1846	X	10567528	11112972	0	0
TCGA-24-1846	X	11117596	45022453	1	0
TCGA-24-1846	X	45023580	47093946	4	1
TCGA-24-1846	X	47094632	155233846	2	1
