sample	chr	startpos	endpos	nMajor	nMinor
TCGA-04-1343	1	61735	156618854	2	2
TCGA-04-1343	1	156625833	208065610	2	1
TCGA-04-1343	1	208067651	211095359	2	0
TCGA-04-1343	1	211097456	238472160	2	1
TCGA-04-1343	1	238472344	244085344	2	0
TCGA-04-1343	1	244090548	249224388	2	1
TCGA-04-1343	2	12784	243089456	2	1
TCGA-04-1343	3	60345	1796876	3	1
TCGA-04-1343	3	1804655	2225281	3	2
TCGA-04-1343	3	2227741	10978476	3	1
TCGA-04-1343	3	10986153	62653101	3	0
TCGA-04-1343	3	62653612	85152987	3	1
TCGA-04-1343	3	85154996	142112484	3	2
TCGA-04-1343	3	142112572	146841827	4	3
TCGA-04-1343	3	146842257	176910634	3	3
TCGA-04-1343	3	176911495	193300146	6	3
TCGA-04-1343	3	193301888	197896118	5	3
TCGA-04-1343	4	12281	909946	2	0
TCGA-04-1343	4	910520	4638578	3	0
TCGA-04-1343	4	4639398	54894604	2	0
TCGA-04-1343	4	54900965	58470801	3	0
TCGA-04-1343	4	58471268	83024474	2	0
TCGA-04-1343	4	83024507	85517764	3	0
TCGA-04-1343	4	85520643	119607210	2	0
TCGA-04-1343	4	119607210	120493802	1	0
TCGA-04-1343	4	120502772	124376098	3	0
TCGA-04-1343	4	124381030	136319647	2	0
TCGA-04-1343	4	136320313	140279655	3	0
TCGA-04-1343	4	140281673	191027923	2	0
TCGA-04-1343	5	15532	68481743	2	1
TCGA-04-1343	5	68488174	96045670	2	2
TCGA-04-1343	5	96053605	96262499	2	1
TCGA-04-1343	5	96263590	180790320	2	2
TCGA-04-1343	6	149661	63829901	2	1
TCGA-04-1343	6	63830661	66787526	1	1
TCGA-04-1343	6	66788341	67240098	2	1
TCGA-04-1343	6	67244259	67798810	1	1
TCGA-04-1343	6	67800650	68664397	2	1
TCGA-04-1343	6	68664662	69807387	1	1
TCGA-04-1343	6	69809708	70493219	3	1
TCGA-04-1343	6	70496015	85198093	1	1
TCGA-04-1343	6	85200577	85682969	2	1
TCGA-04-1343	6	85683254	93561510	1	1
TCGA-04-1343	6	93563154	93969404	2	1
TCGA-04-1343	6	93969946	94501208	1	1
TCGA-04-1343	6	94504182	168158468	2	1
TCGA-04-1343	6	168158836	171051005	1	0
TCGA-04-1343	7	43259	109833867	3	0
TCGA-04-1343	7	109833919	110204437	2	0
TCGA-04-1343	7	110206775	159127004	3	0
TCGA-04-1343	8	31254	146298155	2	2
TCGA-04-1343	9	46587	141091394	1	1
TCGA-04-1343	10	72759	37214910	6	1
TCGA-04-1343	10	37217195	39076206	10	1
TCGA-04-1343	10	39076221	135506704	1	1
TCGA-04-1343	11	198572	14141610	2	1
TCGA-04-1343	11	14141666	14350513	1	1
TCGA-04-1343	11	14351154	33170823	2	1
TCGA-04-1343	11	33174044	96198805	2	2
TCGA-04-1343	11	96200604	101752928	3	2
TCGA-04-1343	11	101758435	134944770	2	2
TCGA-04-1343	12	150442	42052290	2	1
TCGA-04-1343	12	42055795	42254186	1	1
TCGA-04-1343	12	42254214	133778189	2	1
TCGA-04-1343	13	19026949	115108397	2	0
TCGA-04-1343	14	19002124	107285437	1	1
TCGA-04-1343	15	20016328	47347394	1	0
TCGA-04-1343	15	47354406	102469040	2	1
TCGA-04-1343	16	60777	35283226	1	1
TCGA-04-1343	16	46463782	90287535	1	0
TCGA-04-1343	17	526	2402241	1	0
TCGA-04-1343	17	2405756	5612641	5	0
TCGA-04-1343	17	5613534	9047519	4	0
TCGA-04-1343	17	9049448	21183784	2	0
TCGA-04-1343	17	21186360	29868140	3	0
TCGA-04-1343	17	29872631	81049726	2	0
TCGA-04-1343	18	48133	3260600	2	1
TCGA-04-1343	18	3261222	10410815	1	1
TCGA-04-1343	18	10411194	10665460	2	1
TCGA-04-1343	18	10668773	11497748	6	2
TCGA-04-1343	18	11501980	15401763	4	2
TCGA-04-1343	18	15402408	20365163	3	0
TCGA-04-1343	18	20373798	24073917	8	0
TCGA-04-1343	18	24074468	25742236	7	0
TCGA-04-1343	18	25743967	28376048	2	0
TCGA-04-1343	18	28377315	31780870	3	0
TCGA-04-1343	18	31784074	41037829	2	0
TCGA-04-1343	18	41045731	44399296	6	0
TCGA-04-1343	18	44407647	46596847	2	0
TCGA-04-1343	18	46597856	54074438	1	0
TCGA-04-1343	18	54074965	59087478	2	0
TCGA-04-1343	18	59089372	72615066	1	0
TCGA-04-1343	18	72616636	73053938	2	0
TCGA-04-1343	18	73054319	74942956	1	0
TCGA-04-1343	18	74946338	77693807	2	0
TCGA-04-1343	18	77694168	78015057	3	0
TCGA-04-1343	19	90910	22709945	2	0
TCGA-04-1343	19	22713875	40229867	3	2
TCGA-04-1343	19	40229904	59097854	2	2
TCGA-04-1343	20	61305	21815598	3	1
TCGA-04-1343	20	21816766	29651369	4	1
TCGA-04-1343	20	29651749	45478784	5	1
TCGA-04-1343	20	45479836	45633221	4	0
TCGA-04-1343	20	45634270	45705792	5	1
TCGA-04-1343	20	45705902	62956153	4	4
TCGA-04-1343	21	10736871	48096957	5	0
TCGA-04-1343	22	16052528	51234455	3	0
TCGA-04-1343	X	168477	42035687	2	0
TCGA-04-1343	X	42036102	50282008	3	0
TCGA-04-1343	X	50282628	75354166	2	0
TCGA-04-1343	X	75356098	134540546	1	0
TCGA-04-1343	X	134542829	155233846	2	0
