sample	chr	startpos	endpos	nMajor	nMinor
TCGA-C5-A8XK	1	61735	249224388	2	2
TCGA-C5-A8XK	2	12784	175353898	2	2
TCGA-C5-A8XK	2	175355240	191509274	2	0
TCGA-C5-A8XK	2	191514732	194209715	2	2
TCGA-C5-A8XK	2	194214272	202173812	3	2
TCGA-C5-A8XK	2	202178758	243089456	3	0
TCGA-C5-A8XK	3	60345	60581806	2	2
TCGA-C5-A8XK	3	60586322	60691768	2	0
TCGA-C5-A8XK	3	60691885	70177129	2	2
TCGA-C5-A8XK	3	70179663	71778737	3	2
TCGA-C5-A8XK	3	71778922	197896118	2	2
TCGA-C5-A8XK	4	12281	49503166	2	0
TCGA-C5-A8XK	4	49503785	83740077	2	2
TCGA-C5-A8XK	4	83740377	191027923	2	0
TCGA-C5-A8XK	5	15532	2518903	6	2
TCGA-C5-A8XK	5	2519124	3055089	7	2
TCGA-C5-A8XK	5	3055473	46328445	6	2
TCGA-C5-A8XK	5	46334337	180790320	2	2
TCGA-C5-A8XK	6	149661	90769564	2	2
TCGA-C5-A8XK	6	90771201	94766224	3	2
TCGA-C5-A8XK	6	94766257	131604844	2	2
TCGA-C5-A8XK	6	131605298	171051005	2	1
TCGA-C5-A8XK	7	43259	51200408	4	0
TCGA-C5-A8XK	7	51202250	55153180	5	0
TCGA-C5-A8XK	7	55153552	159127004	4	0
TCGA-C5-A8XK	8	31254	31364322	2	0
TCGA-C5-A8XK	8	31369743	32552189	2	2
TCGA-C5-A8XK	8	32553165	41631481	2	0
TCGA-C5-A8XK	8	41631591	41721028	2	2
TCGA-C5-A8XK	8	41722920	43657703	4	2
TCGA-C5-A8XK	8	43662756	146298155	2	2
TCGA-C5-A8XK	9	46587	141091394	2	2
TCGA-C5-A8XK	10	72759	8593738	2	2
TCGA-C5-A8XK	10	8595862	9197776	3	2
TCGA-C5-A8XK	10	9199852	135506704	2	2
TCGA-C5-A8XK	11	198572	50685130	2	0
TCGA-C5-A8XK	11	50702287	88878414	2	2
TCGA-C5-A8XK	11	88880402	100035170	3	3
TCGA-C5-A8XK	11	100040873	101742850	21	1
TCGA-C5-A8XK	11	101745148	103137270	40	1
TCGA-C5-A8XK	11	103146791	103653122	11	2
TCGA-C5-A8XK	11	103656800	105577454	6	2
TCGA-C5-A8XK	11	105580768	134944770	2	0
TCGA-C5-A8XK	12	150442	133778189	2	2
TCGA-C5-A8XK	13	19026949	115108397	2	0
TCGA-C5-A8XK	14	19002124	107285437	2	2
TCGA-C5-A8XK	15	20016328	54262559	2	0
TCGA-C5-A8XK	15	54262714	69262566	4	0
TCGA-C5-A8XK	15	69263229	69391478	7	0
TCGA-C5-A8XK	15	69392393	102469040	4	0
TCGA-C5-A8XK	16	60777	85729517	2	2
TCGA-C5-A8XK	16	85729594	90287535	4	2
TCGA-C5-A8XK	17	526	67295276	2	2
TCGA-C5-A8XK	17	67296059	70384042	3	2
TCGA-C5-A8XK	17	70384499	81049726	2	2
TCGA-C5-A8XK	18	48133	29897489	2	2
TCGA-C5-A8XK	18	29897513	32016444	3	2
TCGA-C5-A8XK	18	32018969	78015057	2	1
TCGA-C5-A8XK	19	90910	10453408	2	0
TCGA-C5-A8XK	19	10453608	16765698	2	2
TCGA-C5-A8XK	19	16768193	21177136	2	0
TCGA-C5-A8XK	19	21177589	24209547	1	0
TCGA-C5-A8XK	19	24210070	40281625	2	1
TCGA-C5-A8XK	19	40282516	59097854	3	2
TCGA-C5-A8XK	20	61305	15129798	2	2
TCGA-C5-A8XK	20	15130413	15276094	2	0
TCGA-C5-A8XK	20	15281333	62956153	2	2
TCGA-C5-A8XK	21	10736871	48096957	2	2
TCGA-C5-A8XK	22	16052528	51234455	2	2
TCGA-C5-A8XK	X	168477	155233846	2	0
