sample	chr	startpos	endpos	nMajor	nMinor
TCGA-B6-A0RM	1	61735	249224388	1	1
TCGA-B6-A0RM	2	12784	243089456	1	1
TCGA-B6-A0RM	3	60345	197896118	1	1
TCGA-B6-A0RM	4	12281	191027923	1	1
TCGA-B6-A0RM	5	15532	180790320	1	1
TCGA-B6-A0RM	6	149661	171051005	1	1
TCGA-B6-A0RM	7	43259	159127004	1	1
TCGA-B6-A0RM	8	31254	34418468	1	0
TCGA-B6-A0RM	8	34420002	34860582	3	1
TCGA-B6-A0RM	8	34861624	47489516	5	1
TCGA-B6-A0RM	8	47489591	146298155	6	1
TCGA-B6-A0RM	9	46587	141091394	1	1
TCGA-B6-A0RM	10	72759	135506704	1	1
TCGA-B6-A0RM	11	198572	134944770	1	1
TCGA-B6-A0RM	12	150442	133778189	1	1
TCGA-B6-A0RM	13	19026949	115108397	1	1
TCGA-B6-A0RM	14	19002124	22398015	1	1
TCGA-B6-A0RM	14	22402491	22995108	2	1
TCGA-B6-A0RM	14	22995817	107285437	1	1
TCGA-B6-A0RM	15	20016328	102469040	1	1
TCGA-B6-A0RM	16	60777	49321121	3	1
TCGA-B6-A0RM	16	49321333	50134444	5	1
TCGA-B6-A0RM	16	50135328	54289529	3	1
TCGA-B6-A0RM	16	54290480	90287535	1	0
TCGA-B6-A0RM	17	526	81049726	1	1
TCGA-B6-A0RM	18	48133	78015057	1	1
TCGA-B6-A0RM	19	90910	59097854	1	1
TCGA-B6-A0RM	20	61305	62956153	1	1
TCGA-B6-A0RM	21	10736871	48096957	1	1
TCGA-B6-A0RM	22	16052528	51234455	1	1
TCGA-B6-A0RM	X	168477	155233846	1	1
