sample	chr	startpos	endpos	nMajor	nMinor
TCGA-OR-A5J9	1	61735	1795902	2	2
TCGA-OR-A5J9	1	1796003	9304731	2	0
TCGA-OR-A5J9	1	9308037	249224388	2	2
TCGA-OR-A5J9	2	12784	239064479	4	0
TCGA-OR-A5J9	2	239065638	243089456	2	0
TCGA-OR-A5J9	3	60345	90307877	4	0
TCGA-OR-A5J9	3	90311056	197896118	2	2
TCGA-OR-A5J9	4	12281	49115981	6	5
TCGA-OR-A5J9	4	49119091	182452162	3	3
TCGA-OR-A5J9	4	182454780	182905663	4	0
TCGA-OR-A5J9	4	182911119	183131245	4	2
TCGA-OR-A5J9	4	183137216	183141790	1	0
TCGA-OR-A5J9	4	183142203	183275859	2	0
TCGA-OR-A5J9	4	183286011	191027923	3	3
TCGA-OR-A5J9	5	15532	26861344	6	5
TCGA-OR-A5J9	5	26865301	46377327	5	4
TCGA-OR-A5J9	5	46381782	180790320	3	3
TCGA-OR-A5J9	6	149661	171051005	4	0
TCGA-OR-A5J9	7	43259	1561454	4	2
TCGA-OR-A5J9	7	1563732	61987257	4	0
TCGA-OR-A5J9	7	61987294	78954279	4	2
TCGA-OR-A5J9	7	78954604	79796275	4	4
TCGA-OR-A5J9	7	79796649	159127004	3	3
TCGA-OR-A5J9	8	31254	146298155	4	4
TCGA-OR-A5J9	9	46587	47217176	2	0
TCGA-OR-A5J9	9	65616971	141091394	6	0
TCGA-OR-A5J9	10	72759	53651197	3	3
TCGA-OR-A5J9	10	53651544	53930538	2	2
TCGA-OR-A5J9	10	53930998	135506704	3	3
TCGA-OR-A5J9	11	198572	78492812	4	0
TCGA-OR-A5J9	11	78497521	79668877	2	0
TCGA-OR-A5J9	11	79670379	80083719	3	0
TCGA-OR-A5J9	11	80084265	87680532	4	0
TCGA-OR-A5J9	11	87681056	116157870	2	0
TCGA-OR-A5J9	11	116158335	124187587	4	0
TCGA-OR-A5J9	11	124189729	134944770	2	0
TCGA-OR-A5J9	12	150442	133778189	4	4
TCGA-OR-A5J9	13	19026949	83806191	4	0
TCGA-OR-A5J9	13	83807114	115108397	4	2
TCGA-OR-A5J9	14	19002124	20698298	4	2
TCGA-OR-A5J9	14	20698504	27475415	6	5
TCGA-OR-A5J9	14	27480334	29186158	4	2
TCGA-OR-A5J9	14	29186543	30068527	8	4
TCGA-OR-A5J9	14	30070659	32839570	4	2
TCGA-OR-A5J9	14	32852903	34000503	4	0
TCGA-OR-A5J9	14	34001047	36420032	4	4
TCGA-OR-A5J9	14	36425999	42267226	4	0
TCGA-OR-A5J9	14	42270615	42452455	5	4
TCGA-OR-A5J9	14	42454158	43529329	4	0
TCGA-OR-A5J9	14	43539520	43552034	5	0
TCGA-OR-A5J9	14	43554082	44914921	5	4
TCGA-OR-A5J9	14	44916187	45782344	4	0
TCGA-OR-A5J9	14	45785415	47034213	5	4
TCGA-OR-A5J9	14	47034312	49921305	4	0
TCGA-OR-A5J9	14	49924442	50799777	4	4
TCGA-OR-A5J9	14	50799833	59432570	4	0
TCGA-OR-A5J9	14	59440853	59592001	4	4
TCGA-OR-A5J9	14	59593663	67971032	4	0
TCGA-OR-A5J9	14	67973943	68085740	4	4
TCGA-OR-A5J9	14	68086372	69230695	9	4
TCGA-OR-A5J9	14	69231864	69954376	5	4
TCGA-OR-A5J9	14	69958960	78491468	4	0
TCGA-OR-A5J9	14	78492708	78960130	4	4
TCGA-OR-A5J9	14	78960255	100124950	4	0
TCGA-OR-A5J9	14	100128732	100634634	4	4
TCGA-OR-A5J9	14	100637655	107285437	4	0
TCGA-OR-A5J9	15	20016328	102469040	2	2
TCGA-OR-A5J9	16	60777	90287535	3	3
TCGA-OR-A5J9	17	526	19448800	4	0
TCGA-OR-A5J9	17	19453756	19594840	2	0
TCGA-OR-A5J9	17	19597475	81049726	4	0
TCGA-OR-A5J9	18	48133	78015057	4	0
TCGA-OR-A5J9	19	90910	59097854	4	4
TCGA-OR-A5J9	20	61305	62956153	3	3
TCGA-OR-A5J9	21	10736871	48096957	3	3
TCGA-OR-A5J9	22	16052528	29236766	2	0
TCGA-OR-A5J9	22	29237163	29410144	0	0
TCGA-OR-A5J9	22	29410232	51234455	2	0
TCGA-OR-A5J9	X	168477	155233846	2	0
