sample	chr	startpos	endpos	nMajor	nMinor
TCGA-PR-A5PF	1	61735	121482979	1	0
TCGA-PR-A5PF	1	144007049	249224388	1	1
TCGA-PR-A5PF	2	12784	243089456	1	1
TCGA-PR-A5PF	3	60345	90259650	1	0
TCGA-PR-A5PF	3	90264056	197896118	1	1
TCGA-PR-A5PF	4	12281	140635690	1	1
TCGA-PR-A5PF	4	140639055	140987721	2	1
TCGA-PR-A5PF	4	140992631	191027923	1	1
TCGA-PR-A5PF	5	15532	111684495	1	1
TCGA-PR-A5PF	5	111684581	112598437	1	0
TCGA-PR-A5PF	5	112598947	180790320	1	1
TCGA-PR-A5PF	6	149661	171051005	1	1
TCGA-PR-A5PF	7	43259	159127004	1	1
TCGA-PR-A5PF	8	31254	41411931	1	0
TCGA-PR-A5PF	8	41413018	42677453	1	1
TCGA-PR-A5PF	8	42680912	43078867	1	0
TCGA-PR-A5PF	8	43078894	146298155	1	1
TCGA-PR-A5PF	9	46587	141091394	1	1
TCGA-PR-A5PF	10	72759	135506704	1	1
TCGA-PR-A5PF	11	198572	55599755	1	1
TCGA-PR-A5PF	11	55600057	59341155	1	0
TCGA-PR-A5PF	11	59344740	73629469	1	1
TCGA-PR-A5PF	11	73630337	73778316	2	0
TCGA-PR-A5PF	11	73781714	134944770	1	0
TCGA-PR-A5PF	12	150442	8449112	1	1
TCGA-PR-A5PF	12	8449217	34306859	1	0
TCGA-PR-A5PF	12	34308133	67459182	1	1
TCGA-PR-A5PF	12	67459731	67475827	0	0
TCGA-PR-A5PF	12	67475906	68800282	1	0
TCGA-PR-A5PF	12	68804230	69265278	1	1
TCGA-PR-A5PF	12	69265598	69882436	1	0
TCGA-PR-A5PF	12	69883175	69976200	1	1
TCGA-PR-A5PF	12	69978623	73132015	1	0
TCGA-PR-A5PF	12	73139578	85985957	1	1
TCGA-PR-A5PF	12	85986268	88120867	1	0
TCGA-PR-A5PF	12	88124967	91632246	1	1
TCGA-PR-A5PF	12	91635358	133778189	1	0
TCGA-PR-A5PF	13	19026949	115108397	1	1
TCGA-PR-A5PF	14	19002124	89374479	1	1
TCGA-PR-A5PF	14	89374551	89638838	2	1
TCGA-PR-A5PF	14	89639753	107285437	1	1
TCGA-PR-A5PF	15	20016328	102469040	1	1
TCGA-PR-A5PF	16	60777	35283226	1	0
TCGA-PR-A5PF	16	46463782	72573688	1	1
TCGA-PR-A5PF	16	72574484	72633305	2	1
TCGA-PR-A5PF	16	72634596	90287535	1	0
TCGA-PR-A5PF	17	526	81049726	1	1
TCGA-PR-A5PF	18	48133	78015057	1	1
TCGA-PR-A5PF	19	90910	44163033	1	1
TCGA-PR-A5PF	19	44163061	59097854	1	0
TCGA-PR-A5PF	20	61305	62956153	1	1
TCGA-PR-A5PF	21	10736871	48096957	1	0
TCGA-PR-A5PF	22	16052528	51234455	1	0
TCGA-PR-A5PF	X	168477	155233846	1	1
