sample	chr	startpos	endpos	nMajor	nMinor
TCGA-KO-8414	1	61735	249224388	2	0
TCGA-KO-8414	2	12784	243089456	2	0
TCGA-KO-8414	3	60345	197896118	2	0
TCGA-KO-8414	4	12281	191027923	2	2
TCGA-KO-8414	5	15532	180790320	2	2
TCGA-KO-8414	6	149661	171051005	2	0
TCGA-KO-8414	7	43259	159127004	2	2
TCGA-KO-8414	8	31254	3272853	2	2
TCGA-KO-8414	8	3275332	146298155	2	0
TCGA-KO-8414	9	46587	141091394	2	2
TCGA-KO-8414	10	72759	135506704	2	0
TCGA-KO-8414	11	198572	134944770	2	2
TCGA-KO-8414	12	150442	133778189	2	2
TCGA-KO-8414	13	19026949	115108397	2	0
TCGA-KO-8414	14	19002124	107285437	2	2
TCGA-KO-8414	15	20016328	102469040	2	2
TCGA-KO-8414	16	60777	70855202	2	2
TCGA-KO-8414	16	70855479	71202489	2	1
TCGA-KO-8414	16	71202797	90287535	2	2
TCGA-KO-8414	17	526	81049726	2	0
TCGA-KO-8414	18	48133	78015057	2	0
TCGA-KO-8414	19	90910	59097854	2	2
TCGA-KO-8414	20	61305	62956153	2	2
TCGA-KO-8414	21	10736871	48096957	2	0
TCGA-KO-8414	22	16052528	51234455	2	2
TCGA-KO-8414	X	168477	155233846	2	0
