sample	chr	startpos	endpos	nMajor	nMinor
TCGA-RD-A8NB	1	61735	121482979	1	1
TCGA-RD-A8NB	1	144007049	144991278	3	0
TCGA-RD-A8NB	1	144994942	193502609	1	1
TCGA-RD-A8NB	1	193502759	194476246	2	0
TCGA-RD-A8NB	1	194476973	209846289	1	1
TCGA-RD-A8NB	1	209846414	210780348	2	0
TCGA-RD-A8NB	1	210780547	219250336	1	1
TCGA-RD-A8NB	1	219252080	219988700	2	0
TCGA-RD-A8NB	1	219990803	249224388	1	1
TCGA-RD-A8NB	2	12784	3480710	1	0
TCGA-RD-A8NB	2	3481637	13116133	1	1
TCGA-RD-A8NB	2	13119451	13951893	2	0
TCGA-RD-A8NB	2	13952333	56595015	1	1
TCGA-RD-A8NB	2	56598309	57516048	2	0
TCGA-RD-A8NB	2	57516388	82276957	1	1
TCGA-RD-A8NB	2	82279895	83751367	2	0
TCGA-RD-A8NB	2	83752194	177840193	1	1
TCGA-RD-A8NB	2	177842760	179010081	2	0
TCGA-RD-A8NB	2	179013664	195314722	1	1
TCGA-RD-A8NB	2	195315579	196263584	2	0
TCGA-RD-A8NB	2	196263939	243089456	1	1
TCGA-RD-A8NB	3	60345	26638715	1	1
TCGA-RD-A8NB	3	26640207	27364789	2	0
TCGA-RD-A8NB	3	27367581	87649334	1	1
TCGA-RD-A8NB	3	87653620	89018866	2	0
TCGA-RD-A8NB	3	89021806	197896118	1	1
TCGA-RD-A8NB	4	12281	18352051	1	1
TCGA-RD-A8NB	4	18353885	18682173	2	0
TCGA-RD-A8NB	4	18682258	35349031	1	1
TCGA-RD-A8NB	4	35349248	36419298	2	0
TCGA-RD-A8NB	4	36421300	72066869	1	1
TCGA-RD-A8NB	4	72066951	73189554	2	0
TCGA-RD-A8NB	4	73190055	82610728	1	1
TCGA-RD-A8NB	4	82610779	83088407	2	0
TCGA-RD-A8NB	4	83090351	118593802	1	1
TCGA-RD-A8NB	4	118598435	119136198	2	0
TCGA-RD-A8NB	4	119141852	147472399	1	1
TCGA-RD-A8NB	4	147472523	148733121	2	0
TCGA-RD-A8NB	4	148733124	149895328	1	1
TCGA-RD-A8NB	4	149895750	150628347	3	0
TCGA-RD-A8NB	4	150628374	164459779	1	1
TCGA-RD-A8NB	4	164459884	164887246	2	0
TCGA-RD-A8NB	4	164892274	191027923	1	0
TCGA-RD-A8NB	5	15532	3835686	1	0
TCGA-RD-A8NB	5	3840108	75247329	1	1
TCGA-RD-A8NB	5	75247677	75554866	2	0
TCGA-RD-A8NB	5	75555131	178096836	1	1
TCGA-RD-A8NB	5	178096937	180790320	1	0
TCGA-RD-A8NB	6	149661	5520850	1	0
TCGA-RD-A8NB	6	5520869	53900720	1	1
TCGA-RD-A8NB	6	53901858	54247467	2	0
TCGA-RD-A8NB	6	54247569	98316879	1	1
TCGA-RD-A8NB	6	98318226	99218958	2	0
TCGA-RD-A8NB	6	99219010	114622647	1	1
TCGA-RD-A8NB	6	114624507	117081176	2	0
TCGA-RD-A8NB	6	117081230	128313088	1	1
TCGA-RD-A8NB	6	128313257	128879821	2	0
TCGA-RD-A8NB	6	128879993	171051005	1	1
TCGA-RD-A8NB	7	43259	31827534	1	1
TCGA-RD-A8NB	7	31827810	32243506	2	0
TCGA-RD-A8NB	7	32244563	116815157	1	1
TCGA-RD-A8NB	7	116815259	119466007	2	0
TCGA-RD-A8NB	7	119467040	122064231	1	1
TCGA-RD-A8NB	7	122065911	123233420	2	0
TCGA-RD-A8NB	7	123233792	159127004	1	1
TCGA-RD-A8NB	8	31254	2549147	1	0
TCGA-RD-A8NB	8	2549355	62194702	1	1
TCGA-RD-A8NB	8	62194900	78340312	2	1
TCGA-RD-A8NB	8	78340413	79876744	3	0
TCGA-RD-A8NB	8	79877645	87139845	1	1
TCGA-RD-A8NB	8	87142395	88328607	3	0
TCGA-RD-A8NB	8	88330721	121693320	2	1
TCGA-RD-A8NB	8	121693521	122486259	3	0
TCGA-RD-A8NB	8	122488499	146298155	2	1
TCGA-RD-A8NB	9	46587	9022473	1	1
TCGA-RD-A8NB	9	9022772	9584471	2	0
TCGA-RD-A8NB	9	9584526	16786930	1	1
TCGA-RD-A8NB	9	16787262	16820939	0	0
TCGA-RD-A8NB	9	16821559	17436662	1	0
TCGA-RD-A8NB	9	17437735	23717134	1	1
TCGA-RD-A8NB	9	23721545	24987430	2	0
TCGA-RD-A8NB	9	24988020	87233261	1	1
TCGA-RD-A8NB	9	87233376	87525440	2	0
TCGA-RD-A8NB	9	87525758	108409614	1	1
TCGA-RD-A8NB	9	108410264	109149490	2	0
TCGA-RD-A8NB	9	109155386	110769511	1	1
TCGA-RD-A8NB	9	110769584	111376313	2	0
TCGA-RD-A8NB	9	111376977	120984318	1	1
TCGA-RD-A8NB	9	120985358	121321132	3	0
TCGA-RD-A8NB	9	121321292	141091394	1	1
TCGA-RD-A8NB	10	72759	3469086	1	0
TCGA-RD-A8NB	10	3477699	34281370	1	1
TCGA-RD-A8NB	10	34281430	34832909	2	0
TCGA-RD-A8NB	10	34833633	57504582	1	1
TCGA-RD-A8NB	10	57504595	57986524	2	0
TCGA-RD-A8NB	10	57986888	78028873	1	1
TCGA-RD-A8NB	10	78029407	78645337	2	0
TCGA-RD-A8NB	10	78646536	80773331	2	1
TCGA-RD-A8NB	10	80773372	90435494	1	1
TCGA-RD-A8NB	10	90443942	90741259	3	0
TCGA-RD-A8NB	10	90744325	93080209	1	1
TCGA-RD-A8NB	10	93088188	95355239	2	0
TCGA-RD-A8NB	10	95357105	110378518	1	1
TCGA-RD-A8NB	10	110379596	111899636	2	0
TCGA-RD-A8NB	10	111901473	130670084	1	1
TCGA-RD-A8NB	10	130670196	135506704	1	0
TCGA-RD-A8NB	11	198572	23565117	1	1
TCGA-RD-A8NB	11	23569160	24599518	2	0
TCGA-RD-A8NB	11	24599805	78689698	1	1
TCGA-RD-A8NB	11	78690427	80814024	2	1
TCGA-RD-A8NB	11	80815257	83673484	1	1
TCGA-RD-A8NB	11	83673588	84359347	2	0
TCGA-RD-A8NB	11	84360096	134764922	1	1
TCGA-RD-A8NB	11	134769411	134944770	1	0
TCGA-RD-A8NB	12	150442	13264787	1	1
TCGA-RD-A8NB	12	13266755	13650663	2	0
TCGA-RD-A8NB	12	13651081	33725232	1	1
TCGA-RD-A8NB	12	33726578	40393509	2	0
TCGA-RD-A8NB	12	40394255	75300518	1	1
TCGA-RD-A8NB	12	75301504	76053197	2	0
TCGA-RD-A8NB	12	76053418	133778189	1	1
TCGA-RD-A8NB	13	19026949	34088583	1	0
TCGA-RD-A8NB	13	34089687	34531422	3	0
TCGA-RD-A8NB	13	34532694	110377021	1	1
TCGA-RD-A8NB	13	110377463	115108397	1	0
TCGA-RD-A8NB	14	19002124	54273760	1	1
TCGA-RD-A8NB	14	54274034	55042664	2	0
TCGA-RD-A8NB	14	55043520	82876504	1	1
TCGA-RD-A8NB	14	82876848	83196296	3	0
TCGA-RD-A8NB	14	83200478	107285437	1	1
TCGA-RD-A8NB	15	20016328	38794566	1	0
TCGA-RD-A8NB	15	38795036	95905289	1	1
TCGA-RD-A8NB	15	95905855	96173315	3	0
TCGA-RD-A8NB	15	96174876	98935186	1	1
TCGA-RD-A8NB	15	98935974	102469040	1	0
TCGA-RD-A8NB	16	60777	7030590	1	1
TCGA-RD-A8NB	16	7031701	7609763	2	0
TCGA-RD-A8NB	16	7609912	90287535	1	1
TCGA-RD-A8NB	17	526	81049726	1	1
TCGA-RD-A8NB	18	48133	39125884	1	1
TCGA-RD-A8NB	18	39126286	39375265	2	0
TCGA-RD-A8NB	18	39377518	40673380	2	1
TCGA-RD-A8NB	18	40674541	50355122	1	1
TCGA-RD-A8NB	18	50355277	51161768	2	0
TCGA-RD-A8NB	18	51162196	73814740	1	1
TCGA-RD-A8NB	18	73814793	78015057	1	0
TCGA-RD-A8NB	19	90910	52341935	1	1
TCGA-RD-A8NB	19	52342034	59097854	1	0
TCGA-RD-A8NB	20	61305	62956153	1	1
TCGA-RD-A8NB	21	10736871	48096957	1	1
TCGA-RD-A8NB	22	16052528	22397771	1	1
TCGA-RD-A8NB	22	22397847	37677719	2	0
TCGA-RD-A8NB	22	37677854	51234455	1	0
TCGA-RD-A8NB	X	168477	26123752	1	1
TCGA-RD-A8NB	X	26124387	27655507	2	0
TCGA-RD-A8NB	X	27656823	34902475	1	1
TCGA-RD-A8NB	X	34903172	35371383	2	0
TCGA-RD-A8NB	X	35374271	36688047	1	1
TCGA-RD-A8NB	X	36692363	38157763	2	0
TCGA-RD-A8NB	X	38170575	39322084	2	1
TCGA-RD-A8NB	X	39323232	54528408	1	1
TCGA-RD-A8NB	X	54530814	66388971	2	0
TCGA-RD-A8NB	X	66392977	73426468	1	1
TCGA-RD-A8NB	X	73429158	76277853	2	0
TCGA-RD-A8NB	X	76278963	103435480	1	1
TCGA-RD-A8NB	X	103437789	104798456	2	0
TCGA-RD-A8NB	X	104799217	109418756	2	1
TCGA-RD-A8NB	X	109419544	111438245	3	0
TCGA-RD-A8NB	X	111441327	113743505	1	1
TCGA-RD-A8NB	X	113743790	114521869	2	0
TCGA-RD-A8NB	X	114522636	121521935	1	1
TCGA-RD-A8NB	X	121532885	121943451	3	0
TCGA-RD-A8NB	X	121944903	123617010	2	1
TCGA-RD-A8NB	X	123621511	124190572	3	0
TCGA-RD-A8NB	X	124194243	126426773	1	1
TCGA-RD-A8NB	X	126427110	127720499	2	0
TCGA-RD-A8NB	X	127720918	140444592	1	1
TCGA-RD-A8NB	X	140445001	142158478	2	0
TCGA-RD-A8NB	X	142158763	153555535	1	1
TCGA-RD-A8NB	X	153556555	155233846	2	0
