sample	chr	startpos	endpos	nMajor	nMinor
TCGA-44-6145-b	1	61735	104898139	1	1
TCGA-44-6145-b	1	104901302	121482979	1	0
TCGA-44-6145-b	1	144007049	156579445	2	1
TCGA-44-6145-b	1	156582147	182540715	1	1
TCGA-44-6145-b	1	182542081	183234241	2	0
TCGA-44-6145-b	1	183236852	247205960	1	1
TCGA-44-6145-b	1	247207944	249224388	1	0
TCGA-44-6145-b	2	12784	220968735	1	1
TCGA-44-6145-b	2	220969129	231026118	1	0
TCGA-44-6145-b	2	231026361	240561724	1	1
TCGA-44-6145-b	2	240561983	243089456	1	0
TCGA-44-6145-b	3	60345	96840519	1	0
TCGA-44-6145-b	3	96841446	197896118	2	0
TCGA-44-6145-b	4	12281	16339740	1	0
TCGA-44-6145-b	4	16341885	23794177	1	1
TCGA-44-6145-b	4	23797263	24470847	2	0
TCGA-44-6145-b	4	24476545	191027923	1	0
TCGA-44-6145-b	5	15532	50322498	1	1
TCGA-44-6145-b	5	50326227	180790320	1	0
TCGA-44-6145-b	6	149661	171051005	2	0
TCGA-44-6145-b	7	43259	36519270	1	0
TCGA-44-6145-b	7	36521881	37948238	1	1
TCGA-44-6145-b	7	37948289	42072327	1	0
TCGA-44-6145-b	7	42072483	46580615	1	1
TCGA-44-6145-b	7	46584397	47485222	2	1
TCGA-44-6145-b	7	47485965	80954049	1	0
TCGA-44-6145-b	7	80954340	89693736	2	2
TCGA-44-6145-b	7	89694684	90646498	3	0
TCGA-44-6145-b	7	90649436	159127004	2	1
TCGA-44-6145-b	8	31254	146298155	1	0
TCGA-44-6145-b	9	46587	17384521	1	1
TCGA-44-6145-b	9	17384923	26820416	1	0
TCGA-44-6145-b	9	26820470	31107451	1	1
TCGA-44-6145-b	9	31108083	31290253	2	0
TCGA-44-6145-b	9	31291138	141091394	1	1
TCGA-44-6145-b	10	72759	2869995	2	1
TCGA-44-6145-b	10	2872777	5926774	1	1
TCGA-44-6145-b	10	5926931	6509718	3	0
TCGA-44-6145-b	10	6510534	134916121	1	1
TCGA-44-6145-b	10	134917297	135506704	2	0
TCGA-44-6145-b	11	198572	98038085	1	1
TCGA-44-6145-b	11	98038198	134944770	1	0
TCGA-44-6145-b	12	150442	41387438	1	1
TCGA-44-6145-b	12	41389971	42338157	2	0
TCGA-44-6145-b	12	42338505	73763389	1	1
TCGA-44-6145-b	12	73763727	75161977	2	0
TCGA-44-6145-b	12	75162314	127977312	1	1
TCGA-44-6145-b	12	127977658	128730468	1	0
TCGA-44-6145-b	12	128730764	133453300	1	1
TCGA-44-6145-b	12	133454294	133778189	2	0
TCGA-44-6145-b	13	19026949	56995154	1	0
TCGA-44-6145-b	13	56995784	72430937	1	1
TCGA-44-6145-b	13	72431049	72905336	3	0
TCGA-44-6145-b	13	72908029	115108397	1	1
TCGA-44-6145-b	14	19002124	107285437	1	0
TCGA-44-6145-b	15	20016328	102151332	1	1
TCGA-44-6145-b	15	102151373	102469040	2	0
TCGA-44-6145-b	16	60777	35283226	1	1
TCGA-44-6145-b	16	46463782	46793341	2	0
TCGA-44-6145-b	16	46795161	80386315	1	1
TCGA-44-6145-b	16	80386449	80778706	2	0
TCGA-44-6145-b	16	80779076	90287535	1	1
TCGA-44-6145-b	17	526	14531275	1	0
TCGA-44-6145-b	17	14531401	21835327	1	1
TCGA-44-6145-b	17	21837715	35810503	1	0
TCGA-44-6145-b	17	35813380	81049726	1	1
TCGA-44-6145-b	18	48133	78015057	1	0
TCGA-44-6145-b	19	90910	28209011	1	0
TCGA-44-6145-b	19	28232668	59097854	1	1
TCGA-44-6145-b	20	61305	29889783	1	0
TCGA-44-6145-b	20	29890480	62956153	1	1
TCGA-44-6145-b	21	10736871	48096957	1	0
TCGA-44-6145-b	22	16052528	51234455	1	0
TCGA-44-6145-b	X	168477	155233846	1	0
