sample	chr	startpos	endpos	nMajor	nMinor
TCGA-86-8281	1	61735	121482979	1	1
TCGA-86-8281	1	144007049	164149111	3	1
TCGA-86-8281	1	164149433	249224388	5	1
TCGA-86-8281	2	12784	243089456	1	1
TCGA-86-8281	3	60345	197896118	1	1
TCGA-86-8281	4	12281	191027923	1	1
TCGA-86-8281	5	15532	180790320	1	1
TCGA-86-8281	6	149661	57186294	2	1
TCGA-86-8281	6	57186515	72881496	1	1
TCGA-86-8281	6	72886787	171051005	1	0
TCGA-86-8281	7	43259	159127004	1	1
TCGA-86-8281	8	31254	146298155	1	1
TCGA-86-8281	9	46587	141091394	1	1
TCGA-86-8281	10	72759	135506704	1	1
TCGA-86-8281	11	198572	134944770	1	1
TCGA-86-8281	12	150442	133778189	1	1
TCGA-86-8281	13	19026949	49289999	1	1
TCGA-86-8281	13	49290517	49506862	1	0
TCGA-86-8281	13	49510802	109427546	1	1
TCGA-86-8281	13	109428978	115108397	1	0
TCGA-86-8281	14	19002124	107187813	1	1
TCGA-86-8281	14	107187851	107285437	2	1
TCGA-86-8281	15	20016328	102469040	1	1
TCGA-86-8281	16	60777	70833949	1	1
TCGA-86-8281	16	70836370	71202489	2	1
TCGA-86-8281	16	71202797	90287535	1	1
TCGA-86-8281	17	526	81049726	1	1
TCGA-86-8281	18	48133	78015057	1	1
TCGA-86-8281	19	90910	17991894	1	0
TCGA-86-8281	19	17992827	59097854	1	1
TCGA-86-8281	20	61305	62956153	1	1
TCGA-86-8281	21	10736871	48096957	1	1
TCGA-86-8281	22	16052528	25719184	1	1
TCGA-86-8281	22	25719288	25925078	2	0
TCGA-86-8281	22	25925187	51234455	1	1
TCGA-86-8281	X	168477	2703391	1	1
TCGA-86-8281	X	2703633	94778299	1	0
TCGA-86-8281	X	94778862	154785778	2	0
TCGA-86-8281	X	154787556	155233846	1	0
