sample	chr	startpos	endpos	nMajor	nMinor
TCGA-AZ-6608	1	61735	249224388	2	1
TCGA-AZ-6608	2	12784	2314997	3	2
TCGA-AZ-6608	2	2315021	65330707	2	1
TCGA-AZ-6608	2	65333274	68542132	2	0
TCGA-AZ-6608	2	68542498	243089456	2	1
TCGA-AZ-6608	3	60345	21770057	2	2
TCGA-AZ-6608	3	21772714	21839871	5	2
TCGA-AZ-6608	3	21841043	197896118	2	2
TCGA-AZ-6608	4	12281	191027923	2	1
TCGA-AZ-6608	5	15532	51988075	5	2
TCGA-AZ-6608	5	51988228	52028794	2	1
TCGA-AZ-6608	5	52032807	52474296	6	2
TCGA-AZ-6608	5	52477522	53284730	2	1
TCGA-AZ-6608	5	53287430	53469108	6	2
TCGA-AZ-6608	5	53472156	53831558	2	1
TCGA-AZ-6608	5	53833108	55620326	6	2
TCGA-AZ-6608	5	55621515	55628367	4	2
TCGA-AZ-6608	5	55635460	60828273	2	1
TCGA-AZ-6608	5	60833198	61847073	6	2
TCGA-AZ-6608	5	61847390	180790320	2	1
TCGA-AZ-6608	6	149661	37993399	2	2
TCGA-AZ-6608	6	38005097	131310328	2	1
TCGA-AZ-6608	6	131312729	131409296	1	0
TCGA-AZ-6608	6	131409914	171051005	2	1
TCGA-AZ-6608	7	43259	58019970	5	1
TCGA-AZ-6608	7	58019983	159127004	2	1
TCGA-AZ-6608	8	31254	36199097	1	0
TCGA-AZ-6608	8	36204014	38845537	4	1
TCGA-AZ-6608	8	38850252	40278197	1	0
TCGA-AZ-6608	8	40279380	100711906	4	1
TCGA-AZ-6608	8	100712066	103076276	7	1
TCGA-AZ-6608	8	103076379	146298155	4	1
TCGA-AZ-6608	9	46587	141091394	1	1
TCGA-AZ-6608	10	72759	135506704	2	1
TCGA-AZ-6608	11	198572	134944770	2	2
TCGA-AZ-6608	12	150442	133778189	2	2
TCGA-AZ-6608	13	19026949	115108397	3	3
TCGA-AZ-6608	14	19002124	107285437	1	1
TCGA-AZ-6608	15	20016328	102469040	2	1
TCGA-AZ-6608	16	60777	70842097	3	2
TCGA-AZ-6608	16	70854381	71196315	3	1
TCGA-AZ-6608	16	71200049	90287535	3	2
TCGA-AZ-6608	17	526	25402269	2	0
TCGA-AZ-6608	17	25403868	81049726	2	1
TCGA-AZ-6608	18	48133	78015057	1	1
TCGA-AZ-6608	19	90910	59097854	2	1
TCGA-AZ-6608	20	61305	19022894	1	1
TCGA-AZ-6608	20	19023213	29876272	6	1
TCGA-AZ-6608	20	29876329	31981827	8	1
TCGA-AZ-6608	20	31981849	44475919	6	1
TCGA-AZ-6608	20	44479794	45402819	1	1
TCGA-AZ-6608	20	45404628	62956153	6	1
TCGA-AZ-6608	21	10736871	48096957	2	2
TCGA-AZ-6608	22	16052528	51234455	2	0
TCGA-AZ-6608	X	168477	8141089	2	2
TCGA-AZ-6608	X	8143332	8390734	3	1
TCGA-AZ-6608	X	8390937	155233846	2	2
