sample	chr	startpos	endpos	nMajor	nMinor
TCGA-31-1959	1	61735	16436771	2	0
TCGA-31-1959	1	16440392	35905076	1	0
TCGA-31-1959	1	35907411	42145759	2	1
TCGA-31-1959	1	42145995	54189668	1	1
TCGA-31-1959	1	54190045	54368963	1	0
TCGA-31-1959	1	54370264	63868986	1	1
TCGA-31-1959	1	63869173	64342526	2	1
TCGA-31-1959	1	64343694	75985667	1	1
TCGA-31-1959	1	75985775	79451226	1	0
TCGA-31-1959	1	79451263	165801725	1	1
TCGA-31-1959	1	165804423	166040282	1	0
TCGA-31-1959	1	166040555	173857478	1	1
TCGA-31-1959	1	173860182	174108077	1	0
TCGA-31-1959	1	174126593	183172645	1	1
TCGA-31-1959	1	183174723	203664225	1	0
TCGA-31-1959	1	203665861	236681750	1	1
TCGA-31-1959	1	236686053	245293191	1	0
TCGA-31-1959	1	245301066	249224388	1	1
TCGA-31-1959	2	12784	5585599	5	1
TCGA-31-1959	2	5586877	20551575	4	1
TCGA-31-1959	2	20551993	23754948	4	0
TCGA-31-1959	2	23755080	29413761	2	0
TCGA-31-1959	2	29414782	31521236	1	0
TCGA-31-1959	2	31521289	45801279	2	0
TCGA-31-1959	2	45801399	64092999	2	1
TCGA-31-1959	2	64095411	69163749	2	0
TCGA-31-1959	2	69166089	70209250	1	0
TCGA-31-1959	2	70215121	128404860	1	1
TCGA-31-1959	2	128404998	133452455	2	1
TCGA-31-1959	2	133454279	177621188	1	1
TCGA-31-1959	2	177621389	179450531	1	0
TCGA-31-1959	2	179452357	189425279	1	1
TCGA-31-1959	2	189432661	189949220	2	1
TCGA-31-1959	2	189949628	212927682	1	1
TCGA-31-1959	2	212945353	213003734	1	0
TCGA-31-1959	2	213008427	222995155	1	1
TCGA-31-1959	2	222995491	227557651	1	0
TCGA-31-1959	2	227558737	243089456	1	1
TCGA-31-1959	3	60345	90287413	1	0
TCGA-31-1959	3	90287961	94268885	1	1
TCGA-31-1959	3	94273975	108546670	1	0
TCGA-31-1959	3	108547419	124818485	2	0
TCGA-31-1959	3	124821860	134044501	1	0
TCGA-31-1959	3	134050574	151252673	2	0
TCGA-31-1959	3	151256771	187663848	2	1
TCGA-31-1959	3	187664093	188128979	3	1
TCGA-31-1959	3	188129554	189448849	3	2
TCGA-31-1959	3	189450567	190022516	2	1
TCGA-31-1959	3	190024423	192193793	3	1
TCGA-31-1959	3	192196782	197896118	3	0
TCGA-31-1959	4	12281	31082025	1	0
TCGA-31-1959	4	31083795	31367388	2	0
TCGA-31-1959	4	31367709	39942868	1	0
TCGA-31-1959	4	39946597	52698636	1	1
TCGA-31-1959	4	52698757	75073700	2	1
TCGA-31-1959	4	75075021	81981592	1	1
TCGA-31-1959	4	81983019	89904124	1	0
TCGA-31-1959	4	89904156	98531848	0	0
TCGA-31-1959	4	98533269	174327819	1	0
TCGA-31-1959	4	174330663	174520376	0	0
TCGA-31-1959	4	174521315	191027923	1	0
TCGA-31-1959	5	15532	14630158	1	1
TCGA-31-1959	5	14637272	46191248	1	0
TCGA-31-1959	5	46191398	50625038	1	1
TCGA-31-1959	5	50625129	180790320	1	0
TCGA-31-1959	6	149661	4338841	1	0
TCGA-31-1959	6	4338912	41216757	1	1
TCGA-31-1959	6	41218652	41821422	3	1
TCGA-31-1959	6	41822199	115379160	1	1
TCGA-31-1959	6	115399991	147002153	1	0
TCGA-31-1959	6	147002608	147260472	2	0
TCGA-31-1959	6	147268121	157490116	1	0
TCGA-31-1959	6	157491123	158452903	2	0
TCGA-31-1959	6	158453676	162127514	1	0
TCGA-31-1959	6	162128543	171051005	1	1
TCGA-31-1959	7	43259	18058527	1	1
TCGA-31-1959	7	18059369	18615751	2	1
TCGA-31-1959	7	18615842	57906717	1	1
TCGA-31-1959	7	57914385	127303150	1	0
TCGA-31-1959	7	127307412	127507991	0	0
TCGA-31-1959	7	127508602	159127004	1	0
TCGA-31-1959	8	31254	587113	1	0
TCGA-31-1959	8	587540	3685566	2	0
TCGA-31-1959	8	3686944	43780295	1	0
TCGA-31-1959	8	43783984	52059381	1	1
TCGA-31-1959	8	52059449	66892127	1	0
TCGA-31-1959	8	66893679	114698044	2	0
TCGA-31-1959	8	114698276	126546214	3	0
TCGA-31-1959	8	126546369	129166270	3	1
TCGA-31-1959	8	129166547	137496901	1	0
TCGA-31-1959	8	137505387	140741458	2	0
TCGA-31-1959	8	140741551	146298155	2	2
TCGA-31-1959	9	46587	47217176	1	0
TCGA-31-1959	9	65616971	125914035	1	1
TCGA-31-1959	9	125920653	141091394	1	0
TCGA-31-1959	10	72759	119645593	1	0
TCGA-31-1959	10	119650391	133744328	1	1
TCGA-31-1959	10	133748640	135506704	1	0
TCGA-31-1959	11	198572	29076051	1	0
TCGA-31-1959	11	29079588	42481833	1	1
TCGA-31-1959	11	42482988	45446724	2	1
TCGA-31-1959	11	45447995	70483072	1	1
TCGA-31-1959	11	70486610	71062059	1	0
TCGA-31-1959	11	71062608	71728656	2	0
TCGA-31-1959	11	71730306	72632277	3	0
TCGA-31-1959	11	72632913	75554080	1	0
TCGA-31-1959	11	75556323	85031301	2	0
TCGA-31-1959	11	85033273	116439615	1	0
TCGA-31-1959	11	116440011	117937766	3	0
TCGA-31-1959	11	117940210	134184715	2	0
TCGA-31-1959	11	134192500	134944770	0	0
TCGA-31-1959	12	150442	5680477	2	1
TCGA-31-1959	12	5680924	12317820	3	1
TCGA-31-1959	12	12318490	14713491	2	1
TCGA-31-1959	12	14713793	16023009	4	1
TCGA-31-1959	12	16023053	27244399	2	1
TCGA-31-1959	12	27247288	27859964	4	1
TCGA-31-1959	12	27860944	30022732	2	1
TCGA-31-1959	12	30025509	74607163	1	1
TCGA-31-1959	12	74622184	78746317	1	0
TCGA-31-1959	12	78752496	88410728	1	1
TCGA-31-1959	12	88410781	133778189	1	0
TCGA-31-1959	13	19026949	24250773	1	0
TCGA-31-1959	13	24253020	24332730	2	0
TCGA-31-1959	13	24333884	115108397	1	0
TCGA-31-1959	14	19002124	54460136	1	1
TCGA-31-1959	14	54463363	74426135	1	0
TCGA-31-1959	14	74426672	95614138	1	1
TCGA-31-1959	14	95619778	99715262	2	1
TCGA-31-1959	14	99716908	107285437	2	0
TCGA-31-1959	15	20016328	25064411	1	1
TCGA-31-1959	15	25069555	86569502	1	0
TCGA-31-1959	15	86570055	91512021	2	0
TCGA-31-1959	15	91512067	102469040	2	1
TCGA-31-1959	16	60777	3905570	2	0
TCGA-31-1959	16	3905785	3932725	1	0
TCGA-31-1959	16	3933345	9645879	3	0
TCGA-31-1959	16	9648117	19667932	2	0
TCGA-31-1959	16	19676433	21379451	1	0
TCGA-31-1959	16	21389970	35283226	1	1
TCGA-31-1959	16	46463782	90287535	1	0
TCGA-31-1959	17	526	147985	1	0
TCGA-31-1959	17	159137	7485673	1	1
TCGA-31-1959	17	7499349	48285769	1	0
TCGA-31-1959	17	48288729	48940133	2	0
TCGA-31-1959	17	48940422	81049726	1	0
TCGA-31-1959	18	48133	25563837	1	1
TCGA-31-1959	18	25564520	78015057	1	0
TCGA-31-1959	19	90910	13891528	1	0
TCGA-31-1959	19	13891841	59097854	1	1
TCGA-31-1959	20	61305	39254774	1	1
TCGA-31-1959	20	39255548	47693131	1	0
TCGA-31-1959	20	47696920	60815343	1	1
TCGA-31-1959	20	60815446	61152322	3	1
TCGA-31-1959	20	61154594	62956153	1	1
TCGA-31-1959	21	10736871	19443356	1	1
TCGA-31-1959	21	19443824	19475689	1	0
TCGA-31-1959	21	19477128	48096957	1	1
TCGA-31-1959	22	16052528	18235288	1	1
TCGA-31-1959	22	18235305	51234455	1	0
TCGA-31-1959	X	168477	480935	2	1
TCGA-31-1959	X	492076	54696745	1	0
TCGA-31-1959	X	54696977	87319076	1	1
TCGA-31-1959	X	87325411	127986910	1	0
TCGA-31-1959	X	127989229	129818278	2	0
TCGA-31-1959	X	129821518	155233846	1	0
