sample	chr	startpos	endpos	nMajor	nMinor
TCGA-FS-A1ZB	1	61735	102317241	2	2
TCGA-FS-A1ZB	1	102318792	121482979	4	2
TCGA-FS-A1ZB	1	144007049	249224388	2	2
TCGA-FS-A1ZB	2	12784	243089456	2	2
TCGA-FS-A1ZB	3	60345	197896118	2	2
TCGA-FS-A1ZB	4	12281	110181134	2	2
TCGA-FS-A1ZB	4	110181237	137614947	2	0
TCGA-FS-A1ZB	4	137616439	191027923	2	2
TCGA-FS-A1ZB	5	15532	42067807	2	2
TCGA-FS-A1ZB	5	42067881	50186204	2	0
TCGA-FS-A1ZB	5	50186670	72797466	2	2
TCGA-FS-A1ZB	5	72798024	77200868	1	0
TCGA-FS-A1ZB	5	77201362	83341534	2	2
TCGA-FS-A1ZB	5	83341768	180790320	2	0
TCGA-FS-A1ZB	6	149661	31143900	4	0
TCGA-FS-A1ZB	6	31145920	171051005	1	1
TCGA-FS-A1ZB	7	43259	36850218	2	2
TCGA-FS-A1ZB	7	36850413	42667186	2	0
TCGA-FS-A1ZB	7	42667876	84906796	2	2
TCGA-FS-A1ZB	7	84911354	119532359	2	0
TCGA-FS-A1ZB	7	119532359	159127004	2	2
TCGA-FS-A1ZB	8	31254	146298155	2	2
TCGA-FS-A1ZB	9	46587	21401193	1	1
TCGA-FS-A1ZB	9	21405363	22426539	0	0
TCGA-FS-A1ZB	9	22426564	47217176	1	1
TCGA-FS-A1ZB	9	65616971	141091394	2	0
TCGA-FS-A1ZB	10	72759	135506704	2	2
TCGA-FS-A1ZB	11	198572	56721319	2	2
TCGA-FS-A1ZB	11	56721408	88249130	6	2
TCGA-FS-A1ZB	11	88250886	97986839	9	2
TCGA-FS-A1ZB	11	97987158	105911484	13	2
TCGA-FS-A1ZB	11	105912137	134944770	2	0
TCGA-FS-A1ZB	12	150442	133778189	2	2
TCGA-FS-A1ZB	13	19026949	115108397	2	2
TCGA-FS-A1ZB	14	19002124	22254096	2	2
TCGA-FS-A1ZB	14	22254605	22975728	4	3
TCGA-FS-A1ZB	14	22975783	107285437	2	2
TCGA-FS-A1ZB	15	20016328	102469040	2	2
TCGA-FS-A1ZB	16	60777	35283226	2	2
TCGA-FS-A1ZB	16	46463782	90287535	2	0
TCGA-FS-A1ZB	17	526	42223175	2	2
TCGA-FS-A1ZB	17	42227615	45969605	2	0
TCGA-FS-A1ZB	17	45971610	81049726	2	2
TCGA-FS-A1ZB	18	48133	78015057	2	2
TCGA-FS-A1ZB	19	90910	59097854	2	2
TCGA-FS-A1ZB	20	61305	62956153	2	2
TCGA-FS-A1ZB	21	10736871	48096957	2	2
TCGA-FS-A1ZB	22	16052528	51234455	2	2
TCGA-FS-A1ZB	X	168477	2689534	2	2
TCGA-FS-A1ZB	X	2689575	2703391	2	1
TCGA-FS-A1ZB	X	2703633	154929308	3	0
TCGA-FS-A1ZB	X	154929498	155233846	3	2
