sample	chr	startpos	endpos	nMajor	nMinor
TCGA-D3-A2JL	1	61735	156228015	2	2
TCGA-D3-A2JL	1	156228060	249224388	3	3
TCGA-D3-A2JL	2	12784	243089456	2	2
TCGA-D3-A2JL	3	60345	37958538	2	2
TCGA-D3-A2JL	3	37959967	53839277	2	0
TCGA-D3-A2JL	3	53839470	55785797	3	0
TCGA-D3-A2JL	3	55786540	197896118	3	2
TCGA-D3-A2JL	4	12281	191027923	2	2
TCGA-D3-A2JL	5	15532	180790320	2	0
TCGA-D3-A2JL	6	149661	63054229	2	2
TCGA-D3-A2JL	6	63054936	102683785	2	0
TCGA-D3-A2JL	6	102685563	103545562	2	2
TCGA-D3-A2JL	6	103545683	171051005	2	0
TCGA-D3-A2JL	7	43259	75263792	2	2
TCGA-D3-A2JL	7	75264429	159127004	3	2
TCGA-D3-A2JL	8	31254	146298155	2	1
TCGA-D3-A2JL	9	46587	141091394	2	0
TCGA-D3-A2JL	10	72759	10158724	3	2
TCGA-D3-A2JL	10	10160556	42484955	2	2
TCGA-D3-A2JL	10	42501934	135506704	2	1
TCGA-D3-A2JL	11	198572	134944770	1	1
TCGA-D3-A2JL	12	150442	119274422	2	1
TCGA-D3-A2JL	12	119275400	133778189	2	2
TCGA-D3-A2JL	13	19026949	21394485	2	1
TCGA-D3-A2JL	13	21396967	115108397	1	1
TCGA-D3-A2JL	14	19002124	89440755	4	3
TCGA-D3-A2JL	14	89441246	107285437	3	3
TCGA-D3-A2JL	15	20016328	52987493	2	2
TCGA-D3-A2JL	15	52988382	102469040	3	2
TCGA-D3-A2JL	16	60777	35283226	2	1
TCGA-D3-A2JL	16	46463782	90287535	2	0
TCGA-D3-A2JL	17	526	25363739	2	1
TCGA-D3-A2JL	17	25363799	81049726	4	1
TCGA-D3-A2JL	18	48133	50761823	2	1
TCGA-D3-A2JL	18	50762140	78015057	2	2
TCGA-D3-A2JL	19	90910	54918354	2	1
TCGA-D3-A2JL	19	54921925	59097854	1	1
TCGA-D3-A2JL	20	61305	35972833	2	2
TCGA-D3-A2JL	20	35982438	62956153	4	2
TCGA-D3-A2JL	21	10736871	48096957	2	1
TCGA-D3-A2JL	22	16052528	44568078	4	1
TCGA-D3-A2JL	22	44572578	51234455	1	1
TCGA-D3-A2JL	X	168477	155233846	2	1
