sample	chr	startpos	endpos	nMajor	nMinor
TCGA-CC-5263	1	61735	9315847	1	0
TCGA-CC-5263	1	9326658	43394117	1	1
TCGA-CC-5263	1	43396414	43430084	2	1
TCGA-CC-5263	1	43431433	55461127	1	1
TCGA-CC-5263	1	55461430	55518682	2	1
TCGA-CC-5263	1	55518752	101642033	1	1
TCGA-CC-5263	1	101644210	101690489	2	1
TCGA-CC-5263	1	101697893	110295049	1	1
TCGA-CC-5263	1	110295487	110442337	2	1
TCGA-CC-5263	1	110442900	121482979	1	1
TCGA-CC-5263	1	144007049	145570627	2	1
TCGA-CC-5263	1	145570717	161013312	1	1
TCGA-CC-5263	1	161014370	161217693	3	1
TCGA-CC-5263	1	161219555	234697146	1	1
TCGA-CC-5263	1	234699236	235155861	2	1
TCGA-CC-5263	1	235159040	249224388	1	1
TCGA-CC-5263	2	12784	9890152	1	1
TCGA-CC-5263	2	9890562	10689889	3	1
TCGA-CC-5263	2	10692609	20719914	2	1
TCGA-CC-5263	2	20725812	20938414	4	1
TCGA-CC-5263	2	20939473	31020446	2	1
TCGA-CC-5263	2	31020932	34308909	1	1
TCGA-CC-5263	2	34311016	34455103	3	1
TCGA-CC-5263	2	34458232	46879599	1	1
TCGA-CC-5263	2	46880112	46913726	2	1
TCGA-CC-5263	2	46918665	64508983	1	1
TCGA-CC-5263	2	64511598	64861422	2	1
TCGA-CC-5263	2	64862602	73227186	1	1
TCGA-CC-5263	2	73227569	73991736	2	1
TCGA-CC-5263	2	74003611	104342162	1	1
TCGA-CC-5263	2	104345257	110741829	1	0
TCGA-CC-5263	2	110768242	112472286	0	0
TCGA-CC-5263	2	112473872	128196930	1	0
TCGA-CC-5263	2	128199867	148747978	1	1
TCGA-CC-5263	2	148754825	149261751	1	0
TCGA-CC-5263	2	149268503	211377114	1	1
TCGA-CC-5263	2	211381319	211436065	2	1
TCGA-CC-5263	2	211437614	243089456	1	1
TCGA-CC-5263	3	60345	4712965	1	0
TCGA-CC-5263	3	4713093	5368914	2	0
TCGA-CC-5263	3	5375009	58050874	1	0
TCGA-CC-5263	3	58050948	58370792	2	0
TCGA-CC-5263	3	58374936	78421078	1	0
TCGA-CC-5263	3	78424129	78685335	1	1
TCGA-CC-5263	3	78686945	88611423	1	0
TCGA-CC-5263	3	88611597	149101432	1	1
TCGA-CC-5263	3	149101811	149186146	2	1
TCGA-CC-5263	3	149187235	187573501	1	1
TCGA-CC-5263	3	187573539	187930513	2	1
TCGA-CC-5263	3	187931652	188083150	1	1
TCGA-CC-5263	3	188087424	188432013	1	0
TCGA-CC-5263	3	188432733	197896118	1	1
TCGA-CC-5263	4	12281	16226298	1	1
TCGA-CC-5263	4	16230488	16274204	1	0
TCGA-CC-5263	4	16278778	77396547	1	1
TCGA-CC-5263	4	77397585	95172717	1	0
TCGA-CC-5263	4	95172912	96025302	2	0
TCGA-CC-5263	4	96028966	109662321	1	0
TCGA-CC-5263	4	109665547	191027923	1	1
TCGA-CC-5263	5	15532	49432831	2	1
TCGA-CC-5263	5	49441958	65900931	1	0
TCGA-CC-5263	5	65903528	65972768	1	1
TCGA-CC-5263	5	65975135	131651261	1	0
TCGA-CC-5263	5	131651565	131980462	2	0
TCGA-CC-5263	5	131982808	139582527	1	0
TCGA-CC-5263	5	139588093	140023090	2	0
TCGA-CC-5263	5	140023238	141886548	1	0
TCGA-CC-5263	5	141886602	172966152	1	1
TCGA-CC-5263	5	172966778	173302486	2	1
TCGA-CC-5263	5	173304641	180790320	1	1
TCGA-CC-5263	6	149661	31054511	2	1
TCGA-CC-5263	6	31058178	31145920	1	1
TCGA-CC-5263	6	31155785	43630915	2	1
TCGA-CC-5263	6	43631245	43979954	3	1
TCGA-CC-5263	6	43980128	109052157	2	1
TCGA-CC-5263	6	109058427	109081291	4	1
TCGA-CC-5263	6	109081726	161389952	2	1
TCGA-CC-5263	6	161393311	164158276	1	0
TCGA-CC-5263	6	164159133	171051005	2	1
TCGA-CC-5263	7	43259	76827729	1	1
TCGA-CC-5263	7	76830395	77269835	2	1
TCGA-CC-5263	7	77272371	151005033	1	1
TCGA-CC-5263	7	151005056	151326048	2	1
TCGA-CC-5263	7	151332341	159127004	1	1
TCGA-CC-5263	8	31254	11365025	1	0
TCGA-CC-5263	8	11365692	11638988	1	1
TCGA-CC-5263	8	11643803	34696856	1	0
TCGA-CC-5263	8	34699694	34729863	3	0
TCGA-CC-5263	8	34729931	39179303	2	1
TCGA-CC-5263	8	39179922	102479202	1	1
TCGA-CC-5263	8	102481090	103287669	2	1
TCGA-CC-5263	8	103287877	140767483	1	1
TCGA-CC-5263	8	140770478	140973347	2	1
TCGA-CC-5263	8	140974986	146298155	1	1
TCGA-CC-5263	9	46587	73926305	1	1
TCGA-CC-5263	9	73930233	74050734	2	1
TCGA-CC-5263	9	74050819	97356950	1	1
TCGA-CC-5263	9	97363354	141091394	2	1
TCGA-CC-5263	10	72759	77778918	1	1
TCGA-CC-5263	10	77779750	78112222	1	0
TCGA-CC-5263	10	78112552	89167411	1	1
TCGA-CC-5263	10	89167880	89632522	0	0
TCGA-CC-5263	10	89641298	94890908	1	0
TCGA-CC-5263	10	94893213	98020312	1	1
TCGA-CC-5263	10	98021531	98104703	2	1
TCGA-CC-5263	10	98104901	118736080	1	1
TCGA-CC-5263	10	118736840	119066857	2	1
TCGA-CC-5263	10	119071741	123452122	1	1
TCGA-CC-5263	10	123452142	123520856	2	1
TCGA-CC-5263	10	123522927	126416059	1	1
TCGA-CC-5263	10	126417181	126550531	1	0
TCGA-CC-5263	10	126554668	135506704	1	1
TCGA-CC-5263	11	198572	3853346	1	1
TCGA-CC-5263	11	3853473	3908718	2	2
TCGA-CC-5263	11	3908738	45235551	1	1
TCGA-CC-5263	11	45237282	45936035	2	1
TCGA-CC-5263	11	45937306	76032079	1	1
TCGA-CC-5263	11	76034242	134944770	1	0
TCGA-CC-5263	12	150442	6456590	1	1
TCGA-CC-5263	12	6460391	6733627	2	1
TCGA-CC-5263	12	6736336	32800127	1	1
TCGA-CC-5263	12	32803747	32907460	2	1
TCGA-CC-5263	12	32907599	34229648	1	1
TCGA-CC-5263	12	34230251	34854498	3	1
TCGA-CC-5263	12	37857751	94031881	1	1
TCGA-CC-5263	12	94032076	94104024	2	1
TCGA-CC-5263	12	94110525	94869397	1	1
TCGA-CC-5263	12	94880475	104286804	1	0
TCGA-CC-5263	12	104286891	104298561	3	0
TCGA-CC-5263	12	104304835	108227299	1	0
TCGA-CC-5263	12	108228298	109864599	1	1
TCGA-CC-5263	12	109869344	110170447	2	1
TCGA-CC-5263	12	110177939	117458963	1	1
TCGA-CC-5263	12	117459939	123444422	2	1
TCGA-CC-5263	12	123445596	125127123	1	1
TCGA-CC-5263	12	125132588	125270625	2	1
TCGA-CC-5263	12	125273742	133778189	1	1
TCGA-CC-5263	13	19026949	31077106	2	1
TCGA-CC-5263	13	31078511	64288948	1	0
TCGA-CC-5263	13	64289316	64747340	0	0
TCGA-CC-5263	13	64753004	96212974	1	0
TCGA-CC-5263	13	96213208	115108397	2	1
TCGA-CC-5263	14	19002124	50429412	1	1
TCGA-CC-5263	14	50429548	50458932	2	1
TCGA-CC-5263	14	50459609	67921171	1	1
TCGA-CC-5263	14	67922097	68037778	1	0
TCGA-CC-5263	14	68037895	68118746	2	0
TCGA-CC-5263	14	68119881	68537293	1	0
TCGA-CC-5263	14	68547276	77411106	1	1
TCGA-CC-5263	14	77411888	77532258	2	1
TCGA-CC-5263	14	77532343	95735947	1	1
TCGA-CC-5263	14	95738466	95846867	2	1
TCGA-CC-5263	14	95848718	107285437	1	1
TCGA-CC-5263	15	20016328	36783122	1	1
TCGA-CC-5263	15	36783489	36836160	2	1
TCGA-CC-5263	15	36836463	67224535	1	1
TCGA-CC-5263	15	67224701	67309057	2	1
TCGA-CC-5263	15	67309272	70011123	1	1
TCGA-CC-5263	15	70012242	70106532	2	1
TCGA-CC-5263	15	70106731	71555164	1	1
TCGA-CC-5263	15	71555768	71720035	1	0
TCGA-CC-5263	15	71721926	97869309	1	1
TCGA-CC-5263	15	97869366	102469040	2	1
TCGA-CC-5263	16	60777	24340691	1	1
TCGA-CC-5263	16	24341412	24499548	2	1
TCGA-CC-5263	16	24499576	35283226	1	1
TCGA-CC-5263	16	46463782	72515952	1	0
TCGA-CC-5263	16	72532176	72834134	0	0
TCGA-CC-5263	16	72836746	90287535	1	0
TCGA-CC-5263	17	526	18013803	1	0
TCGA-CC-5263	17	18017100	36112268	1	1
TCGA-CC-5263	17	36114470	38177696	2	1
TCGA-CC-5263	17	38178793	38232536	4	1
TCGA-CC-5263	17	38238958	40924238	2	1
TCGA-CC-5263	17	40926695	41207664	1	0
TCGA-CC-5263	17	41207811	81049726	2	1
TCGA-CC-5263	18	48133	34026627	2	1
TCGA-CC-5263	18	34026961	34372599	3	1
TCGA-CC-5263	18	34372780	71682422	2	1
TCGA-CC-5263	18	71683185	72066101	5	1
TCGA-CC-5263	18	72068675	78015057	2	1
TCGA-CC-5263	19	90910	27998566	1	1
TCGA-CC-5263	19	28000838	44896900	1	0
TCGA-CC-5263	19	44898771	59097854	1	1
TCGA-CC-5263	20	61305	32298674	1	1
TCGA-CC-5263	20	32298800	32737467	2	1
TCGA-CC-5263	20	32737912	47965719	1	1
TCGA-CC-5263	20	47969113	48379564	2	1
TCGA-CC-5263	20	48380185	62956153	1	1
TCGA-CC-5263	21	10736871	47990202	1	1
TCGA-CC-5263	21	47992722	48096957	2	1
TCGA-CC-5263	22	16052528	51234455	1	1
TCGA-CC-5263	X	168477	2694240	1	1
TCGA-CC-5263	X	2703391	118545545	1	0
TCGA-CC-5263	X	118547248	118665982	2	0
TCGA-CC-5263	X	118671784	155233846	1	0
