sample	chr	startpos	endpos	nMajor	nMinor
TCGA-ZF-AA54	1	61735	38773081	2	0
TCGA-ZF-AA54	1	38778695	44338954	8	2
TCGA-ZF-AA54	1	44339154	48212833	4	2
TCGA-ZF-AA54	1	48213641	84991669	2	2
TCGA-ZF-AA54	1	84994193	87118523	2	1
TCGA-ZF-AA54	1	87119068	90541705	3	2
TCGA-ZF-AA54	1	90542785	249224388	2	1
TCGA-ZF-AA54	2	12784	98017788	3	1
TCGA-ZF-AA54	2	98017804	99784292	4	3
TCGA-ZF-AA54	2	99784307	101264407	10	3
TCGA-ZF-AA54	2	101264880	101661803	31	3
TCGA-ZF-AA54	2	101665288	141604542	3	0
TCGA-ZF-AA54	2	141606465	142094007	0	0
TCGA-ZF-AA54	2	142094493	243089456	3	0
TCGA-ZF-AA54	3	60345	95222397	2	2
TCGA-ZF-AA54	3	95225182	101931966	2	1
TCGA-ZF-AA54	3	101931981	148340364	2	2
TCGA-ZF-AA54	3	148341205	153377911	3	3
TCGA-ZF-AA54	3	153379980	161961402	3	1
TCGA-ZF-AA54	3	161961458	197896118	3	2
TCGA-ZF-AA54	4	12281	18696177	2	1
TCGA-ZF-AA54	4	18696592	24233986	2	2
TCGA-ZF-AA54	4	24234074	58587998	2	1
TCGA-ZF-AA54	4	58589379	191027923	2	0
TCGA-ZF-AA54	5	15532	1097923	5	1
TCGA-ZF-AA54	5	1107428	2972875	4	2
TCGA-ZF-AA54	5	2973712	59137788	3	2
TCGA-ZF-AA54	5	59140343	59355182	2	0
TCGA-ZF-AA54	5	59355381	165242431	2	2
TCGA-ZF-AA54	5	165242817	167551774	3	2
TCGA-ZF-AA54	5	167552605	180790320	2	2
TCGA-ZF-AA54	6	149661	46814446	2	2
TCGA-ZF-AA54	6	46814991	66640415	2	1
TCGA-ZF-AA54	6	66645541	68999494	3	2
TCGA-ZF-AA54	6	69002165	69595008	2	0
TCGA-ZF-AA54	6	69595535	69845262	2	2
TCGA-ZF-AA54	6	69855697	71719859	2	0
TCGA-ZF-AA54	6	71720127	79087299	3	2
TCGA-ZF-AA54	6	79092442	82969780	2	0
TCGA-ZF-AA54	6	82972096	83217912	3	2
TCGA-ZF-AA54	6	83217982	169421896	2	0
TCGA-ZF-AA54	6	169423198	171051005	3	2
TCGA-ZF-AA54	7	43259	17017483	1	1
TCGA-ZF-AA54	7	17017558	17485029	1	0
TCGA-ZF-AA54	7	17485218	78401699	1	1
TCGA-ZF-AA54	7	78401783	82913785	2	1
TCGA-ZF-AA54	7	82918918	110923448	1	1
TCGA-ZF-AA54	7	110926724	159127004	2	1
TCGA-ZF-AA54	8	31254	38961479	2	1
TCGA-ZF-AA54	8	38961550	133956262	3	3
TCGA-ZF-AA54	8	133960288	146298155	3	2
TCGA-ZF-AA54	9	46587	21520034	2	0
TCGA-ZF-AA54	9	21520274	22754906	0	0
TCGA-ZF-AA54	9	22757714	141091394	2	0
TCGA-ZF-AA54	10	72759	45787725	2	2
TCGA-ZF-AA54	10	45788123	117225271	2	1
TCGA-ZF-AA54	10	117226807	126144965	2	2
TCGA-ZF-AA54	10	126144965	132402939	2	1
TCGA-ZF-AA54	10	132403766	135506704	2	2
TCGA-ZF-AA54	11	198572	50590077	2	1
TCGA-ZF-AA54	11	50596337	57518847	2	2
TCGA-ZF-AA54	11	57526628	70685179	2	1
TCGA-ZF-AA54	11	70687916	134944770	2	0
TCGA-ZF-AA54	12	150442	1983782	8	2
TCGA-ZF-AA54	12	1985156	17990794	6	2
TCGA-ZF-AA54	12	17990974	27159548	7	2
TCGA-ZF-AA54	12	27163343	38947259	6	2
TCGA-ZF-AA54	12	38950726	40467833	12	5
TCGA-ZF-AA54	12	40470262	41040864	4	3
TCGA-ZF-AA54	12	41041216	128703711	3	0
TCGA-ZF-AA54	12	128703812	129644342	2	0
TCGA-ZF-AA54	12	129644467	133778189	3	0
TCGA-ZF-AA54	13	19026949	93058505	1	1
TCGA-ZF-AA54	13	93059754	94426840	2	1
TCGA-ZF-AA54	13	94430400	115108397	1	1
TCGA-ZF-AA54	14	19002124	82067518	2	1
TCGA-ZF-AA54	14	82067572	107285437	2	0
TCGA-ZF-AA54	15	20016328	101041746	2	1
TCGA-ZF-AA54	15	101041896	102469040	3	2
TCGA-ZF-AA54	16	60777	35283226	2	0
TCGA-ZF-AA54	16	46463782	62996454	3	1
TCGA-ZF-AA54	16	62997899	65813428	4	1
TCGA-ZF-AA54	16	65813536	90287535	3	1
TCGA-ZF-AA54	17	526	13144762	2	0
TCGA-ZF-AA54	17	13147685	19441948	3	0
TCGA-ZF-AA54	17	19442146	21524172	3	2
TCGA-ZF-AA54	17	21527046	81049726	3	0
TCGA-ZF-AA54	18	48133	20902772	2	1
TCGA-ZF-AA54	18	20904406	26869817	2	0
TCGA-ZF-AA54	18	26870907	60664286	2	1
TCGA-ZF-AA54	18	60664531	68215453	1	0
TCGA-ZF-AA54	18	68215902	72180541	2	1
TCGA-ZF-AA54	18	72182037	78015057	1	0
TCGA-ZF-AA54	19	90910	59097854	2	2
TCGA-ZF-AA54	20	61305	62956153	2	2
TCGA-ZF-AA54	21	10736871	22722455	4	0
TCGA-ZF-AA54	21	22722870	35142748	3	0
TCGA-ZF-AA54	21	35143565	41339581	1	0
TCGA-ZF-AA54	21	41340005	42602478	2	0
TCGA-ZF-AA54	21	42602675	45811285	3	0
TCGA-ZF-AA54	21	45812755	48096957	1	0
TCGA-ZF-AA54	22	16052528	51234455	3	0
TCGA-ZF-AA54	X	168477	2694240	2	2
TCGA-ZF-AA54	X	2703391	128251380	2	0
TCGA-ZF-AA54	X	128257835	128397583	4	0
TCGA-ZF-AA54	X	128398214	142674651	2	0
TCGA-ZF-AA54	X	142675724	145126046	3	0
TCGA-ZF-AA54	X	145126296	154856601	2	0
TCGA-ZF-AA54	X	154859729	155233846	1	0
