sample	chr	startpos	endpos	nMajor	nMinor
TCGA-TQ-A7RI	1	61735	121482979	1	0
TCGA-TQ-A7RI	1	144007049	249224388	1	1
TCGA-TQ-A7RI	2	12784	243089456	1	1
TCGA-TQ-A7RI	3	60345	197896118	1	1
TCGA-TQ-A7RI	4	12281	191027923	1	1
TCGA-TQ-A7RI	5	15532	180790320	1	1
TCGA-TQ-A7RI	6	149661	171051005	1	1
TCGA-TQ-A7RI	7	43259	159127004	2	1
TCGA-TQ-A7RI	8	31254	146298155	1	1
TCGA-TQ-A7RI	9	46587	141091394	1	1
TCGA-TQ-A7RI	10	72759	135506704	1	1
TCGA-TQ-A7RI	11	198572	134944770	1	1
TCGA-TQ-A7RI	12	150442	133778189	1	1
TCGA-TQ-A7RI	13	19026949	115108397	1	1
TCGA-TQ-A7RI	14	19002124	107285437	1	1
TCGA-TQ-A7RI	15	20016328	102469040	1	1
TCGA-TQ-A7RI	16	60777	90287535	1	1
TCGA-TQ-A7RI	17	526	14739929	1	0
TCGA-TQ-A7RI	17	14745222	81049726	1	1
TCGA-TQ-A7RI	18	48133	21745331	1	1
TCGA-TQ-A7RI	18	21750583	78015057	1	0
TCGA-TQ-A7RI	19	90910	27965515	1	1
TCGA-TQ-A7RI	19	27998566	59097854	1	0
TCGA-TQ-A7RI	20	61305	62956153	1	1
TCGA-TQ-A7RI	21	10736871	48096957	1	1
TCGA-TQ-A7RI	22	16052528	51234455	1	1
TCGA-TQ-A7RI	X	168477	155233846	1	1
