sample	chr	startpos	endpos	nMajor	nMinor
TCGA-EL-A3ZO	1	61735	121482979	1	1
TCGA-EL-A3ZO	1	144007049	249224388	2	1
TCGA-EL-A3ZO	2	12784	243089456	1	1
TCGA-EL-A3ZO	3	60345	197896118	1	1
TCGA-EL-A3ZO	4	12281	191027923	1	1
TCGA-EL-A3ZO	5	15532	49459054	4	1
TCGA-EL-A3ZO	5	49459535	180790320	1	1
TCGA-EL-A3ZO	6	149661	171051005	1	1
TCGA-EL-A3ZO	7	43259	159127004	1	1
TCGA-EL-A3ZO	8	31254	146298155	1	1
TCGA-EL-A3ZO	9	46587	141091394	1	0
TCGA-EL-A3ZO	10	72759	46995420	1	1
TCGA-EL-A3ZO	10	46995474	47687801	1	0
TCGA-EL-A3ZO	10	47688209	135506704	1	1
TCGA-EL-A3ZO	11	198572	134944770	1	1
TCGA-EL-A3ZO	12	150442	133778189	1	1
TCGA-EL-A3ZO	13	19026949	115108397	1	1
TCGA-EL-A3ZO	14	19002124	107285437	1	1
TCGA-EL-A3ZO	15	20016328	102469040	1	1
TCGA-EL-A3ZO	16	60777	90287535	1	1
TCGA-EL-A3ZO	17	526	81049726	1	1
TCGA-EL-A3ZO	18	48133	78015057	1	1
TCGA-EL-A3ZO	19	90910	59097854	1	1
TCGA-EL-A3ZO	20	61305	62956153	1	1
TCGA-EL-A3ZO	21	10736871	48096957	1	1
TCGA-EL-A3ZO	22	16052528	51234455	1	1
TCGA-EL-A3ZO	X	168477	155233846	1	1
