sample	chr	startpos	endpos	nMajor	nMinor
TCGA-09-1664	1	61735	31249857	1	0
TCGA-09-1664	1	31251051	249224388	1	1
TCGA-09-1664	2	12784	243089456	1	1
TCGA-09-1664	3	60345	197896118	1	1
TCGA-09-1664	4	12281	82322885	1	1
TCGA-09-1664	4	82322918	191027923	1	0
TCGA-09-1664	5	15532	180790320	1	1
TCGA-09-1664	6	149661	171051005	1	1
TCGA-09-1664	7	43259	159127004	1	1
TCGA-09-1664	8	31254	7314685	1	1
TCGA-09-1664	8	7314728	11657071	1	0
TCGA-09-1664	8	11658627	12247407	1	1
TCGA-09-1664	8	12247486	40895759	1	0
TCGA-09-1664	8	40901967	146298155	1	1
TCGA-09-1664	9	46587	141091394	1	1
TCGA-09-1664	10	72759	130857499	1	1
TCGA-09-1664	10	130861658	131074238	1	0
TCGA-09-1664	10	131074976	135506704	1	1
TCGA-09-1664	11	198572	134944770	1	1
TCGA-09-1664	12	150442	133778189	1	1
TCGA-09-1664	13	19026949	115108397	1	1
TCGA-09-1664	14	19002124	107285437	1	1
TCGA-09-1664	15	20016328	102469040	1	1
TCGA-09-1664	16	60777	90287535	1	1
TCGA-09-1664	17	526	8888999	1	1
TCGA-09-1664	17	8889657	25276327	1	0
TCGA-09-1664	17	25282105	27235667	1	1
TCGA-09-1664	17	27237900	45536845	1	0
TCGA-09-1664	17	45537181	81049726	1	1
TCGA-09-1664	18	48133	78015057	1	1
TCGA-09-1664	19	90910	9102480	1	0
TCGA-09-1664	19	9104899	33399990	1	1
TCGA-09-1664	19	33401700	59097854	1	0
TCGA-09-1664	20	61305	14865484	1	1
TCGA-09-1664	20	14868353	14973840	1	0
TCGA-09-1664	20	14974695	62956153	1	1
TCGA-09-1664	21	10736871	48096957	1	1
TCGA-09-1664	22	16052528	51234455	1	0
TCGA-09-1664	X	168477	155233846	1	1
