sample	chr	startpos	endpos	nMajor	nMinor
TCGA-AD-6890	1	61735	36107510	2	0
TCGA-AD-6890	1	36108705	41411249	2	1
TCGA-AD-6890	1	41414938	48974357	2	2
TCGA-AD-6890	1	48974869	49826393	2	1
TCGA-AD-6890	1	49831125	53713336	2	2
TCGA-AD-6890	1	53713549	73358484	2	0
TCGA-AD-6890	1	73360113	154069225	2	1
TCGA-AD-6890	1	154071498	154803645	2	2
TCGA-AD-6890	1	154807018	158427551	2	1
TCGA-AD-6890	1	158432808	159062436	2	2
TCGA-AD-6890	1	159064568	163510742	2	1
TCGA-AD-6890	1	163511425	174966164	2	0
TCGA-AD-6890	1	174966431	184117514	2	1
TCGA-AD-6890	1	184118273	187176923	2	0
TCGA-AD-6890	1	187178655	187647148	2	1
TCGA-AD-6890	1	187650980	206785247	2	0
TCGA-AD-6890	1	206786073	206961466	3	1
TCGA-AD-6890	1	206962380	244050030	2	0
TCGA-AD-6890	1	244057199	245387661	2	1
TCGA-AD-6890	1	245388149	245988395	2	0
TCGA-AD-6890	1	245989007	246293606	2	1
TCGA-AD-6890	1	246293716	249224388	2	0
TCGA-AD-6890	2	12784	243089456	2	1
TCGA-AD-6890	3	60345	61045092	2	1
TCGA-AD-6890	3	61045548	61155297	2	0
TCGA-AD-6890	3	61155891	197896118	2	1
TCGA-AD-6890	4	12281	191027923	2	1
TCGA-AD-6890	5	15532	180790320	2	1
TCGA-AD-6890	6	149661	171051005	2	1
TCGA-AD-6890	7	43259	159127004	2	2
TCGA-AD-6890	8	31254	146298155	2	1
TCGA-AD-6890	9	46587	141091394	2	1
TCGA-AD-6890	10	72759	53217223	2	1
TCGA-AD-6890	10	53217522	53461266	1	1
TCGA-AD-6890	10	53461575	135506704	2	1
TCGA-AD-6890	11	198572	134944770	2	1
TCGA-AD-6890	12	150442	133778189	2	1
TCGA-AD-6890	13	19026949	115108397	3	1
TCGA-AD-6890	14	19002124	107285437	3	1
TCGA-AD-6890	15	20016328	102469040	2	1
TCGA-AD-6890	16	60777	90287535	2	1
TCGA-AD-6890	17	526	11434764	2	0
TCGA-AD-6890	17	11435460	11943065	0	0
TCGA-AD-6890	17	11956992	21542097	2	0
TCGA-AD-6890	17	21545222	35639975	2	2
TCGA-AD-6890	17	35640686	81049726	3	1
TCGA-AD-6890	18	48133	78015057	1	1
TCGA-AD-6890	19	90910	59097854	2	1
TCGA-AD-6890	20	61305	62956153	2	2
TCGA-AD-6890	21	10736871	48096957	2	0
TCGA-AD-6890	22	16052528	51234455	2	1
TCGA-AD-6890	X	168477	2694240	2	1
TCGA-AD-6890	X	2703391	155233846	2	0
