sample	chr	startpos	endpos	nMajor	nMinor
TCGA-DU-8162	1	61735	121482979	1	1
TCGA-DU-8162	1	144007049	249224388	2	1
TCGA-DU-8162	2	12784	243089456	1	1
TCGA-DU-8162	3	60345	186732679	1	1
TCGA-DU-8162	3	186734447	194542318	1	0
TCGA-DU-8162	3	194542432	197896118	1	1
TCGA-DU-8162	4	12281	191027923	1	1
TCGA-DU-8162	5	15532	180790320	1	1
TCGA-DU-8162	6	149661	171051005	1	1
TCGA-DU-8162	7	43259	45046618	1	1
TCGA-DU-8162	7	45046831	46419712	4	1
TCGA-DU-8162	7	46423488	54261280	1	1
TCGA-DU-8162	7	54262770	61888128	12	1
TCGA-DU-8162	7	61987173	65161376	1	1
TCGA-DU-8162	7	65162182	66826050	4	1
TCGA-DU-8162	7	66832228	70609559	3	1
TCGA-DU-8162	7	70612015	72804017	8	1
TCGA-DU-8162	7	72804412	73781480	2	1
TCGA-DU-8162	7	73782238	78495913	8	1
TCGA-DU-8162	7	78503745	129889232	1	1
TCGA-DU-8162	7	129893023	130910609	5	1
TCGA-DU-8162	7	130913725	132416460	7	1
TCGA-DU-8162	7	132416826	159127004	1	1
TCGA-DU-8162	8	31254	146298155	1	1
TCGA-DU-8162	9	46587	141091394	1	1
TCGA-DU-8162	10	72759	135506704	1	1
TCGA-DU-8162	11	198572	134944770	1	1
TCGA-DU-8162	12	150442	133778189	1	1
TCGA-DU-8162	13	19026949	115108397	1	1
TCGA-DU-8162	14	19002124	107285437	1	1
TCGA-DU-8162	15	20016328	102469040	1	1
TCGA-DU-8162	16	60777	90287535	1	1
TCGA-DU-8162	17	526	81049726	1	1
TCGA-DU-8162	18	48133	78015057	1	1
TCGA-DU-8162	19	90910	59097854	1	1
TCGA-DU-8162	20	61305	62956153	2	1
TCGA-DU-8162	21	10736871	48096957	1	1
TCGA-DU-8162	22	16052528	51234455	1	1
TCGA-DU-8162	X	168477	155233846	1	1
