sample	chr	startpos	endpos	nMajor	nMinor
TCGA-DU-7298	1	61735	249224388	1	1
TCGA-DU-7298	2	12784	243089456	1	1
TCGA-DU-7298	3	60345	120206415	1	1
TCGA-DU-7298	3	120206627	197896118	1	0
TCGA-DU-7298	4	12281	190310734	1	1
TCGA-DU-7298	4	190317031	191027923	1	0
TCGA-DU-7298	5	15532	180790320	1	1
TCGA-DU-7298	6	149661	57299309	1	1
TCGA-DU-7298	6	57308995	58039239	1	0
TCGA-DU-7298	6	58040962	58691854	1	1
TCGA-DU-7298	6	58692101	171051005	1	0
TCGA-DU-7298	7	43259	159127004	1	1
TCGA-DU-7298	8	31254	146298155	1	1
TCGA-DU-7298	9	46587	20834106	1	0
TCGA-DU-7298	9	20834807	21107326	1	1
TCGA-DU-7298	9	21107470	73221517	1	0
TCGA-DU-7298	9	73221974	141091394	2	1
TCGA-DU-7298	10	72759	101466007	1	1
TCGA-DU-7298	10	101469885	135506704	1	0
TCGA-DU-7298	11	198572	112852032	1	1
TCGA-DU-7298	11	112852349	134944770	2	1
TCGA-DU-7298	12	150442	56935652	1	1
TCGA-DU-7298	12	56938383	78126514	2	1
TCGA-DU-7298	12	78128887	128572571	1	1
TCGA-DU-7298	12	128573726	133778189	2	1
TCGA-DU-7298	13	19026949	47923314	1	1
TCGA-DU-7298	13	47923559	115108397	1	0
TCGA-DU-7298	14	19002124	62213448	1	1
TCGA-DU-7298	14	62220005	107285437	1	0
TCGA-DU-7298	15	20016328	102469040	1	1
TCGA-DU-7298	16	60777	90287535	1	1
TCGA-DU-7298	17	526	987221	2	1
TCGA-DU-7298	17	987240	18578202	1	1
TCGA-DU-7298	17	18579709	34951501	1	0
TCGA-DU-7298	17	34951530	37992018	1	1
TCGA-DU-7298	17	37992064	41080815	1	0
TCGA-DU-7298	17	41081042	81049726	1	1
TCGA-DU-7298	18	48133	78015057	1	1
TCGA-DU-7298	19	90910	28016293	2	1
TCGA-DU-7298	19	28032400	33333155	1	1
TCGA-DU-7298	19	33334415	59097854	1	0
TCGA-DU-7298	20	61305	5769051	1	1
TCGA-DU-7298	20	5770553	26252334	2	1
TCGA-DU-7298	20	26253682	62956153	1	1
TCGA-DU-7298	21	10736871	48096957	1	1
TCGA-DU-7298	22	16052528	19504192	1	1
TCGA-DU-7298	22	19506124	51234455	1	0
TCGA-DU-7298	X	168477	155233846	1	1
