sample	chr	startpos	endpos	nMajor	nMinor
TCGA-A3-3367	1	61735	249224388	1	1
TCGA-A3-3367	2	12784	243089456	1	1
TCGA-A3-3367	3	60345	116303984	1	0
TCGA-A3-3367	3	116313404	117244504	1	1
TCGA-A3-3367	3	117250250	117778002	1	0
TCGA-A3-3367	3	117785807	118947281	1	1
TCGA-A3-3367	3	118948013	119768246	1	0
TCGA-A3-3367	3	119773933	197896118	1	1
TCGA-A3-3367	4	12281	106244657	1	1
TCGA-A3-3367	4	106249102	106890773	1	0
TCGA-A3-3367	4	106895574	112618879	1	1
TCGA-A3-3367	4	112619909	191027923	1	0
TCGA-A3-3367	5	15532	180790320	1	1
TCGA-A3-3367	6	149661	171051005	1	1
TCGA-A3-3367	7	43259	159127004	1	1
TCGA-A3-3367	8	31254	146298155	1	1
TCGA-A3-3367	9	46587	141091394	1	1
TCGA-A3-3367	10	72759	135506704	1	1
TCGA-A3-3367	11	198572	134944770	1	1
TCGA-A3-3367	12	150442	133778189	1	1
TCGA-A3-3367	13	19026949	115108397	1	1
TCGA-A3-3367	14	19002124	107285437	1	1
TCGA-A3-3367	15	20016328	102469040	1	1
TCGA-A3-3367	16	60777	89798667	1	1
TCGA-A3-3367	16	89804855	90287535	1	0
TCGA-A3-3367	17	526	81049726	1	1
TCGA-A3-3367	18	48133	78015057	1	1
TCGA-A3-3367	19	90910	59097854	1	1
TCGA-A3-3367	20	61305	62956153	1	1
TCGA-A3-3367	21	10736871	48096957	1	1
TCGA-A3-3367	22	16052528	51234455	1	1
TCGA-A3-3367	X	168477	155233846	1	0
