sample	chr	startpos	endpos	nMajor	nMinor
TCGA-92-7340-a	1	61735	121482979	2	1
TCGA-92-7340-a	1	144007049	149876124	2	0
TCGA-92-7340-a	1	149876147	164149540	3	3
TCGA-92-7340-a	1	164149646	246039231	2	2
TCGA-92-7340-a	1	246040115	249224388	3	0
TCGA-92-7340-a	2	12784	26129330	1	1
TCGA-92-7340-a	2	26150589	200457562	2	2
TCGA-92-7340-a	2	200458519	203045265	7	2
TCGA-92-7340-a	2	203051803	204061272	24	3
TCGA-92-7340-a	2	204065897	243089456	1	1
TCGA-92-7340-a	3	60345	93997579	1	1
TCGA-92-7340-a	3	93997874	132532057	2	2
TCGA-92-7340-a	3	132532398	186230003	3	3
TCGA-92-7340-a	3	186230742	197896118	3	2
TCGA-92-7340-a	4	12281	53820490	1	1
TCGA-92-7340-a	4	53822307	57610291	3	3
TCGA-92-7340-a	4	57612841	59882734	17	2
TCGA-92-7340-a	4	59884827	59901657	28	5
TCGA-92-7340-a	4	59901973	59916674	20	3
TCGA-92-7340-a	4	59917301	61181301	41	1
TCGA-92-7340-a	4	61184428	73351177	3	3
TCGA-92-7340-a	4	73351379	79476421	8	2
TCGA-92-7340-a	4	79479683	160161916	1	1
TCGA-92-7340-a	4	160164614	161088391	11	1
TCGA-92-7340-a	4	161088873	181820218	1	1
TCGA-92-7340-a	4	181820459	187257780	8	2
TCGA-92-7340-a	4	187258118	191027923	3	3
TCGA-92-7340-a	5	15532	46365441	3	2
TCGA-92-7340-a	5	46377327	173604854	1	1
TCGA-92-7340-a	5	173605598	180790320	3	0
TCGA-92-7340-a	6	149661	171051005	2	1
TCGA-92-7340-a	7	43259	90159823	2	1
TCGA-92-7340-a	7	90161245	122730721	3	3
TCGA-92-7340-a	7	122732265	137130197	2	0
TCGA-92-7340-a	7	137132243	142924963	3	3
TCGA-92-7340-a	7	142935240	152894753	2	2
TCGA-92-7340-a	7	152895275	159127004	1	1
TCGA-92-7340-a	8	31254	13804470	1	1
TCGA-92-7340-a	8	13804535	50189859	2	2
TCGA-92-7340-a	8	50195014	51642568	3	2
TCGA-92-7340-a	8	51643132	146298155	4	0
TCGA-92-7340-a	9	46587	47217176	2	1
TCGA-92-7340-a	9	65616971	141091394	1	1
TCGA-92-7340-a	10	72759	8814650	2	2
TCGA-92-7340-a	10	8820366	9429819	22	2
TCGA-92-7340-a	10	9432082	33881525	3	2
TCGA-92-7340-a	10	33883084	116489043	1	1
TCGA-92-7340-a	10	116490628	135506704	2	2
TCGA-92-7340-a	11	198572	56294993	1	1
TCGA-92-7340-a	11	56295143	103525771	2	2
TCGA-92-7340-a	11	103526024	134944770	1	1
TCGA-92-7340-a	12	150442	133778189	2	2
TCGA-92-7340-a	13	19026949	115108397	1	1
TCGA-92-7340-a	14	19002124	107285437	3	2
TCGA-92-7340-a	15	20016328	102469040	2	1
TCGA-92-7340-a	16	60777	28485240	1	1
TCGA-92-7340-a	16	28485419	35283226	3	2
TCGA-92-7340-a	16	46463782	90287535	2	2
TCGA-92-7340-a	17	526	8004292	3	0
TCGA-92-7340-a	17	8005889	81049726	2	2
TCGA-92-7340-a	18	48133	32389236	2	2
TCGA-92-7340-a	18	32390701	69115625	1	1
TCGA-92-7340-a	18	69115807	78015057	1	0
TCGA-92-7340-a	19	90910	59097854	2	2
TCGA-92-7340-a	20	61305	62956153	2	1
TCGA-92-7340-a	21	10736871	48096957	3	3
TCGA-92-7340-a	22	16052528	29087041	2	1
TCGA-92-7340-a	22	29088590	31810754	6	2
TCGA-92-7340-a	22	31814337	51234455	2	1
TCGA-92-7340-a	X	168477	68007702	1	1
TCGA-92-7340-a	X	68008773	72986692	10	2
TCGA-92-7340-a	X	72987365	155233846	1	1
