sample	chr	startpos	endpos	nMajor	nMinor
TCGA-HC-7075	1	61735	50740168	1	1
TCGA-HC-7075	1	50754296	50906366	1	0
TCGA-HC-7075	1	50909985	152249720	1	1
TCGA-HC-7075	1	152250436	153079521	1	0
TCGA-HC-7075	1	153083967	156629663	1	1
TCGA-HC-7075	1	156632061	157892065	1	0
TCGA-HC-7075	1	157896902	158192949	1	1
TCGA-HC-7075	1	158201925	159362808	1	0
TCGA-HC-7075	1	159373590	159890459	1	1
TCGA-HC-7075	1	159892780	160052387	1	0
TCGA-HC-7075	1	160053075	169396620	1	1
TCGA-HC-7075	1	169397484	170935270	1	0
TCGA-HC-7075	1	170935594	249224388	1	1
TCGA-HC-7075	2	12784	243089456	1	1
TCGA-HC-7075	3	60345	197896118	1	1
TCGA-HC-7075	4	12281	191027923	1	1
TCGA-HC-7075	5	15532	10681110	1	1
TCGA-HC-7075	5	10683822	12652416	2	1
TCGA-HC-7075	5	12652832	180790320	1	1
TCGA-HC-7075	6	149661	62611695	1	1
TCGA-HC-7075	6	62619791	62934899	1	0
TCGA-HC-7075	6	62935288	66777481	1	1
TCGA-HC-7075	6	66787526	66865909	1	0
TCGA-HC-7075	6	66875633	171051005	1	1
TCGA-HC-7075	7	43259	159127004	1	1
TCGA-HC-7075	8	31254	2595684	1	1
TCGA-HC-7075	8	2596106	3195038	1	0
TCGA-HC-7075	8	3202187	4410752	1	1
TCGA-HC-7075	8	4412051	13750561	1	0
TCGA-HC-7075	8	13750744	15452518	1	1
TCGA-HC-7075	8	15455504	15537663	1	0
TCGA-HC-7075	8	15540016	146298155	1	1
TCGA-HC-7075	9	46587	141091394	1	1
TCGA-HC-7075	10	72759	135506704	1	1
TCGA-HC-7075	11	198572	134944770	1	1
TCGA-HC-7075	12	150442	133778189	1	1
TCGA-HC-7075	13	19026949	115108397	1	1
TCGA-HC-7075	14	19002124	20349860	2	1
TCGA-HC-7075	14	20350383	107285437	1	1
TCGA-HC-7075	15	20016328	102469040	1	1
TCGA-HC-7075	16	60777	90287535	1	1
TCGA-HC-7075	17	526	41807362	1	1
TCGA-HC-7075	17	41807721	42463902	1	0
TCGA-HC-7075	17	42465437	81049726	1	1
TCGA-HC-7075	18	48133	78015057	1	1
TCGA-HC-7075	19	90910	59097854	1	1
TCGA-HC-7075	20	61305	62956153	1	1
TCGA-HC-7075	21	10736871	48096957	1	1
TCGA-HC-7075	22	16052528	51234455	1	1
TCGA-HC-7075	X	168477	2703391	1	1
TCGA-HC-7075	X	2703633	155233846	1	0
