sample	chr	startpos	endpos	nMajor	nMinor
TCGA-BP-4342	1	61735	121482979	2	0
TCGA-BP-4342	1	144007049	152068583	3	3
TCGA-BP-4342	1	152078981	152250436	6	3
TCGA-BP-4342	1	152260355	249224388	3	3
TCGA-BP-4342	2	12784	243089456	3	3
TCGA-BP-4342	3	60345	197896118	2	0
TCGA-BP-4342	4	12281	191027923	3	3
TCGA-BP-4342	5	15532	177360868	3	3
TCGA-BP-4342	5	177377648	180790320	3	1
TCGA-BP-4342	6	149661	3372974	3	1
TCGA-BP-4342	6	3379610	171051005	1	1
TCGA-BP-4342	7	43259	159127004	2	2
TCGA-BP-4342	8	31254	146298155	3	3
TCGA-BP-4342	9	46587	141091394	2	0
TCGA-BP-4342	10	72759	52030945	3	3
TCGA-BP-4342	10	52031278	135506704	2	0
TCGA-BP-4342	11	198572	48345958	2	2
TCGA-BP-4342	11	48346202	56968959	3	2
TCGA-BP-4342	11	56969455	134944770	2	2
TCGA-BP-4342	12	150442	133778189	2	2
TCGA-BP-4342	13	19026949	115108397	2	2
TCGA-BP-4342	14	19002124	107285437	3	3
TCGA-BP-4342	15	20016328	102469040	3	3
TCGA-BP-4342	16	60777	90287535	2	2
TCGA-BP-4342	17	526	81049726	2	2
TCGA-BP-4342	18	48133	78015057	3	3
TCGA-BP-4342	19	90910	59097854	3	3
TCGA-BP-4342	20	61305	62956153	3	3
TCGA-BP-4342	21	10736871	48096957	2	2
TCGA-BP-4342	22	16052528	51234455	3	3
TCGA-BP-4342	X	168477	2703391	2	0
TCGA-BP-4342	X	2703633	155233846	3	0
