sample	chr	startpos	endpos	nMajor	nMinor
TCGA-AZ-5407	1	61735	249224388	1	1
TCGA-AZ-5407	2	12784	243089456	1	1
TCGA-AZ-5407	3	60345	197896118	1	1
TCGA-AZ-5407	4	12281	23414767	1	0
TCGA-AZ-5407	4	23416521	191027923	1	1
TCGA-AZ-5407	5	15532	180790320	1	1
TCGA-AZ-5407	6	149661	171051005	1	1
TCGA-AZ-5407	7	43259	159127004	4	1
TCGA-AZ-5407	8	31254	11630859	2	1
TCGA-AZ-5407	8	11633282	16513493	4	1
TCGA-AZ-5407	8	16513735	47398258	2	1
TCGA-AZ-5407	8	47411311	146298155	4	1
TCGA-AZ-5407	9	46587	141091394	1	1
TCGA-AZ-5407	10	72759	135506704	1	1
TCGA-AZ-5407	11	198572	134944770	1	1
TCGA-AZ-5407	12	150442	133778189	1	1
TCGA-AZ-5407	13	19026949	115108397	1	1
TCGA-AZ-5407	14	19002124	107285437	1	1
TCGA-AZ-5407	15	20016328	102469040	1	0
TCGA-AZ-5407	16	60777	90287535	1	1
TCGA-AZ-5407	17	526	19050763	1	0
TCGA-AZ-5407	17	19050926	81049726	2	1
TCGA-AZ-5407	18	48133	6999054	1	0
TCGA-AZ-5407	18	6999315	18611954	1	1
TCGA-AZ-5407	18	18616177	22436550	3	1
TCGA-AZ-5407	18	22436880	27943628	2	1
TCGA-AZ-5407	18	27947592	31251221	3	1
TCGA-AZ-5407	18	31256367	34213421	1	1
TCGA-AZ-5407	18	34214311	78015057	1	0
TCGA-AZ-5407	19	90910	59097854	3	1
TCGA-AZ-5407	20	61305	62956153	1	1
TCGA-AZ-5407	21	10736871	48096957	3	1
TCGA-AZ-5407	22	16052528	51234455	1	1
TCGA-AZ-5407	X	168477	6631279	1	0
TCGA-AZ-5407	X	6631831	10160006	1	1
TCGA-AZ-5407	X	10161702	19067285	1	0
TCGA-AZ-5407	X	19067421	26978078	1	1
TCGA-AZ-5407	X	26980466	70530420	1	0
TCGA-AZ-5407	X	70531318	155233846	1	1
