sample	chr	startpos	endpos	nMajor	nMinor
TCGA-AZ-4308	1	61735	69828520	1	1
TCGA-AZ-4308	1	69830980	69899201	1	0
TCGA-AZ-4308	1	69899776	249224388	1	1
TCGA-AZ-4308	2	12784	106898283	1	1
TCGA-AZ-4308	2	106898380	108714657	1	0
TCGA-AZ-4308	2	108716513	124662843	1	1
TCGA-AZ-4308	2	124663187	148150029	1	0
TCGA-AZ-4308	2	148154188	243089456	1	1
TCGA-AZ-4308	3	60345	8411999	1	1
TCGA-AZ-4308	3	8414943	8624945	1	0
TCGA-AZ-4308	3	8625604	60685603	1	1
TCGA-AZ-4308	3	60685934	61447981	1	0
TCGA-AZ-4308	3	61449577	103342997	1	1
TCGA-AZ-4308	3	103347637	106440058	1	0
TCGA-AZ-4308	3	106440646	114097560	1	1
TCGA-AZ-4308	3	114097648	114341854	1	0
TCGA-AZ-4308	3	114341977	197896118	1	1
TCGA-AZ-4308	4	12281	110682487	1	1
TCGA-AZ-4308	4	110686413	110900048	1	0
TCGA-AZ-4308	4	110900791	129914339	1	1
TCGA-AZ-4308	4	129914677	130236048	1	0
TCGA-AZ-4308	4	130236239	134867326	1	1
TCGA-AZ-4308	4	134868541	136892335	1	0
TCGA-AZ-4308	4	136895194	137146002	1	1
TCGA-AZ-4308	4	137146112	138212626	1	0
TCGA-AZ-4308	4	138216074	139010997	1	1
TCGA-AZ-4308	4	139019310	140308984	1	0
TCGA-AZ-4308	4	140315829	143938003	1	1
TCGA-AZ-4308	4	143941858	144039669	1	0
TCGA-AZ-4308	4	144044155	149407663	1	1
TCGA-AZ-4308	4	149408916	150163674	1	0
TCGA-AZ-4308	4	150167349	152673341	1	1
TCGA-AZ-4308	4	152675427	153461918	1	0
TCGA-AZ-4308	4	153468706	154164922	1	1
TCGA-AZ-4308	4	154170135	154505803	1	0
TCGA-AZ-4308	4	154506494	156729544	1	1
TCGA-AZ-4308	4	156734549	157424032	1	0
TCGA-AZ-4308	4	157424354	157812678	1	1
TCGA-AZ-4308	4	157812966	158904295	1	0
TCGA-AZ-4308	4	158906656	159551521	1	1
TCGA-AZ-4308	4	159553385	160319175	1	0
TCGA-AZ-4308	4	160319690	163513402	1	1
TCGA-AZ-4308	4	163514514	164975646	1	0
TCGA-AZ-4308	4	164976276	167867698	1	1
TCGA-AZ-4308	4	167868900	168660745	1	0
TCGA-AZ-4308	4	168666375	169096380	1	1
TCGA-AZ-4308	4	169096397	170362849	1	0
TCGA-AZ-4308	4	170363300	170818779	1	1
TCGA-AZ-4308	4	170819110	171689818	1	0
TCGA-AZ-4308	4	171692801	172534290	1	1
TCGA-AZ-4308	4	172543292	173482509	1	0
TCGA-AZ-4308	4	173490196	177366483	1	1
TCGA-AZ-4308	4	177369859	177735975	1	0
TCGA-AZ-4308	4	177736812	177975544	1	1
TCGA-AZ-4308	4	177977828	178256045	1	0
TCGA-AZ-4308	4	178259248	179183106	1	1
TCGA-AZ-4308	4	179184277	179388852	1	0
TCGA-AZ-4308	4	179391442	179652804	1	1
TCGA-AZ-4308	4	179657206	180130081	1	0
TCGA-AZ-4308	4	180133742	181033691	1	1
TCGA-AZ-4308	4	181036624	182234918	1	0
TCGA-AZ-4308	4	182246456	182729857	1	1
TCGA-AZ-4308	4	182734057	189365509	1	0
TCGA-AZ-4308	4	189371244	189725262	1	1
TCGA-AZ-4308	4	189730781	191027923	1	0
TCGA-AZ-4308	5	15532	180790320	1	1
TCGA-AZ-4308	6	149661	3465833	1	1
TCGA-AZ-4308	6	3466022	3640209	1	0
TCGA-AZ-4308	6	3643787	162343578	1	1
TCGA-AZ-4308	6	162344712	162504405	1	0
TCGA-AZ-4308	6	162507690	162601227	1	1
TCGA-AZ-4308	6	162602797	162881462	1	0
TCGA-AZ-4308	6	162883484	171051005	1	1
TCGA-AZ-4308	7	43259	44829844	2	1
TCGA-AZ-4308	7	44837298	98016373	1	1
TCGA-AZ-4308	7	98018392	100152626	2	1
TCGA-AZ-4308	7	100156438	159127004	1	1
TCGA-AZ-4308	8	31254	35128375	1	0
TCGA-AZ-4308	8	35128438	37833503	2	1
TCGA-AZ-4308	8	37834312	40761984	1	0
TCGA-AZ-4308	8	40762263	48455170	1	1
TCGA-AZ-4308	8	48455973	103811092	2	1
TCGA-AZ-4308	8	103815334	113430447	3	1
TCGA-AZ-4308	8	113432766	146298155	2	1
TCGA-AZ-4308	9	46587	141091394	1	1
TCGA-AZ-4308	10	72759	53857278	1	1
TCGA-AZ-4308	10	53857848	54060101	1	0
TCGA-AZ-4308	10	54061438	135506704	1	1
TCGA-AZ-4308	11	198572	134944770	1	1
TCGA-AZ-4308	12	150442	64119834	1	1
TCGA-AZ-4308	12	64119848	64374139	1	0
TCGA-AZ-4308	12	64374677	133778189	1	1
TCGA-AZ-4308	13	19026949	19520922	2	1
TCGA-AZ-4308	13	19521293	54996026	2	2
TCGA-AZ-4308	13	54996175	55983374	2	1
TCGA-AZ-4308	13	55985612	57555117	2	2
TCGA-AZ-4308	13	57555692	59113274	2	1
TCGA-AZ-4308	13	59117254	62773498	2	2
TCGA-AZ-4308	13	62773561	64795587	2	1
TCGA-AZ-4308	13	64796174	82434210	2	2
TCGA-AZ-4308	13	82439737	85159010	2	1
TCGA-AZ-4308	13	85159078	87260074	2	2
TCGA-AZ-4308	13	87261257	87508259	2	1
TCGA-AZ-4308	13	87510380	104920270	2	2
TCGA-AZ-4308	13	104921261	105462797	2	1
TCGA-AZ-4308	13	105463266	115108397	2	2
TCGA-AZ-4308	14	19002124	107285437	1	0
TCGA-AZ-4308	15	20016328	102469040	1	1
TCGA-AZ-4308	16	60777	6267864	1	1
TCGA-AZ-4308	16	6268155	6355866	1	0
TCGA-AZ-4308	16	6356187	6957923	0	0
TCGA-AZ-4308	16	6958176	7063997	1	0
TCGA-AZ-4308	16	7064036	90287535	1	1
TCGA-AZ-4308	17	526	21552172	1	0
TCGA-AZ-4308	17	21552186	81049726	1	1
TCGA-AZ-4308	18	48133	14090896	1	0
TCGA-AZ-4308	18	14090993	15402408	1	1
TCGA-AZ-4308	18	18529353	48477205	1	0
TCGA-AZ-4308	18	48486396	48663825	0	0
TCGA-AZ-4308	18	48666606	78015057	1	0
TCGA-AZ-4308	19	90910	59097854	1	1
TCGA-AZ-4308	20	61305	15797648	1	0
TCGA-AZ-4308	20	15797818	29437204	1	1
TCGA-AZ-4308	20	29441595	62956153	5	0
TCGA-AZ-4308	21	10736871	48096957	1	1
TCGA-AZ-4308	22	16052528	33810583	1	1
TCGA-AZ-4308	22	33810970	33960903	1	0
TCGA-AZ-4308	22	33961892	51234455	1	1
TCGA-AZ-4308	X	168477	7304479	2	0
TCGA-AZ-4308	X	7306915	7426907	0	0
TCGA-AZ-4308	X	7430640	7448817	1	0
TCGA-AZ-4308	X	7450307	155233846	2	0
