sample	chr	startpos	endpos	nMajor	nMinor
TCGA-AZ-6606	1	61735	121482979	2	2
TCGA-AZ-6606	1	144007049	249224388	6	2
TCGA-AZ-6606	2	12784	33161519	2	2
TCGA-AZ-6606	2	33169899	36395628	3	2
TCGA-AZ-6606	2	36395676	77551292	2	2
TCGA-AZ-6606	2	77552255	78101277	2	1
TCGA-AZ-6606	2	78102968	243089456	2	2
TCGA-AZ-6606	3	60345	197896118	2	2
TCGA-AZ-6606	4	12281	12941565	2	2
TCGA-AZ-6606	4	12942139	13571867	2	1
TCGA-AZ-6606	4	13571901	191027923	2	2
TCGA-AZ-6606	5	15532	46334337	2	2
TCGA-AZ-6606	5	46334879	58708257	5	2
TCGA-AZ-6606	5	58709439	180790320	4	2
TCGA-AZ-6606	6	149661	171051005	2	2
TCGA-AZ-6606	7	43259	12435992	2	2
TCGA-AZ-6606	7	12437546	13674380	5	2
TCGA-AZ-6606	7	13674563	13733618	4	0
TCGA-AZ-6606	7	13733647	36314756	4	3
TCGA-AZ-6606	7	36316180	37754391	4	2
TCGA-AZ-6606	7	37761741	159127004	2	2
TCGA-AZ-6606	8	31254	41449348	2	0
TCGA-AZ-6606	8	41454375	42960504	13	2
TCGA-AZ-6606	8	42965243	116368443	3	3
TCGA-AZ-6606	8	116368790	117106908	12	4
TCGA-AZ-6606	8	117107205	124309565	6	5
TCGA-AZ-6606	8	124309720	138623988	4	4
TCGA-AZ-6606	8	138624596	140005166	3	3
TCGA-AZ-6606	8	140006609	146298155	3	0
TCGA-AZ-6606	9	46587	1381203	3	2
TCGA-AZ-6606	9	1382843	141091394	2	2
TCGA-AZ-6606	10	72759	135506704	2	2
TCGA-AZ-6606	11	198572	134944770	2	2
TCGA-AZ-6606	12	150442	1346049	20	0
TCGA-AZ-6606	12	1350228	1354465	36	0
TCGA-AZ-6606	12	1355060	1368090	17	0
TCGA-AZ-6606	12	1375096	3823077	42	0
TCGA-AZ-6606	12	3826620	4616901	58	0
TCGA-AZ-6606	12	4625591	5777045	13	0
TCGA-AZ-6606	12	5779398	9506768	4	0
TCGA-AZ-6606	12	9513839	9943700	12	0
TCGA-AZ-6606	12	9943910	9963485	6	0
TCGA-AZ-6606	12	9967813	10064017	10	1
TCGA-AZ-6606	12	10069166	10131865	5	0
TCGA-AZ-6606	12	10131939	10533597	2	0
TCGA-AZ-6606	12	10538456	133778189	4	0
TCGA-AZ-6606	13	19026949	80645078	11	2
TCGA-AZ-6606	13	80646194	90678813	12	2
TCGA-AZ-6606	13	90679195	115108397	11	2
TCGA-AZ-6606	14	19002124	107285437	2	2
TCGA-AZ-6606	15	20016328	102469040	2	2
TCGA-AZ-6606	16	60777	6490887	2	2
TCGA-AZ-6606	16	6491126	6566696	2	1
TCGA-AZ-6606	16	6569772	6587304	0	0
TCGA-AZ-6606	16	6588519	6637855	1	0
TCGA-AZ-6606	16	6640694	6659080	2	0
TCGA-AZ-6606	16	6660169	6739667	0	0
TCGA-AZ-6606	16	6744219	6944189	1	0
TCGA-AZ-6606	16	6948175	90287535	2	2
TCGA-AZ-6606	17	526	81049726	2	2
TCGA-AZ-6606	18	48133	48463659	2	2
TCGA-AZ-6606	18	48464204	78015057	2	0
TCGA-AZ-6606	19	90910	6469847	5	0
TCGA-AZ-6606	19	6479571	12533259	5	4
TCGA-AZ-6606	19	12538765	59097854	3	2
TCGA-AZ-6606	20	61305	14377941	2	1
TCGA-AZ-6606	20	14380508	15122361	1	0
TCGA-AZ-6606	20	15122578	16583665	2	0
TCGA-AZ-6606	20	16585586	21858551	2	1
TCGA-AZ-6606	20	21863229	23567838	3	2
TCGA-AZ-6606	20	23568054	42730974	2	2
TCGA-AZ-6606	20	42731844	62956153	4	2
TCGA-AZ-6606	21	10736871	17760423	2	1
TCGA-AZ-6606	21	17763224	48096957	2	2
TCGA-AZ-6606	22	16052528	51234455	4	0
TCGA-AZ-6606	X	168477	2694240	3	2
TCGA-AZ-6606	X	2703391	58549568	2	0
TCGA-AZ-6606	X	58561091	154907075	4	0
TCGA-AZ-6606	X	154909159	155233846	3	1
