sample	chr	startpos	endpos	nMajor	nMinor
TCGA-HT-7902	1	61735	249224388	1	1
TCGA-HT-7902	2	12784	243089456	1	1
TCGA-HT-7902	3	60345	17418747	2	1
TCGA-HT-7902	3	17418991	197896118	1	1
TCGA-HT-7902	4	12281	191027923	1	1
TCGA-HT-7902	5	15532	180790320	1	1
TCGA-HT-7902	6	149661	171051005	1	1
TCGA-HT-7902	7	43259	38294996	1	1
TCGA-HT-7902	7	38297835	38357323	3	2
TCGA-HT-7902	7	38358227	159127004	1	1
TCGA-HT-7902	8	31254	146298155	1	1
TCGA-HT-7902	9	46587	141091394	1	1
TCGA-HT-7902	10	72759	135506704	1	1
TCGA-HT-7902	11	198572	49669937	1	0
TCGA-HT-7902	11	49672836	134944770	1	1
TCGA-HT-7902	12	150442	66905383	1	1
TCGA-HT-7902	12	66905405	133778189	1	0
TCGA-HT-7902	13	19026949	97515455	1	1
TCGA-HT-7902	13	97515751	103576820	1	0
TCGA-HT-7902	13	103577244	111641084	1	1
TCGA-HT-7902	13	111641272	115108397	1	0
TCGA-HT-7902	14	19002124	22519841	1	0
TCGA-HT-7902	14	22521897	22978775	2	2
TCGA-HT-7902	14	22983223	89434396	1	0
TCGA-HT-7902	14	89434694	107285437	2	0
TCGA-HT-7902	15	20016328	102469040	1	1
TCGA-HT-7902	16	60777	35283226	1	1
TCGA-HT-7902	16	46463782	48646852	2	0
TCGA-HT-7902	16	48646903	90287535	1	1
TCGA-HT-7902	17	526	81049726	1	1
TCGA-HT-7902	18	48133	78015057	1	1
TCGA-HT-7902	19	90910	59097854	1	1
TCGA-HT-7902	20	61305	62956153	1	1
TCGA-HT-7902	21	10736871	48096957	1	0
TCGA-HT-7902	22	16052528	51234455	1	1
TCGA-HT-7902	X	168477	53821233	1	0
TCGA-HT-7902	X	53821780	115659895	1	1
TCGA-HT-7902	X	115662757	117815935	2	1
TCGA-HT-7902	X	117816320	155233846	1	1
