sample	chr	startpos	endpos	nMajor	nMinor
TCGA-AB-2986	1	61735	249224388	1	1
TCGA-AB-2986	2	12784	243089456	1	1
TCGA-AB-2986	3	60345	197896118	1	1
TCGA-AB-2986	4	12281	191027923	1	1
TCGA-AB-2986	5	15532	180790320	1	1
TCGA-AB-2986	6	149661	171051005	1	1
TCGA-AB-2986	7	43259	159127004	1	1
TCGA-AB-2986	8	31254	146298155	1	1
TCGA-AB-2986	9	46587	141091394	1	1
TCGA-AB-2986	10	72759	135506704	1	1
TCGA-AB-2986	11	198572	134944770	1	1
TCGA-AB-2986	12	150442	133778189	1	1
TCGA-AB-2986	13	19026949	115108397	1	1
TCGA-AB-2986	14	19002124	107285437	1	1
TCGA-AB-2986	15	20016328	102469040	1	1
TCGA-AB-2986	16	60777	90287535	1	1
TCGA-AB-2986	17	526	81049726	1	1
TCGA-AB-2986	18	48133	78015057	1	1
TCGA-AB-2986	19	90910	59097854	1	1
TCGA-AB-2986	20	61305	62956153	1	1
TCGA-AB-2986	21	10736871	48096957	1	1
TCGA-AB-2986	22	16052528	51234455	1	1
TCGA-AB-2986	X	168477	155233846	1	1
