sample	chr	startpos	endpos	nMajor	nMinor
TCGA-E2-A14R	1	61735	16279386	2	0
TCGA-E2-A14R	1	16280623	36563483	3	0
TCGA-E2-A14R	1	36567343	55185549	3	1
TCGA-E2-A14R	1	55186075	55763000	3	2
TCGA-E2-A14R	1	55765743	58801506	3	1
TCGA-E2-A14R	1	58802060	59164583	4	1
TCGA-E2-A14R	1	59165042	59634554	3	1
TCGA-E2-A14R	1	59635105	63858764	3	2
TCGA-E2-A14R	1	63859046	95483725	4	2
TCGA-E2-A14R	1	95484592	112402050	2	1
TCGA-E2-A14R	1	112402180	112469935	4	2
TCGA-E2-A14R	1	112470093	119533809	2	2
TCGA-E2-A14R	1	119533823	119703571	2	1
TCGA-E2-A14R	1	119704124	121482979	2	2
TCGA-E2-A14R	1	144007049	151803764	4	2
TCGA-E2-A14R	1	151804907	153754529	5	1
TCGA-E2-A14R	1	153756191	153821977	3	1
TCGA-E2-A14R	1	153824852	188573091	2	1
TCGA-E2-A14R	1	188574521	190634131	2	2
TCGA-E2-A14R	1	190634151	200507510	3	2
TCGA-E2-A14R	1	200508568	204267541	3	3
TCGA-E2-A14R	1	204269383	204598582	3	1
TCGA-E2-A14R	1	204605543	215697065	1	1
TCGA-E2-A14R	1	215697085	218562868	2	1
TCGA-E2-A14R	1	218568263	240868878	3	1
TCGA-E2-A14R	1	240869009	243129352	2	1
TCGA-E2-A14R	1	243134707	249224388	4	1
TCGA-E2-A14R	2	12784	9020961	3	1
TCGA-E2-A14R	2	9021082	55022709	2	1
TCGA-E2-A14R	2	55027887	55310942	4	1
TCGA-E2-A14R	2	55312270	58168831	2	1
TCGA-E2-A14R	2	58168856	59977890	3	1
TCGA-E2-A14R	2	59978429	68933839	3	2
TCGA-E2-A14R	2	68933876	71148332	2	2
TCGA-E2-A14R	2	71149167	74789313	3	2
TCGA-E2-A14R	2	74789700	77378880	2	2
TCGA-E2-A14R	2	77380250	95327887	2	1
TCGA-E2-A14R	2	95329927	101251370	2	2
TCGA-E2-A14R	2	101251750	103683874	2	1
TCGA-E2-A14R	2	103696835	121724501	2	0
TCGA-E2-A14R	2	121725127	122591641	3	0
TCGA-E2-A14R	2	122599152	160912609	2	0
TCGA-E2-A14R	2	160912652	161286143	4	0
TCGA-E2-A14R	2	161286438	168497861	2	0
TCGA-E2-A14R	2	168507596	190590907	2	1
TCGA-E2-A14R	2	190597696	200985196	1	1
TCGA-E2-A14R	2	200988305	203881007	1	0
TCGA-E2-A14R	2	203881608	243089456	2	0
TCGA-E2-A14R	3	60345	20954982	5	2
TCGA-E2-A14R	3	20956815	31309509	5	1
TCGA-E2-A14R	3	31312759	54037989	1	1
TCGA-E2-A14R	3	54042412	54667436	5	1
TCGA-E2-A14R	3	54667462	55100688	3	1
TCGA-E2-A14R	3	55107129	62474109	1	0
TCGA-E2-A14R	3	62477699	62526609	4	1
TCGA-E2-A14R	3	62526657	69030301	1	1
TCGA-E2-A14R	3	69030665	119854383	2	1
TCGA-E2-A14R	3	119858056	124799642	2	2
TCGA-E2-A14R	3	124800082	131554854	3	3
TCGA-E2-A14R	3	131562315	163578998	3	2
TCGA-E2-A14R	3	163579773	169267316	4	2
TCGA-E2-A14R	3	169270019	175229153	6	2
TCGA-E2-A14R	3	175229748	179540177	3	2
TCGA-E2-A14R	3	179544870	197896118	2	0
TCGA-E2-A14R	4	12281	43257	3	0
TCGA-E2-A14R	4	43629	68821	3	1
TCGA-E2-A14R	4	68911	7486752	1	0
TCGA-E2-A14R	4	7486805	22246755	1	1
TCGA-E2-A14R	4	22247688	22450122	1	0
TCGA-E2-A14R	4	22451406	27298305	1	1
TCGA-E2-A14R	4	27299544	30296596	2	1
TCGA-E2-A14R	4	30305093	46588876	1	0
TCGA-E2-A14R	4	46591761	60847863	2	1
TCGA-E2-A14R	4	60848508	62731462	3	1
TCGA-E2-A14R	4	62734625	71782247	2	1
TCGA-E2-A14R	4	71783522	82542028	3	1
TCGA-E2-A14R	4	82542228	85178273	3	0
TCGA-E2-A14R	4	85184515	117568398	3	1
TCGA-E2-A14R	4	117568515	123085707	2	1
TCGA-E2-A14R	4	123088865	142410880	1	1
TCGA-E2-A14R	4	142416529	142920204	2	1
TCGA-E2-A14R	4	142920229	153224978	1	1
TCGA-E2-A14R	4	153229868	191027923	1	0
TCGA-E2-A14R	5	15532	4141262	1	1
TCGA-E2-A14R	5	4141931	4694401	3	1
TCGA-E2-A14R	5	4695066	40602209	2	1
TCGA-E2-A14R	5	40602600	45785044	3	1
TCGA-E2-A14R	5	45791592	56093236	2	2
TCGA-E2-A14R	5	56093307	148724523	2	0
TCGA-E2-A14R	5	148736790	150037798	3	2
TCGA-E2-A14R	5	150038265	153956737	2	0
TCGA-E2-A14R	5	153957307	163682002	1	0
TCGA-E2-A14R	5	163683811	173989289	2	0
TCGA-E2-A14R	5	173991874	177879869	1	0
TCGA-E2-A14R	5	177881763	180790320	2	0
TCGA-E2-A14R	6	149661	2299253	1	1
TCGA-E2-A14R	6	2310037	42056063	2	1
TCGA-E2-A14R	6	42057238	43326948	2	2
TCGA-E2-A14R	6	43327117	70522599	2	1
TCGA-E2-A14R	6	70524846	93509107	3	1
TCGA-E2-A14R	6	93516112	97231264	6	1
TCGA-E2-A14R	6	97231778	103287454	6	2
TCGA-E2-A14R	6	103288401	109151305	7	2
TCGA-E2-A14R	6	109158405	109642240	4	3
TCGA-E2-A14R	6	109642287	115647476	3	2
TCGA-E2-A14R	6	115648670	133726502	4	2
TCGA-E2-A14R	6	133726646	135171489	4	4
TCGA-E2-A14R	6	135171662	135595640	7	4
TCGA-E2-A14R	6	135596701	146793381	4	3
TCGA-E2-A14R	6	146794697	148423453	3	0
TCGA-E2-A14R	6	148423493	157449687	2	0
TCGA-E2-A14R	6	157450060	171051005	4	0
TCGA-E2-A14R	7	43259	7895168	2	2
TCGA-E2-A14R	7	7901243	8198471	4	2
TCGA-E2-A14R	7	8198610	18955152	2	2
TCGA-E2-A14R	7	18957681	25856295	2	1
TCGA-E2-A14R	7	25861138	26341837	2	2
TCGA-E2-A14R	7	26343917	27559957	3	2
TCGA-E2-A14R	7	27560822	27926978	4	4
TCGA-E2-A14R	7	27929030	30418224	3	2
TCGA-E2-A14R	7	30418353	36454248	2	2
TCGA-E2-A14R	7	36454261	36851294	3	2
TCGA-E2-A14R	7	36851426	111380926	2	2
TCGA-E2-A14R	7	111382099	111705181	2	1
TCGA-E2-A14R	7	111706331	134733074	3	2
TCGA-E2-A14R	7	134737704	135040903	5	3
TCGA-E2-A14R	7	135043388	151374829	3	2
TCGA-E2-A14R	7	151375094	159127004	2	0
TCGA-E2-A14R	8	31254	1670236	5	2
TCGA-E2-A14R	8	1679685	3091584	6	2
TCGA-E2-A14R	8	3092375	5165467	4	2
TCGA-E2-A14R	8	5168886	8093182	3	2
TCGA-E2-A14R	8	8094763	29553141	2	1
TCGA-E2-A14R	8	29565755	30285186	2	2
TCGA-E2-A14R	8	30287906	52519812	2	1
TCGA-E2-A14R	8	52528224	52735677	1	1
TCGA-E2-A14R	8	52738389	64743193	2	1
TCGA-E2-A14R	8	64744847	79800412	3	2
TCGA-E2-A14R	8	79804674	92047124	3	1
TCGA-E2-A14R	8	92048674	94378716	4	1
TCGA-E2-A14R	8	94378735	102137549	4	2
TCGA-E2-A14R	8	102139731	105294244	6	2
TCGA-E2-A14R	8	105294937	107066426	6	3
TCGA-E2-A14R	8	107067714	116084222	8	3
TCGA-E2-A14R	8	116084937	118278505	7	3
TCGA-E2-A14R	8	118278702	128026317	6	6
TCGA-E2-A14R	8	128026410	135040165	6	5
TCGA-E2-A14R	8	135044310	146298155	6	3
TCGA-E2-A14R	9	46587	5934967	3	1
TCGA-E2-A14R	9	5935542	6569771	4	1
TCGA-E2-A14R	9	6575976	7175774	4	2
TCGA-E2-A14R	9	7176335	8646021	4	1
TCGA-E2-A14R	9	8646183	14192017	2	1
TCGA-E2-A14R	9	14192730	14945267	3	1
TCGA-E2-A14R	9	14960217	16239273	2	1
TCGA-E2-A14R	9	16245716	25628249	4	1
TCGA-E2-A14R	9	25631493	29270141	4	2
TCGA-E2-A14R	9	29276550	34582445	3	2
TCGA-E2-A14R	9	34582883	47217176	2	2
TCGA-E2-A14R	9	65616971	78784325	2	0
TCGA-E2-A14R	9	78784631	79471562	4	0
TCGA-E2-A14R	9	79471649	123344906	2	0
TCGA-E2-A14R	9	123348075	124331759	4	0
TCGA-E2-A14R	9	124333388	135881919	2	0
TCGA-E2-A14R	9	135884605	141091394	1	0
TCGA-E2-A14R	10	72759	13105844	3	2
TCGA-E2-A14R	10	13107320	30922292	3	1
TCGA-E2-A14R	10	30925582	31604662	2	1
TCGA-E2-A14R	10	31605186	65087377	2	2
TCGA-E2-A14R	10	65088143	65471414	4	2
TCGA-E2-A14R	10	65472096	70622121	2	2
TCGA-E2-A14R	10	70626330	86713997	2	1
TCGA-E2-A14R	10	86717209	135506704	2	0
TCGA-E2-A14R	11	198572	2724090	1	1
TCGA-E2-A14R	11	2725779	3629024	2	1
TCGA-E2-A14R	11	3632259	12777620	1	1
TCGA-E2-A14R	11	12778769	13402409	2	1
TCGA-E2-A14R	11	13409798	20050143	1	1
TCGA-E2-A14R	11	20050205	21186995	1	0
TCGA-E2-A14R	11	21191016	31167220	3	0
TCGA-E2-A14R	11	31167539	34622004	2	0
TCGA-E2-A14R	11	34622955	43383895	2	1
TCGA-E2-A14R	11	43384448	72712802	1	1
TCGA-E2-A14R	11	72716164	74026228	2	1
TCGA-E2-A14R	11	74029530	80901448	4	1
TCGA-E2-A14R	11	80901569	88880565	5	1
TCGA-E2-A14R	11	88887726	93338641	3	1
TCGA-E2-A14R	11	93339116	95769340	4	1
TCGA-E2-A14R	11	95770130	111782822	2	1
TCGA-E2-A14R	11	111782913	114567970	3	1
TCGA-E2-A14R	11	114568279	118957507	2	1
TCGA-E2-A14R	11	118958127	124428039	3	1
TCGA-E2-A14R	11	124428071	134944770	4	1
TCGA-E2-A14R	12	150442	1300258	7	0
TCGA-E2-A14R	12	1301401	1389273	0	0
TCGA-E2-A14R	12	1395130	2891473	6	0
TCGA-E2-A14R	12	2891486	5707223	5	0
TCGA-E2-A14R	12	5707372	9381843	3	0
TCGA-E2-A14R	12	9382123	14089005	2	0
TCGA-E2-A14R	12	14089261	33829340	3	2
TCGA-E2-A14R	12	33831374	34465338	2	1
TCGA-E2-A14R	12	34467875	34835837	4	0
TCGA-E2-A14R	12	34854498	59058025	2	0
TCGA-E2-A14R	12	59064117	101954495	2	1
TCGA-E2-A14R	12	101955735	133778189	2	0
TCGA-E2-A14R	13	19026949	26075009	2	0
TCGA-E2-A14R	13	26076226	40765880	4	0
TCGA-E2-A14R	13	40766114	46713825	3	0
TCGA-E2-A14R	13	46714629	49146861	2	0
TCGA-E2-A14R	13	49152026	52741583	3	0
TCGA-E2-A14R	13	52745174	61119568	4	0
TCGA-E2-A14R	13	61123529	75867673	3	0
TCGA-E2-A14R	13	75868698	77178276	4	0
TCGA-E2-A14R	13	77178812	90880495	3	0
TCGA-E2-A14R	13	90881209	95899354	5	0
TCGA-E2-A14R	13	95899607	98315394	3	0
TCGA-E2-A14R	13	98325973	115108397	5	0
TCGA-E2-A14R	14	19002124	20862958	2	1
TCGA-E2-A14R	14	20863070	21738449	2	2
TCGA-E2-A14R	14	21747429	28929159	4	2
TCGA-E2-A14R	14	28929370	34221939	2	2
TCGA-E2-A14R	14	34226091	48354433	2	0
TCGA-E2-A14R	14	48355121	48552514	3	0
TCGA-E2-A14R	14	48560640	104575823	2	0
TCGA-E2-A14R	14	104591474	107285437	2	2
TCGA-E2-A14R	15	20016328	24860204	2	0
TCGA-E2-A14R	15	24860270	26933734	3	0
TCGA-E2-A14R	15	26934542	28094903	2	0
TCGA-E2-A14R	15	28096453	29316737	3	0
TCGA-E2-A14R	15	29317343	58741177	2	0
TCGA-E2-A14R	15	58742418	68089066	3	0
TCGA-E2-A14R	15	68090017	73751465	4	0
TCGA-E2-A14R	15	73753672	75686452	5	0
TCGA-E2-A14R	15	75690240	89140937	2	1
TCGA-E2-A14R	15	89143115	102469040	2	0
TCGA-E2-A14R	16	60777	13976091	2	0
TCGA-E2-A14R	16	13976356	31239855	2	1
TCGA-E2-A14R	16	31241094	35283226	2	2
TCGA-E2-A14R	16	46463782	49932806	2	1
TCGA-E2-A14R	16	49934675	55143191	1	0
TCGA-E2-A14R	16	55144195	67538910	2	1
TCGA-E2-A14R	16	67539022	89978723	2	2
TCGA-E2-A14R	16	89979851	90287535	4	2
TCGA-E2-A14R	17	526	1871472	3	0
TCGA-E2-A14R	17	1872149	2017079	5	0
TCGA-E2-A14R	17	2020989	5701900	2	0
TCGA-E2-A14R	17	5705682	5864569	0	0
TCGA-E2-A14R	17	5867758	21566353	2	0
TCGA-E2-A14R	17	21693871	22076257	0	0
TCGA-E2-A14R	17	22080309	29794470	2	0
TCGA-E2-A14R	17	29795222	34218326	3	0
TCGA-E2-A14R	17	34227195	46770896	2	0
TCGA-E2-A14R	17	46771631	65558161	4	0
TCGA-E2-A14R	17	65558571	66658984	3	0
TCGA-E2-A14R	17	66659108	67060876	4	0
TCGA-E2-A14R	17	67061807	75099184	3	0
TCGA-E2-A14R	17	75103031	81049726	4	0
TCGA-E2-A14R	18	48133	21333980	2	0
TCGA-E2-A14R	18	21336098	21623008	4	0
TCGA-E2-A14R	18	21623416	23874824	3	0
TCGA-E2-A14R	18	23877175	25449918	4	0
TCGA-E2-A14R	18	25450111	25882568	6	0
TCGA-E2-A14R	18	25883933	56882243	4	0
TCGA-E2-A14R	18	56882326	78015057	1	0
TCGA-E2-A14R	19	90910	6670910	2	0
TCGA-E2-A14R	19	6678416	7883667	2	1
TCGA-E2-A14R	19	7884307	8932388	3	0
TCGA-E2-A14R	19	8933061	19632139	4	1
TCGA-E2-A14R	19	19633273	21868799	4	3
TCGA-E2-A14R	19	21870231	28782862	4	1
TCGA-E2-A14R	19	28783971	31261896	3	2
TCGA-E2-A14R	19	31264147	33890295	2	1
TCGA-E2-A14R	19	33895257	40991788	2	2
TCGA-E2-A14R	19	40992705	59097854	2	1
TCGA-E2-A14R	20	61305	19697084	2	0
TCGA-E2-A14R	20	19702049	20058090	6	0
TCGA-E2-A14R	20	20058992	21681357	2	0
TCGA-E2-A14R	20	21700645	39698516	2	2
TCGA-E2-A14R	20	39698734	48792793	2	0
TCGA-E2-A14R	20	48794917	53875809	3	0
TCGA-E2-A14R	20	53876665	62956153	4	0
TCGA-E2-A14R	21	10736871	26767468	2	2
TCGA-E2-A14R	21	26769507	35042175	3	2
TCGA-E2-A14R	21	35042900	48096957	3	1
TCGA-E2-A14R	22	16052528	36172745	2	0
TCGA-E2-A14R	22	36177204	36708753	4	2
TCGA-E2-A14R	22	36710541	42474453	2	2
TCGA-E2-A14R	22	42476812	46909203	5	2
TCGA-E2-A14R	22	46910630	48427065	5	3
TCGA-E2-A14R	22	48430240	49122861	4	3
TCGA-E2-A14R	22	49123106	51234455	3	1
TCGA-E2-A14R	X	168477	15674725	3	1
TCGA-E2-A14R	X	15674753	49382946	2	1
TCGA-E2-A14R	X	49401262	54758031	1	1
TCGA-E2-A14R	X	54762288	80696376	2	1
TCGA-E2-A14R	X	80697255	81201939	1	1
TCGA-E2-A14R	X	81204220	82051198	2	1
TCGA-E2-A14R	X	82051959	82845415	1	1
TCGA-E2-A14R	X	82846076	83220153	3	1
TCGA-E2-A14R	X	83223133	105372389	1	1
TCGA-E2-A14R	X	105375582	135619045	2	1
TCGA-E2-A14R	X	135620289	136384833	3	1
TCGA-E2-A14R	X	136385252	148875597	2	1
TCGA-E2-A14R	X	148884281	155233846	2	0
