sample	chr	startpos	endpos	nMajor	nMinor
TCGA-DK-A6B6	1	61735	249224388	2	1
TCGA-DK-A6B6	2	12784	56733890	3	3
TCGA-DK-A6B6	2	56734035	58032553	3	1
TCGA-DK-A6B6	2	58033157	72647182	3	2
TCGA-DK-A6B6	2	72647458	100700814	3	1
TCGA-DK-A6B6	2	100718583	101611772	4	3
TCGA-DK-A6B6	2	101612615	103585664	3	1
TCGA-DK-A6B6	2	103585887	104384443	3	3
TCGA-DK-A6B6	2	104385754	106154642	3	0
TCGA-DK-A6B6	2	106154686	107731714	3	2
TCGA-DK-A6B6	2	107732029	107946460	3	0
TCGA-DK-A6B6	2	107946558	109163093	3	1
TCGA-DK-A6B6	2	109164379	109382376	8	2
TCGA-DK-A6B6	2	109383775	156568539	3	0
TCGA-DK-A6B6	2	156569088	157235101	9	3
TCGA-DK-A6B6	2	157242341	157926763	3	2
TCGA-DK-A6B6	2	157930736	161479449	3	0
TCGA-DK-A6B6	2	161485818	162475617	7	3
TCGA-DK-A6B6	2	162475829	243089456	3	0
TCGA-DK-A6B6	3	60345	174442691	2	2
TCGA-DK-A6B6	3	174442854	174586517	4	2
TCGA-DK-A6B6	3	174587072	197896118	2	2
TCGA-DK-A6B6	4	12281	191027923	2	1
TCGA-DK-A6B6	5	15532	33768201	3	2
TCGA-DK-A6B6	5	33770318	34213174	2	0
TCGA-DK-A6B6	5	34221589	46313641	3	2
TCGA-DK-A6B6	5	46325778	180790320	2	2
TCGA-DK-A6B6	6	149661	73422684	2	1
TCGA-DK-A6B6	6	73424790	73449604	4	3
TCGA-DK-A6B6	6	73449742	73721077	4	2
TCGA-DK-A6B6	6	73726140	75417979	6	2
TCGA-DK-A6B6	6	75422899	77680802	2	2
TCGA-DK-A6B6	6	77681574	118518754	2	0
TCGA-DK-A6B6	6	118521478	121208450	2	1
TCGA-DK-A6B6	6	121210507	133055184	2	0
TCGA-DK-A6B6	6	133057214	134773285	2	2
TCGA-DK-A6B6	6	134774009	136813548	3	3
TCGA-DK-A6B6	6	136813601	144798600	2	2
TCGA-DK-A6B6	6	144800696	171051005	2	0
TCGA-DK-A6B6	7	43259	51983654	3	1
TCGA-DK-A6B6	7	51983822	52236264	3	0
TCGA-DK-A6B6	7	52240696	159127004	3	1
TCGA-DK-A6B6	8	31254	146298155	2	2
TCGA-DK-A6B6	9	46587	141091394	2	2
TCGA-DK-A6B6	10	72759	62580211	2	2
TCGA-DK-A6B6	10	62585580	65220518	7	2
TCGA-DK-A6B6	10	65224056	66412919	5	2
TCGA-DK-A6B6	10	66413062	135506704	2	0
TCGA-DK-A6B6	11	198572	63089154	2	1
TCGA-DK-A6B6	11	63089814	65454795	3	2
TCGA-DK-A6B6	11	65458169	68149712	2	2
TCGA-DK-A6B6	11	68152722	68963476	5	2
TCGA-DK-A6B6	11	68964278	70639849	10	2
TCGA-DK-A6B6	11	70642820	134944770	2	0
TCGA-DK-A6B6	12	150442	38340423	2	2
TCGA-DK-A6B6	12	38346928	133778189	2	1
TCGA-DK-A6B6	13	19026949	115108397	3	0
TCGA-DK-A6B6	14	19002124	22189259	2	2
TCGA-DK-A6B6	14	22189306	22999918	3	2
TCGA-DK-A6B6	14	23000062	107285437	2	2
TCGA-DK-A6B6	15	20016328	49446166	2	0
TCGA-DK-A6B6	15	49447976	50497848	9	2
TCGA-DK-A6B6	15	50499366	51994028	6	2
TCGA-DK-A6B6	15	51995763	54095935	2	1
TCGA-DK-A6B6	15	54096288	54705902	6	2
TCGA-DK-A6B6	15	54706319	55150420	3	3
TCGA-DK-A6B6	15	55150442	55833832	2	1
TCGA-DK-A6B6	15	55836704	58552606	3	2
TCGA-DK-A6B6	15	58552914	59291984	2	0
TCGA-DK-A6B6	15	59294617	102469040	2	1
TCGA-DK-A6B6	16	60777	90287535	2	1
TCGA-DK-A6B6	17	526	8338996	3	0
TCGA-DK-A6B6	17	8342890	8775330	2	0
TCGA-DK-A6B6	17	8775497	19149286	3	0
TCGA-DK-A6B6	17	19149363	21464723	4	3
TCGA-DK-A6B6	17	21467375	30004955	4	2
TCGA-DK-A6B6	17	30005419	31250961	5	5
TCGA-DK-A6B6	17	31259041	31318829	4	0
TCGA-DK-A6B6	17	31319363	31616101	4	3
TCGA-DK-A6B6	17	31618310	32011190	10	4
TCGA-DK-A6B6	17	32011978	55336268	4	0
TCGA-DK-A6B6	17	55337258	81049726	5	0
TCGA-DK-A6B6	18	48133	78015057	2	2
TCGA-DK-A6B6	19	90910	48117061	2	2
TCGA-DK-A6B6	19	48117833	57270116	3	2
TCGA-DK-A6B6	19	57270378	58506070	2	1
TCGA-DK-A6B6	19	58513394	59097854	2	0
TCGA-DK-A6B6	20	61305	62956153	3	2
TCGA-DK-A6B6	21	10736871	17419155	2	1
TCGA-DK-A6B6	21	17419431	48096957	2	0
TCGA-DK-A6B6	22	16052528	51234455	2	1
TCGA-DK-A6B6	X	168477	2703391	2	1
TCGA-DK-A6B6	X	2703633	154929308	2	0
TCGA-DK-A6B6	X	154929498	155233846	2	1
