sample	chr	startpos	endpos	nMajor	nMinor
TCGA-77-8140	1	61735	25519134	6	3
TCGA-77-8140	1	25520318	249224388	3	3
TCGA-77-8140	2	12784	243089456	3	3
TCGA-77-8140	3	60345	90502862	3	0
TCGA-77-8140	3	93519478	197896118	5	4
TCGA-77-8140	4	12281	158223967	3	3
TCGA-77-8140	4	158228533	188795519	3	0
TCGA-77-8140	4	188797245	191027923	0	0
TCGA-77-8140	5	15532	44611921	6	2
TCGA-77-8140	5	44612147	51032804	4	3
TCGA-77-8140	5	51033234	54367318	4	0
TCGA-77-8140	5	54367714	54569541	9	0
TCGA-77-8140	5	54570645	180790320	4	0
TCGA-77-8140	6	149661	1909340	7	3
TCGA-77-8140	6	1909571	31897219	6	0
TCGA-77-8140	6	31908224	46965786	3	0
TCGA-77-8140	6	46965935	47192475	7	0
TCGA-77-8140	6	47194449	57152278	3	0
TCGA-77-8140	6	57154816	164421002	3	3
TCGA-77-8140	6	164422743	165522057	6	3
TCGA-77-8140	6	165525138	171051005	3	3
TCGA-77-8140	7	43259	159127004	3	3
TCGA-77-8140	8	31254	37415578	3	0
TCGA-77-8140	8	37426005	47490321	13	3
TCGA-77-8140	8	47492650	146298155	7	3
TCGA-77-8140	9	46587	141091394	3	0
TCGA-77-8140	10	72759	4664868	3	0
TCGA-77-8140	10	4665668	6500292	4	0
TCGA-77-8140	10	6500718	63366958	3	0
TCGA-77-8140	10	63367308	63947439	0	0
TCGA-77-8140	10	63949839	135506704	3	0
TCGA-77-8140	11	198572	35150383	3	0
TCGA-77-8140	11	35155732	36829498	29	3
TCGA-77-8140	11	36830376	43506458	6	3
TCGA-77-8140	11	43508156	44251709	9	3
TCGA-77-8140	11	44252958	44402503	16	3
TCGA-77-8140	11	44402594	44447791	6	0
TCGA-77-8140	11	44448938	74225531	3	3
TCGA-77-8140	11	74228988	74305618	11	4
TCGA-77-8140	11	74307614	127160095	3	3
TCGA-77-8140	11	127164746	133241484	6	3
TCGA-77-8140	11	133244692	134944770	3	3
TCGA-77-8140	12	150442	690473	6	3
TCGA-77-8140	12	695864	33665545	3	3
TCGA-77-8140	12	33669030	46825929	3	0
TCGA-77-8140	12	46826354	133778189	3	3
TCGA-77-8140	13	19026949	52069706	3	0
TCGA-77-8140	13	52071349	73874134	6	0
TCGA-77-8140	13	73880413	74043688	18	0
TCGA-77-8140	13	74043889	74345304	10	0
TCGA-77-8140	13	74345360	115108397	6	0
TCGA-77-8140	14	19002124	107285437	3	0
TCGA-77-8140	15	20016328	35006724	3	3
TCGA-77-8140	15	35008676	35503968	7	3
TCGA-77-8140	15	35508849	102469040	3	3
TCGA-77-8140	16	60777	69778315	3	0
TCGA-77-8140	16	69778655	90287535	3	3
TCGA-77-8140	17	526	20968107	3	0
TCGA-77-8140	17	20969014	22235650	7	3
TCGA-77-8140	17	25270411	81049726	3	3
TCGA-77-8140	18	48133	5380441	5	4
TCGA-77-8140	18	5380697	7350870	3	0
TCGA-77-8140	18	7352783	10622851	5	4
TCGA-77-8140	18	10625240	20054837	3	0
TCGA-77-8140	18	20055993	20134843	3	1
TCGA-77-8140	18	20138106	21275924	6	2
TCGA-77-8140	18	21277009	21860548	3	0
TCGA-77-8140	18	21864141	26498337	5	4
TCGA-77-8140	18	26498910	47627034	3	0
TCGA-77-8140	18	47628708	47805683	6	0
TCGA-77-8140	18	47806957	61094614	3	0
TCGA-77-8140	18	61097471	67541588	3	3
TCGA-77-8140	18	67544637	78015057	3	0
TCGA-77-8140	19	90910	1246658	3	3
TCGA-77-8140	19	1247835	6068028	3	0
TCGA-77-8140	19	6068553	50359808	3	3
TCGA-77-8140	19	50370066	59097854	6	3
TCGA-77-8140	20	61305	594693	3	0
TCGA-77-8140	20	596429	914407	7	3
TCGA-77-8140	20	914420	1981379	3	3
TCGA-77-8140	20	1981505	5237654	3	0
TCGA-77-8140	20	5240306	7494779	6	3
TCGA-77-8140	20	7495442	10300309	10	3
TCGA-77-8140	20	10303448	11062426	23	3
TCGA-77-8140	20	11063477	12170665	17	3
TCGA-77-8140	20	12172911	62956153	3	3
TCGA-77-8140	21	10736871	34892581	3	0
TCGA-77-8140	21	34892980	48096957	3	3
TCGA-77-8140	22	16052528	41849553	5	4
TCGA-77-8140	22	41850500	51234455	6	0
TCGA-77-8140	X	168477	155233846	3	3
