sample	chr	startpos	endpos	nMajor	nMinor
TCGA-BH-A0HL	1	61735	71986552	1	1
TCGA-BH-A0HL	1	71986957	72017066	0	0
TCGA-BH-A0HL	1	72018365	107101018	1	1
TCGA-BH-A0HL	1	107105660	107155106	0	0
TCGA-BH-A0HL	1	107155553	163742764	1	1
TCGA-BH-A0HL	1	163749521	163807591	0	0
TCGA-BH-A0HL	1	163807632	192046194	1	1
TCGA-BH-A0HL	1	192046447	192060802	1	0
TCGA-BH-A0HL	1	192060886	195852964	1	1
TCGA-BH-A0HL	1	195855886	195864126	0	0
TCGA-BH-A0HL	1	195864499	249224388	1	1
TCGA-BH-A0HL	2	12784	2991960	1	0
TCGA-BH-A0HL	2	2993814	3124492	1	1
TCGA-BH-A0HL	2	3124598	3780499	2	1
TCGA-BH-A0HL	2	3780533	4235543	1	1
TCGA-BH-A0HL	2	4236805	6435188	2	1
TCGA-BH-A0HL	2	6441231	6669180	1	0
TCGA-BH-A0HL	2	6677079	7000981	2	1
TCGA-BH-A0HL	2	7001735	7379223	1	1
TCGA-BH-A0HL	2	7381964	10103646	2	1
TCGA-BH-A0HL	2	10103698	10868345	3	1
TCGA-BH-A0HL	2	10871585	11428360	1	1
TCGA-BH-A0HL	2	11443095	12172647	3	1
TCGA-BH-A0HL	2	12177253	12955457	2	1
TCGA-BH-A0HL	2	12961552	16825278	1	1
TCGA-BH-A0HL	2	16825671	16963952	1	0
TCGA-BH-A0HL	2	16965548	22723408	1	1
TCGA-BH-A0HL	2	22727080	22753225	1	0
TCGA-BH-A0HL	2	22754466	35441549	1	1
TCGA-BH-A0HL	2	35441821	35512183	1	0
TCGA-BH-A0HL	2	35518090	41606607	1	1
TCGA-BH-A0HL	2	41611798	41633072	0	0
TCGA-BH-A0HL	2	41633212	67289836	1	1
TCGA-BH-A0HL	2	67290560	67417396	1	0
TCGA-BH-A0HL	2	67429146	81665397	1	1
TCGA-BH-A0HL	2	81665432	81688326	0	0
TCGA-BH-A0HL	2	81689088	139822511	1	1
TCGA-BH-A0HL	2	139822592	139834024	0	0
TCGA-BH-A0HL	2	139834439	243089456	1	1
TCGA-BH-A0HL	3	60345	3950314	1	1
TCGA-BH-A0HL	3	3958764	3973807	1	0
TCGA-BH-A0HL	3	3974662	6177291	1	1
TCGA-BH-A0HL	3	6178557	6207031	1	0
TCGA-BH-A0HL	3	6207873	26906882	1	1
TCGA-BH-A0HL	3	26909031	26958523	0	0
TCGA-BH-A0HL	3	26958669	30903743	1	1
TCGA-BH-A0HL	3	30903914	30916324	1	0
TCGA-BH-A0HL	3	30930857	58512285	1	1
TCGA-BH-A0HL	3	58515566	63324248	1	0
TCGA-BH-A0HL	3	63324248	68202602	1	1
TCGA-BH-A0HL	3	68203519	68256411	1	0
TCGA-BH-A0HL	3	68258705	70046458	1	1
TCGA-BH-A0HL	3	70055065	71770574	1	0
TCGA-BH-A0HL	3	71772321	74543788	1	1
TCGA-BH-A0HL	3	74545504	74616712	1	0
TCGA-BH-A0HL	3	74621972	77059840	1	1
TCGA-BH-A0HL	3	77067155	78117247	1	0
TCGA-BH-A0HL	3	78120479	79410122	1	1
TCGA-BH-A0HL	3	79419101	87408634	1	0
TCGA-BH-A0HL	3	87415298	90307877	1	1
TCGA-BH-A0HL	3	90311056	110109973	1	0
TCGA-BH-A0HL	3	110112793	110206030	0	0
TCGA-BH-A0HL	3	110207583	116433126	1	0
TCGA-BH-A0HL	3	116440272	116447285	0	0
TCGA-BH-A0HL	3	116447779	155994386	1	0
TCGA-BH-A0HL	3	155996075	158416959	1	1
TCGA-BH-A0HL	3	158420286	160469932	1	0
TCGA-BH-A0HL	3	160470664	162896121	1	1
TCGA-BH-A0HL	3	162898712	162914639	0	0
TCGA-BH-A0HL	3	162915021	168689790	1	1
TCGA-BH-A0HL	3	168693089	168715259	0	0
TCGA-BH-A0HL	3	168715531	197896118	1	1
TCGA-BH-A0HL	4	12281	9395417	1	1
TCGA-BH-A0HL	4	9396646	10169535	1	0
TCGA-BH-A0HL	4	10171105	27909413	1	1
TCGA-BH-A0HL	4	27909490	27928306	1	0
TCGA-BH-A0HL	4	27936952	32576604	1	1
TCGA-BH-A0HL	4	32579632	32603828	0	0
TCGA-BH-A0HL	4	32606701	44922212	1	1
TCGA-BH-A0HL	4	44922661	44952172	0	0
TCGA-BH-A0HL	4	44956309	58694489	1	1
TCGA-BH-A0HL	4	58696511	58757509	1	0
TCGA-BH-A0HL	4	58759453	61412584	1	1
TCGA-BH-A0HL	4	61412633	61429892	1	0
TCGA-BH-A0HL	4	61434327	71033063	1	1
TCGA-BH-A0HL	4	71034432	71250769	1	0
TCGA-BH-A0HL	4	71252050	96401165	1	1
TCGA-BH-A0HL	4	96405795	96416162	0	0
TCGA-BH-A0HL	4	96422383	117851510	1	1
TCGA-BH-A0HL	4	117855020	117879668	0	0
TCGA-BH-A0HL	4	117883885	191027923	1	1
TCGA-BH-A0HL	5	15532	28706746	1	1
TCGA-BH-A0HL	5	28707557	28738217	1	0
TCGA-BH-A0HL	5	28738383	44346324	1	1
TCGA-BH-A0HL	5	44348699	44362769	0	0
TCGA-BH-A0HL	5	44364007	56990647	1	0
TCGA-BH-A0HL	5	56999024	57018360	0	0
TCGA-BH-A0HL	5	57019214	102015083	1	0
TCGA-BH-A0HL	5	102016034	102044766	1	1
TCGA-BH-A0HL	5	102047150	102097347	2	1
TCGA-BH-A0HL	5	102100184	107458653	1	0
TCGA-BH-A0HL	5	107467643	107799236	2	1
TCGA-BH-A0HL	5	107805854	109334943	1	0
TCGA-BH-A0HL	5	109335278	109521684	1	1
TCGA-BH-A0HL	5	109530719	110152675	2	1
TCGA-BH-A0HL	5	110152701	111748056	1	1
TCGA-BH-A0HL	5	111748635	113905854	2	1
TCGA-BH-A0HL	5	113905970	113977971	1	0
TCGA-BH-A0HL	5	113980074	115509961	2	1
TCGA-BH-A0HL	5	115512125	115810143	3	1
TCGA-BH-A0HL	5	115811220	116826714	2	1
TCGA-BH-A0HL	5	116826794	119335378	1	1
TCGA-BH-A0HL	5	119335742	123859041	2	1
TCGA-BH-A0HL	5	123861169	124150062	1	0
TCGA-BH-A0HL	5	124155809	124807966	1	1
TCGA-BH-A0HL	5	124808034	126784924	1	0
TCGA-BH-A0HL	5	126789138	128577916	1	1
TCGA-BH-A0HL	5	128580398	133243388	1	0
TCGA-BH-A0HL	5	133246201	133571774	2	1
TCGA-BH-A0HL	5	133576783	135335716	1	0
TCGA-BH-A0HL	5	135335851	137685575	1	1
TCGA-BH-A0HL	5	137694975	140309706	2	1
TCGA-BH-A0HL	5	140312624	157812964	1	0
TCGA-BH-A0HL	5	157813467	157828789	0	0
TCGA-BH-A0HL	5	157829572	163392787	1	0
TCGA-BH-A0HL	5	163393047	171590549	2	1
TCGA-BH-A0HL	5	171590679	172298073	3	1
TCGA-BH-A0HL	5	172298820	176420647	2	1
TCGA-BH-A0HL	5	176421253	177058766	3	1
TCGA-BH-A0HL	5	177059130	180649107	2	1
TCGA-BH-A0HL	5	180649125	180790320	1	1
TCGA-BH-A0HL	6	149661	82408186	1	1
TCGA-BH-A0HL	6	82408729	82442611	0	0
TCGA-BH-A0HL	6	82443708	82720644	1	1
TCGA-BH-A0HL	6	82721581	82737456	0	0
TCGA-BH-A0HL	6	82746599	97437145	1	1
TCGA-BH-A0HL	6	97438289	100210384	1	0
TCGA-BH-A0HL	6	100215517	107966306	1	1
TCGA-BH-A0HL	6	107966468	110574256	1	0
TCGA-BH-A0HL	6	110575207	125018442	1	1
TCGA-BH-A0HL	6	125023343	125074585	1	0
TCGA-BH-A0HL	6	125080282	171051005	1	1
TCGA-BH-A0HL	7	43259	8573224	1	1
TCGA-BH-A0HL	7	8573557	8600353	0	0
TCGA-BH-A0HL	7	8600833	52596525	1	1
TCGA-BH-A0HL	7	52598450	52611144	1	0
TCGA-BH-A0HL	7	52611185	57936185	1	1
TCGA-BH-A0HL	7	57950504	62453467	1	0
TCGA-BH-A0HL	7	62453696	103461691	1	1
TCGA-BH-A0HL	7	103462575	103483850	1	0
TCGA-BH-A0HL	7	103484376	123784904	1	1
TCGA-BH-A0HL	7	123791252	123817179	1	0
TCGA-BH-A0HL	7	123817630	159127004	1	1
TCGA-BH-A0HL	8	31254	43461496	1	1
TCGA-BH-A0HL	8	43481730	46847534	0	0
TCGA-BH-A0HL	8	46863535	47720630	1	1
TCGA-BH-A0HL	8	47720909	47801979	1	0
TCGA-BH-A0HL	8	47807322	104919143	1	1
TCGA-BH-A0HL	8	104919476	105189986	2	1
TCGA-BH-A0HL	8	105190710	132721245	1	1
TCGA-BH-A0HL	8	132723546	132741367	0	0
TCGA-BH-A0HL	8	132747616	136894278	1	1
TCGA-BH-A0HL	8	136894836	136902695	0	0
TCGA-BH-A0HL	8	136902755	146298155	1	1
TCGA-BH-A0HL	9	46587	840971	1	1
TCGA-BH-A0HL	9	844487	3169779	1	0
TCGA-BH-A0HL	9	3169820	3394094	2	0
TCGA-BH-A0HL	9	3395593	7299646	1	0
TCGA-BH-A0HL	9	7299967	9261826	1	1
TCGA-BH-A0HL	9	9265382	9303160	0	0
TCGA-BH-A0HL	9	9305088	27976603	1	1
TCGA-BH-A0HL	9	27976805	27992820	1	0
TCGA-BH-A0HL	9	27992871	31177957	1	1
TCGA-BH-A0HL	9	31178229	31208766	0	0
TCGA-BH-A0HL	9	31208851	83162586	1	1
TCGA-BH-A0HL	9	83162856	83238344	1	0
TCGA-BH-A0HL	9	83238535	104403739	1	1
TCGA-BH-A0HL	9	104405640	104431862	1	0
TCGA-BH-A0HL	9	104434146	112512382	1	1
TCGA-BH-A0HL	9	112512745	112521440	1	0
TCGA-BH-A0HL	9	112521535	121014892	1	1
TCGA-BH-A0HL	9	121015045	121075524	1	0
TCGA-BH-A0HL	9	121078028	141091394	1	1
TCGA-BH-A0HL	10	72759	53189142	1	1
TCGA-BH-A0HL	10	53191480	53208265	1	0
TCGA-BH-A0HL	10	53208813	57760309	1	1
TCGA-BH-A0HL	10	57769098	57789667	0	0
TCGA-BH-A0HL	10	57790131	115350597	1	1
TCGA-BH-A0HL	10	115351105	118397582	1	0
TCGA-BH-A0HL	10	118404437	135506704	1	1
TCGA-BH-A0HL	11	198572	5866539	2	0
TCGA-BH-A0HL	11	5866730	5885711	1	0
TCGA-BH-A0HL	11	5885846	21258967	2	0
TCGA-BH-A0HL	11	21259095	21441234	1	0
TCGA-BH-A0HL	11	21441271	29547537	2	0
TCGA-BH-A0HL	11	29547584	29658686	1	0
TCGA-BH-A0HL	11	29659444	37054831	2	0
TCGA-BH-A0HL	11	37057220	37142626	1	0
TCGA-BH-A0HL	11	37142717	45320355	2	0
TCGA-BH-A0HL	11	45322682	50343842	2	1
TCGA-BH-A0HL	11	50344025	58379213	1	0
TCGA-BH-A0HL	11	58381123	67179809	1	1
TCGA-BH-A0HL	11	67180025	68022006	3	1
TCGA-BH-A0HL	11	68023200	68261227	1	1
TCGA-BH-A0HL	11	68265773	72026558	4	1
TCGA-BH-A0HL	11	72028202	74152467	6	1
TCGA-BH-A0HL	11	74153008	76078771	5	1
TCGA-BH-A0HL	11	76080066	76781060	8	0
TCGA-BH-A0HL	11	76792431	78344248	11	1
TCGA-BH-A0HL	11	78345340	79615191	7	1
TCGA-BH-A0HL	11	79615720	134944770	1	0
TCGA-BH-A0HL	12	150442	28645126	1	1
TCGA-BH-A0HL	12	28646344	28669580	0	0
TCGA-BH-A0HL	12	28677042	38860579	1	1
TCGA-BH-A0HL	12	38868381	38939825	0	0
TCGA-BH-A0HL	12	38944155	116155853	1	1
TCGA-BH-A0HL	12	116160540	116174238	1	0
TCGA-BH-A0HL	12	116174409	133778189	1	1
TCGA-BH-A0HL	13	19026949	22551878	1	1
TCGA-BH-A0HL	13	22552183	22798237	2	1
TCGA-BH-A0HL	13	22798746	23990990	1	1
TCGA-BH-A0HL	13	23994263	24479941	1	0
TCGA-BH-A0HL	13	24481926	26540326	1	1
TCGA-BH-A0HL	13	26541722	27506889	1	0
TCGA-BH-A0HL	13	27508353	28132455	1	1
TCGA-BH-A0HL	13	28147888	28289826	1	0
TCGA-BH-A0HL	13	28292778	29117631	1	1
TCGA-BH-A0HL	13	29119719	30031562	1	0
TCGA-BH-A0HL	13	30033228	31693699	1	1
TCGA-BH-A0HL	13	31693778	55663346	1	0
TCGA-BH-A0HL	13	55663801	55988197	1	1
TCGA-BH-A0HL	13	55988219	56037167	2	1
TCGA-BH-A0HL	13	56037877	61520330	1	0
TCGA-BH-A0HL	13	61521919	94491060	2	1
TCGA-BH-A0HL	13	94491561	94542046	1	0
TCGA-BH-A0HL	13	94542806	115108397	2	1
TCGA-BH-A0HL	14	19002124	20577698	2	1
TCGA-BH-A0HL	14	20578170	21931282	2	0
TCGA-BH-A0HL	14	21936845	24387330	2	1
TCGA-BH-A0HL	14	24393427	26183452	2	0
TCGA-BH-A0HL	14	26191545	26428249	2	1
TCGA-BH-A0HL	14	26428701	26892562	2	0
TCGA-BH-A0HL	14	26895666	28794879	2	1
TCGA-BH-A0HL	14	28794895	30124635	2	0
TCGA-BH-A0HL	14	30125660	37826385	2	1
TCGA-BH-A0HL	14	37827313	39752366	2	2
TCGA-BH-A0HL	14	39757286	46406370	2	1
TCGA-BH-A0HL	14	46410900	46436415	0	0
TCGA-BH-A0HL	14	46438901	60609764	2	1
TCGA-BH-A0HL	14	60614462	88539769	1	0
TCGA-BH-A0HL	14	88544546	88559992	0	0
TCGA-BH-A0HL	14	88560355	96121750	1	0
TCGA-BH-A0HL	14	96122471	105348552	2	1
TCGA-BH-A0HL	14	105362244	107285437	1	1
TCGA-BH-A0HL	15	20016328	46738357	1	1
TCGA-BH-A0HL	15	46738605	46749063	1	0
TCGA-BH-A0HL	15	46750883	102469040	1	1
TCGA-BH-A0HL	16	60777	90287535	1	1
TCGA-BH-A0HL	17	526	67739591	1	1
TCGA-BH-A0HL	17	67740383	67758808	1	0
TCGA-BH-A0HL	17	67758983	81049726	1	1
TCGA-BH-A0HL	18	48133	35830611	1	1
TCGA-BH-A0HL	18	35835374	35843951	0	0
TCGA-BH-A0HL	18	35844220	61570551	1	1
TCGA-BH-A0HL	18	61574600	61597738	1	0
TCGA-BH-A0HL	18	61600086	78015057	1	1
TCGA-BH-A0HL	19	90910	3510109	1	1
TCGA-BH-A0HL	19	3521408	4040579	1	0
TCGA-BH-A0HL	19	4040593	24371467	1	1
TCGA-BH-A0HL	19	24373083	28087377	0	0
TCGA-BH-A0HL	19	28127201	59097854	1	1
TCGA-BH-A0HL	20	61305	39178557	1	1
TCGA-BH-A0HL	20	39178630	39397914	3	1
TCGA-BH-A0HL	20	39399104	39643730	1	1
TCGA-BH-A0HL	20	39647170	43710066	4	1
TCGA-BH-A0HL	20	43711942	46368577	1	1
TCGA-BH-A0HL	20	46369114	46630708	2	1
TCGA-BH-A0HL	20	46632541	47097224	1	1
TCGA-BH-A0HL	20	47097537	49191343	3	1
TCGA-BH-A0HL	20	49191391	49496768	5	1
TCGA-BH-A0HL	20	49499016	51180509	8	1
TCGA-BH-A0HL	20	51182264	51512066	5	1
TCGA-BH-A0HL	20	51513089	52283186	8	1
TCGA-BH-A0HL	20	52285835	55813545	4	1
TCGA-BH-A0HL	20	55816734	56669386	1	1
TCGA-BH-A0HL	20	56669979	57865876	3	1
TCGA-BH-A0HL	20	57872885	59864435	2	1
TCGA-BH-A0HL	20	59866988	61039343	6	1
TCGA-BH-A0HL	20	61040951	61737961	4	1
TCGA-BH-A0HL	20	61738288	62956153	6	1
TCGA-BH-A0HL	21	10736871	30127575	1	0
TCGA-BH-A0HL	21	30129065	30149618	0	0
TCGA-BH-A0HL	21	30149954	33880581	1	0
TCGA-BH-A0HL	21	33881585	48096957	1	1
TCGA-BH-A0HL	22	16052528	51234455	1	1
TCGA-BH-A0HL	X	168477	12201880	1	1
TCGA-BH-A0HL	X	12201951	12215255	1	0
TCGA-BH-A0HL	X	12215398	30289295	1	1
TCGA-BH-A0HL	X	30292317	30308744	0	0
TCGA-BH-A0HL	X	30311439	50176481	1	1
TCGA-BH-A0HL	X	50177600	50199492	0	0
TCGA-BH-A0HL	X	50203402	58086344	1	1
TCGA-BH-A0HL	X	58094437	58166036	1	0
TCGA-BH-A0HL	X	58169833	66265814	1	1
TCGA-BH-A0HL	X	66267248	66274890	0	0
TCGA-BH-A0HL	X	66280798	77660439	1	1
TCGA-BH-A0HL	X	77662439	77720461	1	0
TCGA-BH-A0HL	X	77732760	85617611	1	1
TCGA-BH-A0HL	X	85617953	85642050	0	0
TCGA-BH-A0HL	X	85643230	145923557	1	1
TCGA-BH-A0HL	X	145928959	145940984	1	0
TCGA-BH-A0HL	X	145944545	147215900	1	1
TCGA-BH-A0HL	X	147217395	147236459	0	0
TCGA-BH-A0HL	X	147237935	148457573	1	1
TCGA-BH-A0HL	X	148457797	148464795	0	0
TCGA-BH-A0HL	X	148467084	155233846	1	1
