sample	chr	startpos	endpos	nMajor	nMinor
TCGA-IN-A6RN	1	61735	1729939	3	1
TCGA-IN-A6RN	1	1729957	7879627	1	1
TCGA-IN-A6RN	1	7881780	10687726	2	1
TCGA-IN-A6RN	1	10694040	24117172	1	1
TCGA-IN-A6RN	1	24132305	25046572	3	1
TCGA-IN-A6RN	1	25054223	36611287	1	1
TCGA-IN-A6RN	1	36613380	37648088	2	1
TCGA-IN-A6RN	1	37652323	41172275	1	1
TCGA-IN-A6RN	1	41172539	44578764	2	1
TCGA-IN-A6RN	1	44579321	168456955	1	1
TCGA-IN-A6RN	1	168457111	169593310	4	1
TCGA-IN-A6RN	1	169593562	199887516	1	1
TCGA-IN-A6RN	1	199888335	201085996	2	1
TCGA-IN-A6RN	1	201088245	206595969	1	1
TCGA-IN-A6RN	1	206596299	208005982	2	1
TCGA-IN-A6RN	1	208010634	234743492	1	1
TCGA-IN-A6RN	1	234750123	235341111	3	1
TCGA-IN-A6RN	1	235341396	246429058	1	1
TCGA-IN-A6RN	1	246433210	246757519	1	0
TCGA-IN-A6RN	1	246758162	249224388	1	1
TCGA-IN-A6RN	2	12784	104736457	1	1
TCGA-IN-A6RN	2	104738830	106311180	2	1
TCGA-IN-A6RN	2	106311348	106730933	3	2
TCGA-IN-A6RN	2	106732545	193015855	1	1
TCGA-IN-A6RN	2	193016133	193735090	1	0
TCGA-IN-A6RN	2	193736382	227276800	1	1
TCGA-IN-A6RN	2	227277006	229145687	2	1
TCGA-IN-A6RN	2	229148196	243089456	1	1
TCGA-IN-A6RN	3	60345	46979013	2	1
TCGA-IN-A6RN	3	46981954	60772213	1	1
TCGA-IN-A6RN	3	60772849	60850476	1	0
TCGA-IN-A6RN	3	60850678	61560005	3	0
TCGA-IN-A6RN	3	61560990	68206201	1	1
TCGA-IN-A6RN	3	68210371	70320787	2	1
TCGA-IN-A6RN	3	70320864	157264377	1	1
TCGA-IN-A6RN	3	157264888	168670179	2	1
TCGA-IN-A6RN	3	168670630	170398055	3	1
TCGA-IN-A6RN	3	170403284	184159165	2	1
TCGA-IN-A6RN	3	184160172	185705721	3	3
TCGA-IN-A6RN	3	185706470	186838247	3	1
TCGA-IN-A6RN	3	186838657	193281301	2	1
TCGA-IN-A6RN	3	193284624	193800651	5	1
TCGA-IN-A6RN	3	193803574	197896118	2	1
TCGA-IN-A6RN	4	12281	64853527	1	1
TCGA-IN-A6RN	4	64854025	66693187	1	0
TCGA-IN-A6RN	4	66693652	73316179	1	1
TCGA-IN-A6RN	4	73318935	76777875	3	1
TCGA-IN-A6RN	4	76780943	77949096	2	1
TCGA-IN-A6RN	4	77949278	80558533	1	1
TCGA-IN-A6RN	4	80559302	87259546	1	0
TCGA-IN-A6RN	4	87262779	145204334	1	1
TCGA-IN-A6RN	4	145204398	148644762	1	0
TCGA-IN-A6RN	4	148647036	151217933	2	1
TCGA-IN-A6RN	4	151219773	152873753	1	1
TCGA-IN-A6RN	4	152875281	182431113	1	0
TCGA-IN-A6RN	4	182432295	182690660	0	0
TCGA-IN-A6RN	4	182690829	191027923	1	0
TCGA-IN-A6RN	5	15532	1676963	2	1
TCGA-IN-A6RN	5	1677306	39048835	1	1
TCGA-IN-A6RN	5	39048915	39205914	3	2
TCGA-IN-A6RN	5	39206170	107854230	1	1
TCGA-IN-A6RN	5	107854902	126357763	1	0
TCGA-IN-A6RN	5	126362323	127490870	2	0
TCGA-IN-A6RN	5	127491386	136684519	1	0
TCGA-IN-A6RN	5	136684768	138262914	2	0
TCGA-IN-A6RN	5	138264150	150503532	1	0
TCGA-IN-A6RN	5	150505455	151515871	2	0
TCGA-IN-A6RN	5	151515891	180790320	1	0
TCGA-IN-A6RN	6	149661	29914220	1	1
TCGA-IN-A6RN	6	29914615	32657436	2	1
TCGA-IN-A6RN	6	32657681	40712138	1	1
TCGA-IN-A6RN	6	40715658	41383373	2	1
TCGA-IN-A6RN	6	41386632	42005461	5	1
TCGA-IN-A6RN	6	42010685	42932835	3	1
TCGA-IN-A6RN	6	42933526	44064694	4	1
TCGA-IN-A6RN	6	44065072	57330320	1	1
TCGA-IN-A6RN	6	57330883	96444751	1	0
TCGA-IN-A6RN	6	96444867	171051005	1	1
TCGA-IN-A6RN	7	43259	7666424	1	0
TCGA-IN-A6RN	7	7667312	42552643	1	1
TCGA-IN-A6RN	7	42553786	45732690	2	1
TCGA-IN-A6RN	7	45732757	100093413	1	1
TCGA-IN-A6RN	7	100097057	104007457	1	0
TCGA-IN-A6RN	7	104007470	104994879	2	0
TCGA-IN-A6RN	7	104995471	159127004	1	0
TCGA-IN-A6RN	8	31254	17434339	1	1
TCGA-IN-A6RN	8	17435908	17922925	2	1
TCGA-IN-A6RN	8	17924739	28923048	1	1
TCGA-IN-A6RN	8	28924858	29305351	3	1
TCGA-IN-A6RN	8	29305755	127618426	1	1
TCGA-IN-A6RN	8	127618492	128935226	4	1
TCGA-IN-A6RN	8	128935423	146298155	1	1
TCGA-IN-A6RN	9	46587	35536846	1	1
TCGA-IN-A6RN	9	35539262	36066385	2	1
TCGA-IN-A6RN	9	36073433	135151766	1	1
TCGA-IN-A6RN	9	135151885	137689321	2	1
TCGA-IN-A6RN	9	137689644	139270975	1	0
TCGA-IN-A6RN	9	139271355	141091394	2	0
TCGA-IN-A6RN	10	72759	73439583	1	1
TCGA-IN-A6RN	10	73443045	75089654	7	1
TCGA-IN-A6RN	10	75089778	76844750	3	1
TCGA-IN-A6RN	10	76845632	135506704	1	1
TCGA-IN-A6RN	11	198572	11323266	1	0
TCGA-IN-A6RN	11	11323281	34402798	1	1
TCGA-IN-A6RN	11	34404349	34739936	3	1
TCGA-IN-A6RN	11	34741213	46320494	1	1
TCGA-IN-A6RN	11	46323845	46634035	2	2
TCGA-IN-A6RN	11	46636286	134944770	1	1
TCGA-IN-A6RN	12	150442	12783054	1	0
TCGA-IN-A6RN	12	12783076	13106510	2	0
TCGA-IN-A6RN	12	13108561	18613781	1	0
TCGA-IN-A6RN	12	18613946	19397314	1	1
TCGA-IN-A6RN	12	19397900	27942441	1	0
TCGA-IN-A6RN	12	27946655	28871410	11	1
TCGA-IN-A6RN	12	28884538	29523284	23	0
TCGA-IN-A6RN	12	29527675	30319380	15	1
TCGA-IN-A6RN	12	30320388	32527343	11	1
TCGA-IN-A6RN	12	32527404	34854498	1	0
TCGA-IN-A6RN	12	37857751	43842817	3	1
TCGA-IN-A6RN	12	43846645	59707258	1	1
TCGA-IN-A6RN	12	59707458	68817323	1	0
TCGA-IN-A6RN	12	68821543	70752844	13	1
TCGA-IN-A6RN	12	70752968	70833998	3	1
TCGA-IN-A6RN	12	70836819	73161986	6	1
TCGA-IN-A6RN	12	73179846	80091634	1	0
TCGA-IN-A6RN	12	80091811	86104569	1	1
TCGA-IN-A6RN	12	86105542	86376577	2	1
TCGA-IN-A6RN	12	86378863	86616044	7	1
TCGA-IN-A6RN	12	86620432	86890117	2	0
TCGA-IN-A6RN	12	86891605	89766200	1	0
TCGA-IN-A6RN	12	89766406	90155210	1	1
TCGA-IN-A6RN	12	90157744	90892928	3	1
TCGA-IN-A6RN	12	90895452	92256495	4	0
TCGA-IN-A6RN	12	92257120	93752335	3	1
TCGA-IN-A6RN	12	93755470	130599360	3	0
TCGA-IN-A6RN	12	130604929	133778189	3	1
TCGA-IN-A6RN	13	19026949	43549782	1	1
TCGA-IN-A6RN	13	43550021	46546768	2	1
TCGA-IN-A6RN	13	46550443	73167833	1	1
TCGA-IN-A6RN	13	73169800	75511626	2	1
TCGA-IN-A6RN	13	75512161	115108397	1	1
TCGA-IN-A6RN	14	19002124	38290875	1	1
TCGA-IN-A6RN	14	38291759	38799773	4	1
TCGA-IN-A6RN	14	38800004	62294879	1	1
TCGA-IN-A6RN	14	62295488	64876633	1	0
TCGA-IN-A6RN	14	64877880	66447943	2	0
TCGA-IN-A6RN	14	66448348	73332430	1	0
TCGA-IN-A6RN	14	73333925	73621190	3	0
TCGA-IN-A6RN	14	73630155	75575536	1	0
TCGA-IN-A6RN	14	75581778	94555248	1	1
TCGA-IN-A6RN	14	94555479	96528528	2	1
TCGA-IN-A6RN	14	96532311	107285437	1	1
TCGA-IN-A6RN	15	20016328	49219952	1	1
TCGA-IN-A6RN	15	49220665	49863606	2	1
TCGA-IN-A6RN	15	49863635	57352778	1	1
TCGA-IN-A6RN	15	57352893	68597627	2	1
TCGA-IN-A6RN	15	68599752	74172214	3	1
TCGA-IN-A6RN	15	74175945	78408295	1	1
TCGA-IN-A6RN	15	78410789	89259970	2	1
TCGA-IN-A6RN	15	89261134	90568960	3	1
TCGA-IN-A6RN	15	90569376	91214005	12	1
TCGA-IN-A6RN	15	91215416	102469040	2	1
TCGA-IN-A6RN	16	60777	3993899	1	1
TCGA-IN-A6RN	16	3994696	4549673	3	1
TCGA-IN-A6RN	16	4551830	8778151	1	1
TCGA-IN-A6RN	16	8779685	10218633	3	1
TCGA-IN-A6RN	16	10218725	35283226	1	1
TCGA-IN-A6RN	16	46463782	57283730	1	0
TCGA-IN-A6RN	16	57283838	59058931	2	0
TCGA-IN-A6RN	16	59059540	69288015	1	0
TCGA-IN-A6RN	16	69288037	70838203	2	0
TCGA-IN-A6RN	16	70839075	78622688	1	0
TCGA-IN-A6RN	16	78622887	78679163	0	0
TCGA-IN-A6RN	16	78679533	90287535	1	0
TCGA-IN-A6RN	17	526	7065958	1	1
TCGA-IN-A6RN	17	7068105	7549750	3	1
TCGA-IN-A6RN	17	7557017	8384875	1	1
TCGA-IN-A6RN	17	8388179	9184197	2	1
TCGA-IN-A6RN	17	9184822	17877421	1	1
TCGA-IN-A6RN	17	17878203	19678533	3	1
TCGA-IN-A6RN	17	19682327	37532800	1	1
TCGA-IN-A6RN	17	37532916	39874163	3	1
TCGA-IN-A6RN	17	39874267	48515315	1	1
TCGA-IN-A6RN	17	48518074	50072245	2	1
TCGA-IN-A6RN	17	50074662	60262232	1	1
TCGA-IN-A6RN	17	60263772	61762935	2	1
TCGA-IN-A6RN	17	61763031	69854111	1	1
TCGA-IN-A6RN	17	69854127	72384659	2	1
TCGA-IN-A6RN	17	72389282	73999156	3	1
TCGA-IN-A6RN	17	74003764	78300546	1	1
TCGA-IN-A6RN	17	78300821	79058278	3	1
TCGA-IN-A6RN	17	79059230	81049726	1	1
TCGA-IN-A6RN	18	48133	10925450	2	1
TCGA-IN-A6RN	18	10926135	11578185	4	1
TCGA-IN-A6RN	18	11579065	19384222	2	1
TCGA-IN-A6RN	18	19386521	19953907	4	2
TCGA-IN-A6RN	18	19958208	31481149	1	1
TCGA-IN-A6RN	18	31481599	33314352	2	1
TCGA-IN-A6RN	18	33314424	50352630	1	1
TCGA-IN-A6RN	18	50353211	52915567	4	1
TCGA-IN-A6RN	18	52915706	57336783	1	1
TCGA-IN-A6RN	18	57337230	66493407	2	1
TCGA-IN-A6RN	18	66495872	69778986	2	2
TCGA-IN-A6RN	18	69779136	72266846	2	1
TCGA-IN-A6RN	18	72267054	74502439	3	1
TCGA-IN-A6RN	18	74502989	77406203	6	1
TCGA-IN-A6RN	18	77410607	78015057	2	1
TCGA-IN-A6RN	19	90910	9620336	1	1
TCGA-IN-A6RN	19	9621409	13411533	2	1
TCGA-IN-A6RN	19	13413218	14565395	3	0
TCGA-IN-A6RN	19	14567304	16381945	1	0
TCGA-IN-A6RN	19	16389051	17639517	2	1
TCGA-IN-A6RN	19	17640317	54525038	1	1
TCGA-IN-A6RN	19	54525520	57158206	2	1
TCGA-IN-A6RN	19	57158582	59097854	1	1
TCGA-IN-A6RN	20	61305	16654638	1	1
TCGA-IN-A6RN	20	16655029	18800670	2	1
TCGA-IN-A6RN	20	18801036	22283766	1	1
TCGA-IN-A6RN	20	22283878	22964590	2	1
TCGA-IN-A6RN	20	22964757	33405263	1	1
TCGA-IN-A6RN	20	33405310	34187313	2	0
TCGA-IN-A6RN	20	34190870	35093690	3	1
TCGA-IN-A6RN	20	35097119	39333484	1	1
TCGA-IN-A6RN	20	39333769	40077059	3	1
TCGA-IN-A6RN	20	40078085	59784409	1	1
TCGA-IN-A6RN	20	59784498	62956153	2	1
TCGA-IN-A6RN	21	10736871	45075750	1	1
TCGA-IN-A6RN	21	45083097	48096957	2	1
TCGA-IN-A6RN	22	16052528	24064852	1	0
TCGA-IN-A6RN	22	24065616	26286087	2	0
TCGA-IN-A6RN	22	26288113	30000919	1	0
TCGA-IN-A6RN	22	30004929	30509744	2	0
TCGA-IN-A6RN	22	30511849	37591290	1	0
TCGA-IN-A6RN	22	37591318	38644651	2	0
TCGA-IN-A6RN	22	38644830	51234455	1	0
TCGA-IN-A6RN	X	168477	155233846	1	1
