sample	chr	startpos	endpos	nMajor	nMinor
TCGA-CJ-4881	1	61735	121482979	2	2
TCGA-CJ-4881	1	144007049	249224388	5	2
TCGA-CJ-4881	2	12784	231107145	2	2
TCGA-CJ-4881	2	231107953	243089456	2	0
TCGA-CJ-4881	3	60345	65324531	2	0
TCGA-CJ-4881	3	65324714	75373356	2	1
TCGA-CJ-4881	3	75373598	82738782	2	0
TCGA-CJ-4881	3	82739266	83785988	2	2
TCGA-CJ-4881	3	83786196	86393380	2	0
TCGA-CJ-4881	3	86394132	101773841	2	2
TCGA-CJ-4881	3	101774012	197896118	3	2
TCGA-CJ-4881	4	12281	191027923	2	2
TCGA-CJ-4881	5	15532	46389273	7	2
TCGA-CJ-4881	5	49432831	144764126	2	2
TCGA-CJ-4881	5	144764493	144876731	2	0
TCGA-CJ-4881	5	144880346	180790320	2	2
TCGA-CJ-4881	6	149661	79268815	2	2
TCGA-CJ-4881	6	79268831	159962019	2	1
TCGA-CJ-4881	6	159962803	171051005	2	2
TCGA-CJ-4881	7	43259	71276	3	0
TCGA-CJ-4881	7	79263	128355368	2	2
TCGA-CJ-4881	7	128355458	159127004	4	2
TCGA-CJ-4881	8	31254	5764455	2	2
TCGA-CJ-4881	8	5764800	22045583	2	1
TCGA-CJ-4881	8	22046829	43767226	2	0
TCGA-CJ-4881	8	43778914	66468440	7	2
TCGA-CJ-4881	8	66469926	95930301	7	0
TCGA-CJ-4881	8	95931758	106053752	6	1
TCGA-CJ-4881	8	106053788	146298155	7	2
TCGA-CJ-4881	9	46587	31194999	2	0
TCGA-CJ-4881	9	31196128	37222681	2	2
TCGA-CJ-4881	9	37224460	141091394	2	0
TCGA-CJ-4881	10	72759	135506704	2	2
TCGA-CJ-4881	11	198572	134944770	2	2
TCGA-CJ-4881	12	150442	3910192	2	1
TCGA-CJ-4881	12	3910692	19952821	2	2
TCGA-CJ-4881	12	19953248	20794150	4	2
TCGA-CJ-4881	12	20795813	31061815	2	2
TCGA-CJ-4881	12	31063131	33185291	4	2
TCGA-CJ-4881	12	33185988	33519525	2	2
TCGA-CJ-4881	12	33521107	126549851	4	2
TCGA-CJ-4881	12	126549916	130520247	5	2
TCGA-CJ-4881	12	130520674	133778189	4	2
TCGA-CJ-4881	13	19026949	94088707	3	0
TCGA-CJ-4881	13	94091262	94209916	0	0
TCGA-CJ-4881	13	94209956	115108397	3	0
TCGA-CJ-4881	14	19002124	107285437	2	0
TCGA-CJ-4881	15	20016328	94675542	2	2
TCGA-CJ-4881	15	94675611	99053667	3	2
TCGA-CJ-4881	15	99053813	102469040	2	2
TCGA-CJ-4881	16	60777	25785149	2	2
TCGA-CJ-4881	16	25786480	27030491	3	2
TCGA-CJ-4881	16	27030740	90287535	2	2
TCGA-CJ-4881	17	526	25399131	2	1
TCGA-CJ-4881	17	25400113	81049726	2	2
TCGA-CJ-4881	18	48133	78015057	1	1
TCGA-CJ-4881	19	90910	59097854	2	2
TCGA-CJ-4881	20	61305	29498271	2	1
TCGA-CJ-4881	20	29505830	62956153	3	2
TCGA-CJ-4881	21	10736871	48096957	2	2
TCGA-CJ-4881	22	16052528	47728641	2	2
TCGA-CJ-4881	22	47728735	51234455	3	2
TCGA-CJ-4881	X	168477	2694240	3	2
TCGA-CJ-4881	X	2703391	155233846	2	0
