sample	chr	startpos	endpos	nMajor	nMinor
TCGA-CD-8525	1	61735	14999190	2	0
TCGA-CD-8525	1	15000252	15728139	1	0
TCGA-CD-8525	1	15728289	30114164	2	0
TCGA-CD-8525	1	30115820	249224388	2	2
TCGA-CD-8525	2	12784	148273712	2	1
TCGA-CD-8525	2	148279693	181327542	3	2
TCGA-CD-8525	2	181327570	243089456	2	0
TCGA-CD-8525	3	60345	7023852	2	1
TCGA-CD-8525	3	7024127	17875194	3	0
TCGA-CD-8525	3	17878469	42333116	2	2
TCGA-CD-8525	3	42337971	42995157	5	1
TCGA-CD-8525	3	43007415	60344190	2	2
TCGA-CD-8525	3	60349462	60538329	1	0
TCGA-CD-8525	3	60540090	147039856	2	2
TCGA-CD-8525	3	147042670	170223126	3	2
TCGA-CD-8525	3	170224157	174204328	4	3
TCGA-CD-8525	3	174207420	197896118	2	2
TCGA-CD-8525	4	12281	439583	0	0
TCGA-CD-8525	4	443846	78271115	2	0
TCGA-CD-8525	4	78272330	83263893	4	0
TCGA-CD-8525	4	83264760	112769137	2	0
TCGA-CD-8525	4	112769713	124333892	1	0
TCGA-CD-8525	4	124334279	125082812	7	0
TCGA-CD-8525	4	125083666	185167099	2	0
TCGA-CD-8525	4	185167202	185435456	6	0
TCGA-CD-8525	4	185436241	191027923	1	1
TCGA-CD-8525	5	15532	24626580	3	2
TCGA-CD-8525	5	24626598	38243157	6	0
TCGA-CD-8525	5	38243461	46246660	4	3
TCGA-CD-8525	5	46251306	180790320	2	0
TCGA-CD-8525	6	149661	14709039	1	1
TCGA-CD-8525	6	14709922	17203153	2	1
TCGA-CD-8525	6	17210051	19725838	5	1
TCGA-CD-8525	6	19728023	22137594	7	1
TCGA-CD-8525	6	22137648	30062058	2	1
TCGA-CD-8525	6	30063368	36957344	3	1
TCGA-CD-8525	6	36958993	39346008	2	1
TCGA-CD-8525	6	39346344	42682170	4	1
TCGA-CD-8525	6	42684316	51837167	2	2
TCGA-CD-8525	6	51837507	53600708	1	1
TCGA-CD-8525	6	53600766	152834000	2	2
TCGA-CD-8525	6	152836030	153875899	2	1
TCGA-CD-8525	6	153878774	164004057	3	0
TCGA-CD-8525	6	164004086	171051005	2	2
TCGA-CD-8525	7	43259	52948834	2	2
TCGA-CD-8525	7	52948897	68458764	3	0
TCGA-CD-8525	7	68459077	100518458	2	2
TCGA-CD-8525	7	100523098	136931552	2	0
TCGA-CD-8525	7	136933473	148941267	2	1
TCGA-CD-8525	7	148945277	159127004	2	0
TCGA-CD-8525	8	31254	1948587	2	1
TCGA-CD-8525	8	1952108	5942536	3	2
TCGA-CD-8525	8	5942699	9556051	2	1
TCGA-CD-8525	8	9556847	13183526	4	0
TCGA-CD-8525	8	13183677	14423424	2	2
TCGA-CD-8525	8	14425593	31705103	2	1
TCGA-CD-8525	8	31705433	48511836	2	2
TCGA-CD-8525	8	48515475	49865894	5	2
TCGA-CD-8525	8	49866741	109128653	3	3
TCGA-CD-8525	8	109142307	144111282	4	3
TCGA-CD-8525	8	144112281	146298155	2	2
TCGA-CD-8525	9	46587	9008618	1	1
TCGA-CD-8525	9	9009365	10035975	0	0
TCGA-CD-8525	9	10036311	135934448	2	0
TCGA-CD-8525	9	135934995	136263584	5	0
TCGA-CD-8525	9	136264493	141091394	2	1
TCGA-CD-8525	10	72759	2412004	1	0
TCGA-CD-8525	10	2412673	3202051	2	1
TCGA-CD-8525	10	3202065	3943080	6	1
TCGA-CD-8525	10	3943279	5994694	9	1
TCGA-CD-8525	10	5995052	10640554	1	0
TCGA-CD-8525	10	10642481	12062020	5	1
TCGA-CD-8525	10	12062814	13385970	1	1
TCGA-CD-8525	10	13388640	15304765	2	2
TCGA-CD-8525	10	15304786	17347299	1	1
TCGA-CD-8525	10	17347404	22084303	1	0
TCGA-CD-8525	10	22086672	24835846	2	1
TCGA-CD-8525	10	24836495	25620958	4	3
TCGA-CD-8525	10	25621330	26518479	2	0
TCGA-CD-8525	10	26519239	27593427	9	2
TCGA-CD-8525	10	27597438	30155067	2	0
TCGA-CD-8525	10	30155168	30905979	6	2
TCGA-CD-8525	10	30909182	34205772	3	0
TCGA-CD-8525	10	34205814	34524792	11	2
TCGA-CD-8525	10	34526371	37132126	2	0
TCGA-CD-8525	10	37136519	38371212	6	2
TCGA-CD-8525	10	38371899	44966932	2	2
TCGA-CD-8525	10	44967133	53059772	2	0
TCGA-CD-8525	10	53061500	54570951	3	2
TCGA-CD-8525	10	54571966	59014897	2	0
TCGA-CD-8525	10	59017026	59777654	11	2
TCGA-CD-8525	10	59779977	59804795	3	0
TCGA-CD-8525	10	59805051	60774243	2	0
TCGA-CD-8525	10	60774801	61744004	12	2
TCGA-CD-8525	10	61744247	62235521	2	2
TCGA-CD-8525	10	62236195	62773063	7	2
TCGA-CD-8525	10	62773645	62945867	2	0
TCGA-CD-8525	10	62949527	66399869	11	2
TCGA-CD-8525	10	66402831	68446304	2	0
TCGA-CD-8525	10	68449231	69914581	6	2
TCGA-CD-8525	10	69915035	70618691	2	2
TCGA-CD-8525	10	70618951	73530977	2	0
TCGA-CD-8525	10	73531069	75526145	4	3
TCGA-CD-8525	10	75528626	76961156	8	2
TCGA-CD-8525	10	76961332	79393970	2	2
TCGA-CD-8525	10	79394239	83965422	4	0
TCGA-CD-8525	10	83965977	86133753	2	0
TCGA-CD-8525	10	86137827	87845206	3	2
TCGA-CD-8525	10	87845548	99256557	2	0
TCGA-CD-8525	10	99267639	135506704	3	3
TCGA-CD-8525	11	198572	18017064	2	0
TCGA-CD-8525	11	18020511	26825638	3	2
TCGA-CD-8525	11	26825849	27834537	2	0
TCGA-CD-8525	11	27834893	134944770	3	2
TCGA-CD-8525	12	150442	5277036	3	1
TCGA-CD-8525	12	5277404	30113883	2	2
TCGA-CD-8525	12	30121585	32145887	3	2
TCGA-CD-8525	12	32146053	45704185	2	2
TCGA-CD-8525	12	45704539	47290652	3	2
TCGA-CD-8525	12	47292410	63905378	2	2
TCGA-CD-8525	12	63906481	100019248	2	1
TCGA-CD-8525	12	100019917	102898446	3	2
TCGA-CD-8525	12	102898532	104229503	2	1
TCGA-CD-8525	12	104229727	119016318	3	0
TCGA-CD-8525	12	119016407	119332103	1	1
TCGA-CD-8525	12	119332598	133778189	2	1
TCGA-CD-8525	13	19026949	85471552	5	0
TCGA-CD-8525	13	85475383	115108397	2	1
TCGA-CD-8525	14	19002124	77711630	2	2
TCGA-CD-8525	14	77711646	94388728	3	0
TCGA-CD-8525	14	94389292	107285437	2	1
TCGA-CD-8525	15	20016328	62327832	2	0
TCGA-CD-8525	15	62328700	67089931	2	2
TCGA-CD-8525	15	67090278	102469040	3	2
TCGA-CD-8525	16	60777	8871372	2	0
TCGA-CD-8525	16	8871388	9641385	5	0
TCGA-CD-8525	16	9641789	56696551	2	0
TCGA-CD-8525	16	56697581	78824399	3	0
TCGA-CD-8525	16	78825222	78951053	0	0
TCGA-CD-8525	16	78951126	79135077	1	0
TCGA-CD-8525	16	79136345	90287535	3	0
TCGA-CD-8525	17	526	7051469	2	0
TCGA-CD-8525	17	7065374	10929347	3	0
TCGA-CD-8525	17	10929499	21172289	1	0
TCGA-CD-8525	17	21172639	79503472	2	2
TCGA-CD-8525	17	79505189	81049726	3	0
TCGA-CD-8525	18	48133	9201461	1	1
TCGA-CD-8525	18	9205100	9966332	5	0
TCGA-CD-8525	18	9966468	78015057	1	1
TCGA-CD-8525	19	90910	1130948	4	0
TCGA-CD-8525	19	1135485	22577288	2	0
TCGA-CD-8525	19	22582370	29348014	5	2
TCGA-CD-8525	19	29348066	32430017	7	2
TCGA-CD-8525	19	32431369	32895218	1	1
TCGA-CD-8525	19	32898686	34495660	7	2
TCGA-CD-8525	19	34498002	44178649	1	1
TCGA-CD-8525	19	44184856	59097854	3	0
TCGA-CD-8525	20	61305	14695181	2	0
TCGA-CD-8525	20	14695379	15466269	1	0
TCGA-CD-8525	20	15466330	17988406	3	0
TCGA-CD-8525	20	17992286	19338569	4	0
TCGA-CD-8525	20	19339781	35665787	5	0
TCGA-CD-8525	20	35665838	43364431	6	0
TCGA-CD-8525	20	43364872	49033119	7	0
TCGA-CD-8525	20	49044205	62956153	6	0
TCGA-CD-8525	21	10736871	48096957	2	1
TCGA-CD-8525	22	16052528	37382250	3	0
TCGA-CD-8525	22	37383047	37817147	7	0
TCGA-CD-8525	22	37818111	41676176	3	0
TCGA-CD-8525	22	41699443	51234455	3	2
TCGA-CD-8525	X	168477	54720994	2	2
TCGA-CD-8525	X	54721559	62211493	4	0
TCGA-CD-8525	X	62219130	155233846	2	2
