sample	chr	startpos	endpos	nMajor	nMinor
TCGA-A8-A092	1	61735	121482979	2	0
TCGA-A8-A092	1	144007049	162027992	4	2
TCGA-A8-A092	1	162029291	234669847	5	2
TCGA-A8-A092	1	234671267	235356136	4	2
TCGA-A8-A092	1	235359782	249224388	5	2
TCGA-A8-A092	2	12784	243089456	1	1
TCGA-A8-A092	3	60345	129151667	3	0
TCGA-A8-A092	3	129152144	197896118	4	0
TCGA-A8-A092	4	12281	184749983	3	0
TCGA-A8-A092	4	184752570	186853726	2	0
TCGA-A8-A092	4	186854029	191027923	3	0
TCGA-A8-A092	5	15532	180790320	2	1
TCGA-A8-A092	6	149661	29669751	2	2
TCGA-A8-A092	6	29670536	34031854	2	1
TCGA-A8-A092	6	34032613	57323779	2	2
TCGA-A8-A092	6	57324832	171051005	2	1
TCGA-A8-A092	7	43259	7117293	2	1
TCGA-A8-A092	7	7117731	9097809	1	1
TCGA-A8-A092	7	9097947	38294996	2	1
TCGA-A8-A092	7	38297835	38358956	3	3
TCGA-A8-A092	7	38362072	49730500	2	1
TCGA-A8-A092	7	49730525	50933039	1	1
TCGA-A8-A092	7	50933120	55791435	2	1
TCGA-A8-A092	7	55793010	63670676	3	1
TCGA-A8-A092	7	63671568	159127004	2	1
TCGA-A8-A092	8	31254	40640371	1	0
TCGA-A8-A092	8	40640413	41389026	4	1
TCGA-A8-A092	8	41390513	41947280	7	1
TCGA-A8-A092	8	41947493	82848238	10	1
TCGA-A8-A092	8	82848950	90069715	13	1
TCGA-A8-A092	8	90075891	141314926	12	1
TCGA-A8-A092	8	141315305	142070733	16	0
TCGA-A8-A092	8	142070978	146298155	11	1
TCGA-A8-A092	9	46587	141091394	2	1
TCGA-A8-A092	10	72759	7699530	2	2
TCGA-A8-A092	10	7700353	10880077	3	2
TCGA-A8-A092	10	10882501	64700116	2	2
TCGA-A8-A092	10	64700772	71062666	3	2
TCGA-A8-A092	10	71062762	93722358	2	2
TCGA-A8-A092	10	93723463	96810235	3	2
TCGA-A8-A092	10	96810612	135506704	2	2
TCGA-A8-A092	11	198572	134944770	2	1
TCGA-A8-A092	12	150442	31474894	4	0
TCGA-A8-A092	12	31475300	38514872	5	0
TCGA-A8-A092	12	38517368	133778189	4	0
TCGA-A8-A092	13	19026949	115108397	1	1
TCGA-A8-A092	14	19002124	22405392	3	1
TCGA-A8-A092	14	22408760	22965037	6	2
TCGA-A8-A092	14	22965078	34856416	3	1
TCGA-A8-A092	14	34857124	39309279	3	2
TCGA-A8-A092	14	39311022	39860530	3	1
TCGA-A8-A092	14	39862632	42340281	3	2
TCGA-A8-A092	14	42343830	107285437	3	1
TCGA-A8-A092	15	20016328	102469040	1	1
TCGA-A8-A092	16	60777	5758907	2	2
TCGA-A8-A092	16	5759019	34220117	3	2
TCGA-A8-A092	16	34222862	34938659	1	1
TCGA-A8-A092	16	34941763	35283226	2	1
TCGA-A8-A092	16	46463782	50832732	2	0
TCGA-A8-A092	16	50841795	50866572	2	2
TCGA-A8-A092	16	50870446	53233161	3	2
TCGA-A8-A092	16	53233587	89586093	2	0
TCGA-A8-A092	16	89586592	90287535	2	2
TCGA-A8-A092	17	526	22049082	2	0
TCGA-A8-A092	17	22049307	25316463	2	1
TCGA-A8-A092	17	25317154	26552897	3	3
TCGA-A8-A092	17	26555252	38987959	3	2
TCGA-A8-A092	17	38988450	49589415	3	3
TCGA-A8-A092	17	49593252	59380391	4	3
TCGA-A8-A092	17	59384567	71462295	3	3
TCGA-A8-A092	17	71463117	81049726	3	2
TCGA-A8-A092	18	48133	78015057	2	0
TCGA-A8-A092	19	90910	13110883	2	0
TCGA-A8-A092	19	13111635	15113675	2	1
TCGA-A8-A092	19	15113700	18355897	2	2
TCGA-A8-A092	19	18356434	21074445	2	1
TCGA-A8-A092	19	21081522	28180927	5	2
TCGA-A8-A092	19	28194761	31115205	3	2
TCGA-A8-A092	19	31115618	33175649	7	2
TCGA-A8-A092	19	33177932	33681387	4	3
TCGA-A8-A092	19	33681470	59097854	3	2
TCGA-A8-A092	20	61305	50266638	3	2
TCGA-A8-A092	20	50269097	50785396	4	3
TCGA-A8-A092	20	50787735	55568732	3	3
TCGA-A8-A092	20	55569277	58816047	3	2
TCGA-A8-A092	20	58816236	61058800	3	3
TCGA-A8-A092	20	61065194	62956153	3	2
TCGA-A8-A092	21	10736871	48096957	2	2
TCGA-A8-A092	22	16052528	51234455	2	1
TCGA-A8-A092	X	168477	2471092	2	2
TCGA-A8-A092	X	2471121	155233846	2	1
