sample	chr	startpos	endpos	nMajor	nMinor
TCGA-G9-6364-a	1	61735	233234890	1	1
TCGA-G9-6364-a	1	233234928	235332467	1	0
TCGA-G9-6364-a	1	235340682	249224388	1	1
TCGA-G9-6364-a	2	12784	11824948	1	1
TCGA-G9-6364-a	2	11825753	15738150	1	0
TCGA-G9-6364-a	2	15739293	171083633	1	1
TCGA-G9-6364-a	2	171085827	175530527	1	0
TCGA-G9-6364-a	2	175531411	218034104	1	1
TCGA-G9-6364-a	2	218038019	218882232	1	0
TCGA-G9-6364-a	2	218882304	243089456	1	1
TCGA-G9-6364-a	3	60345	15303047	1	1
TCGA-G9-6364-a	3	15304741	15577887	1	0
TCGA-G9-6364-a	3	15589591	56702236	1	1
TCGA-G9-6364-a	3	56706528	57052707	1	0
TCGA-G9-6364-a	3	57052993	69941525	1	1
TCGA-G9-6364-a	3	69941876	72869029	1	0
TCGA-G9-6364-a	3	72869407	197896118	1	1
TCGA-G9-6364-a	4	12281	191027923	1	1
TCGA-G9-6364-a	5	15532	180790320	1	1
TCGA-G9-6364-a	6	149661	171051005	1	1
TCGA-G9-6364-a	7	43259	95603295	1	1
TCGA-G9-6364-a	7	95604551	97487436	1	0
TCGA-G9-6364-a	7	97488569	107089245	1	1
TCGA-G9-6364-a	7	107090698	108111566	1	0
TCGA-G9-6364-a	7	108114691	159127004	1	1
TCGA-G9-6364-a	8	31254	46863535	1	0
TCGA-G9-6364-a	8	46912027	146298155	1	1
TCGA-G9-6364-a	9	46587	141091394	1	1
TCGA-G9-6364-a	10	72759	80752765	1	1
TCGA-G9-6364-a	10	80753603	91154267	1	0
TCGA-G9-6364-a	10	91155015	135506704	1	1
TCGA-G9-6364-a	11	198572	134944770	1	1
TCGA-G9-6364-a	12	150442	34854498	1	0
TCGA-G9-6364-a	12	37857751	133778189	1	1
TCGA-G9-6364-a	13	19026949	115108397	1	1
TCGA-G9-6364-a	14	19002124	107285437	1	1
TCGA-G9-6364-a	15	20016328	102469040	1	1
TCGA-G9-6364-a	16	60777	90287535	1	1
TCGA-G9-6364-a	17	526	41281567	1	1
TCGA-G9-6364-a	17	41286567	41918125	1	0
TCGA-G9-6364-a	17	41927284	81049726	1	1
TCGA-G9-6364-a	18	48133	78015057	1	1
TCGA-G9-6364-a	19	90910	59097854	1	1
TCGA-G9-6364-a	20	61305	62956153	1	1
TCGA-G9-6364-a	21	10736871	39879440	1	1
TCGA-G9-6364-a	21	39881848	42868681	1	0
TCGA-G9-6364-a	21	42868799	48096957	1	1
TCGA-G9-6364-a	22	16052528	51234455	1	1
TCGA-G9-6364-a	X	168477	2694240	1	1
TCGA-G9-6364-a	X	2703391	155233846	1	0
