sample	chr	startpos	endpos	nMajor	nMinor
TCGA-44-6146-b	1	61735	249224388	1	1
TCGA-44-6146-b	2	12784	243089456	1	1
TCGA-44-6146-b	3	60345	197896118	1	1
TCGA-44-6146-b	4	12281	34865798	1	0
TCGA-44-6146-b	4	34866563	35026277	2	1
TCGA-44-6146-b	4	35026977	37954944	1	0
TCGA-44-6146-b	4	37955414	191027923	1	1
TCGA-44-6146-b	5	15532	49447306	1	1
TCGA-44-6146-b	5	49455636	180790320	1	0
TCGA-44-6146-b	6	149661	171051005	1	1
TCGA-44-6146-b	7	43259	55175876	1	1
TCGA-44-6146-b	7	55178215	55221167	8	0
TCGA-44-6146-b	7	55221655	159127004	1	1
TCGA-44-6146-b	8	31254	3578304	1	1
TCGA-44-6146-b	8	3578650	3588188	0	0
TCGA-44-6146-b	8	3588531	146298155	1	1
TCGA-44-6146-b	9	46587	29972515	1	0
TCGA-44-6146-b	9	29972745	141091394	1	1
TCGA-44-6146-b	10	72759	135506704	1	1
TCGA-44-6146-b	11	198572	134944770	1	1
TCGA-44-6146-b	12	150442	133778189	1	1
TCGA-44-6146-b	13	19026949	115108397	1	1
TCGA-44-6146-b	14	19002124	107285437	1	0
TCGA-44-6146-b	15	20016328	102469040	1	1
TCGA-44-6146-b	16	60777	90287535	1	1
TCGA-44-6146-b	17	526	81049726	1	1
TCGA-44-6146-b	18	48133	23056425	1	1
TCGA-44-6146-b	18	23057712	78015057	1	0
TCGA-44-6146-b	19	90910	24325223	1	0
TCGA-44-6146-b	19	24325671	59097854	1	1
TCGA-44-6146-b	20	61305	62956153	1	1
TCGA-44-6146-b	21	10736871	48096957	1	1
TCGA-44-6146-b	22	16052528	51234455	1	1
TCGA-44-6146-b	X	168477	2710025	1	0
TCGA-44-6146-b	X	2710742	155233846	2	0
