sample	chr	startpos	endpos	nMajor	nMinor
TCGA-MQ-A6BN	1	61735	243538108	1	1
TCGA-MQ-A6BN	1	243538955	243960298	1	0
TCGA-MQ-A6BN	1	243960591	249224388	1	1
TCGA-MQ-A6BN	2	12784	243089456	1	1
TCGA-MQ-A6BN	3	60345	30644578	1	1
TCGA-MQ-A6BN	3	30645426	57788302	1	0
TCGA-MQ-A6BN	3	57788834	197896118	1	1
TCGA-MQ-A6BN	4	12281	90180217	1	1
TCGA-MQ-A6BN	4	90180489	90818831	1	0
TCGA-MQ-A6BN	4	90818857	98959017	1	1
TCGA-MQ-A6BN	4	98959724	100767417	1	0
TCGA-MQ-A6BN	4	100767903	107210550	1	1
TCGA-MQ-A6BN	4	107214011	108066145	1	0
TCGA-MQ-A6BN	4	108066158	152175316	1	1
TCGA-MQ-A6BN	4	152178581	155202915	1	0
TCGA-MQ-A6BN	4	155204724	191027923	1	1
TCGA-MQ-A6BN	5	15532	180790320	1	1
TCGA-MQ-A6BN	6	149661	96976683	1	1
TCGA-MQ-A6BN	6	96977145	151007115	1	0
TCGA-MQ-A6BN	6	151008498	156103925	1	1
TCGA-MQ-A6BN	6	156104364	156275132	1	0
TCGA-MQ-A6BN	6	156275691	171051005	1	1
TCGA-MQ-A6BN	7	43259	38616429	1	1
TCGA-MQ-A6BN	7	38617022	46133056	2	0
TCGA-MQ-A6BN	7	46133669	138607874	1	1
TCGA-MQ-A6BN	7	138612013	151656464	2	0
TCGA-MQ-A6BN	7	151657093	159127004	1	1
TCGA-MQ-A6BN	8	31254	21477669	2	1
TCGA-MQ-A6BN	8	21481330	146298155	1	1
TCGA-MQ-A6BN	9	46587	141091394	1	1
TCGA-MQ-A6BN	10	72759	15065675	1	1
TCGA-MQ-A6BN	10	15066488	20293316	2	1
TCGA-MQ-A6BN	10	20294036	20678246	1	1
TCGA-MQ-A6BN	10	20678362	27387283	2	1
TCGA-MQ-A6BN	10	27390678	29237462	1	1
TCGA-MQ-A6BN	10	29238423	39045864	2	1
TCGA-MQ-A6BN	10	39050890	57687275	1	1
TCGA-MQ-A6BN	10	57691482	61107693	1	0
TCGA-MQ-A6BN	10	61109117	63744609	1	1
TCGA-MQ-A6BN	10	63746538	64588107	1	0
TCGA-MQ-A6BN	10	64592705	64916469	1	1
TCGA-MQ-A6BN	10	64919903	67682482	2	1
TCGA-MQ-A6BN	10	67685659	68449968	2	0
TCGA-MQ-A6BN	10	68454810	68930169	2	1
TCGA-MQ-A6BN	10	68930555	104985036	1	1
TCGA-MQ-A6BN	10	104986076	135506704	1	0
TCGA-MQ-A6BN	11	198572	134944770	1	1
TCGA-MQ-A6BN	12	150442	133778189	1	1
TCGA-MQ-A6BN	13	19026949	115108397	1	1
TCGA-MQ-A6BN	14	19002124	22393545	1	1
TCGA-MQ-A6BN	14	22393599	22978516	2	1
TCGA-MQ-A6BN	14	22978577	107285437	1	1
TCGA-MQ-A6BN	15	20016328	25242936	1	1
TCGA-MQ-A6BN	15	25243252	55172662	1	0
TCGA-MQ-A6BN	15	55172766	102469040	1	1
TCGA-MQ-A6BN	16	60777	90287535	1	1
TCGA-MQ-A6BN	17	526	81049726	1	1
TCGA-MQ-A6BN	18	48133	78015057	1	1
TCGA-MQ-A6BN	19	90910	59097854	1	1
TCGA-MQ-A6BN	20	61305	62956153	1	1
TCGA-MQ-A6BN	21	10736871	48096957	1	1
TCGA-MQ-A6BN	22	16052528	23321176	1	1
TCGA-MQ-A6BN	22	23324320	51234455	1	0
TCGA-MQ-A6BN	X	168477	155233846	1	1
