sample	chr	startpos	endpos	nMajor	nMinor
TCGA-41-6646	1	61735	13797493	2	2
TCGA-41-6646	1	13797711	14441384	72	1
TCGA-41-6646	1	14441738	70202937	2	2
TCGA-41-6646	1	70203067	75163624	2	0
TCGA-41-6646	1	75164235	204069958	2	2
TCGA-41-6646	1	204070224	204291820	3	2
TCGA-41-6646	1	204292684	205110929	23	1
TCGA-41-6646	1	205111146	246694962	2	2
TCGA-41-6646	1	246699607	246869617	1	0
TCGA-41-6646	1	246873243	249224388	2	2
TCGA-41-6646	2	12784	233590667	2	2
TCGA-41-6646	2	233591551	233898417	2	0
TCGA-41-6646	2	233900089	243089456	2	2
TCGA-41-6646	3	60345	197896118	2	2
TCGA-41-6646	4	12281	9875986	2	2
TCGA-41-6646	4	9878464	9942577	2	0
TCGA-41-6646	4	9944052	10691598	2	1
TCGA-41-6646	4	10691942	11159741	2	0
TCGA-41-6646	4	11159968	11655572	2	1
TCGA-41-6646	4	11655933	13034145	2	0
TCGA-41-6646	4	13036140	19751605	2	1
TCGA-41-6646	4	19751931	21236722	2	0
TCGA-41-6646	4	21236883	21454727	2	2
TCGA-41-6646	4	21455396	21582953	2	0
TCGA-41-6646	4	21583539	191027923	2	2
TCGA-41-6646	5	15532	1521573	2	2
TCGA-41-6646	5	1523177	2266317	2	0
TCGA-41-6646	5	2271517	2623742	2	1
TCGA-41-6646	5	2626552	2726397	2	0
TCGA-41-6646	5	2731890	3241061	2	1
TCGA-41-6646	5	3246661	3502198	2	0
TCGA-41-6646	5	3503178	180790320	2	2
TCGA-41-6646	6	149661	166303031	2	2
TCGA-41-6646	6	166304757	166660733	2	0
TCGA-41-6646	6	166660785	171051005	2	2
TCGA-41-6646	7	43259	159127004	4	2
TCGA-41-6646	8	31254	146298155	2	2
TCGA-41-6646	9	46587	20361611	2	2
TCGA-41-6646	9	20364297	31913710	2	0
TCGA-41-6646	9	31914327	141091394	2	2
TCGA-41-6646	10	72759	25287960	2	0
TCGA-41-6646	10	25288724	25828897	1	0
TCGA-41-6646	10	25832382	135506704	2	0
TCGA-41-6646	11	198572	134944770	2	2
TCGA-41-6646	12	150442	133778189	2	2
TCGA-41-6646	13	19026949	90494107	2	2
TCGA-41-6646	13	90494356	102150060	2	0
TCGA-41-6646	13	102153428	115108397	2	2
TCGA-41-6646	14	19002124	107285437	2	2
TCGA-41-6646	15	20016328	102469040	2	2
TCGA-41-6646	16	60777	84348930	2	2
TCGA-41-6646	16	84350082	84937287	3	2
TCGA-41-6646	16	84940016	90287535	2	2
TCGA-41-6646	17	526	29280316	2	2
TCGA-41-6646	17	29280441	81049726	4	0
TCGA-41-6646	18	48133	78015057	2	2
TCGA-41-6646	19	90910	59097854	2	2
TCGA-41-6646	20	61305	62956153	4	2
TCGA-41-6646	21	10736871	48096957	2	2
TCGA-41-6646	22	16052528	26355160	2	0
TCGA-41-6646	22	26355796	27214007	3	0
TCGA-41-6646	22	27215216	51234455	2	0
TCGA-41-6646	X	168477	56996645	2	0
TCGA-41-6646	X	56999165	58542157	2	1
TCGA-41-6646	X	58542973	141132140	2	0
TCGA-41-6646	X	141132365	142067761	2	1
TCGA-41-6646	X	142067960	155233846	2	0
