sample	chr	startpos	endpos	nMajor	nMinor
TCGA-CQ-7064	1	61735	11128933	1	0
TCGA-CQ-7064	1	11129259	113665798	1	1
TCGA-CQ-7064	1	113667371	121482979	1	0
TCGA-CQ-7064	1	144007049	164703687	1	1
TCGA-CQ-7064	1	164703969	179593166	2	0
TCGA-CQ-7064	1	179594027	211456145	1	1
TCGA-CQ-7064	1	211457821	249224388	2	1
TCGA-CQ-7064	2	12784	243089456	2	0
TCGA-CQ-7064	3	60345	94116539	1	0
TCGA-CQ-7064	3	94116776	138659391	1	1
TCGA-CQ-7064	3	138661115	154737184	2	1
TCGA-CQ-7064	3	154737553	169796971	3	0
TCGA-CQ-7064	3	169797935	197896118	2	1
TCGA-CQ-7064	4	12281	18787024	1	1
TCGA-CQ-7064	4	18787189	99955879	2	0
TCGA-CQ-7064	4	99964462	146078907	1	1
TCGA-CQ-7064	4	146081096	191027923	1	0
TCGA-CQ-7064	5	15532	49623834	2	1
TCGA-CQ-7064	5	49624260	180790320	1	1
TCGA-CQ-7064	6	149661	171051005	2	0
TCGA-CQ-7064	7	43259	159127004	1	1
TCGA-CQ-7064	8	31254	36692815	1	0
TCGA-CQ-7064	8	36694951	37487076	1	1
TCGA-CQ-7064	8	37487105	43786802	1	0
TCGA-CQ-7064	8	43824048	146298155	2	1
TCGA-CQ-7064	9	46587	4357357	3	0
TCGA-CQ-7064	9	4357693	32056829	1	0
TCGA-CQ-7064	9	32056926	34197250	4	1
TCGA-CQ-7064	9	34197861	36526932	2	1
TCGA-CQ-7064	9	36528276	141091394	1	1
TCGA-CQ-7064	10	72759	135506704	1	1
TCGA-CQ-7064	11	198572	1928557	2	0
TCGA-CQ-7064	11	1928614	134944770	1	1
TCGA-CQ-7064	12	150442	116187660	1	1
TCGA-CQ-7064	12	116188000	125846380	2	0
TCGA-CQ-7064	12	125847761	133778189	1	1
TCGA-CQ-7064	13	19026949	27271370	1	0
TCGA-CQ-7064	13	27272502	115108397	2	0
TCGA-CQ-7064	14	19002124	107285437	1	1
TCGA-CQ-7064	15	20016328	102469040	1	1
TCGA-CQ-7064	16	60777	89962929	1	1
TCGA-CQ-7064	16	89965826	90287535	2	0
TCGA-CQ-7064	17	526	50569388	1	1
TCGA-CQ-7064	17	50571567	57344141	1	0
TCGA-CQ-7064	17	57346087	81049726	1	1
TCGA-CQ-7064	18	48133	18560418	1	1
TCGA-CQ-7064	18	18560525	22074797	4	1
TCGA-CQ-7064	18	22076754	23967797	9	1
TCGA-CQ-7064	18	23968295	78015057	1	0
TCGA-CQ-7064	19	90910	50767993	1	1
TCGA-CQ-7064	19	50771967	59097854	2	0
TCGA-CQ-7064	20	61305	26195886	2	1
TCGA-CQ-7064	20	26196263	62956153	1	1
TCGA-CQ-7064	21	10736871	48096957	1	0
TCGA-CQ-7064	22	16052528	51234455	1	1
TCGA-CQ-7064	X	168477	69324715	1	1
TCGA-CQ-7064	X	69327459	70762383	2	1
TCGA-CQ-7064	X	70766014	155233846	1	0
