sample	chr	startpos	endpos	nMajor	nMinor
TCGA-24-1413	1	61735	36107510	3	0
TCGA-24-1413	1	36108705	121482979	3	2
TCGA-24-1413	1	144007049	249224388	5	3
TCGA-24-1413	2	12784	217325229	3	2
TCGA-24-1413	2	217325611	217912766	4	3
TCGA-24-1413	2	217916291	242771411	3	2
TCGA-24-1413	2	242772695	243089456	3	0
TCGA-24-1413	3	60345	116762093	3	3
TCGA-24-1413	3	116762226	116801992	2	1
TCGA-24-1413	3	116802311	116978176	3	0
TCGA-24-1413	3	116983641	117332915	3	3
TCGA-24-1413	3	117334551	117521471	7	4
TCGA-24-1413	3	117522662	197896118	3	3
TCGA-24-1413	4	12281	34779040	3	0
TCGA-24-1413	4	34779054	34821340	0	0
TCGA-24-1413	4	34824183	191027923	3	0
TCGA-24-1413	5	15532	180790320	3	3
TCGA-24-1413	6	149661	33081798	5	0
TCGA-24-1413	6	33082635	48394753	6	3
TCGA-24-1413	6	48396334	66127324	3	3
TCGA-24-1413	6	66127748	119281182	3	0
TCGA-24-1413	6	119281526	119363695	3	1
TCGA-24-1413	6	119363976	119864299	2	2
TCGA-24-1413	6	119864477	171051005	3	0
TCGA-24-1413	7	43259	17713450	3	3
TCGA-24-1413	7	17717226	17854532	6	3
TCGA-24-1413	7	17855466	83691175	3	3
TCGA-24-1413	7	83698073	83917699	6	3
TCGA-24-1413	7	83918762	119292222	3	3
TCGA-24-1413	7	119292775	120010776	2	1
TCGA-24-1413	7	120011529	122211324	3	3
TCGA-24-1413	7	122212847	122938075	5	3
TCGA-24-1413	7	122942583	126272219	8	3
TCGA-24-1413	7	126275822	159127004	5	3
TCGA-24-1413	8	31254	38061686	3	0
TCGA-24-1413	8	38071208	143980466	3	3
TCGA-24-1413	8	143981716	146298155	6	3
TCGA-24-1413	9	46587	47217176	5	0
TCGA-24-1413	9	65616971	141091394	3	0
TCGA-24-1413	10	72759	76873593	3	2
TCGA-24-1413	10	76873606	77354677	6	3
TCGA-24-1413	10	77355776	135506704	3	3
TCGA-24-1413	11	198572	29138036	3	0
TCGA-24-1413	11	29138255	30668204	6	3
TCGA-24-1413	11	30676301	30840657	3	3
TCGA-24-1413	11	30841517	33669115	6	3
TCGA-24-1413	11	33670718	134944770	3	3
TCGA-24-1413	12	150442	62334654	3	2
TCGA-24-1413	12	62341370	62494349	6	3
TCGA-24-1413	12	62494662	133778189	3	2
TCGA-24-1413	13	19026949	77433907	3	0
TCGA-24-1413	13	77436430	107316772	3	3
TCGA-24-1413	13	107325560	115108397	3	0
TCGA-24-1413	14	19002124	20435030	4	2
TCGA-24-1413	14	20435386	107285437	3	2
TCGA-24-1413	15	20016328	57519351	3	0
TCGA-24-1413	15	57523005	102469040	3	3
TCGA-24-1413	16	60777	57821226	3	2
TCGA-24-1413	16	57821327	70855202	3	0
TCGA-24-1413	16	70855479	71201073	5	1
TCGA-24-1413	16	71202489	90287535	2	0
TCGA-24-1413	17	526	29396297	3	0
TCGA-24-1413	17	29398950	29540066	0	0
TCGA-24-1413	17	29540535	51805260	3	0
TCGA-24-1413	17	51815442	81049726	6	0
TCGA-24-1413	18	48133	78015057	3	1
TCGA-24-1413	19	90910	6283723	3	0
TCGA-24-1413	19	6287341	32442917	4	3
TCGA-24-1413	19	32443304	59097854	3	0
TCGA-24-1413	20	61305	62956153	3	3
TCGA-24-1413	21	10736871	33946546	3	0
TCGA-24-1413	21	33947780	35262159	6	0
TCGA-24-1413	21	35264374	48096957	3	0
TCGA-24-1413	22	16052528	51234455	3	0
TCGA-24-1413	X	168477	155233846	3	0
