sample	chr	startpos	endpos	nMajor	nMinor
TCGA-50-5068	1	61735	249224388	1	1
TCGA-50-5068	2	12784	218868976	1	1
TCGA-50-5068	2	218869128	243089456	2	0
TCGA-50-5068	3	60345	173587395	1	0
TCGA-50-5068	3	173589209	174465797	2	0
TCGA-50-5068	3	174466588	197896118	1	0
TCGA-50-5068	4	12281	191027923	1	1
TCGA-50-5068	5	15532	51563252	1	1
TCGA-50-5068	5	51564255	162151119	1	0
TCGA-50-5068	5	162165287	180790320	2	0
TCGA-50-5068	6	149661	171051005	1	0
TCGA-50-5068	7	43259	159127004	1	1
TCGA-50-5068	8	31254	9417062	1	0
TCGA-50-5068	8	9418167	9774199	1	1
TCGA-50-5068	8	9774258	42301991	1	0
TCGA-50-5068	8	42302378	146298155	1	1
TCGA-50-5068	9	46587	21688297	1	0
TCGA-50-5068	9	21691467	22490698	0	0
TCGA-50-5068	9	22492889	141091394	1	0
TCGA-50-5068	10	72759	30243844	2	1
TCGA-50-5068	10	30246232	135506704	1	1
TCGA-50-5068	11	198572	134944770	1	1
TCGA-50-5068	12	150442	1147834	2	1
TCGA-50-5068	12	1150781	133778189	1	0
TCGA-50-5068	13	19026949	115108397	1	0
TCGA-50-5068	14	19002124	107285437	1	0
TCGA-50-5068	15	20016328	102469040	1	0
TCGA-50-5068	16	60777	7376242	1	0
TCGA-50-5068	16	7376319	7709788	0	0
TCGA-50-5068	16	7710059	90287535	1	0
TCGA-50-5068	17	526	41305826	1	0
TCGA-50-5068	17	41307101	81049726	2	0
TCGA-50-5068	18	48133	27137919	1	1
TCGA-50-5068	18	27147955	78015057	1	0
TCGA-50-5068	19	90910	59097854	1	1
TCGA-50-5068	20	61305	62956153	1	1
TCGA-50-5068	21	10736871	48096957	1	0
TCGA-50-5068	22	16052528	51234455	1	1
TCGA-50-5068	X	168477	155233846	1	0
