sample	chr	startpos	endpos	nMajor	nMinor
TCGA-56-8624-b	1	61735	46129052	3	2
TCGA-56-8624-b	1	46131771	47694167	5	1
TCGA-56-8624-b	1	47698703	48698352	3	3
TCGA-56-8624-b	1	48702448	49183639	5	1
TCGA-56-8624-b	1	49187171	55386234	3	2
TCGA-56-8624-b	1	55387362	62833553	3	3
TCGA-56-8624-b	1	62833738	63344440	4	0
TCGA-56-8624-b	1	63345252	64730777	4	2
TCGA-56-8624-b	1	64730844	70237384	3	2
TCGA-56-8624-b	1	70243775	71038608	5	0
TCGA-56-8624-b	1	71038867	71740028	4	2
TCGA-56-8624-b	1	71740325	73769215	5	0
TCGA-56-8624-b	1	73776375	74269161	4	2
TCGA-56-8624-b	1	74269545	74699730	6	1
TCGA-56-8624-b	1	74699912	77815247	3	3
TCGA-56-8624-b	1	77815519	79090609	5	0
TCGA-56-8624-b	1	79090654	85109094	3	3
TCGA-56-8624-b	1	85109981	86226320	4	1
TCGA-56-8624-b	1	86226352	99443516	3	3
TCGA-56-8624-b	1	99444339	100801849	5	0
TCGA-56-8624-b	1	100802399	102641310	3	3
TCGA-56-8624-b	1	102641944	103070499	4	0
TCGA-56-8624-b	1	103071281	104784765	3	2
TCGA-56-8624-b	1	104790251	105420031	4	0
TCGA-56-8624-b	1	105421918	107071405	3	2
TCGA-56-8624-b	1	107071664	107336448	6	1
TCGA-56-8624-b	1	107339653	116270326	3	2
TCGA-56-8624-b	1	116272483	116662318	5	1
TCGA-56-8624-b	1	116672486	121482979	3	3
TCGA-56-8624-b	1	144007049	153103772	3	2
TCGA-56-8624-b	1	153104182	153325156	5	1
TCGA-56-8624-b	1	153325211	163714823	3	3
TCGA-56-8624-b	1	163717136	164267669	6	0
TCGA-56-8624-b	1	164268177	165915221	4	2
TCGA-56-8624-b	1	165915477	166492969	5	1
TCGA-56-8624-b	1	166494704	171913021	3	2
TCGA-56-8624-b	1	171913424	172283052	5	1
TCGA-56-8624-b	1	172292205	188158220	3	3
TCGA-56-8624-b	1	188159102	188918529	5	1
TCGA-56-8624-b	1	188920898	194364724	3	2
TCGA-56-8624-b	1	194364761	194877888	4	0
TCGA-56-8624-b	1	194878006	198026309	3	2
TCGA-56-8624-b	1	198029050	198686475	4	0
TCGA-56-8624-b	1	198687364	206930828	3	3
TCGA-56-8624-b	1	206934363	207650191	5	1
TCGA-56-8624-b	1	207650339	215174180	3	3
TCGA-56-8624-b	1	215174560	216459278	4	1
TCGA-56-8624-b	1	216461877	217510208	3	3
TCGA-56-8624-b	1	217514216	218031051	4	0
TCGA-56-8624-b	1	218038479	224696628	3	2
TCGA-56-8624-b	1	224702699	225418865	5	1
TCGA-56-8624-b	1	225419456	249224388	3	2
TCGA-56-8624-b	2	12784	2004444	2	1
TCGA-56-8624-b	2	2006274	6146154	3	2
TCGA-56-8624-b	2	6147105	6383292	5	1
TCGA-56-8624-b	2	6384557	16811164	3	2
TCGA-56-8624-b	2	16813028	17314547	5	1
TCGA-56-8624-b	2	17314857	21617840	3	3
TCGA-56-8624-b	2	21618031	23240071	4	2
TCGA-56-8624-b	2	23241481	31174948	3	2
TCGA-56-8624-b	2	31176516	31394249	5	1
TCGA-56-8624-b	2	31397332	34314500	2	2
TCGA-56-8624-b	2	34317841	34588548	5	1
TCGA-56-8624-b	2	34592234	35127980	3	2
TCGA-56-8624-b	2	35128057	35735629	4	1
TCGA-56-8624-b	2	35735636	37048883	3	2
TCGA-56-8624-b	2	37048951	37806544	5	0
TCGA-56-8624-b	2	37808882	40952073	3	3
TCGA-56-8624-b	2	40953421	41340250	5	0
TCGA-56-8624-b	2	41341270	50876684	3	3
TCGA-56-8624-b	2	50877702	51120735	6	1
TCGA-56-8624-b	2	51125058	53290054	3	2
TCGA-56-8624-b	2	53290650	54422971	5	1
TCGA-56-8624-b	2	54423997	59561312	3	3
TCGA-56-8624-b	2	59563772	59949465	7	0
TCGA-56-8624-b	2	59949495	65956150	3	2
TCGA-56-8624-b	2	65956457	78078610	3	3
TCGA-56-8624-b	2	78082450	78788634	5	0
TCGA-56-8624-b	2	78796446	79143946	2	2
TCGA-56-8624-b	2	79144199	81990424	3	3
TCGA-56-8624-b	2	81990823	82294066	5	1
TCGA-56-8624-b	2	82302852	83656527	3	2
TCGA-56-8624-b	2	83656820	84560560	5	0
TCGA-56-8624-b	2	84565527	85129346	4	1
TCGA-56-8624-b	2	85135480	103097209	3	2
TCGA-56-8624-b	2	103098474	103570628	5	1
TCGA-56-8624-b	2	103572839	104553741	3	2
TCGA-56-8624-b	2	104556075	105090375	4	1
TCGA-56-8624-b	2	105093416	114535642	3	2
TCGA-56-8624-b	2	114535669	115603003	5	1
TCGA-56-8624-b	2	115603163	117733280	3	3
TCGA-56-8624-b	2	117733711	118515531	6	0
TCGA-56-8624-b	2	118517724	125526775	3	3
TCGA-56-8624-b	2	125528228	126028466	7	0
TCGA-56-8624-b	2	126030322	133645527	3	2
TCGA-56-8624-b	2	133645597	133754746	6	0
TCGA-56-8624-b	2	133757204	135017888	3	3
TCGA-56-8624-b	2	135018065	135203572	6	1
TCGA-56-8624-b	2	135204008	141561959	3	3
TCGA-56-8624-b	2	141564487	142526005	5	0
TCGA-56-8624-b	2	142527936	145354137	4	2
TCGA-56-8624-b	2	145355105	147298238	6	1
TCGA-56-8624-b	2	147300209	148311207	3	3
TCGA-56-8624-b	2	148311311	151185567	5	0
TCGA-56-8624-b	2	151187651	154372111	3	2
TCGA-56-8624-b	2	154372766	155281705	5	1
TCGA-56-8624-b	2	155281797	156478138	3	3
TCGA-56-8624-b	2	156478542	157741578	5	1
TCGA-56-8624-b	2	157741720	162879825	3	2
TCGA-56-8624-b	2	162881044	163601435	5	2
TCGA-56-8624-b	2	163601855	166106527	5	1
TCGA-56-8624-b	2	166106557	167916556	3	2
TCGA-56-8624-b	2	167916726	168949234	5	1
TCGA-56-8624-b	2	168950279	174384634	3	2
TCGA-56-8624-b	2	174387157	174646193	5	1
TCGA-56-8624-b	2	174648719	179284704	3	2
TCGA-56-8624-b	2	179287136	181625072	4	2
TCGA-56-8624-b	2	181627749	182219932	6	0
TCGA-56-8624-b	2	182224524	186856225	3	2
TCGA-56-8624-b	2	186862586	187368761	5	0
TCGA-56-8624-b	2	187373994	191433004	3	2
TCGA-56-8624-b	2	191436570	192243483	5	1
TCGA-56-8624-b	2	192243629	193408168	3	2
TCGA-56-8624-b	2	193412170	196449008	5	0
TCGA-56-8624-b	2	196449463	197125148	2	2
TCGA-56-8624-b	2	197126128	197984628	5	0
TCGA-56-8624-b	2	197986048	199357310	4	2
TCGA-56-8624-b	2	199358250	199997606	5	0
TCGA-56-8624-b	2	199997719	205951603	3	2
TCGA-56-8624-b	2	205951940	206342082	5	1
TCGA-56-8624-b	2	206342621	210374990	3	2
TCGA-56-8624-b	2	210377109	211462680	5	0
TCGA-56-8624-b	2	211463058	213103867	3	2
TCGA-56-8624-b	2	213106401	214144247	5	1
TCGA-56-8624-b	2	214145157	226473024	3	3
TCGA-56-8624-b	2	226473504	227276800	5	1
TCGA-56-8624-b	2	227277006	230101620	3	3
TCGA-56-8624-b	2	230105972	230550085	5	1
TCGA-56-8624-b	2	230554043	243089456	3	2
TCGA-56-8624-b	3	60345	35538295	3	1
TCGA-56-8624-b	3	35539229	36220434	4	0
TCGA-56-8624-b	3	36220501	68035337	3	1
TCGA-56-8624-b	3	68049681	68714009	5	0
TCGA-56-8624-b	3	68715718	88088828	3	1
TCGA-56-8624-b	3	88088927	93519478	4	0
TCGA-56-8624-b	3	93520016	94473005	4	3
TCGA-56-8624-b	3	94473404	95592322	6	0
TCGA-56-8624-b	3	95596539	96222987	3	3
TCGA-56-8624-b	3	96227978	97270956	7	0
TCGA-56-8624-b	3	97276791	99042040	4	3
TCGA-56-8624-b	3	99042227	100081937	7	0
TCGA-56-8624-b	3	100082857	101768058	3	3
TCGA-56-8624-b	3	101772333	102657884	6	1
TCGA-56-8624-b	3	102658968	109978866	4	3
TCGA-56-8624-b	3	109979328	110929144	8	0
TCGA-56-8624-b	3	110930787	114342437	4	3
TCGA-56-8624-b	3	114346188	115155514	8	0
TCGA-56-8624-b	3	115155648	124810697	4	4
TCGA-56-8624-b	3	124811314	129819638	3	3
TCGA-56-8624-b	3	129828078	131195297	6	1
TCGA-56-8624-b	3	131203739	143287051	4	4
TCGA-56-8624-b	3	143287545	160761714	5	2
TCGA-56-8624-b	3	160762248	164210971	6	1
TCGA-56-8624-b	3	164210992	167753920	4	3
TCGA-56-8624-b	3	167754573	169860239	6	1
TCGA-56-8624-b	3	169861358	190519853	4	3
TCGA-56-8624-b	3	190521026	190924834	6	0
TCGA-56-8624-b	3	190925552	197896118	3	3
TCGA-56-8624-b	4	12281	773826	3	1
TCGA-56-8624-b	4	773866	4892625	3	2
TCGA-56-8624-b	4	4894465	5230934	3	3
TCGA-56-8624-b	4	5231006	5638652	5	0
TCGA-56-8624-b	4	5639618	10124130	3	2
TCGA-56-8624-b	4	10124226	10547051	4	4
TCGA-56-8624-b	4	10551192	10905722	5	0
TCGA-56-8624-b	4	10906109	12210945	3	3
TCGA-56-8624-b	4	12218075	12737283	5	1
TCGA-56-8624-b	4	12737649	22307225	3	3
TCGA-56-8624-b	4	22307741	23131764	6	0
TCGA-56-8624-b	4	23138611	30360796	3	3
TCGA-56-8624-b	4	30376964	31044237	6	0
TCGA-56-8624-b	4	31044559	32763833	3	3
TCGA-56-8624-b	4	32764360	34830004	5	0
TCGA-56-8624-b	4	34831818	35713194	3	2
TCGA-56-8624-b	4	35713292	36006029	5	0
TCGA-56-8624-b	4	36006593	42813621	3	2
TCGA-56-8624-b	4	42813851	42912960	6	0
TCGA-56-8624-b	4	42913290	43206728	5	2
TCGA-56-8624-b	4	43207754	43768843	5	0
TCGA-56-8624-b	4	43769135	44998129	3	2
TCGA-56-8624-b	4	44998784	46205086	5	1
TCGA-56-8624-b	4	46206674	46955225	3	3
TCGA-56-8624-b	4	46955648	47279174	6	1
TCGA-56-8624-b	4	47280249	58629773	3	2
TCGA-56-8624-b	4	58632401	59505385	5	2
TCGA-56-8624-b	4	59508626	60084935	7	0
TCGA-56-8624-b	4	60094895	61593684	3	3
TCGA-56-8624-b	4	61595507	62114266	6	0
TCGA-56-8624-b	4	62116859	64367128	4	2
TCGA-56-8624-b	4	64367167	65290475	5	0
TCGA-56-8624-b	4	65293827	66646575	3	3
TCGA-56-8624-b	4	66647511	66957933	6	0
TCGA-56-8624-b	4	66958861	69099258	3	2
TCGA-56-8624-b	4	69100665	70297765	5	0
TCGA-56-8624-b	4	70297879	73575548	4	2
TCGA-56-8624-b	4	73575684	78161257	3	2
TCGA-56-8624-b	4	78161506	78460627	9	1
TCGA-56-8624-b	4	78460825	81329750	3	3
TCGA-56-8624-b	4	81329803	82130674	5	1
TCGA-56-8624-b	4	82134287	86437440	3	2
TCGA-56-8624-b	4	86437529	88003262	5	1
TCGA-56-8624-b	4	88003964	94839122	3	2
TCGA-56-8624-b	4	94839209	95368165	6	0
TCGA-56-8624-b	4	95370805	99208152	3	3
TCGA-56-8624-b	4	99208331	100324071	5	0
TCGA-56-8624-b	4	100324408	106456783	3	3
TCGA-56-8624-b	4	106457007	107323888	5	0
TCGA-56-8624-b	4	107332634	107942093	3	3
TCGA-56-8624-b	4	107942493	107959554	1	1
TCGA-56-8624-b	4	107959624	112505973	3	2
TCGA-56-8624-b	4	112506540	113164730	5	1
TCGA-56-8624-b	4	113169900	114929331	3	2
TCGA-56-8624-b	4	114932532	117306864	5	1
TCGA-56-8624-b	4	117307558	135457628	3	2
TCGA-56-8624-b	4	135457940	135941300	5	1
TCGA-56-8624-b	4	135942872	142923844	3	2
TCGA-56-8624-b	4	142926931	143444634	6	0
TCGA-56-8624-b	4	143444744	149821087	3	3
TCGA-56-8624-b	4	149823170	150167349	6	2
TCGA-56-8624-b	4	150167697	150941462	6	0
TCGA-56-8624-b	4	150942227	151446395	3	2
TCGA-56-8624-b	4	151450315	152785879	4	1
TCGA-56-8624-b	4	152785919	158570590	3	2
TCGA-56-8624-b	4	158570605	159246917	5	0
TCGA-56-8624-b	4	159249604	164480759	3	2
TCGA-56-8624-b	4	164480801	165627756	5	1
TCGA-56-8624-b	4	165628168	166923275	3	2
TCGA-56-8624-b	4	166928595	167423519	5	0
TCGA-56-8624-b	4	167423728	171642482	3	2
TCGA-56-8624-b	4	171643689	172928504	5	0
TCGA-56-8624-b	4	172933271	183036914	3	2
TCGA-56-8624-b	4	183041563	191027923	2	2
TCGA-56-8624-b	5	15532	3834790	3	2
TCGA-56-8624-b	5	3835686	4403959	3	3
TCGA-56-8624-b	5	4404499	4904320	5	1
TCGA-56-8624-b	5	4906824	16428404	3	3
TCGA-56-8624-b	5	16434300	17799337	3	2
TCGA-56-8624-b	5	17799355	28696263	3	3
TCGA-56-8624-b	5	28696400	29226086	6	0
TCGA-56-8624-b	5	29228588	30113900	3	3
TCGA-56-8624-b	5	30114972	30573836	6	0
TCGA-56-8624-b	5	30574202	33595996	3	3
TCGA-56-8624-b	5	33596382	33914592	7	0
TCGA-56-8624-b	5	33921385	53075988	3	3
TCGA-56-8624-b	5	53080847	53943096	5	1
TCGA-56-8624-b	5	53943268	85913141	3	3
TCGA-56-8624-b	5	85925682	99957669	4	2
TCGA-56-8624-b	5	99964191	101276498	6	0
TCGA-56-8624-b	5	101279766	109482778	4	2
TCGA-56-8624-b	5	109482947	110372784	6	0
TCGA-56-8624-b	5	110374059	128741548	3	3
TCGA-56-8624-b	5	128741785	132330053	5	0
TCGA-56-8624-b	5	132335165	136668051	4	3
TCGA-56-8624-b	5	136668694	137646146	5	1
TCGA-56-8624-b	5	137648434	141764902	3	2
TCGA-56-8624-b	5	141765054	151738612	3	3
TCGA-56-8624-b	5	151738746	152339166	7	0
TCGA-56-8624-b	5	152343586	155925421	4	3
TCGA-56-8624-b	5	155925929	156330762	7	0
TCGA-56-8624-b	5	156336642	161729952	3	3
TCGA-56-8624-b	5	161731067	162138931	7	0
TCGA-56-8624-b	5	162139556	165604601	3	3
TCGA-56-8624-b	5	165608363	166041624	7	0
TCGA-56-8624-b	5	166042811	169874798	4	3
TCGA-56-8624-b	5	169879318	180790320	3	2
TCGA-56-8624-b	6	149661	9062936	2	2
TCGA-56-8624-b	6	9063484	9700585	4	0
TCGA-56-8624-b	6	9702743	23722467	3	2
TCGA-56-8624-b	6	23722517	24634939	4	1
TCGA-56-8624-b	6	24634971	25871044	3	2
TCGA-56-8624-b	6	25871229	29009943	2	1
TCGA-56-8624-b	6	29010003	29511216	4	0
TCGA-56-8624-b	6	29515802	32269848	3	2
TCGA-56-8624-b	6	32273158	32776623	3	0
TCGA-56-8624-b	6	32778281	44643732	3	2
TCGA-56-8624-b	6	44645736	45398157	4	0
TCGA-56-8624-b	6	45398531	51283078	3	2
TCGA-56-8624-b	6	51284262	51678231	5	1
TCGA-56-8624-b	6	51680175	65375679	3	2
TCGA-56-8624-b	6	65377991	66129824	5	1
TCGA-56-8624-b	6	66129894	75113607	3	2
TCGA-56-8624-b	6	75116747	75841415	4	0
TCGA-56-8624-b	6	75845485	114801634	3	2
TCGA-56-8624-b	6	114802748	116034294	5	1
TCGA-56-8624-b	6	116034454	122363631	3	2
TCGA-56-8624-b	6	122363734	123007000	4	0
TCGA-56-8624-b	6	123014671	123875354	3	2
TCGA-56-8624-b	6	123875442	124238111	6	0
TCGA-56-8624-b	6	124238200	125726086	3	2
TCGA-56-8624-b	6	125728608	127500581	5	0
TCGA-56-8624-b	6	127502991	128345371	2	2
TCGA-56-8624-b	6	128345491	129201680	4	0
TCGA-56-8624-b	6	129203663	129639384	2	2
TCGA-56-8624-b	6	129640389	131659400	3	3
TCGA-56-8624-b	6	131663546	132348671	5	0
TCGA-56-8624-b	6	132350493	141748469	2	2
TCGA-56-8624-b	6	141749079	142624580	5	0
TCGA-56-8624-b	6	142631048	144496439	3	2
TCGA-56-8624-b	6	144497577	147152894	4	1
TCGA-56-8624-b	6	147153318	171051005	2	2
TCGA-56-8624-b	7	43259	3196569	3	3
TCGA-56-8624-b	7	3197464	3654800	7	0
TCGA-56-8624-b	7	3654861	6932790	3	3
TCGA-56-8624-b	7	6940002	11487915	5	2
TCGA-56-8624-b	7	11490062	12518964	6	1
TCGA-56-8624-b	7	12519076	17717226	5	2
TCGA-56-8624-b	7	17717519	18864637	7	0
TCGA-56-8624-b	7	18866190	34546987	4	3
TCGA-56-8624-b	7	34547285	35283604	7	0
TCGA-56-8624-b	7	35286569	52594477	4	3
TCGA-56-8624-b	7	52594753	53256063	7	0
TCGA-56-8624-b	7	53256158	54423529	4	4
TCGA-56-8624-b	7	54424129	78176997	3	3
TCGA-56-8624-b	7	78177355	78665878	5	1
TCGA-56-8624-b	7	78668684	86349110	3	3
TCGA-56-8624-b	7	86349589	87820867	5	1
TCGA-56-8624-b	7	87820986	88659032	3	3
TCGA-56-8624-b	7	88660999	89622628	5	0
TCGA-56-8624-b	7	89622961	93569522	3	3
TCGA-56-8624-b	7	93570270	95039316	5	1
TCGA-56-8624-b	7	95040411	107842546	3	2
TCGA-56-8624-b	7	107842714	108719326	4	2
TCGA-56-8624-b	7	108720580	109096112	6	0
TCGA-56-8624-b	7	109096390	117713220	3	3
TCGA-56-8624-b	7	117713423	118241349	6	0
TCGA-56-8624-b	7	118246507	119593309	3	3
TCGA-56-8624-b	7	119595922	120282733	6	0
TCGA-56-8624-b	7	120285950	120725502	3	2
TCGA-56-8624-b	7	120730633	121130218	5	0
TCGA-56-8624-b	7	121132628	124803563	3	3
TCGA-56-8624-b	7	124803703	125573731	4	1
TCGA-56-8624-b	7	125573908	126423695	6	0
TCGA-56-8624-b	7	126424574	126724756	3	3
TCGA-56-8624-b	7	126724861	128519162	5	0
TCGA-56-8624-b	7	128523054	133847893	3	2
TCGA-56-8624-b	7	133848549	134081624	6	1
TCGA-56-8624-b	7	134082287	137365694	3	3
TCGA-56-8624-b	7	137366798	140998967	3	2
TCGA-56-8624-b	7	141000013	141787532	5	1
TCGA-56-8624-b	7	141787628	142378633	3	2
TCGA-56-8624-b	7	142384659	142883589	5	1
TCGA-56-8624-b	7	142886637	143740118	3	2
TCGA-56-8624-b	7	143740218	146032814	5	0
TCGA-56-8624-b	7	146033744	147221805	3	2
TCGA-56-8624-b	7	147225293	147755620	6	0
TCGA-56-8624-b	7	147755702	159046267	3	2
TCGA-56-8624-b	7	159046427	159127004	3	3
TCGA-56-8624-b	8	31254	2288935	2	2
TCGA-56-8624-b	8	2289026	3167898	3	2
TCGA-56-8624-b	8	3169351	3419247	5	1
TCGA-56-8624-b	8	3419556	3687917	3	3
TCGA-56-8624-b	8	3687933	3797028	5	1
TCGA-56-8624-b	8	3803851	5654036	3	2
TCGA-56-8624-b	8	5654123	5820967	6	1
TCGA-56-8624-b	8	5821309	14195031	3	2
TCGA-56-8624-b	8	14198424	14384545	5	0
TCGA-56-8624-b	8	14385320	15916456	3	2
TCGA-56-8624-b	8	15916681	16416060	5	1
TCGA-56-8624-b	8	16416409	20198424	3	2
TCGA-56-8624-b	8	20198800	21253053	4	2
TCGA-56-8624-b	8	21257698	23619024	3	3
TCGA-56-8624-b	8	23619737	24209617	6	1
TCGA-56-8624-b	8	24213152	31470537	3	3
TCGA-56-8624-b	8	31474037	31948841	5	0
TCGA-56-8624-b	8	31948864	32637829	3	3
TCGA-56-8624-b	8	32638052	33272338	5	1
TCGA-56-8624-b	8	33272421	35507034	3	3
TCGA-56-8624-b	8	35508396	36444210	6	1
TCGA-56-8624-b	8	36446409	37182129	4	3
TCGA-56-8624-b	8	37185868	39194915	3	2
TCGA-56-8624-b	8	39195893	39910798	4	1
TCGA-56-8624-b	8	39911441	42505047	3	2
TCGA-56-8624-b	8	42505423	49034207	5	1
TCGA-56-8624-b	8	49035126	49841560	2	2
TCGA-56-8624-b	8	49844377	51054159	5	0
TCGA-56-8624-b	8	51055726	56082824	3	2
TCGA-56-8624-b	8	56085513	56347305	5	1
TCGA-56-8624-b	8	56347498	71012325	3	2
TCGA-56-8624-b	8	71012811	72114429	5	1
TCGA-56-8624-b	8	72115521	75531162	3	3
TCGA-56-8624-b	8	75534211	75776054	6	0
TCGA-56-8624-b	8	75776463	79066183	3	3
TCGA-56-8624-b	8	79066725	79566563	6	0
TCGA-56-8624-b	8	79568292	82446426	3	3
TCGA-56-8624-b	8	82446767	84014200	5	0
TCGA-56-8624-b	8	84017980	87619413	3	2
TCGA-56-8624-b	8	87621471	88602319	6	0
TCGA-56-8624-b	8	88602399	92324364	3	3
TCGA-56-8624-b	8	92324706	92794752	5	1
TCGA-56-8624-b	8	92799631	102749426	3	3
TCGA-56-8624-b	8	102749568	102877173	8	1
TCGA-56-8624-b	8	102878899	104362371	3	3
TCGA-56-8624-b	8	104363126	105292565	4	1
TCGA-56-8624-b	8	105292598	106017332	3	3
TCGA-56-8624-b	8	106017476	106435395	6	0
TCGA-56-8624-b	8	106435981	112483823	3	3
TCGA-56-8624-b	8	112487075	113652365	5	0
TCGA-56-8624-b	8	113655596	114573981	3	3
TCGA-56-8624-b	8	114574126	115811155	5	0
TCGA-56-8624-b	8	115814576	119757600	3	3
TCGA-56-8624-b	8	119758261	120619381	5	1
TCGA-56-8624-b	8	120623416	121982182	3	3
TCGA-56-8624-b	8	121982423	122572313	6	1
TCGA-56-8624-b	8	122573576	123291421	3	2
TCGA-56-8624-b	8	123292590	129407757	4	3
TCGA-56-8624-b	8	129407808	129649003	7	1
TCGA-56-8624-b	8	129660403	137661865	3	3
TCGA-56-8624-b	8	137662006	137863926	4	0
TCGA-56-8624-b	8	137866778	138061245	4	3
TCGA-56-8624-b	8	138061879	138311636	6	1
TCGA-56-8624-b	8	138312284	140688874	3	3
TCGA-56-8624-b	8	140688888	146298155	3	2
TCGA-56-8624-b	9	46587	16814388	2	2
TCGA-56-8624-b	9	16816655	16941667	1	1
TCGA-56-8624-b	9	16941719	17857584	2	2
TCGA-56-8624-b	9	17858289	18292079	5	1
TCGA-56-8624-b	9	18292118	33254674	3	2
TCGA-56-8624-b	9	33255743	47217176	2	2
TCGA-56-8624-b	9	65616971	100158052	3	1
TCGA-56-8624-b	9	100158460	141091394	4	1
TCGA-56-8624-b	10	72759	1195959	4	2
TCGA-56-8624-b	10	1196659	4081390	2	2
TCGA-56-8624-b	10	4082760	6614057	3	2
TCGA-56-8624-b	10	6614116	7336661	5	0
TCGA-56-8624-b	10	7336745	8856296	3	2
TCGA-56-8624-b	10	8857008	8974161	5	0
TCGA-56-8624-b	10	8975723	14284566	3	2
TCGA-56-8624-b	10	14284593	14531570	5	1
TCGA-56-8624-b	10	14534336	33266947	3	2
TCGA-56-8624-b	10	33267291	34589951	3	3
TCGA-56-8624-b	10	34590350	36896870	3	2
TCGA-56-8624-b	10	36897674	37110853	1	1
TCGA-56-8624-b	10	37113302	65814632	3	2
TCGA-56-8624-b	10	65815577	66797495	5	1
TCGA-56-8624-b	10	66797747	68921847	3	2
TCGA-56-8624-b	10	68929239	69745376	4	0
TCGA-56-8624-b	10	69745755	77130042	3	2
TCGA-56-8624-b	10	77130218	77661669	6	2
TCGA-56-8624-b	10	77661909	81130000	3	3
TCGA-56-8624-b	10	81130036	90785353	3	2
TCGA-56-8624-b	10	90790007	91614005	4	1
TCGA-56-8624-b	10	91616939	95998179	3	2
TCGA-56-8624-b	10	96001771	97032949	6	0
TCGA-56-8624-b	10	97033438	98019906	3	3
TCGA-56-8624-b	10	98020031	98189070	6	1
TCGA-56-8624-b	10	98189166	107876474	3	2
TCGA-56-8624-b	10	107880150	108283577	5	1
TCGA-56-8624-b	10	108284495	113350803	3	3
TCGA-56-8624-b	10	113350962	113796952	6	1
TCGA-56-8624-b	10	113797060	127280753	3	2
TCGA-56-8624-b	10	127285498	127999424	4	1
TCGA-56-8624-b	10	128003149	135281744	2	2
TCGA-56-8624-b	10	135282201	135506704	5	1
TCGA-56-8624-b	11	198572	4440838	2	2
TCGA-56-8624-b	11	4441838	5522197	4	1
TCGA-56-8624-b	11	5522410	10816345	2	2
TCGA-56-8624-b	11	10818213	11245523	4	1
TCGA-56-8624-b	11	11249643	13694603	3	2
TCGA-56-8624-b	11	13696843	14113759	5	1
TCGA-56-8624-b	11	14114867	28725207	3	2
TCGA-56-8624-b	11	28731265	29305545	6	0
TCGA-56-8624-b	11	29307377	34562247	3	2
TCGA-56-8624-b	11	34562939	37597845	4	2
TCGA-56-8624-b	11	37600933	38914850	5	0
TCGA-56-8624-b	11	38915113	40818499	2	2
TCGA-56-8624-b	11	40821322	41137261	5	0
TCGA-56-8624-b	11	41139222	48151494	3	2
TCGA-56-8624-b	11	48154314	50115110	5	0
TCGA-56-8624-b	11	50115682	56242261	4	1
TCGA-56-8624-b	11	56242354	79838528	3	2
TCGA-56-8624-b	11	79840901	80915606	4	1
TCGA-56-8624-b	11	80916630	83619086	3	2
TCGA-56-8624-b	11	83619746	83962251	5	0
TCGA-56-8624-b	11	83967617	84847022	2	2
TCGA-56-8624-b	11	84847104	85599145	5	0
TCGA-56-8624-b	11	85609559	86819979	3	2
TCGA-56-8624-b	11	86825869	87489004	5	1
TCGA-56-8624-b	11	87489404	88347531	3	1
TCGA-56-8624-b	11	88348173	88776851	5	0
TCGA-56-8624-b	11	88777225	103057201	3	2
TCGA-56-8624-b	11	103057411	104866384	4	1
TCGA-56-8624-b	11	104866417	126970921	3	2
TCGA-56-8624-b	11	126970993	128299706	4	1
TCGA-56-8624-b	11	128300222	133669650	3	2
TCGA-56-8624-b	11	133669755	134944770	2	2
TCGA-56-8624-b	12	150442	18137158	3	2
TCGA-56-8624-b	12	18139770	18321454	5	0
TCGA-56-8624-b	12	18325335	23033438	3	2
TCGA-56-8624-b	12	23033726	23788988	5	1
TCGA-56-8624-b	12	23790253	25674975	3	2
TCGA-56-8624-b	12	25675006	26008696	4	0
TCGA-56-8624-b	12	26009175	29228284	3	3
TCGA-56-8624-b	12	29231463	40405868	3	2
TCGA-56-8624-b	12	40406512	40829155	5	0
TCGA-56-8624-b	12	40829919	44165362	3	2
TCGA-56-8624-b	12	44165430	44981990	5	0
TCGA-56-8624-b	12	44982247	46444759	2	2
TCGA-56-8624-b	12	46445595	47208813	4	2
TCGA-56-8624-b	12	47209783	60023375	3	2
TCGA-56-8624-b	12	60025788	61247954	4	0
TCGA-56-8624-b	12	61250814	62675733	3	1
TCGA-56-8624-b	12	62676273	73763389	3	2
TCGA-56-8624-b	12	73763727	75438937	3	1
TCGA-56-8624-b	12	75439876	77982715	3	2
TCGA-56-8624-b	12	77983702	78510525	4	0
TCGA-56-8624-b	12	78511888	92830476	3	1
TCGA-56-8624-b	12	92830838	93119930	5	2
TCGA-56-8624-b	12	93120729	114478242	3	2
TCGA-56-8624-b	12	114478564	114785279	7	0
TCGA-56-8624-b	12	114786218	127681070	3	2
TCGA-56-8624-b	12	127682518	128054641	4	1
TCGA-56-8624-b	12	128057889	133778189	2	2
TCGA-56-8624-b	13	19026949	108835250	4	1
TCGA-56-8624-b	13	108835403	115108397	3	1
TCGA-56-8624-b	14	19002124	37446205	3	3
TCGA-56-8624-b	14	37446359	38483128	6	0
TCGA-56-8624-b	14	38483515	40349697	3	3
TCGA-56-8624-b	14	40350233	40896497	7	0
TCGA-56-8624-b	14	40899880	41533374	3	3
TCGA-56-8624-b	14	41534471	42113438	7	0
TCGA-56-8624-b	14	42114227	43069483	3	3
TCGA-56-8624-b	14	43070466	44490202	6	0
TCGA-56-8624-b	14	44501117	52030961	3	3
TCGA-56-8624-b	14	52031069	52316854	6	0
TCGA-56-8624-b	14	52321104	52674877	3	3
TCGA-56-8624-b	14	52681605	53883693	7	0
TCGA-56-8624-b	14	53889410	59810840	4	3
TCGA-56-8624-b	14	59813702	61674257	6	0
TCGA-56-8624-b	14	61674549	79128917	4	3
TCGA-56-8624-b	14	79129066	79480751	8	1
TCGA-56-8624-b	14	79482379	80207193	4	3
TCGA-56-8624-b	14	80207193	81056005	6	0
TCGA-56-8624-b	14	81056419	81469854	3	1
TCGA-56-8624-b	14	81470655	98263880	4	2
TCGA-56-8624-b	14	98268694	98812847	6	0
TCGA-56-8624-b	14	98813193	107285437	3	2
TCGA-56-8624-b	15	20016328	24257931	2	2
TCGA-56-8624-b	15	24258347	24978394	4	1
TCGA-56-8624-b	15	24980273	46299703	3	2
TCGA-56-8624-b	15	46300793	47302167	5	1
TCGA-56-8624-b	15	47305540	48311344	3	3
TCGA-56-8624-b	15	48313635	48686175	5	0
TCGA-56-8624-b	15	48687257	67259899	3	2
TCGA-56-8624-b	15	67259923	68686077	5	0
TCGA-56-8624-b	15	68686852	71999591	3	2
TCGA-56-8624-b	15	72000402	73314865	4	1
TCGA-56-8624-b	15	73322293	86414380	3	2
TCGA-56-8624-b	15	86415200	87435639	4	3
TCGA-56-8624-b	15	87436745	88256690	6	0
TCGA-56-8624-b	15	88257236	93991835	3	2
TCGA-56-8624-b	15	93992194	94351805	4	1
TCGA-56-8624-b	15	94353018	98260490	3	3
TCGA-56-8624-b	15	98260945	102469040	3	2
TCGA-56-8624-b	16	60777	4185925	3	2
TCGA-56-8624-b	16	4193831	7162125	3	3
TCGA-56-8624-b	16	7162589	7290323	6	0
TCGA-56-8624-b	16	7290513	25221501	3	3
TCGA-56-8624-b	16	25228514	26001518	5	2
TCGA-56-8624-b	16	26002199	35283226	3	2
TCGA-56-8624-b	16	46463782	61112827	3	3
TCGA-56-8624-b	16	61112952	61923447	5	1
TCGA-56-8624-b	16	61928319	62553888	3	2
TCGA-56-8624-b	16	62554180	63004585	5	1
TCGA-56-8624-b	16	63004655	64039758	3	2
TCGA-56-8624-b	16	64047512	64735316	6	0
TCGA-56-8624-b	16	64737034	65132634	5	2
TCGA-56-8624-b	16	65135267	66399945	4	3
TCGA-56-8624-b	16	66403200	76036189	3	2
TCGA-56-8624-b	16	76036263	76411476	5	0
TCGA-56-8624-b	16	76412151	79690083	3	3
TCGA-56-8624-b	16	79690170	80038715	6	0
TCGA-56-8624-b	16	80039206	82114483	3	3
TCGA-56-8624-b	16	82114741	82376908	5	1
TCGA-56-8624-b	16	82376951	83424264	3	3
TCGA-56-8624-b	16	83424290	83540433	6	1
TCGA-56-8624-b	16	83542226	90287535	3	2
TCGA-56-8624-b	17	526	39289203	3	1
TCGA-56-8624-b	17	39289316	39492511	1	0
TCGA-56-8624-b	17	39492617	81049726	3	1
TCGA-56-8624-b	18	48133	6905974	3	1
TCGA-56-8624-b	18	6906002	7376064	1	1
TCGA-56-8624-b	18	7376123	8591742	2	2
TCGA-56-8624-b	18	8592788	13461459	2	1
TCGA-56-8624-b	18	13462193	50357551	3	1
TCGA-56-8624-b	18	50357942	51191441	4	0
TCGA-56-8624-b	18	51191663	71855193	3	1
TCGA-56-8624-b	18	71856563	78015057	2	1
TCGA-56-8624-b	19	90910	24148776	2	1
TCGA-56-8624-b	19	24149545	32322842	3	2
TCGA-56-8624-b	19	32323450	32685101	5	1
TCGA-56-8624-b	19	32685150	59097854	3	2
TCGA-56-8624-b	20	61305	24058407	6	2
TCGA-56-8624-b	20	24061186	30106740	4	3
TCGA-56-8624-b	20	30109829	41717923	6	2
TCGA-56-8624-b	20	41718516	54718924	5	2
TCGA-56-8624-b	20	54720313	54953985	8	1
TCGA-56-8624-b	20	54954702	62956153	4	3
TCGA-56-8624-b	21	10736871	24047851	3	2
TCGA-56-8624-b	21	24051791	24653866	5	0
TCGA-56-8624-b	21	24656088	29043216	3	2
TCGA-56-8624-b	21	29046155	29477078	4	0
TCGA-56-8624-b	21	29478366	30946245	3	2
TCGA-56-8624-b	21	30951627	31178626	5	0
TCGA-56-8624-b	21	31179353	41578585	3	2
TCGA-56-8624-b	21	41579449	41686139	5	1
TCGA-56-8624-b	21	41688383	48096957	3	2
TCGA-56-8624-b	22	16052528	25712296	3	2
TCGA-56-8624-b	22	25718430	34875943	3	3
TCGA-56-8624-b	22	34876808	34987538	4	1
TCGA-56-8624-b	22	34987908	37370921	3	3
TCGA-56-8624-b	22	37370988	47307177	3	2
TCGA-56-8624-b	22	47307230	51234455	2	2
TCGA-56-8624-b	X	168477	2703391	3	2
TCGA-56-8624-b	X	2703633	155233846	2	0
