sample	chr	startpos	endpos	nMajor	nMinor
TCGA-FG-5963-b	1	61735	249224388	1	1
TCGA-FG-5963-b	2	12784	128579425	1	1
TCGA-FG-5963-b	2	128579547	134053768	1	0
TCGA-FG-5963-b	2	134054312	134603157	1	1
TCGA-FG-5963-b	2	134603286	152841144	1	0
TCGA-FG-5963-b	2	152841506	154567385	1	1
TCGA-FG-5963-b	2	154567698	163783908	1	0
TCGA-FG-5963-b	2	163785062	243089456	1	1
TCGA-FG-5963-b	3	60345	22297100	1	1
TCGA-FG-5963-b	3	22300883	23614688	2	1
TCGA-FG-5963-b	3	23615321	24376343	1	1
TCGA-FG-5963-b	3	24376465	28373154	2	1
TCGA-FG-5963-b	3	28392858	29926677	1	1
TCGA-FG-5963-b	3	29928668	31857914	2	1
TCGA-FG-5963-b	3	31858372	63768869	1	1
TCGA-FG-5963-b	3	63777740	73069108	1	0
TCGA-FG-5963-b	3	73075746	78022601	0	0
TCGA-FG-5963-b	3	78024892	78440837	1	0
TCGA-FG-5963-b	3	78444943	79392408	0	0
TCGA-FG-5963-b	3	79393520	107453571	1	0
TCGA-FG-5963-b	3	107456236	108101323	1	1
TCGA-FG-5963-b	3	108102084	124367128	1	0
TCGA-FG-5963-b	3	124367999	126320397	1	1
TCGA-FG-5963-b	3	126321546	185420597	1	0
TCGA-FG-5963-b	3	185420836	186336027	1	1
TCGA-FG-5963-b	3	186336176	197896118	1	0
TCGA-FG-5963-b	4	12281	60565775	1	1
TCGA-FG-5963-b	4	60568412	62466145	2	1
TCGA-FG-5963-b	4	62466187	191027923	1	0
TCGA-FG-5963-b	5	15532	3958678	2	1
TCGA-FG-5963-b	5	3962234	6869839	1	1
TCGA-FG-5963-b	5	6870971	8075763	2	1
TCGA-FG-5963-b	5	8081049	14332741	1	1
TCGA-FG-5963-b	5	14333144	17603462	1	0
TCGA-FG-5963-b	5	17604609	49549775	2	1
TCGA-FG-5963-b	5	49552698	100562046	1	0
TCGA-FG-5963-b	5	100566548	105759100	1	1
TCGA-FG-5963-b	5	105759925	109230805	2	1
TCGA-FG-5963-b	5	109231393	122893560	1	1
TCGA-FG-5963-b	5	122894012	180790320	1	0
TCGA-FG-5963-b	6	149661	31071547	1	0
TCGA-FG-5963-b	6	31071645	31754102	1	1
TCGA-FG-5963-b	6	31764899	32787036	1	0
TCGA-FG-5963-b	6	32787056	100776305	1	1
TCGA-FG-5963-b	6	100776349	171051005	1	0
TCGA-FG-5963-b	7	43259	41892653	1	1
TCGA-FG-5963-b	7	41893570	47319946	2	1
TCGA-FG-5963-b	7	47321976	57873042	1	1
TCGA-FG-5963-b	7	57873881	63803848	3	1
TCGA-FG-5963-b	7	63803999	159127004	1	1
TCGA-FG-5963-b	8	31254	146298155	1	1
TCGA-FG-5963-b	9	46587	1980918	2	0
TCGA-FG-5963-b	9	1980996	20043053	1	0
TCGA-FG-5963-b	9	20044108	27047281	0	0
TCGA-FG-5963-b	9	27047460	32278891	1	0
TCGA-FG-5963-b	9	32279177	141091394	1	1
TCGA-FG-5963-b	10	72759	135506704	1	1
TCGA-FG-5963-b	11	198572	9586359	1	1
TCGA-FG-5963-b	11	9588853	15260841	1	0
TCGA-FG-5963-b	11	15261691	15602629	1	1
TCGA-FG-5963-b	11	15605839	17172088	1	0
TCGA-FG-5963-b	11	17172133	18491877	1	1
TCGA-FG-5963-b	11	18494969	20383362	1	0
TCGA-FG-5963-b	11	20395814	21324795	1	1
TCGA-FG-5963-b	11	21325583	25770849	1	0
TCGA-FG-5963-b	11	25771209	25905709	2	1
TCGA-FG-5963-b	11	25905755	33462203	1	0
TCGA-FG-5963-b	11	33462299	34343287	1	1
TCGA-FG-5963-b	11	34343483	34770057	1	0
TCGA-FG-5963-b	11	34770302	34916710	1	1
TCGA-FG-5963-b	11	34916785	40471454	1	0
TCGA-FG-5963-b	11	40471513	41183010	1	1
TCGA-FG-5963-b	11	41183577	43839764	1	0
TCGA-FG-5963-b	11	43839935	45860759	1	1
TCGA-FG-5963-b	11	45864142	49759664	1	0
TCGA-FG-5963-b	11	49760056	56637037	1	1
TCGA-FG-5963-b	11	56641112	80839472	1	0
TCGA-FG-5963-b	11	80840006	81355792	1	1
TCGA-FG-5963-b	11	81356656	87632274	1	0
TCGA-FG-5963-b	11	87633487	89832843	1	1
TCGA-FG-5963-b	11	89833736	96090507	1	0
TCGA-FG-5963-b	11	96090587	98056808	1	1
TCGA-FG-5963-b	11	98056939	100178220	1	0
TCGA-FG-5963-b	11	100178540	101702525	1	1
TCGA-FG-5963-b	11	101703753	103282240	1	0
TCGA-FG-5963-b	11	103282765	103582181	1	1
TCGA-FG-5963-b	11	103583752	109005880	1	0
TCGA-FG-5963-b	11	109008346	134347974	1	1
TCGA-FG-5963-b	11	134348915	134719069	1	0
TCGA-FG-5963-b	11	134719568	134944770	1	1
TCGA-FG-5963-b	12	150442	133778189	1	1
TCGA-FG-5963-b	13	19026949	25389368	1	1
TCGA-FG-5963-b	13	25396322	97659431	1	0
TCGA-FG-5963-b	13	97659572	101665335	1	1
TCGA-FG-5963-b	13	101666047	104827916	1	0
TCGA-FG-5963-b	13	104828082	113632444	1	1
TCGA-FG-5963-b	13	113640064	114807997	2	1
TCGA-FG-5963-b	13	114817588	115108397	1	0
TCGA-FG-5963-b	14	19002124	63838443	1	1
TCGA-FG-5963-b	14	63846589	98118548	1	0
TCGA-FG-5963-b	14	98118788	98243802	2	1
TCGA-FG-5963-b	14	98244663	107285437	1	0
TCGA-FG-5963-b	15	20016328	102469040	1	1
TCGA-FG-5963-b	16	60777	90287535	1	1
TCGA-FG-5963-b	17	526	19476588	2	0
TCGA-FG-5963-b	17	19479511	81049726	1	1
TCGA-FG-5963-b	18	48133	78015057	1	1
TCGA-FG-5963-b	19	90910	59097854	1	1
TCGA-FG-5963-b	20	61305	62956153	1	1
TCGA-FG-5963-b	21	10736871	46657568	1	1
TCGA-FG-5963-b	21	46662861	48096957	2	1
TCGA-FG-5963-b	22	16052528	51234455	1	1
TCGA-FG-5963-b	X	168477	2703391	1	1
TCGA-FG-5963-b	X	2703633	154697083	1	0
TCGA-FG-5963-b	X	154735698	155233846	0	0
