sample	chr	startpos	endpos	nMajor	nMinor
TCGA-EW-A1PC	1	61735	50661688	2	1
TCGA-EW-A1PC	1	50661840	80454346	3	1
TCGA-EW-A1PC	1	80454564	108209654	2	1
TCGA-EW-A1PC	1	108210162	111296652	3	1
TCGA-EW-A1PC	1	111296881	114795797	2	1
TCGA-EW-A1PC	1	114795885	115191447	5	1
TCGA-EW-A1PC	1	115194657	115861738	2	2
TCGA-EW-A1PC	1	115864549	121482979	3	3
TCGA-EW-A1PC	1	144007049	155083456	7	1
TCGA-EW-A1PC	1	155086148	186651296	6	1
TCGA-EW-A1PC	1	186652448	192203678	7	1
TCGA-EW-A1PC	1	192203718	201711704	6	1
TCGA-EW-A1PC	1	201712748	212353680	7	1
TCGA-EW-A1PC	1	212353818	221391786	6	1
TCGA-EW-A1PC	1	221391865	249224388	7	1
TCGA-EW-A1PC	2	12784	95329927	3	1
TCGA-EW-A1PC	2	95334806	107942146	2	1
TCGA-EW-A1PC	2	107943213	108763103	3	1
TCGA-EW-A1PC	2	108763117	109889660	2	1
TCGA-EW-A1PC	2	109889828	113382594	3	1
TCGA-EW-A1PC	2	113384747	243089456	2	1
TCGA-EW-A1PC	3	60345	868143	3	0
TCGA-EW-A1PC	3	872667	4329999	3	1
TCGA-EW-A1PC	3	4333916	5388363	3	2
TCGA-EW-A1PC	3	5388544	9113947	3	1
TCGA-EW-A1PC	3	9114759	60326219	3	0
TCGA-EW-A1PC	3	60326348	60581806	2	0
TCGA-EW-A1PC	3	60586322	67633420	3	0
TCGA-EW-A1PC	3	67638698	67849029	1	0
TCGA-EW-A1PC	3	67854335	69901843	3	0
TCGA-EW-A1PC	3	69904286	74444848	1	0
TCGA-EW-A1PC	3	74447090	74593699	15	0
TCGA-EW-A1PC	3	74599205	74880165	1	0
TCGA-EW-A1PC	3	74884081	75855018	14	1
TCGA-EW-A1PC	3	75861696	86112234	1	0
TCGA-EW-A1PC	3	86112332	86904221	1	1
TCGA-EW-A1PC	3	86911330	87695332	1	0
TCGA-EW-A1PC	3	87695705	87932310	8	0
TCGA-EW-A1PC	3	87937394	88901452	1	0
TCGA-EW-A1PC	3	88904422	93519478	17	0
TCGA-EW-A1PC	3	93520016	97919410	10	1
TCGA-EW-A1PC	3	97919463	144251557	9	1
TCGA-EW-A1PC	3	144251642	148802069	10	1
TCGA-EW-A1PC	3	148805222	161462578	9	1
TCGA-EW-A1PC	3	161466182	166800376	10	1
TCGA-EW-A1PC	3	166800868	172814098	9	1
TCGA-EW-A1PC	3	172814395	178147294	10	1
TCGA-EW-A1PC	3	178149053	197896118	9	1
TCGA-EW-A1PC	4	12281	35295899	2	0
TCGA-EW-A1PC	4	35297393	52698757	2	1
TCGA-EW-A1PC	4	52699760	191027923	2	0
TCGA-EW-A1PC	5	15532	311669	5	5
TCGA-EW-A1PC	5	312958	2942503	8	4
TCGA-EW-A1PC	5	2945834	11137638	6	5
TCGA-EW-A1PC	5	11137658	30930971	7	5
TCGA-EW-A1PC	5	30931617	46389273	6	5
TCGA-EW-A1PC	5	49432831	100568020	4	0
TCGA-EW-A1PC	5	100568129	106818802	5	0
TCGA-EW-A1PC	5	106819406	140488920	4	0
TCGA-EW-A1PC	5	140497955	140925400	2	0
TCGA-EW-A1PC	5	140926395	179448988	4	0
TCGA-EW-A1PC	5	179450851	180790320	5	0
TCGA-EW-A1PC	6	149661	84178912	2	2
TCGA-EW-A1PC	6	84179446	171051005	2	1
TCGA-EW-A1PC	7	43259	24204988	6	0
TCGA-EW-A1PC	7	24205582	38284199	3	0
TCGA-EW-A1PC	7	38286205	38400957	4	0
TCGA-EW-A1PC	7	38402496	62829626	3	0
TCGA-EW-A1PC	7	62829883	65867015	4	0
TCGA-EW-A1PC	7	65873473	67199829	3	0
TCGA-EW-A1PC	7	67200320	68944836	4	0
TCGA-EW-A1PC	7	68949957	75324760	3	0
TCGA-EW-A1PC	7	75325292	77446458	4	0
TCGA-EW-A1PC	7	77450109	94620689	3	0
TCGA-EW-A1PC	7	94621271	95562636	7	0
TCGA-EW-A1PC	7	95563270	96911814	4	0
TCGA-EW-A1PC	7	96914171	100925473	6	0
TCGA-EW-A1PC	7	100926238	159127004	3	0
TCGA-EW-A1PC	8	31254	4829588	3	1
TCGA-EW-A1PC	8	4833790	4915797	3	0
TCGA-EW-A1PC	8	4916964	37952143	3	1
TCGA-EW-A1PC	8	37953891	39397989	3	3
TCGA-EW-A1PC	8	39398022	40185691	7	4
TCGA-EW-A1PC	8	40186930	69042910	4	4
TCGA-EW-A1PC	8	69043085	70371361	5	5
TCGA-EW-A1PC	8	70372973	75220978	4	4
TCGA-EW-A1PC	8	75221000	90206309	5	4
TCGA-EW-A1PC	8	90207444	97269046	4	4
TCGA-EW-A1PC	8	97269072	102614137	5	1
TCGA-EW-A1PC	8	102614986	104919902	5	2
TCGA-EW-A1PC	8	104922389	146298155	5	1
TCGA-EW-A1PC	9	46587	629893	3	1
TCGA-EW-A1PC	9	632051	8959010	12	1
TCGA-EW-A1PC	9	8959118	13560542	6	2
TCGA-EW-A1PC	9	13560795	24017284	5	1
TCGA-EW-A1PC	9	24018470	25063291	6	1
TCGA-EW-A1PC	9	25063328	25369022	6	0
TCGA-EW-A1PC	9	25369368	28073100	5	1
TCGA-EW-A1PC	9	28074510	32618277	6	1
TCGA-EW-A1PC	9	32618915	39089390	5	1
TCGA-EW-A1PC	9	39092662	47217176	4	1
TCGA-EW-A1PC	9	65616971	72377636	5	1
TCGA-EW-A1PC	9	72380901	91119812	3	1
TCGA-EW-A1PC	9	91120133	94430852	5	1
TCGA-EW-A1PC	9	94434344	120373596	3	1
TCGA-EW-A1PC	9	120373921	120541125	2	1
TCGA-EW-A1PC	9	120542988	141091394	3	1
TCGA-EW-A1PC	10	72759	8651095	3	1
TCGA-EW-A1PC	10	8651877	9962785	4	1
TCGA-EW-A1PC	10	9963119	27691091	3	1
TCGA-EW-A1PC	10	27691271	32783168	2	1
TCGA-EW-A1PC	10	32787336	42846395	3	1
TCGA-EW-A1PC	10	42848705	45705134	2	1
TCGA-EW-A1PC	10	45712341	48958519	3	1
TCGA-EW-A1PC	10	49031175	88406749	2	1
TCGA-EW-A1PC	10	88406970	132645033	2	2
TCGA-EW-A1PC	10	132645246	135506704	2	0
TCGA-EW-A1PC	11	198572	30162549	2	1
TCGA-EW-A1PC	11	30162641	38296481	2	2
TCGA-EW-A1PC	11	38299774	56914217	2	1
TCGA-EW-A1PC	11	56918361	57431471	4	1
TCGA-EW-A1PC	11	57432057	134944770	2	1
TCGA-EW-A1PC	12	150442	3530252	2	2
TCGA-EW-A1PC	12	3531292	10975219	2	1
TCGA-EW-A1PC	12	10977654	15009795	2	0
TCGA-EW-A1PC	12	15014051	18466892	7	2
TCGA-EW-A1PC	12	18472810	29852045	8	2
TCGA-EW-A1PC	12	29859352	38938462	6	2
TCGA-EW-A1PC	12	38938700	41445956	2	1
TCGA-EW-A1PC	12	41447139	41831320	3	2
TCGA-EW-A1PC	12	41835903	48092815	2	1
TCGA-EW-A1PC	12	48093012	49514060	2	2
TCGA-EW-A1PC	12	49519805	50707285	2	1
TCGA-EW-A1PC	12	50708250	52179712	3	2
TCGA-EW-A1PC	12	52182052	93821438	2	1
TCGA-EW-A1PC	12	93822091	94393564	2	0
TCGA-EW-A1PC	12	94395782	124575516	2	1
TCGA-EW-A1PC	12	124575615	133778189	7	2
TCGA-EW-A1PC	13	19026949	23780416	2	0
TCGA-EW-A1PC	13	23781190	28514987	3	0
TCGA-EW-A1PC	13	28516825	37421434	4	0
TCGA-EW-A1PC	13	37422587	102854174	2	0
TCGA-EW-A1PC	13	102854982	115108397	4	0
TCGA-EW-A1PC	14	19002124	22372081	4	1
TCGA-EW-A1PC	14	22373341	22950491	6	1
TCGA-EW-A1PC	14	22953607	37792947	5	1
TCGA-EW-A1PC	14	37796373	38247514	11	1
TCGA-EW-A1PC	14	38248936	44430243	5	1
TCGA-EW-A1PC	14	44430863	49775256	11	1
TCGA-EW-A1PC	14	49775398	60284574	10	1
TCGA-EW-A1PC	14	60287343	107285437	2	1
TCGA-EW-A1PC	15	20016328	102469040	1	1
TCGA-EW-A1PC	16	60777	70896033	2	1
TCGA-EW-A1PC	16	70896626	71202489	4	1
TCGA-EW-A1PC	16	71202797	90287535	2	1
TCGA-EW-A1PC	17	526	20849156	3	0
TCGA-EW-A1PC	17	20849769	20923147	3	2
TCGA-EW-A1PC	17	20923291	69113172	4	3
TCGA-EW-A1PC	17	69116230	70329785	3	0
TCGA-EW-A1PC	17	70330481	81049726	4	3
TCGA-EW-A1PC	18	48133	73777690	3	0
TCGA-EW-A1PC	18	73777872	78015057	3	1
TCGA-EW-A1PC	19	90910	4450388	2	0
TCGA-EW-A1PC	19	4488926	8751106	2	2
TCGA-EW-A1PC	19	8751785	13395726	2	0
TCGA-EW-A1PC	19	13396675	19045886	3	3
TCGA-EW-A1PC	19	19059603	24596750	2	0
TCGA-EW-A1PC	19	27747993	29160984	29	1
TCGA-EW-A1PC	19	29164592	30958072	45	1
TCGA-EW-A1PC	19	30960941	59097854	2	1
TCGA-EW-A1PC	20	61305	11573224	3	2
TCGA-EW-A1PC	20	11573668	25545120	4	3
TCGA-EW-A1PC	20	25547663	30114263	6	3
TCGA-EW-A1PC	20	30117435	38959400	11	3
TCGA-EW-A1PC	20	38961508	40611688	3	2
TCGA-EW-A1PC	20	40616382	62956153	4	2
TCGA-EW-A1PC	21	10736871	48096957	4	0
TCGA-EW-A1PC	22	16052528	51234455	2	1
TCGA-EW-A1PC	X	168477	88017249	3	2
TCGA-EW-A1PC	X	88021541	88610344	6	2
TCGA-EW-A1PC	X	88613130	94848274	3	2
TCGA-EW-A1PC	X	94849938	95153157	3	1
TCGA-EW-A1PC	X	95153325	97153673	3	2
TCGA-EW-A1PC	X	97155577	99184223	4	2
TCGA-EW-A1PC	X	99184890	139764646	3	2
TCGA-EW-A1PC	X	139765351	150379807	4	2
TCGA-EW-A1PC	X	150382682	152984594	3	2
TCGA-EW-A1PC	X	152991402	153168624	3	0
TCGA-EW-A1PC	X	153171770	155233846	3	2
