sample	chr	startpos	endpos	nMajor	nMinor
TCGA-HD-7831	1	61735	117287518	1	0
TCGA-HD-7831	1	117287643	121482979	1	1
TCGA-HD-7831	1	144007049	249224388	1	0
TCGA-HD-7831	2	12784	243089456	1	0
TCGA-HD-7831	3	60345	90307877	1	0
TCGA-HD-7831	3	90311056	102321849	1	1
TCGA-HD-7831	3	102322438	103620850	2	0
TCGA-HD-7831	3	103620878	109022574	1	1
TCGA-HD-7831	3	109027157	109520481	2	0
TCGA-HD-7831	3	109524067	160900533	1	1
TCGA-HD-7831	3	160900705	197896118	2	1
TCGA-HD-7831	4	12281	11418641	1	1
TCGA-HD-7831	4	11425580	11545326	2	0
TCGA-HD-7831	4	11546275	19592553	1	1
TCGA-HD-7831	4	19593355	20487818	2	0
TCGA-HD-7831	4	20490776	29095909	1	1
TCGA-HD-7831	4	29102022	29822525	2	0
TCGA-HD-7831	4	29825650	31954792	1	1
TCGA-HD-7831	4	31957044	46204183	1	0
TCGA-HD-7831	4	46205086	52756601	1	1
TCGA-HD-7831	4	52758175	57334871	1	0
TCGA-HD-7831	4	57336309	58553332	1	1
TCGA-HD-7831	4	58553400	191027923	1	0
TCGA-HD-7831	5	15532	49552698	4	1
TCGA-HD-7831	5	49556138	180790320	1	0
TCGA-HD-7831	6	149661	112711916	1	1
TCGA-HD-7831	6	112712843	113672943	2	0
TCGA-HD-7831	6	113673063	171051005	1	1
TCGA-HD-7831	7	43259	9144719	1	1
TCGA-HD-7831	7	9154102	9324248	2	0
TCGA-HD-7831	7	9324476	9968504	1	1
TCGA-HD-7831	7	9968721	10524535	2	0
TCGA-HD-7831	7	10525322	14623904	1	1
TCGA-HD-7831	7	14625691	15114140	2	0
TCGA-HD-7831	7	15114396	64460908	1	1
TCGA-HD-7831	7	64462326	67672446	3	1
TCGA-HD-7831	7	67674291	68541340	2	1
TCGA-HD-7831	7	68541418	71423370	1	1
TCGA-HD-7831	7	71423675	82820881	1	0
TCGA-HD-7831	7	82821184	86129940	6	1
TCGA-HD-7831	7	86130717	88519813	9	1
TCGA-HD-7831	7	88521266	90425217	3	1
TCGA-HD-7831	7	90429065	93126914	8	1
TCGA-HD-7831	7	93136812	96786593	4	1
TCGA-HD-7831	7	96786625	103274228	3	1
TCGA-HD-7831	7	103274567	159127004	1	0
TCGA-HD-7831	8	31254	43413955	1	0
TCGA-HD-7831	8	43414155	48149727	3	0
TCGA-HD-7831	8	48151250	63436476	1	1
TCGA-HD-7831	8	63438879	64030673	3	0
TCGA-HD-7831	8	64031158	89735646	1	1
TCGA-HD-7831	8	89746368	90605459	2	0
TCGA-HD-7831	8	90608086	97099691	1	1
TCGA-HD-7831	8	97100460	130586320	2	1
TCGA-HD-7831	8	130586355	132474959	1	1
TCGA-HD-7831	8	132475428	146298155	2	1
TCGA-HD-7831	9	46587	141091394	1	0
TCGA-HD-7831	10	72759	42969270	1	0
TCGA-HD-7831	10	42970357	57812239	1	1
TCGA-HD-7831	10	57813120	59051292	2	0
TCGA-HD-7831	10	59051847	105493821	1	1
TCGA-HD-7831	10	105494062	106830927	2	0
TCGA-HD-7831	10	106831102	135229868	1	1
TCGA-HD-7831	10	135231994	135506704	2	0
TCGA-HD-7831	11	198572	42935007	1	0
TCGA-HD-7831	11	42935188	48638791	2	1
TCGA-HD-7831	11	48642623	55047415	3	1
TCGA-HD-7831	11	55047467	87460664	1	1
TCGA-HD-7831	11	87460795	88015758	3	0
TCGA-HD-7831	11	88016063	89466732	1	1
TCGA-HD-7831	11	89467221	91237099	2	0
TCGA-HD-7831	11	91239586	134944770	1	1
TCGA-HD-7831	12	150442	38703019	1	1
TCGA-HD-7831	12	38703855	133778189	1	0
TCGA-HD-7831	13	19026949	115108397	1	0
TCGA-HD-7831	14	19002124	23902030	1	1
TCGA-HD-7831	14	23903380	24954202	2	0
TCGA-HD-7831	14	24954633	40301747	1	1
TCGA-HD-7831	14	40302876	41515710	2	0
TCGA-HD-7831	14	41515811	107285437	1	1
TCGA-HD-7831	15	20016328	22784118	2	0
TCGA-HD-7831	15	22784336	86759904	1	0
TCGA-HD-7831	15	86760483	87936140	1	1
TCGA-HD-7831	15	87937740	102469040	1	0
TCGA-HD-7831	16	60777	90287535	1	1
TCGA-HD-7831	17	526	18766774	2	0
TCGA-HD-7831	17	18767923	48316980	1	0
TCGA-HD-7831	17	48317481	48395982	11	2
TCGA-HD-7831	17	48398104	51912046	1	0
TCGA-HD-7831	17	51914717	52511814	29	0
TCGA-HD-7831	17	52518894	52623094	6	0
TCGA-HD-7831	17	52624295	52917768	31	0
TCGA-HD-7831	17	52918241	57344141	3	0
TCGA-HD-7831	17	57346087	81049726	1	0
TCGA-HD-7831	18	48133	18610067	3	1
TCGA-HD-7831	18	18611243	25987730	1	1
TCGA-HD-7831	18	25987937	65551147	1	0
TCGA-HD-7831	18	65551759	78015057	1	1
TCGA-HD-7831	19	90910	58154825	1	0
TCGA-HD-7831	19	58154955	59097854	2	0
TCGA-HD-7831	20	61305	62956153	1	1
TCGA-HD-7831	21	10736871	15976639	1	1
TCGA-HD-7831	21	15977153	48096957	1	0
TCGA-HD-7831	22	16052528	19905944	1	1
TCGA-HD-7831	22	19907085	28393718	3	1
TCGA-HD-7831	22	28398580	29696697	5	1
TCGA-HD-7831	22	29705882	43388880	2	1
TCGA-HD-7831	22	43392856	51234455	1	0
TCGA-HD-7831	X	168477	2305119	1	0
TCGA-HD-7831	X	2313548	2703391	3	1
TCGA-HD-7831	X	2703633	154827799	1	0
TCGA-HD-7831	X	154828920	155233846	0	0
