sample	chr	startpos	endpos	nMajor	nMinor
TCGA-DX-A23T	1	61735	18049384	2	2
TCGA-DX-A23T	1	18050438	83557784	2	1
TCGA-DX-A23T	1	83558187	249224388	1	1
TCGA-DX-A23T	2	12784	182410691	1	1
TCGA-DX-A23T	2	182411446	182455848	2	2
TCGA-DX-A23T	2	182455994	182455994	1	1
TCGA-DX-A23T	2	182456801	182866563	4	1
TCGA-DX-A23T	2	182866669	243089456	1	1
TCGA-DX-A23T	3	60345	197896118	1	1
TCGA-DX-A23T	4	12281	191027923	1	1
TCGA-DX-A23T	5	15532	3456386	1	1
TCGA-DX-A23T	5	3456763	5498335	2	1
TCGA-DX-A23T	5	5499004	114793657	1	1
TCGA-DX-A23T	5	114802355	115144773	3	1
TCGA-DX-A23T	5	115146412	115419186	2	1
TCGA-DX-A23T	5	115422934	116132349	4	1
TCGA-DX-A23T	5	116132396	116249992	7	1
TCGA-DX-A23T	5	116253557	117148288	4	1
TCGA-DX-A23T	5	117153807	118838068	2	1
TCGA-DX-A23T	5	118838560	120973917	1	1
TCGA-DX-A23T	5	120977240	121025796	3	1
TCGA-DX-A23T	5	121027934	128555667	1	1
TCGA-DX-A23T	5	128567835	131096326	2	1
TCGA-DX-A23T	5	131099531	146775377	1	1
TCGA-DX-A23T	5	146775475	150258867	2	1
TCGA-DX-A23T	5	150259642	159501481	1	1
TCGA-DX-A23T	5	159502006	159831760	2	1
TCGA-DX-A23T	5	159831803	159927607	5	1
TCGA-DX-A23T	5	159930954	161381636	2	1
TCGA-DX-A23T	5	161392926	163126074	4	1
TCGA-DX-A23T	5	163129525	163660811	5	1
TCGA-DX-A23T	5	163669987	164532086	4	1
TCGA-DX-A23T	5	164532314	165235421	7	1
TCGA-DX-A23T	5	165240838	166030575	3	1
TCGA-DX-A23T	5	166037637	169238342	1	1
TCGA-DX-A23T	5	169238673	169663537	3	1
TCGA-DX-A23T	5	169673402	170491320	2	1
TCGA-DX-A23T	5	170492797	171477739	1	1
TCGA-DX-A23T	5	171479787	171525805	3	1
TCGA-DX-A23T	5	171526220	173107759	1	1
TCGA-DX-A23T	5	173113161	173174315	3	1
TCGA-DX-A23T	5	173180357	178416450	1	1
TCGA-DX-A23T	5	178420197	179522082	2	1
TCGA-DX-A23T	5	179522300	180254197	1	1
TCGA-DX-A23T	5	180255328	180790320	4	1
TCGA-DX-A23T	6	149661	24891719	1	1
TCGA-DX-A23T	6	24894177	25012044	5	1
TCGA-DX-A23T	6	25017127	25028311	3	2
TCGA-DX-A23T	6	25028829	25336424	1	1
TCGA-DX-A23T	6	25338691	25516795	4	1
TCGA-DX-A23T	6	25519156	40292169	1	1
TCGA-DX-A23T	6	40292228	40435661	6	1
TCGA-DX-A23T	6	40438011	47559926	1	1
TCGA-DX-A23T	6	47560461	47639911	3	1
TCGA-DX-A23T	6	47644102	103044394	1	1
TCGA-DX-A23T	6	103046167	103284564	2	1
TCGA-DX-A23T	6	103286460	106145054	1	1
TCGA-DX-A23T	6	106145912	106353057	8	1
TCGA-DX-A23T	6	106355841	106778384	2	1
TCGA-DX-A23T	6	106781051	106824147	3	1
TCGA-DX-A23T	6	106824214	131982462	1	1
TCGA-DX-A23T	6	131983281	132162387	3	1
TCGA-DX-A23T	6	132163617	134301591	5	1
TCGA-DX-A23T	6	134304936	135632937	1	1
TCGA-DX-A23T	6	135637824	136109069	2	1
TCGA-DX-A23T	6	136109531	138716924	1	1
TCGA-DX-A23T	6	138718523	139046671	2	1
TCGA-DX-A23T	6	139048562	140533682	1	1
TCGA-DX-A23T	6	140534645	142225183	2	1
TCGA-DX-A23T	6	142227638	143341068	6	1
TCGA-DX-A23T	6	143341271	143690525	7	1
TCGA-DX-A23T	6	143691393	143943820	4	1
TCGA-DX-A23T	6	143943853	144478636	7	1
TCGA-DX-A23T	6	144485534	145572237	3	1
TCGA-DX-A23T	6	145575771	146504202	5	1
TCGA-DX-A23T	6	146505693	146930242	1	1
TCGA-DX-A23T	6	146932836	147047939	4	1
TCGA-DX-A23T	6	147053632	148835416	1	1
TCGA-DX-A23T	6	148835642	149707651	5	1
TCGA-DX-A23T	6	149707666	171051005	1	1
TCGA-DX-A23T	7	43259	748922	3	2
TCGA-DX-A23T	7	756623	4066500	2	1
TCGA-DX-A23T	7	4067470	4702387	6	2
TCGA-DX-A23T	7	4705224	5209522	2	1
TCGA-DX-A23T	7	5210567	6929662	3	2
TCGA-DX-A23T	7	6932776	12972870	2	1
TCGA-DX-A23T	7	12974414	13133162	4	2
TCGA-DX-A23T	7	13133820	27152184	2	1
TCGA-DX-A23T	7	27155874	39039030	1	1
TCGA-DX-A23T	7	39039061	39655512	3	1
TCGA-DX-A23T	7	39655900	42156258	1	1
TCGA-DX-A23T	7	42156363	43836050	2	1
TCGA-DX-A23T	7	43836364	159127004	1	1
TCGA-DX-A23T	8	31254	1142037	1	1
TCGA-DX-A23T	8	1143494	1201728	2	1
TCGA-DX-A23T	8	1208082	1263000	1	1
TCGA-DX-A23T	8	1266929	1301757	5	2
TCGA-DX-A23T	8	1303877	2013234	1	1
TCGA-DX-A23T	8	2016053	2173763	4	1
TCGA-DX-A23T	8	2175500	3428006	1	1
TCGA-DX-A23T	8	3429069	3492431	8	2
TCGA-DX-A23T	8	3493769	4834787	1	1
TCGA-DX-A23T	8	4836980	4865431	8	0
TCGA-DX-A23T	8	4867875	13822227	1	1
TCGA-DX-A23T	8	13826103	14362930	5	1
TCGA-DX-A23T	8	14364909	14386862	1	1
TCGA-DX-A23T	8	14391138	14772928	6	1
TCGA-DX-A23T	8	14773187	15258876	1	1
TCGA-DX-A23T	8	15261433	15601866	4	1
TCGA-DX-A23T	8	15605333	16597233	1	1
TCGA-DX-A23T	8	16598640	16656734	5	2
TCGA-DX-A23T	8	16663370	16919668	1	1
TCGA-DX-A23T	8	16924697	17449735	5	1
TCGA-DX-A23T	8	17454160	17742072	3	1
TCGA-DX-A23T	8	17748693	17781085	1	1
TCGA-DX-A23T	8	17782868	18091656	2	1
TCGA-DX-A23T	8	18092305	18384691	1	1
TCGA-DX-A23T	8	18386813	18514872	6	1
TCGA-DX-A23T	8	18515178	18629286	2	1
TCGA-DX-A23T	8	18629355	18887604	4	1
TCGA-DX-A23T	8	18895880	19511878	1	1
TCGA-DX-A23T	8	19511972	19687171	2	1
TCGA-DX-A23T	8	19689693	19899046	6	1
TCGA-DX-A23T	8	19900748	22079305	1	1
TCGA-DX-A23T	8	22081351	22204212	4	1
TCGA-DX-A23T	8	22205894	22384143	1	1
TCGA-DX-A23T	8	22385061	22444592	6	2
TCGA-DX-A23T	8	22445091	26641425	1	1
TCGA-DX-A23T	8	26643504	26688938	2	1
TCGA-DX-A23T	8	26690394	29353675	1	1
TCGA-DX-A23T	8	29355491	29422223	5	1
TCGA-DX-A23T	8	29422987	29494941	8	1
TCGA-DX-A23T	8	29496762	40841022	1	1
TCGA-DX-A23T	8	40841877	40904935	4	1
TCGA-DX-A23T	8	40906559	47914922	1	1
TCGA-DX-A23T	8	47919398	49391204	3	1
TCGA-DX-A23T	8	49392843	51672209	6	1
TCGA-DX-A23T	8	51683876	56384696	1	1
TCGA-DX-A23T	8	56388729	56820195	2	1
TCGA-DX-A23T	8	56821750	65674493	1	1
TCGA-DX-A23T	8	65676050	66172352	3	1
TCGA-DX-A23T	8	66174065	67410451	1	1
TCGA-DX-A23T	8	67421890	67907222	3	2
TCGA-DX-A23T	8	67911743	68981493	2	1
TCGA-DX-A23T	8	68981979	69172618	4	1
TCGA-DX-A23T	8	69173334	72393664	1	1
TCGA-DX-A23T	8	72394991	73878129	4	1
TCGA-DX-A23T	8	73882861	76011684	1	1
TCGA-DX-A23T	8	76011706	76284312	5	1
TCGA-DX-A23T	8	76287412	76389173	1	1
TCGA-DX-A23T	8	76389346	78266227	2	1
TCGA-DX-A23T	8	78271110	78873842	5	1
TCGA-DX-A23T	8	78873903	78972362	3	0
TCGA-DX-A23T	8	78975698	83611459	1	1
TCGA-DX-A23T	8	83612109	83975909	3	1
TCGA-DX-A23T	8	83976030	114076748	1	1
TCGA-DX-A23T	8	114081975	114785906	3	1
TCGA-DX-A23T	8	114786001	122059475	1	1
TCGA-DX-A23T	8	122070547	123359748	2	1
TCGA-DX-A23T	8	123359943	146298155	1	1
TCGA-DX-A23T	9	46587	3312131	1	1
TCGA-DX-A23T	9	3317943	15642417	2	1
TCGA-DX-A23T	9	15650504	141091394	1	1
TCGA-DX-A23T	10	72759	42478452	1	1
TCGA-DX-A23T	10	42478878	47704605	2	1
TCGA-DX-A23T	10	47704621	51496782	1	1
TCGA-DX-A23T	10	51496796	51779449	2	1
TCGA-DX-A23T	10	51779747	135506704	1	1
TCGA-DX-A23T	11	198572	92243809	1	1
TCGA-DX-A23T	11	92247355	92357395	3	1
TCGA-DX-A23T	11	92361147	92990227	1	1
TCGA-DX-A23T	11	92996840	93082294	3	1
TCGA-DX-A23T	11	93082692	95974981	1	1
TCGA-DX-A23T	11	95975117	96019536	6	1
TCGA-DX-A23T	11	96024669	96086537	1	1
TCGA-DX-A23T	11	96090507	96194310	5	1
TCGA-DX-A23T	11	96197255	96657817	1	1
TCGA-DX-A23T	11	96658019	96797962	4	1
TCGA-DX-A23T	11	96798130	99101768	1	1
TCGA-DX-A23T	11	99107442	99329169	4	1
TCGA-DX-A23T	11	99329944	99493578	2	1
TCGA-DX-A23T	11	99493632	99793274	3	1
TCGA-DX-A23T	11	99795800	101069234	1	1
TCGA-DX-A23T	11	101069926	101597860	6	1
TCGA-DX-A23T	11	101597874	101602051	3	0
TCGA-DX-A23T	11	101602137	101604173	2	0
TCGA-DX-A23T	11	101604213	101745148	1	1
TCGA-DX-A23T	11	101749131	102196550	4	1
TCGA-DX-A23T	11	102200142	102599175	8	1
TCGA-DX-A23T	11	102600006	102948592	4	1
TCGA-DX-A23T	11	102949014	104786703	1	1
TCGA-DX-A23T	11	104786973	105482279	6	1
TCGA-DX-A23T	11	105482522	105886347	4	1
TCGA-DX-A23T	11	105886989	106316611	10	1
TCGA-DX-A23T	11	106316644	106460466	8	1
TCGA-DX-A23T	11	106468453	106630756	3	0
TCGA-DX-A23T	11	106631265	107328160	6	1
TCGA-DX-A23T	11	107328480	134944770	1	1
TCGA-DX-A23T	12	150442	48086617	1	1
TCGA-DX-A23T	12	48087074	48243223	2	1
TCGA-DX-A23T	12	48243377	55388544	1	1
TCGA-DX-A23T	12	55389667	55454415	6	2
TCGA-DX-A23T	12	55458470	57368635	1	1
TCGA-DX-A23T	12	57370524	57604978	5	1
TCGA-DX-A23T	12	57612523	58010163	1	1
TCGA-DX-A23T	12	58018979	58457527	6	1
TCGA-DX-A23T	12	58458352	58570320	1	1
TCGA-DX-A23T	12	58573895	58606264	6	2
TCGA-DX-A23T	12	58608164	60089537	1	1
TCGA-DX-A23T	12	60090207	60331034	8	1
TCGA-DX-A23T	12	60331440	63793085	1	1
TCGA-DX-A23T	12	63793823	64597579	4	1
TCGA-DX-A23T	12	64600379	65103168	2	1
TCGA-DX-A23T	12	65112099	65724772	3	1
TCGA-DX-A23T	12	65728039	65887833	13	1
TCGA-DX-A23T	12	65893091	66304261	3	1
TCGA-DX-A23T	12	66307781	66409157	6	1
TCGA-DX-A23T	12	66411312	66593241	5	1
TCGA-DX-A23T	12	66593713	67929249	1	1
TCGA-DX-A23T	12	67929800	68005058	4	1
TCGA-DX-A23T	12	68005626	68439482	2	1
TCGA-DX-A23T	12	68442491	68589374	5	1
TCGA-DX-A23T	12	68589907	68959387	9	1
TCGA-DX-A23T	12	68964662	69083313	2	1
TCGA-DX-A23T	12	69084126	70066280	8	1
TCGA-DX-A23T	12	70068866	133778189	1	1
TCGA-DX-A23T	13	19026949	90079166	1	1
TCGA-DX-A23T	13	90081022	90436445	2	1
TCGA-DX-A23T	13	90440864	103963580	1	1
TCGA-DX-A23T	13	103965934	104139908	7	1
TCGA-DX-A23T	13	104140705	104497112	3	1
TCGA-DX-A23T	13	104502033	115108397	1	1
TCGA-DX-A23T	14	19002124	55895995	1	1
TCGA-DX-A23T	14	55897498	55939377	3	1
TCGA-DX-A23T	14	55940028	55969956	4	1
TCGA-DX-A23T	14	55972546	107285437	1	1
TCGA-DX-A23T	15	20016328	102469040	1	1
TCGA-DX-A23T	16	60777	1892259	1	1
TCGA-DX-A23T	16	1896679	2788448	3	1
TCGA-DX-A23T	16	2791631	90287535	1	1
TCGA-DX-A23T	17	526	81049726	1	1
TCGA-DX-A23T	18	48133	78015057	1	1
TCGA-DX-A23T	19	90910	59097854	1	1
TCGA-DX-A23T	20	61305	62956153	1	1
TCGA-DX-A23T	21	10736871	16698020	1	1
TCGA-DX-A23T	21	16699510	17351946	2	1
TCGA-DX-A23T	21	17361487	20496489	1	1
TCGA-DX-A23T	21	20499469	20759062	7	1
TCGA-DX-A23T	21	20759550	20986543	2	1
TCGA-DX-A23T	21	20990343	23220660	1	1
TCGA-DX-A23T	21	23221980	23252543	4	1
TCGA-DX-A23T	21	23252845	48096957	1	1
TCGA-DX-A23T	22	16052528	20776420	1	1
TCGA-DX-A23T	22	20776826	21542615	3	1
TCGA-DX-A23T	22	21567231	51234455	1	1
TCGA-DX-A23T	X	168477	122292658	1	1
TCGA-DX-A23T	X	122293440	122569399	3	1
TCGA-DX-A23T	X	122569754	143911260	1	1
TCGA-DX-A23T	X	143911803	144333525	3	1
TCGA-DX-A23T	X	144336979	155233846	1	1
