sample	chr	startpos	endpos	nMajor	nMinor
TCGA-36-2532	1	61735	41507862	2	2
TCGA-36-2532	1	41512111	43186832	4	2
TCGA-36-2532	1	43187067	61382606	2	2
TCGA-36-2532	1	61382620	81237597	2	0
TCGA-36-2532	1	81254946	167458539	2	2
TCGA-36-2532	1	167461322	168072249	4	2
TCGA-36-2532	1	168074145	178374117	2	2
TCGA-36-2532	1	178375890	178924248	4	2
TCGA-36-2532	1	178925592	201994487	2	2
TCGA-36-2532	1	201995394	202209733	2	1
TCGA-36-2532	1	202209967	249224388	2	2
TCGA-36-2532	2	12784	25178201	4	0
TCGA-36-2532	2	25182193	26240974	2	0
TCGA-36-2532	2	26246090	34517759	4	0
TCGA-36-2532	2	34517813	36653551	2	0
TCGA-36-2532	2	36656005	56595015	4	0
TCGA-36-2532	2	56598309	67126994	4	2
TCGA-36-2532	2	67129177	67669262	4	4
TCGA-36-2532	2	67669564	78803313	4	2
TCGA-36-2532	2	78803851	119220862	2	2
TCGA-36-2532	2	119220906	141952305	2	1
TCGA-36-2532	2	141952467	152252794	2	2
TCGA-36-2532	2	152254344	153957064	5	2
TCGA-36-2532	2	153957077	243089456	2	2
TCGA-36-2532	3	60345	57764715	2	2
TCGA-36-2532	3	57765195	58232530	4	2
TCGA-36-2532	3	58232618	68715718	2	2
TCGA-36-2532	3	68718887	68873221	4	3
TCGA-36-2532	3	68873266	70036267	4	4
TCGA-36-2532	3	70036761	70187142	5	4
TCGA-36-2532	3	70189789	110737261	2	2
TCGA-36-2532	3	110743974	122355736	4	2
TCGA-36-2532	3	122358147	122922223	7	2
TCGA-36-2532	3	122922662	168438726	4	2
TCGA-36-2532	3	168445771	168835236	10	4
TCGA-36-2532	3	168835955	197896118	4	2
TCGA-36-2532	4	12281	135481703	2	0
TCGA-36-2532	4	135482008	136086281	4	0
TCGA-36-2532	4	136087850	145710108	2	0
TCGA-36-2532	4	145710767	147235246	4	0
TCGA-36-2532	4	147236571	191027923	2	0
TCGA-36-2532	5	15532	143008883	2	2
TCGA-36-2532	5	143009084	143208229	3	2
TCGA-36-2532	5	143208798	180790320	2	2
TCGA-36-2532	6	149661	22321128	4	2
TCGA-36-2532	6	22323312	22880913	8	2
TCGA-36-2532	6	22883958	33860301	4	2
TCGA-36-2532	6	33862633	35506731	4	4
TCGA-36-2532	6	35507179	44022931	4	2
TCGA-36-2532	6	44025087	45863826	2	2
TCGA-36-2532	6	45864505	46016548	4	2
TCGA-36-2532	6	46023356	118064059	2	2
TCGA-36-2532	6	118064369	171051005	2	0
TCGA-36-2532	7	43259	104769741	2	2
TCGA-36-2532	7	104770386	105318863	4	2
TCGA-36-2532	7	105320893	159127004	2	2
TCGA-36-2532	8	31254	101657235	2	2
TCGA-36-2532	8	101662695	102060415	4	2
TCGA-36-2532	8	102062658	146298155	2	2
TCGA-36-2532	9	46587	877094	2	2
TCGA-36-2532	9	877740	36886473	4	2
TCGA-36-2532	9	36886488	37743614	2	2
TCGA-36-2532	9	37745413	47217176	4	2
TCGA-36-2532	9	65616971	109638167	2	2
TCGA-36-2532	9	109639062	114680192	2	0
TCGA-36-2532	9	114684322	125272556	2	2
TCGA-36-2532	9	125274024	126910588	6	2
TCGA-36-2532	9	126913357	141091394	2	2
TCGA-36-2532	10	72759	1434981	2	2
TCGA-36-2532	10	1435212	5403481	3	3
TCGA-36-2532	10	5403809	9796538	2	2
TCGA-36-2532	10	9796700	14816448	3	3
TCGA-36-2532	10	14817067	16062500	2	2
TCGA-36-2532	10	16063868	18838315	3	3
TCGA-36-2532	10	18864958	20605188	3	2
TCGA-36-2532	10	20605839	25218826	5	2
TCGA-36-2532	10	25219117	30377585	3	3
TCGA-36-2532	10	30379953	31299715	5	2
TCGA-36-2532	10	31300890	34120704	3	3
TCGA-36-2532	10	34125789	34636171	6	2
TCGA-36-2532	10	34643873	36276072	3	3
TCGA-36-2532	10	36277984	38200302	2	2
TCGA-36-2532	10	38204850	71508424	2	0
TCGA-36-2532	10	71511081	73321474	2	2
TCGA-36-2532	10	73322222	75507720	4	2
TCGA-36-2532	10	75518739	80919442	6	2
TCGA-36-2532	10	80920713	82197580	7	3
TCGA-36-2532	10	82198790	83349419	5	2
TCGA-36-2532	10	83350436	88180224	2	0
TCGA-36-2532	10	88181002	88740762	4	0
TCGA-36-2532	10	88743027	97053775	2	0
TCGA-36-2532	10	97055832	97599382	3	0
TCGA-36-2532	10	97599997	135506704	2	0
TCGA-36-2532	11	198572	45844942	2	2
TCGA-36-2532	11	45846619	47334524	4	2
TCGA-36-2532	11	47336320	85350606	2	2
TCGA-36-2532	11	85350822	85823324	4	2
TCGA-36-2532	11	85824288	121004151	2	2
TCGA-36-2532	11	121004851	121398510	3	2
TCGA-36-2532	11	121398578	134944770	2	2
TCGA-36-2532	12	150442	27401050	2	2
TCGA-36-2532	12	27401347	27909173	4	2
TCGA-36-2532	12	27909858	52295142	2	2
TCGA-36-2532	12	52302443	52747381	4	2
TCGA-36-2532	12	52747436	133778189	2	2
TCGA-36-2532	13	19026949	37014962	2	2
TCGA-36-2532	13	37015018	37440127	4	2
TCGA-36-2532	13	37442003	48449908	2	2
TCGA-36-2532	13	48451070	49573658	2	0
TCGA-36-2532	13	49577766	115108397	2	2
TCGA-36-2532	14	19002124	70133145	2	2
TCGA-36-2532	14	70133372	70937299	3	2
TCGA-36-2532	14	70938643	72508577	2	0
TCGA-36-2532	14	72518847	92603958	2	2
TCGA-36-2532	14	92609412	93742099	2	0
TCGA-36-2532	14	93745291	107285437	2	2
TCGA-36-2532	15	20016328	45425130	2	2
TCGA-36-2532	15	45425864	46280211	4	2
TCGA-36-2532	15	46283428	72133670	2	2
TCGA-36-2532	15	72143215	73877363	4	2
TCGA-36-2532	15	73878570	102469040	2	2
TCGA-36-2532	16	60777	9531918	2	0
TCGA-36-2532	16	9532307	10017561	4	0
TCGA-36-2532	16	10022351	35283226	2	0
TCGA-36-2532	16	46463782	56622713	4	0
TCGA-36-2532	16	56626628	57119999	7	0
TCGA-36-2532	16	57120347	90287535	4	0
TCGA-36-2532	17	526	9991070	2	0
TCGA-36-2532	17	9993562	10454396	1	0
TCGA-36-2532	17	10455347	26312084	2	0
TCGA-36-2532	17	26314226	27871025	4	0
TCGA-36-2532	17	27871306	38796945	2	0
TCGA-36-2532	17	38797242	39440956	1	0
TCGA-36-2532	17	39441219	81049726	2	0
TCGA-36-2532	18	48133	8982732	2	0
TCGA-36-2532	18	8982816	11425990	1	1
TCGA-36-2532	18	11426292	11760915	2	0
TCGA-36-2532	18	11761127	19623731	2	2
TCGA-36-2532	18	19624224	19900462	3	2
TCGA-36-2532	18	19900587	21110278	2	2
TCGA-36-2532	18	21112774	22266861	2	0
TCGA-36-2532	18	22267245	54527825	2	2
TCGA-36-2532	18	54528377	78015057	2	0
TCGA-36-2532	19	90910	9634498	2	0
TCGA-36-2532	19	9638045	13158678	2	2
TCGA-36-2532	19	13158783	13891528	4	2
TCGA-36-2532	19	13891841	59097854	2	2
TCGA-36-2532	20	61305	1730294	2	2
TCGA-36-2532	20	1735920	3263246	6	2
TCGA-36-2532	20	3265359	24074349	2	2
TCGA-36-2532	20	24078476	24572331	4	2
TCGA-36-2532	20	24572802	60869805	2	2
TCGA-36-2532	20	60871708	61384726	4	2
TCGA-36-2532	20	61385568	62956153	2	2
TCGA-36-2532	21	10736871	20171019	2	0
TCGA-36-2532	21	20171584	38712610	2	2
TCGA-36-2532	21	38712719	39443975	2	0
TCGA-36-2532	21	39444970	48096957	2	2
TCGA-36-2532	22	16052528	30211345	2	0
TCGA-36-2532	22	30215953	31214531	3	0
TCGA-36-2532	22	31214572	51234455	2	0
TCGA-36-2532	X	168477	155233846	2	2
