sample	chr	startpos	endpos	nMajor	nMinor
TCGA-BG-A0MQ	1	61735	121482979	1	1
TCGA-BG-A0MQ	1	144007049	249224388	2	1
TCGA-BG-A0MQ	2	12784	243089456	1	1
TCGA-BG-A0MQ	3	60345	197896118	1	1
TCGA-BG-A0MQ	4	12281	191027923	1	1
TCGA-BG-A0MQ	5	15532	180790320	1	1
TCGA-BG-A0MQ	6	149661	171051005	1	1
TCGA-BG-A0MQ	7	43259	159127004	1	1
TCGA-BG-A0MQ	8	31254	46847534	2	1
TCGA-BG-A0MQ	8	46863535	146298155	1	1
TCGA-BG-A0MQ	9	46587	141091394	1	1
TCGA-BG-A0MQ	10	72759	135506704	1	1
TCGA-BG-A0MQ	11	198572	134944770	1	1
TCGA-BG-A0MQ	12	150442	133778189	1	1
TCGA-BG-A0MQ	13	19026949	115108397	1	1
TCGA-BG-A0MQ	14	19002124	107285437	1	1
TCGA-BG-A0MQ	15	20016328	102469040	1	1
TCGA-BG-A0MQ	16	60777	90287535	1	1
TCGA-BG-A0MQ	17	526	81049726	1	1
TCGA-BG-A0MQ	18	48133	78015057	1	1
TCGA-BG-A0MQ	19	90910	59097854	1	1
TCGA-BG-A0MQ	20	61305	62956153	1	1
TCGA-BG-A0MQ	21	10736871	48096957	1	1
TCGA-BG-A0MQ	22	16052528	51234455	1	1
TCGA-BG-A0MQ	X	168477	113235708	1	1
TCGA-BG-A0MQ	X	113238072	114356831	2	1
TCGA-BG-A0MQ	X	114357708	155233846	1	1
