sample	chr	startpos	endpos	nMajor	nMinor
TCGA-AB-2827	1	61735	249224388	1	1
TCGA-AB-2827	2	12784	243089456	1	1
TCGA-AB-2827	3	60345	197896118	1	1
TCGA-AB-2827	4	12281	191027923	1	1
TCGA-AB-2827	5	15532	180790320	1	1
TCGA-AB-2827	6	149661	171051005	1	1
TCGA-AB-2827	7	43259	159127004	1	1
TCGA-AB-2827	8	31254	146298155	1	1
TCGA-AB-2827	9	46587	141091394	1	1
TCGA-AB-2827	10	72759	135506704	1	1
TCGA-AB-2827	11	198572	134944770	1	1
TCGA-AB-2827	12	150442	133778189	1	1
TCGA-AB-2827	13	19026949	115108397	1	1
TCGA-AB-2827	14	19002124	107285437	1	1
TCGA-AB-2827	15	20016328	102469040	1	1
TCGA-AB-2827	16	60777	90287535	1	1
TCGA-AB-2827	17	526	81049726	1	1
TCGA-AB-2827	18	48133	78015057	1	1
TCGA-AB-2827	19	90910	59097854	1	1
TCGA-AB-2827	20	61305	62956153	1	1
TCGA-AB-2827	21	10736871	48096957	1	1
TCGA-AB-2827	22	16052528	51234455	1	1
TCGA-AB-2827	X	168477	2693624	1	1
TCGA-AB-2827	X	2694240	45864593	1	0
TCGA-AB-2827	X	45867778	46053221	0	0
TCGA-AB-2827	X	46053248	155233846	1	0
