sample	chr	startpos	endpos	nMajor	nMinor
TCGA-T2-A6X0	1	61735	10596713	1	0
TCGA-T2-A6X0	1	10597053	10747311	0	0
TCGA-T2-A6X0	1	10757199	34316404	1	0
TCGA-T2-A6X0	1	34318524	106477681	2	0
TCGA-T2-A6X0	1	106478719	106926629	1	0
TCGA-T2-A6X0	1	106929015	111520812	2	1
TCGA-T2-A6X0	1	111521647	121482979	1	1
TCGA-T2-A6X0	1	144007049	208596173	2	1
TCGA-T2-A6X0	1	208596538	249224388	1	1
TCGA-T2-A6X0	2	12784	17991530	1	0
TCGA-T2-A6X0	2	17991654	25557905	1	1
TCGA-T2-A6X0	2	25561544	26074245	1	0
TCGA-T2-A6X0	2	26075213	194403274	1	1
TCGA-T2-A6X0	2	194410548	195564167	1	0
TCGA-T2-A6X0	2	195564190	225793447	1	1
TCGA-T2-A6X0	2	225795103	226071143	1	0
TCGA-T2-A6X0	2	226071280	229580738	1	1
TCGA-T2-A6X0	2	229580856	230267912	1	0
TCGA-T2-A6X0	2	230270946	234554814	1	1
TCGA-T2-A6X0	2	234558469	235181900	1	0
TCGA-T2-A6X0	2	235184419	243089456	1	1
TCGA-T2-A6X0	3	60345	31750568	1	1
TCGA-T2-A6X0	3	31751509	31980606	1	0
TCGA-T2-A6X0	3	31981227	90502862	1	1
TCGA-T2-A6X0	3	93519478	117194346	6	1
TCGA-T2-A6X0	3	117194642	143407687	5	1
TCGA-T2-A6X0	3	143408723	147169227	6	1
TCGA-T2-A6X0	3	147171352	193409199	5	1
TCGA-T2-A6X0	3	193409602	197896118	3	2
TCGA-T2-A6X0	4	12281	4014601	1	1
TCGA-T2-A6X0	4	4015443	55645501	1	0
TCGA-T2-A6X0	4	55645877	83209346	1	1
TCGA-T2-A6X0	4	83222489	100467609	1	0
TCGA-T2-A6X0	4	100467622	191027923	1	1
TCGA-T2-A6X0	5	15532	116970649	1	1
TCGA-T2-A6X0	5	116971738	137474352	1	0
TCGA-T2-A6X0	5	137481709	180790320	1	1
TCGA-T2-A6X0	6	149661	128315668	1	1
TCGA-T2-A6X0	6	128315742	132296867	2	1
TCGA-T2-A6X0	6	132297509	171051005	1	1
TCGA-T2-A6X0	7	43259	159127004	1	1
TCGA-T2-A6X0	8	31254	146298155	1	1
TCGA-T2-A6X0	9	46587	5596261	1	1
TCGA-T2-A6X0	9	5599109	5882401	1	0
TCGA-T2-A6X0	9	5883378	85072420	1	1
TCGA-T2-A6X0	9	85075291	141091394	2	1
TCGA-T2-A6X0	10	72759	2939436	1	0
TCGA-T2-A6X0	10	2939876	82112873	1	1
TCGA-T2-A6X0	10	82117459	135506704	1	0
TCGA-T2-A6X0	11	198572	87206376	1	1
TCGA-T2-A6X0	11	87207230	134944770	1	0
TCGA-T2-A6X0	12	150442	3826620	1	1
TCGA-T2-A6X0	12	3826643	4139074	2	1
TCGA-T2-A6X0	12	4139900	5520759	1	1
TCGA-T2-A6X0	12	5520803	6908247	1	0
TCGA-T2-A6X0	12	6911437	10037104	1	1
TCGA-T2-A6X0	12	10043349	25097122	1	0
TCGA-T2-A6X0	12	25097439	25594830	1	1
TCGA-T2-A6X0	12	25595330	34407405	1	0
TCGA-T2-A6X0	12	34414747	59298389	1	1
TCGA-T2-A6X0	12	59298859	62279241	2	1
TCGA-T2-A6X0	12	62279471	111770387	1	1
TCGA-T2-A6X0	12	111771706	130269577	2	1
TCGA-T2-A6X0	12	130270002	133778189	1	1
TCGA-T2-A6X0	13	19026949	31024950	1	1
TCGA-T2-A6X0	13	31025634	31429621	1	0
TCGA-T2-A6X0	13	31429657	32999859	1	1
TCGA-T2-A6X0	13	32999951	36557598	2	1
TCGA-T2-A6X0	13	36559951	115108397	1	0
TCGA-T2-A6X0	14	19002124	23354066	1	1
TCGA-T2-A6X0	14	23360444	69242389	1	0
TCGA-T2-A6X0	14	69242539	107285437	1	1
TCGA-T2-A6X0	15	20016328	99174219	1	1
TCGA-T2-A6X0	15	99175000	102469040	2	1
TCGA-T2-A6X0	16	60777	90287535	1	1
TCGA-T2-A6X0	17	526	59164085	1	1
TCGA-T2-A6X0	17	59164245	59436251	1	0
TCGA-T2-A6X0	17	59441648	81049726	2	1
TCGA-T2-A6X0	18	48133	78015057	1	1
TCGA-T2-A6X0	19	90910	59097854	1	1
TCGA-T2-A6X0	20	61305	62956153	1	1
TCGA-T2-A6X0	21	10736871	34675962	1	1
TCGA-T2-A6X0	21	34681771	36486249	3	1
TCGA-T2-A6X0	21	36487392	42868799	2	1
TCGA-T2-A6X0	21	42871220	48096957	1	0
TCGA-T2-A6X0	22	16052528	18128960	2	1
TCGA-T2-A6X0	22	18131078	51234455	1	1
TCGA-T2-A6X0	X	168477	155233846	1	0
