sample	chr	startpos	endpos	nMajor	nMinor
TCGA-EB-A44Q	1	61735	112943662	1	1
TCGA-EB-A44Q	1	112943697	116105767	2	1
TCGA-EB-A44Q	1	116106330	249224388	1	1
TCGA-EB-A44Q	2	12784	849419	1	0
TCGA-EB-A44Q	2	849992	243089456	1	1
TCGA-EB-A44Q	3	60345	69387381	1	1
TCGA-EB-A44Q	3	69388392	69924666	49	0
TCGA-EB-A44Q	3	69924787	70516683	72	2
TCGA-EB-A44Q	3	70517184	70681676	58	1
TCGA-EB-A44Q	3	70684565	197896118	1	1
TCGA-EB-A44Q	4	12281	56861723	1	1
TCGA-EB-A44Q	4	56861947	56979924	1	0
TCGA-EB-A44Q	4	56980231	90441691	1	1
TCGA-EB-A44Q	4	90454569	91589442	2	1
TCGA-EB-A44Q	4	91591514	99483618	1	1
TCGA-EB-A44Q	4	99484634	99899256	1	0
TCGA-EB-A44Q	4	99903946	182758653	1	1
TCGA-EB-A44Q	4	182760884	183149792	1	0
TCGA-EB-A44Q	4	183150716	191027923	1	1
TCGA-EB-A44Q	5	15532	761125	1	0
TCGA-EB-A44Q	5	773082	1309467	3	1
TCGA-EB-A44Q	5	1313667	4296367	1	0
TCGA-EB-A44Q	5	4299686	4483502	2	1
TCGA-EB-A44Q	5	4485531	4511087	7	0
TCGA-EB-A44Q	5	4511589	4745848	10	2
TCGA-EB-A44Q	5	4745979	4965581	2	0
TCGA-EB-A44Q	5	4967017	5155357	11	1
TCGA-EB-A44Q	5	5157288	12110257	1	0
TCGA-EB-A44Q	5	12113014	12155427	14	0
TCGA-EB-A44Q	5	12159947	12331200	1	0
TCGA-EB-A44Q	5	12333743	12452679	11	0
TCGA-EB-A44Q	5	12460751	12979227	1	0
TCGA-EB-A44Q	5	12979274	13100218	1	1
TCGA-EB-A44Q	5	13104942	13218017	3	1
TCGA-EB-A44Q	5	13226702	13606810	1	0
TCGA-EB-A44Q	5	13609659	14763229	13	1
TCGA-EB-A44Q	5	14763786	16211914	1	0
TCGA-EB-A44Q	5	16217387	16805982	15	0
TCGA-EB-A44Q	5	16812638	17602061	1	1
TCGA-EB-A44Q	5	17602459	18230131	5	1
TCGA-EB-A44Q	5	18233167	18767595	1	0
TCGA-EB-A44Q	5	18777201	18955959	5	1
TCGA-EB-A44Q	5	18958747	19966297	1	0
TCGA-EB-A44Q	5	19973914	19974910	0	0
TCGA-EB-A44Q	5	19977240	20003145	1	0
TCGA-EB-A44Q	5	20008388	20397652	7	1
TCGA-EB-A44Q	5	20398163	22176205	1	0
TCGA-EB-A44Q	5	22179714	22826121	12	1
TCGA-EB-A44Q	5	22826252	23036368	1	0
TCGA-EB-A44Q	5	23036721	23155222	2	0
TCGA-EB-A44Q	5	23155859	23453942	7	1
TCGA-EB-A44Q	5	23455371	23858548	21	0
TCGA-EB-A44Q	5	23859144	24659336	8	1
TCGA-EB-A44Q	5	24662898	24808528	5	0
TCGA-EB-A44Q	5	24809481	24972502	4	0
TCGA-EB-A44Q	5	24973020	25812208	11	1
TCGA-EB-A44Q	5	25812261	26286131	4	1
TCGA-EB-A44Q	5	26290444	26659131	14	1
TCGA-EB-A44Q	5	26662394	30448908	1	0
TCGA-EB-A44Q	5	30449550	30745787	2	0
TCGA-EB-A44Q	5	30746632	32016670	1	1
TCGA-EB-A44Q	5	32018841	32091842	9	3
TCGA-EB-A44Q	5	32094654	32474203	1	1
TCGA-EB-A44Q	5	32477686	32755589	6	1
TCGA-EB-A44Q	5	32763846	33040812	2	1
TCGA-EB-A44Q	5	33040969	33633438	8	1
TCGA-EB-A44Q	5	33636594	33991537	2	1
TCGA-EB-A44Q	5	33994784	34170370	7	1
TCGA-EB-A44Q	5	34176643	34371856	2	1
TCGA-EB-A44Q	5	34371942	34629237	5	1
TCGA-EB-A44Q	5	34632601	34713806	1	1
TCGA-EB-A44Q	5	34716815	35936183	6	1
TCGA-EB-A44Q	5	35936740	36103293	2	1
TCGA-EB-A44Q	5	36106158	39868837	7	1
TCGA-EB-A44Q	5	39868896	39947569	16	1
TCGA-EB-A44Q	5	39947777	40490609	7	1
TCGA-EB-A44Q	5	40497177	42242732	11	1
TCGA-EB-A44Q	5	42243481	42569670	6	0
TCGA-EB-A44Q	5	42570432	42710849	2	1
TCGA-EB-A44Q	5	42711454	159420010	1	1
TCGA-EB-A44Q	5	159422595	165049326	2	0
TCGA-EB-A44Q	5	165052058	180790320	1	1
TCGA-EB-A44Q	6	149661	20049211	3	1
TCGA-EB-A44Q	6	20049381	24885300	3	0
TCGA-EB-A44Q	6	24885379	34568955	3	1
TCGA-EB-A44Q	6	34571645	36008039	1	1
TCGA-EB-A44Q	6	36011504	38680402	1	0
TCGA-EB-A44Q	6	38680943	45996430	1	1
TCGA-EB-A44Q	6	46000326	57462600	1	0
TCGA-EB-A44Q	6	57465721	58082096	1	1
TCGA-EB-A44Q	6	58082323	58742640	1	0
TCGA-EB-A44Q	6	58759028	71327336	1	1
TCGA-EB-A44Q	6	71328820	76767180	1	0
TCGA-EB-A44Q	6	76767224	80486349	2	1
TCGA-EB-A44Q	6	80487022	84006375	1	0
TCGA-EB-A44Q	6	84007285	87313646	1	1
TCGA-EB-A44Q	6	87313874	108690477	1	0
TCGA-EB-A44Q	6	108693942	110693487	2	1
TCGA-EB-A44Q	6	110701125	120074484	1	0
TCGA-EB-A44Q	6	120075474	129945361	2	1
TCGA-EB-A44Q	6	129953275	132545381	1	0
TCGA-EB-A44Q	6	132548504	141782997	1	1
TCGA-EB-A44Q	6	141785983	144455085	1	0
TCGA-EB-A44Q	6	144455364	171051005	1	1
TCGA-EB-A44Q	7	43259	159127004	2	1
TCGA-EB-A44Q	8	31254	146135733	2	1
TCGA-EB-A44Q	8	146136339	146298155	1	0
TCGA-EB-A44Q	9	46587	38640373	1	0
TCGA-EB-A44Q	9	38640561	130832940	1	1
TCGA-EB-A44Q	9	130833345	133375627	1	0
TCGA-EB-A44Q	9	133388232	141091394	1	1
TCGA-EB-A44Q	10	72759	135506704	1	1
TCGA-EB-A44Q	11	198572	18834574	1	1
TCGA-EB-A44Q	11	18836573	19106267	2	1
TCGA-EB-A44Q	11	19106743	25152762	1	1
TCGA-EB-A44Q	11	25153946	25803392	2	0
TCGA-EB-A44Q	11	25806592	51096372	1	1
TCGA-EB-A44Q	11	51126742	59032957	1	0
TCGA-EB-A44Q	11	59033612	60076760	1	1
TCGA-EB-A44Q	11	60082501	64765077	1	0
TCGA-EB-A44Q	11	64772545	67472905	1	1
TCGA-EB-A44Q	11	67475601	68764436	3	1
TCGA-EB-A44Q	11	68765534	69318194	6	1
TCGA-EB-A44Q	11	69318518	69975556	4	1
TCGA-EB-A44Q	11	69976193	70832814	6	1
TCGA-EB-A44Q	11	70836467	72379892	4	1
TCGA-EB-A44Q	11	72383771	74689372	1	0
TCGA-EB-A44Q	11	74689524	75553189	5	1
TCGA-EB-A44Q	11	75554080	77592927	1	1
TCGA-EB-A44Q	11	77592945	134944770	1	0
TCGA-EB-A44Q	12	150442	32635183	1	1
TCGA-EB-A44Q	12	32638162	39118931	2	0
TCGA-EB-A44Q	12	39119205	40011359	1	1
TCGA-EB-A44Q	12	40011945	40850217	2	1
TCGA-EB-A44Q	12	40852853	41825754	1	1
TCGA-EB-A44Q	12	41829146	41896024	6	2
TCGA-EB-A44Q	12	41898186	44445546	1	1
TCGA-EB-A44Q	12	44447849	46418914	2	1
TCGA-EB-A44Q	12	46419086	46571314	5	1
TCGA-EB-A44Q	12	46572976	46664599	2	1
TCGA-EB-A44Q	12	46668429	47797831	9	1
TCGA-EB-A44Q	12	47800337	50232691	2	1
TCGA-EB-A44Q	12	50233825	50749294	5	1
TCGA-EB-A44Q	12	50750471	54316676	1	1
TCGA-EB-A44Q	12	54318562	55368588	2	2
TCGA-EB-A44Q	12	55370479	55552385	7	2
TCGA-EB-A44Q	12	55555613	57696968	2	2
TCGA-EB-A44Q	12	57697123	58676633	14	1
TCGA-EB-A44Q	12	58676956	59489706	6	2
TCGA-EB-A44Q	12	59490632	60046797	4	2
TCGA-EB-A44Q	12	60048602	60954658	17	1
TCGA-EB-A44Q	12	60958441	61216650	5	2
TCGA-EB-A44Q	12	61221080	61463750	2	0
TCGA-EB-A44Q	12	61463782	61540646	8	2
TCGA-EB-A44Q	12	61543784	61698928	3	2
TCGA-EB-A44Q	12	61701252	62481293	2	1
TCGA-EB-A44Q	12	62483409	62637291	4	2
TCGA-EB-A44Q	12	62640644	69912107	2	0
TCGA-EB-A44Q	12	69914518	70458890	2	1
TCGA-EB-A44Q	12	70459479	71446845	3	3
TCGA-EB-A44Q	12	71452459	74664268	2	0
TCGA-EB-A44Q	12	74664935	74842913	4	2
TCGA-EB-A44Q	12	74843406	76153435	3	1
TCGA-EB-A44Q	12	76159688	78397793	2	2
TCGA-EB-A44Q	12	78397852	78752496	5	2
TCGA-EB-A44Q	12	78755340	79800417	2	1
TCGA-EB-A44Q	12	79800681	80594393	2	2
TCGA-EB-A44Q	12	80594446	81340960	2	0
TCGA-EB-A44Q	12	81342505	82968041	18	1
TCGA-EB-A44Q	12	82968232	83162082	2	2
TCGA-EB-A44Q	12	83166800	83373892	6	2
TCGA-EB-A44Q	12	83374451	84023333	3	2
TCGA-EB-A44Q	12	84024421	84083878	2	1
TCGA-EB-A44Q	12	84084827	84085125	3	0
TCGA-EB-A44Q	12	84085235	88315570	2	1
TCGA-EB-A44Q	12	88317358	88494094	5	2
TCGA-EB-A44Q	12	88495906	89235211	7	0
TCGA-EB-A44Q	12	89247239	90157922	2	0
TCGA-EB-A44Q	12	90161860	90802225	2	1
TCGA-EB-A44Q	12	90807658	111248624	2	0
TCGA-EB-A44Q	12	111252464	111635144	2	1
TCGA-EB-A44Q	12	111639456	111723739	5	1
TCGA-EB-A44Q	12	111725185	112197622	2	0
TCGA-EB-A44Q	12	112200061	113445812	6	1
TCGA-EB-A44Q	12	113446009	114836935	2	0
TCGA-EB-A44Q	12	114837761	114950275	4	1
TCGA-EB-A44Q	12	114953802	115223485	10	2
TCGA-EB-A44Q	12	115226480	115304734	2	1
TCGA-EB-A44Q	12	115311579	115992192	3	2
TCGA-EB-A44Q	12	115999781	116069452	10	1
TCGA-EB-A44Q	12	116070105	116796351	17	1
TCGA-EB-A44Q	12	116803107	116977483	7	2
TCGA-EB-A44Q	12	116982722	118896421	2	0
TCGA-EB-A44Q	12	118896470	119175937	3	2
TCGA-EB-A44Q	12	119181614	120337244	2	0
TCGA-EB-A44Q	12	120342577	121181062	5	1
TCGA-EB-A44Q	12	121181369	121597631	3	2
TCGA-EB-A44Q	12	121598652	123661449	6	2
TCGA-EB-A44Q	12	123673952	125785134	11	2
TCGA-EB-A44Q	12	125785550	126777669	5	2
TCGA-EB-A44Q	12	126778525	127179250	9	1
TCGA-EB-A44Q	12	127179444	127632289	6	2
TCGA-EB-A44Q	12	127632381	127685486	2	1
TCGA-EB-A44Q	12	127685801	128065190	6	2
TCGA-EB-A44Q	12	128065489	130508361	2	1
TCGA-EB-A44Q	12	130510352	133778189	2	0
TCGA-EB-A44Q	13	19026949	115108397	1	1
TCGA-EB-A44Q	14	19002124	50348681	1	1
TCGA-EB-A44Q	14	50351525	50798856	2	1
TCGA-EB-A44Q	14	50799011	107285437	1	1
TCGA-EB-A44Q	15	20016328	34870223	1	1
TCGA-EB-A44Q	15	34873263	38261653	1	0
TCGA-EB-A44Q	15	38262177	38539487	0	0
TCGA-EB-A44Q	15	38546982	38867209	1	0
TCGA-EB-A44Q	15	38867290	40649929	2	1
TCGA-EB-A44Q	15	40651838	45514150	1	0
TCGA-EB-A44Q	15	45514477	50645670	1	1
TCGA-EB-A44Q	15	50648711	52275544	1	0
TCGA-EB-A44Q	15	52277571	64095069	2	1
TCGA-EB-A44Q	15	64098557	65577101	1	0
TCGA-EB-A44Q	15	65580983	72474421	1	1
TCGA-EB-A44Q	15	72475204	74744376	1	0
TCGA-EB-A44Q	15	74745884	75468827	1	1
TCGA-EB-A44Q	15	75468947	79948989	1	0
TCGA-EB-A44Q	15	79950363	85037892	1	1
TCGA-EB-A44Q	15	85037917	86972609	1	0
TCGA-EB-A44Q	15	86977301	102469040	2	1
TCGA-EB-A44Q	16	60777	35283226	1	1
TCGA-EB-A44Q	16	46463782	48727129	2	0
TCGA-EB-A44Q	16	48727957	87660783	1	1
TCGA-EB-A44Q	16	87669407	88626601	1	0
TCGA-EB-A44Q	16	88627517	90287535	1	1
TCGA-EB-A44Q	17	526	81049726	1	1
TCGA-EB-A44Q	18	48133	9481448	1	0
TCGA-EB-A44Q	18	9483551	77463543	1	1
TCGA-EB-A44Q	18	77464170	78015057	1	0
TCGA-EB-A44Q	19	90910	59097854	1	1
TCGA-EB-A44Q	20	61305	62956153	1	1
TCGA-EB-A44Q	21	10736871	36726236	1	1
TCGA-EB-A44Q	21	36726537	37296373	1	0
TCGA-EB-A44Q	21	37298159	48096957	1	1
TCGA-EB-A44Q	22	16052528	30529741	1	1
TCGA-EB-A44Q	22	30531091	30736487	1	0
TCGA-EB-A44Q	22	30739575	51234455	1	1
TCGA-EB-A44Q	X	168477	155233846	1	1
