sample	chr	startpos	endpos	nMajor	nMinor
TCGA-WY-A85B	1	61735	249224388	1	1
TCGA-WY-A85B	2	12784	238397372	1	1
TCGA-WY-A85B	2	238398165	238400702	1	0
TCGA-WY-A85B	2	238401784	243089456	1	1
TCGA-WY-A85B	3	60345	197896118	1	1
TCGA-WY-A85B	4	12281	191027923	1	1
TCGA-WY-A85B	5	15532	180790320	1	1
TCGA-WY-A85B	6	149661	171051005	1	1
TCGA-WY-A85B	7	43259	159127004	1	1
TCGA-WY-A85B	8	31254	146298155	1	1
TCGA-WY-A85B	9	46587	2915564	2	1
TCGA-WY-A85B	9	2916252	29147223	1	1
TCGA-WY-A85B	9	29148255	30520031	2	1
TCGA-WY-A85B	9	30520322	141091394	1	1
TCGA-WY-A85B	10	72759	135017319	1	1
TCGA-WY-A85B	10	135056464	135506704	2	0
TCGA-WY-A85B	11	198572	134944770	1	1
TCGA-WY-A85B	12	150442	8189028	3	0
TCGA-WY-A85B	12	8189680	9968088	1	0
TCGA-WY-A85B	12	9970062	18140436	2	1
TCGA-WY-A85B	12	18140559	22263613	3	1
TCGA-WY-A85B	12	22263717	23931167	2	1
TCGA-WY-A85B	12	23934744	24502850	3	1
TCGA-WY-A85B	12	24504285	133778189	1	1
TCGA-WY-A85B	13	19026949	115108397	1	1
TCGA-WY-A85B	14	19002124	107285437	1	1
TCGA-WY-A85B	15	20016328	102469040	1	1
TCGA-WY-A85B	16	60777	90287535	1	1
TCGA-WY-A85B	17	526	21376687	2	0
TCGA-WY-A85B	17	21376856	81049726	1	1
TCGA-WY-A85B	18	48133	77595178	1	1
TCGA-WY-A85B	18	77598946	78015057	1	0
TCGA-WY-A85B	19	90910	59097854	1	1
TCGA-WY-A85B	20	61305	62956153	1	1
TCGA-WY-A85B	21	10736871	48096957	1	1
TCGA-WY-A85B	22	16052528	51234455	1	1
TCGA-WY-A85B	X	168477	2694240	1	1
TCGA-WY-A85B	X	2703391	154909159	1	0
TCGA-WY-A85B	X	154910730	155233846	1	1
