sample	chr	startpos	endpos	nMajor	nMinor
TCGA-MI-A75I	1	61735	249224388	1	1
TCGA-MI-A75I	2	12784	243089456	1	1
TCGA-MI-A75I	3	60345	197896118	1	1
TCGA-MI-A75I	4	12281	156633256	1	1
TCGA-MI-A75I	4	156633270	157449136	2	1
TCGA-MI-A75I	4	157450822	191027923	1	1
TCGA-MI-A75I	5	15532	180790320	2	1
TCGA-MI-A75I	6	149661	31710968	3	1
TCGA-MI-A75I	6	31711124	32967914	3	0
TCGA-MI-A75I	6	32968339	58759028	3	1
TCGA-MI-A75I	6	58774716	103214243	1	0
TCGA-MI-A75I	6	103214406	103596644	0	0
TCGA-MI-A75I	6	103600037	171051005	1	0
TCGA-MI-A75I	7	43259	159127004	1	1
TCGA-MI-A75I	8	31254	35128375	1	0
TCGA-MI-A75I	8	35128438	39323903	2	1
TCGA-MI-A75I	8	39324474	40080961	1	1
TCGA-MI-A75I	8	40082330	61679949	2	1
TCGA-MI-A75I	8	61680140	146298155	3	1
TCGA-MI-A75I	9	46587	20471312	1	0
TCGA-MI-A75I	9	20476130	22125503	0	0
TCGA-MI-A75I	9	22128709	141091394	1	0
TCGA-MI-A75I	10	72759	110646659	1	1
TCGA-MI-A75I	10	110647878	112819045	2	1
TCGA-MI-A75I	10	112820071	135506704	1	1
TCGA-MI-A75I	11	198572	134944770	1	1
TCGA-MI-A75I	12	150442	26943956	1	0
TCGA-MI-A75I	12	26944718	133778189	1	1
TCGA-MI-A75I	13	19026949	39537000	1	1
TCGA-MI-A75I	13	39537408	110170250	1	0
TCGA-MI-A75I	13	110170919	115108397	1	1
TCGA-MI-A75I	14	19002124	22390103	1	1
TCGA-MI-A75I	14	22390185	22999542	2	2
TCGA-MI-A75I	14	22999558	107285437	1	1
TCGA-MI-A75I	15	20016328	73918380	1	1
TCGA-MI-A75I	15	73921996	76045537	2	1
TCGA-MI-A75I	15	76048035	102469040	1	1
TCGA-MI-A75I	16	60777	90287535	1	0
TCGA-MI-A75I	17	526	21508894	1	0
TCGA-MI-A75I	17	21513022	33588933	1	1
TCGA-MI-A75I	17	33589547	76188070	2	1
TCGA-MI-A75I	17	76190494	76964309	2	0
TCGA-MI-A75I	17	76964531	81049726	2	1
TCGA-MI-A75I	18	48133	78015057	1	1
TCGA-MI-A75I	19	90910	59097854	1	1
TCGA-MI-A75I	20	61305	62956153	1	1
TCGA-MI-A75I	21	10736871	48096957	1	1
TCGA-MI-A75I	22	16052528	34241844	1	0
TCGA-MI-A75I	22	34242656	34746342	1	1
TCGA-MI-A75I	22	34746505	37262769	1	0
TCGA-MI-A75I	22	37265079	39407947	1	1
TCGA-MI-A75I	22	39412668	51234455	1	0
TCGA-MI-A75I	X	168477	2703391	1	1
TCGA-MI-A75I	X	2703633	63395190	1	0
TCGA-MI-A75I	X	63395315	63538999	0	0
TCGA-MI-A75I	X	63540276	155233846	1	0
