sample	chr	startpos	endpos	nMajor	nMinor
TCGA-G4-6310	1	61735	5549073	2	1
TCGA-G4-6310	1	5549118	8222156	1	0
TCGA-G4-6310	1	8224282	249224388	2	1
TCGA-G4-6310	2	12784	34079559	2	1
TCGA-G4-6310	2	34080155	36271122	2	2
TCGA-G4-6310	2	36272605	81817139	2	1
TCGA-G4-6310	2	81818062	84351300	3	3
TCGA-G4-6310	2	84361692	114616865	3	2
TCGA-G4-6310	2	114619320	116903834	3	3
TCGA-G4-6310	2	116908250	130046190	3	2
TCGA-G4-6310	2	130046679	131478017	3	1
TCGA-G4-6310	2	131480604	132428421	2	2
TCGA-G4-6310	2	132429634	133623090	3	1
TCGA-G4-6310	2	133623600	134842054	3	2
TCGA-G4-6310	2	134842202	136963494	2	1
TCGA-G4-6310	2	136963794	243089456	3	2
TCGA-G4-6310	3	60345	60391737	2	1
TCGA-G4-6310	3	60397624	60637482	1	1
TCGA-G4-6310	3	60640134	197896118	2	1
TCGA-G4-6310	4	12281	7202789	2	1
TCGA-G4-6310	4	7203659	10244955	1	1
TCGA-G4-6310	4	10245898	17673045	2	1
TCGA-G4-6310	4	17677812	19262504	1	1
TCGA-G4-6310	4	19262843	20827274	2	1
TCGA-G4-6310	4	20827722	22387616	1	1
TCGA-G4-6310	4	22390746	37555322	2	1
TCGA-G4-6310	4	37555586	43941075	1	1
TCGA-G4-6310	4	43943974	46819806	2	1
TCGA-G4-6310	4	46823376	74320110	1	1
TCGA-G4-6310	4	74325142	75979176	2	1
TCGA-G4-6310	4	75979836	165457848	1	1
TCGA-G4-6310	4	165460840	191027923	1	0
TCGA-G4-6310	5	15532	58728915	2	1
TCGA-G4-6310	5	58736711	180790320	3	0
TCGA-G4-6310	6	149661	14111344	4	0
TCGA-G4-6310	6	14111717	18419793	3	0
TCGA-G4-6310	6	18420319	19898791	4	0
TCGA-G4-6310	6	19899405	20844243	3	0
TCGA-G4-6310	6	20844419	41029109	4	0
TCGA-G4-6310	6	41029342	44445990	3	0
TCGA-G4-6310	6	44447598	49904443	5	0
TCGA-G4-6310	6	49904645	65635578	4	0
TCGA-G4-6310	6	65636238	92039083	3	0
TCGA-G4-6310	6	92044074	95542069	4	0
TCGA-G4-6310	6	95543429	115457416	3	0
TCGA-G4-6310	6	115457895	132730794	4	0
TCGA-G4-6310	6	132731358	162428691	3	0
TCGA-G4-6310	6	162430000	162832420	2	0
TCGA-G4-6310	6	162833215	171051005	3	0
TCGA-G4-6310	7	43259	71870676	5	2
TCGA-G4-6310	7	71871272	112129613	4	2
TCGA-G4-6310	7	112130009	143132553	5	2
TCGA-G4-6310	7	143132563	145148367	5	3
TCGA-G4-6310	7	145148389	159127004	4	2
TCGA-G4-6310	8	31254	2290389	3	0
TCGA-G4-6310	8	2290422	5818106	4	0
TCGA-G4-6310	8	5818128	56358708	3	0
TCGA-G4-6310	8	56360234	56619349	2	0
TCGA-G4-6310	8	56620128	62830078	3	0
TCGA-G4-6310	8	62831517	70485847	4	0
TCGA-G4-6310	8	70485909	82611708	3	0
TCGA-G4-6310	8	82612622	87187077	4	0
TCGA-G4-6310	8	87187077	107099240	3	0
TCGA-G4-6310	8	107100285	109093578	4	0
TCGA-G4-6310	8	109094068	118016843	3	0
TCGA-G4-6310	8	118017287	120614296	4	0
TCGA-G4-6310	8	120614318	146298155	3	0
TCGA-G4-6310	9	46587	141091394	2	1
TCGA-G4-6310	10	72759	52898187	2	1
TCGA-G4-6310	10	52899741	53339561	1	1
TCGA-G4-6310	10	53345758	135506704	2	1
TCGA-G4-6310	11	198572	87220637	2	2
TCGA-G4-6310	11	87220744	88562848	3	2
TCGA-G4-6310	11	88563031	134944770	2	2
TCGA-G4-6310	12	150442	133778189	2	1
TCGA-G4-6310	13	19026949	54665227	7	1
TCGA-G4-6310	13	54668277	57589786	8	1
TCGA-G4-6310	13	57593801	84847243	7	1
TCGA-G4-6310	13	84849102	87207716	6	1
TCGA-G4-6310	13	87208016	115108397	7	1
TCGA-G4-6310	14	19002124	107285437	2	1
TCGA-G4-6310	15	20016328	41133577	2	1
TCGA-G4-6310	15	41135406	59681771	1	1
TCGA-G4-6310	15	59681852	81093360	2	1
TCGA-G4-6310	15	81093888	90460177	1	1
TCGA-G4-6310	15	90461129	91573504	2	1
TCGA-G4-6310	15	91575366	95375754	1	1
TCGA-G4-6310	15	95378243	98726618	2	1
TCGA-G4-6310	15	98726633	100293821	1	1
TCGA-G4-6310	15	100294550	102469040	2	1
TCGA-G4-6310	16	60777	6414802	2	2
TCGA-G4-6310	16	6415497	6782279	0	0
TCGA-G4-6310	16	6782303	7006010	1	0
TCGA-G4-6310	16	7006141	7207910	2	1
TCGA-G4-6310	16	7208395	8411336	4	2
TCGA-G4-6310	16	8411458	90287535	2	2
TCGA-G4-6310	17	526	22227836	2	0
TCGA-G4-6310	17	22227841	81049726	2	2
TCGA-G4-6310	18	48133	3377842	2	0
TCGA-G4-6310	18	3378235	3973344	1	0
TCGA-G4-6310	18	3973509	14093026	2	0
TCGA-G4-6310	18	14093433	18553608	3	0
TCGA-G4-6310	18	18560354	28628256	2	0
TCGA-G4-6310	18	28639929	28926384	1	0
TCGA-G4-6310	18	28927184	33725874	2	0
TCGA-G4-6310	18	33725931	35087457	1	0
TCGA-G4-6310	18	35088011	42037587	2	0
TCGA-G4-6310	18	42037678	45279818	1	0
TCGA-G4-6310	18	45285349	47201304	2	0
TCGA-G4-6310	18	47201842	48965260	1	0
TCGA-G4-6310	18	48965940	49785734	2	0
TCGA-G4-6310	18	49786402	50261817	1	0
TCGA-G4-6310	18	50263701	78015057	2	0
TCGA-G4-6310	19	90910	46118029	2	2
TCGA-G4-6310	19	46139301	59097854	3	1
TCGA-G4-6310	20	61305	6560971	6	1
TCGA-G4-6310	20	6561262	14762040	8	1
TCGA-G4-6310	20	14762103	15099514	4	0
TCGA-G4-6310	20	15099751	15190158	6	1
TCGA-G4-6310	20	15192752	38829678	8	1
TCGA-G4-6310	20	38830721	40936252	10	0
TCGA-G4-6310	20	40936338	51793098	12	0
TCGA-G4-6310	20	51793171	54821008	14	0
TCGA-G4-6310	20	54822088	59549850	13	0
TCGA-G4-6310	20	59550164	62956153	10	0
TCGA-G4-6310	21	10736871	22404388	2	2
TCGA-G4-6310	21	22404803	48096957	2	1
TCGA-G4-6310	22	16052528	51234455	2	0
TCGA-G4-6310	X	168477	2703391	2	1
TCGA-G4-6310	X	2703633	67585346	3	0
TCGA-G4-6310	X	67585795	72359832	2	0
TCGA-G4-6310	X	72360963	128444192	3	0
TCGA-G4-6310	X	128444668	136963211	2	0
TCGA-G4-6310	X	136965400	151331769	3	0
TCGA-G4-6310	X	151331956	154504066	2	0
TCGA-G4-6310	X	154504905	155233846	3	0
