sample	chr	startpos	endpos	nMajor	nMinor
TCGA-BH-A0W3	1	61735	112862394	3	0
TCGA-BH-A0W3	1	112863972	114166561	4	3
TCGA-BH-A0W3	1	114167780	115608130	3	2
TCGA-BH-A0W3	1	115610039	115669461	12	4
TCGA-BH-A0W3	1	115670422	115813979	3	3
TCGA-BH-A0W3	1	115814483	116306580	10	4
TCGA-BH-A0W3	1	116307398	116833304	3	2
TCGA-BH-A0W3	1	116833663	117206680	3	0
TCGA-BH-A0W3	1	117206893	117661707	6	2
TCGA-BH-A0W3	1	117666591	120068798	3	0
TCGA-BH-A0W3	1	120072082	120557366	4	4
TCGA-BH-A0W3	1	120558480	121482979	3	0
TCGA-BH-A0W3	1	144007049	249224388	3	2
TCGA-BH-A0W3	2	12784	243089456	2	2
TCGA-BH-A0W3	3	60345	197896118	2	2
TCGA-BH-A0W3	4	12281	191027923	2	1
TCGA-BH-A0W3	5	15532	180790320	2	2
TCGA-BH-A0W3	6	149661	171051005	2	1
TCGA-BH-A0W3	7	43259	159127004	2	2
TCGA-BH-A0W3	8	31254	146298155	2	1
TCGA-BH-A0W3	9	46587	141091394	2	1
TCGA-BH-A0W3	10	72759	135506704	2	2
TCGA-BH-A0W3	11	198572	66116801	2	2
TCGA-BH-A0W3	11	66118676	70591329	9	2
TCGA-BH-A0W3	11	70592233	72198359	4	2
TCGA-BH-A0W3	11	72198427	72291232	2	1
TCGA-BH-A0W3	11	72291927	75836613	2	0
TCGA-BH-A0W3	11	75837291	76543676	2	2
TCGA-BH-A0W3	11	76548190	78353084	12	2
TCGA-BH-A0W3	11	78354869	78557765	7	2
TCGA-BH-A0W3	11	78562549	79195257	2	2
TCGA-BH-A0W3	11	79200177	80934156	5	2
TCGA-BH-A0W3	11	80937204	82232340	2	0
TCGA-BH-A0W3	11	82232841	84079357	4	2
TCGA-BH-A0W3	11	84082075	84998751	2	0
TCGA-BH-A0W3	11	85004566	85295480	9	2
TCGA-BH-A0W3	11	85295562	85365011	12	0
TCGA-BH-A0W3	11	85373971	85994967	2	0
TCGA-BH-A0W3	11	85999080	86736891	5	2
TCGA-BH-A0W3	11	86740256	86755553	9	4
TCGA-BH-A0W3	11	86764925	87562250	5	2
TCGA-BH-A0W3	11	87564023	95096815	2	0
TCGA-BH-A0W3	11	95098246	95301453	6	2
TCGA-BH-A0W3	11	95301701	97044570	4	2
TCGA-BH-A0W3	11	97046879	134944770	2	0
TCGA-BH-A0W3	12	150442	133778189	2	2
TCGA-BH-A0W3	13	19026949	115108397	2	1
TCGA-BH-A0W3	14	19002124	22351008	2	2
TCGA-BH-A0W3	14	22351073	22971591	3	3
TCGA-BH-A0W3	14	22974256	107285437	2	2
TCGA-BH-A0W3	15	20016328	102469040	2	2
TCGA-BH-A0W3	16	60777	31481118	5	2
TCGA-BH-A0W3	16	31485495	33999879	3	2
TCGA-BH-A0W3	16	34002622	34294760	1	1
TCGA-BH-A0W3	16	34298346	35283226	2	1
TCGA-BH-A0W3	16	46463782	70819124	2	0
TCGA-BH-A0W3	16	70819541	71202489	3	1
TCGA-BH-A0W3	16	71202797	90287535	2	0
TCGA-BH-A0W3	17	526	81049726	2	2
TCGA-BH-A0W3	18	48133	78015057	2	1
TCGA-BH-A0W3	19	90910	59097854	2	2
TCGA-BH-A0W3	20	61305	62956153	2	2
TCGA-BH-A0W3	21	10736871	48096957	2	1
TCGA-BH-A0W3	22	16052528	51234455	2	0
TCGA-BH-A0W3	X	168477	155233846	2	2
