sample	chr	startpos	endpos	nMajor	nMinor
TCGA-12-0780	1	61735	244554229	2	2
TCGA-12-0780	1	244557893	247449184	2	0
TCGA-12-0780	1	247455719	249224388	2	2
TCGA-12-0780	2	12784	243089456	2	2
TCGA-12-0780	3	60345	197896118	2	2
TCGA-12-0780	4	12281	191027923	2	2
TCGA-12-0780	5	15532	174996060	2	2
TCGA-12-0780	5	174996216	175729183	2	0
TCGA-12-0780	5	175738161	176876387	2	2
TCGA-12-0780	5	176879695	177658760	1	1
TCGA-12-0780	5	177660239	180790320	2	2
TCGA-12-0780	6	149661	97875496	2	2
TCGA-12-0780	6	97878085	98973543	2	0
TCGA-12-0780	6	98975506	99182584	3	1
TCGA-12-0780	6	99182776	100201809	2	0
TCGA-12-0780	6	100204668	100368198	2	1
TCGA-12-0780	6	100369593	100877828	2	2
TCGA-12-0780	6	100880696	101134283	2	1
TCGA-12-0780	6	101138590	102722761	2	0
TCGA-12-0780	6	102727552	103835914	2	2
TCGA-12-0780	6	103837748	104430212	2	0
TCGA-12-0780	6	104430866	104868653	2	2
TCGA-12-0780	6	104871539	107030672	2	0
TCGA-12-0780	6	107030901	107580940	2	2
TCGA-12-0780	6	107584792	108164836	2	0
TCGA-12-0780	6	108166092	109111333	2	1
TCGA-12-0780	6	109114454	171051005	2	0
TCGA-12-0780	7	43259	35626381	4	2
TCGA-12-0780	7	35630615	35962544	7	2
TCGA-12-0780	7	35964542	38923484	4	2
TCGA-12-0780	7	38924391	39356640	8	2
TCGA-12-0780	7	39357025	54723945	4	2
TCGA-12-0780	7	54724327	55524734	7	2
TCGA-12-0780	7	55528586	111414061	4	2
TCGA-12-0780	7	111414228	112577877	4	1
TCGA-12-0780	7	112581527	112610552	44	0
TCGA-12-0780	7	112613210	116323031	5	1
TCGA-12-0780	7	116323484	116563957	38	4
TCGA-12-0780	7	116579043	119335571	4	1
TCGA-12-0780	7	119335713	120304367	33	6
TCGA-12-0780	7	120304695	120390670	5	0
TCGA-12-0780	7	120392929	121368843	5	1
TCGA-12-0780	7	121368903	159127004	4	2
TCGA-12-0780	8	31254	146298155	2	2
TCGA-12-0780	9	46587	20220177	2	0
TCGA-12-0780	9	20226358	20814272	0	0
TCGA-12-0780	9	20815019	21066113	2	0
TCGA-12-0780	9	21068012	21626846	0	0
TCGA-12-0780	9	21633547	21735942	2	0
TCGA-12-0780	9	21741615	24221117	0	0
TCGA-12-0780	9	24224053	27361118	2	0
TCGA-12-0780	9	27361333	28649447	2	1
TCGA-12-0780	9	28649685	47217176	2	0
TCGA-12-0780	9	65616971	141091394	2	2
TCGA-12-0780	10	72759	135506704	2	0
TCGA-12-0780	11	198572	134944770	2	2
TCGA-12-0780	12	150442	133778189	2	2
TCGA-12-0780	13	19026949	115108397	2	2
TCGA-12-0780	14	19002124	107285437	2	2
TCGA-12-0780	15	20016328	102469040	2	2
TCGA-12-0780	16	60777	35283226	2	2
TCGA-12-0780	16	46463782	52537440	2	1
TCGA-12-0780	16	52537526	90287535	2	2
TCGA-12-0780	17	526	81049726	2	2
TCGA-12-0780	18	48133	78015057	2	2
TCGA-12-0780	19	90910	59097854	3	2
TCGA-12-0780	20	61305	62956153	4	2
TCGA-12-0780	21	10736871	26033956	2	2
TCGA-12-0780	21	26034093	27138334	2	1
TCGA-12-0780	21	27139045	36527516	2	2
TCGA-12-0780	21	36527570	48096957	2	1
TCGA-12-0780	22	16052528	51234455	2	2
TCGA-12-0780	X	168477	155233846	2	2
