sample	chr	startpos	endpos	nMajor	nMinor
TCGA-BH-A0C1	1	61735	115476839	2	0
TCGA-BH-A0C1	1	115481318	115682741	2	2
TCGA-BH-A0C1	1	115683097	117019614	2	0
TCGA-BH-A0C1	1	117021188	118674961	2	2
TCGA-BH-A0C1	1	118675698	119901749	4	2
TCGA-BH-A0C1	1	119902555	121482979	3	2
TCGA-BH-A0C1	1	144007049	249224388	7	2
TCGA-BH-A0C1	2	12784	188442091	3	1
TCGA-BH-A0C1	2	188446368	192249008	6	1
TCGA-BH-A0C1	2	192252136	243089456	3	1
TCGA-BH-A0C1	3	60345	197896118	2	1
TCGA-BH-A0C1	4	12281	191027923	2	1
TCGA-BH-A0C1	5	15532	180790320	2	2
TCGA-BH-A0C1	6	149661	171051005	2	2
TCGA-BH-A0C1	7	43259	61875430	2	2
TCGA-BH-A0C1	7	61875647	63850303	3	1
TCGA-BH-A0C1	7	63851287	159127004	2	2
TCGA-BH-A0C1	8	31254	146298155	2	2
TCGA-BH-A0C1	9	46587	141091394	2	1
TCGA-BH-A0C1	10	72759	135506704	2	1
TCGA-BH-A0C1	11	198572	134944770	2	1
TCGA-BH-A0C1	12	150442	38508938	2	2
TCGA-BH-A0C1	12	38510683	40065876	2	0
TCGA-BH-A0C1	12	40066724	57937533	2	2
TCGA-BH-A0C1	12	57938565	58833428	4	2
TCGA-BH-A0C1	12	58833530	59174529	2	0
TCGA-BH-A0C1	12	59178695	59398014	2	2
TCGA-BH-A0C1	12	59398044	60387072	2	0
TCGA-BH-A0C1	12	60388617	63671712	2	2
TCGA-BH-A0C1	12	63672274	67466935	2	0
TCGA-BH-A0C1	12	67468136	68205491	4	2
TCGA-BH-A0C1	12	68205604	69489482	2	2
TCGA-BH-A0C1	12	69495486	71014831	4	2
TCGA-BH-A0C1	12	71015131	71021144	3	1
TCGA-BH-A0C1	12	71022010	73998785	2	0
TCGA-BH-A0C1	12	73999066	75604897	2	2
TCGA-BH-A0C1	12	75605612	78375063	2	0
TCGA-BH-A0C1	12	78375580	78835283	2	2
TCGA-BH-A0C1	12	78835331	133778189	2	0
TCGA-BH-A0C1	13	19026949	115108397	2	1
TCGA-BH-A0C1	14	19002124	107285437	2	1
TCGA-BH-A0C1	15	20016328	102469040	2	0
TCGA-BH-A0C1	16	60777	11913383	2	2
TCGA-BH-A0C1	16	11915910	29651648	2	1
TCGA-BH-A0C1	16	29652488	35283226	2	2
TCGA-BH-A0C1	16	46463782	49024190	2	0
TCGA-BH-A0C1	16	49025494	49258662	2	2
TCGA-BH-A0C1	16	49260622	49507364	2	0
TCGA-BH-A0C1	16	49509180	52479994	2	2
TCGA-BH-A0C1	16	52483395	70839337	2	0
TCGA-BH-A0C1	16	70842097	71207879	4	1
TCGA-BH-A0C1	16	71208200	90287535	2	0
TCGA-BH-A0C1	17	526	37321672	1	1
TCGA-BH-A0C1	17	37323342	40395797	2	1
TCGA-BH-A0C1	17	40399949	81049726	1	1
TCGA-BH-A0C1	18	48133	78015057	2	2
TCGA-BH-A0C1	19	90910	59097854	2	2
TCGA-BH-A0C1	20	61305	62956153	2	2
TCGA-BH-A0C1	21	10736871	48096957	2	2
TCGA-BH-A0C1	22	16052528	51234455	2	1
TCGA-BH-A0C1	X	168477	155233846	2	1
