sample	chr	startpos	endpos	nMajor	nMinor
TCGA-EB-A5VV	1	61735	249224388	1	1
TCGA-EB-A5VV	2	12784	243089456	1	1
TCGA-EB-A5VV	3	60345	197896118	1	1
TCGA-EB-A5VV	4	12281	191027923	1	1
TCGA-EB-A5VV	5	15532	180790320	1	1
TCGA-EB-A5VV	6	149661	171051005	1	1
TCGA-EB-A5VV	7	43259	159127004	1	1
TCGA-EB-A5VV	8	31254	146298155	1	1
TCGA-EB-A5VV	9	46587	141091394	1	1
TCGA-EB-A5VV	10	72759	135506704	1	1
TCGA-EB-A5VV	11	198572	134944770	1	1
TCGA-EB-A5VV	12	150442	133778189	1	1
TCGA-EB-A5VV	13	19026949	115108397	1	1
TCGA-EB-A5VV	14	19002124	22461432	1	1
TCGA-EB-A5VV	14	22461777	22974293	1	0
TCGA-EB-A5VV	14	22975700	107285437	1	1
TCGA-EB-A5VV	15	20016328	102469040	1	1
TCGA-EB-A5VV	16	60777	90287535	1	1
TCGA-EB-A5VV	17	526	81049726	1	1
TCGA-EB-A5VV	18	48133	78015057	1	1
TCGA-EB-A5VV	19	90910	59097854	1	1
TCGA-EB-A5VV	20	61305	62956153	1	1
TCGA-EB-A5VV	21	10736871	48096957	1	1
TCGA-EB-A5VV	22	16052528	51234455	1	1
TCGA-EB-A5VV	X	168477	155233846	1	1
