sample	chr	startpos	endpos	nMajor	nMinor
TCGA-AB-2813	1	61735	249224388	2	2
TCGA-AB-2813	2	12784	243089456	2	2
TCGA-AB-2813	3	60345	197896118	2	1
TCGA-AB-2813	4	12281	191027923	2	1
TCGA-AB-2813	5	15532	55271054	2	2
TCGA-AB-2813	5	55272085	59074811	2	0
TCGA-AB-2813	5	59076339	59691803	2	2
TCGA-AB-2813	5	59697808	61242239	3	0
TCGA-AB-2813	5	61243101	65387804	2	2
TCGA-AB-2813	5	65388161	180790320	2	0
TCGA-AB-2813	6	149661	171051005	2	2
TCGA-AB-2813	7	43259	159127004	2	2
TCGA-AB-2813	8	31254	146298155	2	2
TCGA-AB-2813	9	46587	510546	3	1
TCGA-AB-2813	9	510700	141091394	2	2
TCGA-AB-2813	10	72759	135506704	2	2
TCGA-AB-2813	11	198572	134944770	2	2
TCGA-AB-2813	12	150442	11474657	2	2
TCGA-AB-2813	12	11475443	12362105	2	0
TCGA-AB-2813	12	12367588	12507135	2	1
TCGA-AB-2813	12	12509314	15846821	2	0
TCGA-AB-2813	12	15847872	18316821	2	2
TCGA-AB-2813	12	18316993	19692804	2	0
TCGA-AB-2813	12	19693366	133778189	2	2
TCGA-AB-2813	13	19026949	115108397	2	2
TCGA-AB-2813	14	19002124	20425509	3	1
TCGA-AB-2813	14	20425860	107285437	2	2
TCGA-AB-2813	15	20016328	22797909	3	1
TCGA-AB-2813	15	22799908	102118477	2	2
TCGA-AB-2813	15	102119309	102469040	3	1
TCGA-AB-2813	16	60777	34012168	2	2
TCGA-AB-2813	16	34197351	34277321	1	1
TCGA-AB-2813	16	34282258	70839157	2	0
TCGA-AB-2813	16	70839337	71235129	3	0
TCGA-AB-2813	16	71235686	90287535	2	0
TCGA-AB-2813	17	526	21166879	3	0
TCGA-AB-2813	17	21166971	81049726	2	1
TCGA-AB-2813	18	48133	78015057	2	0
TCGA-AB-2813	19	90910	8845700	2	1
TCGA-AB-2813	19	8847562	28381499	2	2
TCGA-AB-2813	19	28381666	59097854	2	1
TCGA-AB-2813	20	61305	62956153	2	2
TCGA-AB-2813	21	10736871	33814509	5	2
TCGA-AB-2813	21	33814613	39579445	4	2
TCGA-AB-2813	21	39586068	42279866	9	2
TCGA-AB-2813	21	42280463	48096957	4	2
TCGA-AB-2813	22	16052528	51234455	2	2
TCGA-AB-2813	X	168477	2710840	1	0
TCGA-AB-2813	X	2711429	155233846	2	0
