sample	chr	startpos	endpos	nMajor	nMinor
TCGA-02-0074	1	61735	31265857	1	1
TCGA-02-0074	1	31267173	31505602	2	1
TCGA-02-0074	1	31506004	50425750	1	1
TCGA-02-0074	1	50426542	51132941	1	0
TCGA-02-0074	1	51135901	51487712	0	0
TCGA-02-0074	1	51488850	52514577	1	0
TCGA-02-0074	1	52514750	249224388	1	1
TCGA-02-0074	2	12784	17196355	1	1
TCGA-02-0074	2	17203271	25513900	1	0
TCGA-02-0074	2	25516330	243089456	1	1
TCGA-02-0074	3	60345	197896118	1	1
TCGA-02-0074	4	12281	52686183	1	1
TCGA-02-0074	4	52689115	55768206	24	1
TCGA-02-0074	4	55769320	55786946	4	0
TCGA-02-0074	4	55787043	59476299	2	1
TCGA-02-0074	4	59476339	191027923	1	1
TCGA-02-0074	5	15532	180790320	1	1
TCGA-02-0074	6	149661	171051005	1	1
TCGA-02-0074	7	43259	159127004	2	1
TCGA-02-0074	8	31254	146298155	1	1
TCGA-02-0074	9	46587	141091394	1	1
TCGA-02-0074	10	72759	42977026	1	1
TCGA-02-0074	10	42979254	43935566	1	0
TCGA-02-0074	10	43937484	44340865	2	0
TCGA-02-0074	10	44343087	103689004	1	0
TCGA-02-0074	10	103690402	104768634	2	0
TCGA-02-0074	10	104769315	135506704	1	0
TCGA-02-0074	11	198572	88341488	1	1
TCGA-02-0074	11	88347531	91282964	2	1
TCGA-02-0074	11	91283572	111677695	1	1
TCGA-02-0074	11	111687277	111915586	2	1
TCGA-02-0074	11	111916124	134944770	1	1
TCGA-02-0074	12	150442	57968918	1	1
TCGA-02-0074	12	57969671	58481454	20	1
TCGA-02-0074	12	58485233	133778189	1	1
TCGA-02-0074	13	19026949	115108397	1	1
TCGA-02-0074	14	19002124	20422254	1	1
TCGA-02-0074	14	20422583	22319766	1	0
TCGA-02-0074	14	22320876	22988571	2	0
TCGA-02-0074	14	22993720	107285437	1	0
TCGA-02-0074	15	20016328	102469040	1	1
TCGA-02-0074	16	60777	90287535	1	1
TCGA-02-0074	17	526	81049726	2	0
TCGA-02-0074	18	48133	78015057	1	1
TCGA-02-0074	19	90910	59097854	1	1
TCGA-02-0074	20	61305	62956153	1	1
TCGA-02-0074	21	10736871	48096957	1	1
TCGA-02-0074	22	16052528	51234455	1	1
TCGA-02-0074	X	168477	93596095	1	1
TCGA-02-0074	X	93602043	93602980	1	0
TCGA-02-0074	X	93603513	155233846	1	1
