sample	chr	startpos	endpos	nMajor	nMinor
TCGA-XK-AAIW	1	61735	249224388	1	1
TCGA-XK-AAIW	2	12784	243089456	1	1
TCGA-XK-AAIW	3	60345	197896118	1	1
TCGA-XK-AAIW	4	12281	191027923	1	1
TCGA-XK-AAIW	5	15532	180790320	1	1
TCGA-XK-AAIW	6	149661	802849	1	1
TCGA-XK-AAIW	6	802938	858970	1	0
TCGA-XK-AAIW	6	859115	171051005	1	1
TCGA-XK-AAIW	7	43259	159127004	1	1
TCGA-XK-AAIW	8	31254	127171301	1	1
TCGA-XK-AAIW	8	127174013	127253029	2	1
TCGA-XK-AAIW	8	127253395	146298155	1	1
TCGA-XK-AAIW	9	46587	141091394	1	1
TCGA-XK-AAIW	10	72759	19399609	1	1
TCGA-XK-AAIW	10	19403598	19832047	2	1
TCGA-XK-AAIW	10	19836215	135506704	1	1
TCGA-XK-AAIW	11	198572	134944770	1	1
TCGA-XK-AAIW	12	150442	133778189	1	1
TCGA-XK-AAIW	13	19026949	53435380	1	1
TCGA-XK-AAIW	13	53436984	98591424	1	0
TCGA-XK-AAIW	13	98608196	115108397	1	1
TCGA-XK-AAIW	14	19002124	107285437	1	1
TCGA-XK-AAIW	15	20016328	102469040	1	1
TCGA-XK-AAIW	16	60777	90287535	1	1
TCGA-XK-AAIW	17	526	81049726	1	1
TCGA-XK-AAIW	18	48133	78015057	1	1
TCGA-XK-AAIW	19	90910	59097854	1	1
TCGA-XK-AAIW	20	61305	13689745	1	1
TCGA-XK-AAIW	20	13691562	14228081	2	1
TCGA-XK-AAIW	20	14228823	62956153	1	1
TCGA-XK-AAIW	21	10736871	48096957	1	0
TCGA-XK-AAIW	22	16052528	51234455	1	1
TCGA-XK-AAIW	X	168477	2694240	1	1
TCGA-XK-AAIW	X	2703391	63167439	1	0
TCGA-XK-AAIW	X	63168683	63530266	2	0
TCGA-XK-AAIW	X	63534013	154929498	1	0
TCGA-XK-AAIW	X	154963439	155233846	1	1
