sample	chr	startpos	endpos	nMajor	nMinor
TCGA-23-2084	1	61735	15932932	3	2
TCGA-23-2084	1	15935308	28236682	2	0
TCGA-23-2084	1	28237085	66675367	3	2
TCGA-23-2084	1	66683452	116662318	2	2
TCGA-23-2084	1	116672486	121482979	2	1
TCGA-23-2084	1	144007049	154113829	3	2
TCGA-23-2084	1	154119286	165454342	2	2
TCGA-23-2084	1	165456207	249224388	2	1
TCGA-23-2084	2	12784	41977143	2	1
TCGA-23-2084	2	41979304	42384828	3	1
TCGA-23-2084	2	42385446	43532524	2	1
TCGA-23-2084	2	43538707	75733196	2	2
TCGA-23-2084	2	75733641	84253411	2	0
TCGA-23-2084	2	84253858	86208780	3	2
TCGA-23-2084	2	86209096	169818302	2	2
TCGA-23-2084	2	169821098	169945628	2	0
TCGA-23-2084	2	169947234	173770916	2	2
TCGA-23-2084	2	173771183	208573321	2	1
TCGA-23-2084	2	208573321	243089456	1	1
TCGA-23-2084	3	60345	42243851	2	1
TCGA-23-2084	3	42244622	42322954	2	0
TCGA-23-2084	3	42330832	42930412	2	1
TCGA-23-2084	3	42936107	55216445	1	1
TCGA-23-2084	3	55216729	85452964	2	1
TCGA-23-2084	3	85457798	88981786	3	2
TCGA-23-2084	3	88981877	117438564	2	2
TCGA-23-2084	3	117442004	117745985	4	2
TCGA-23-2084	3	117748994	160212040	2	2
TCGA-23-2084	3	160221360	180460240	3	3
TCGA-23-2084	3	180464522	197896118	3	0
TCGA-23-2084	4	12281	191027923	2	0
TCGA-23-2084	5	15532	31795384	3	1
TCGA-23-2084	5	31798903	57368139	2	1
TCGA-23-2084	5	57370085	129229556	1	1
TCGA-23-2084	5	129234012	166308362	2	1
TCGA-23-2084	5	166308588	179956542	2	2
TCGA-23-2084	5	179957182	180790320	2	1
TCGA-23-2084	6	149661	2909878	2	0
TCGA-23-2084	6	2910998	33154656	2	1
TCGA-23-2084	6	33162215	57891628	2	2
TCGA-23-2084	6	57892320	58399728	3	0
TCGA-23-2084	6	58401587	58691854	4	0
TCGA-23-2084	6	58692101	171051005	2	0
TCGA-23-2084	7	43259	32127725	2	0
TCGA-23-2084	7	32128882	128412335	2	2
TCGA-23-2084	7	128412982	155972672	3	2
TCGA-23-2084	7	155972904	159127004	3	1
TCGA-23-2084	8	31254	13272087	3	0
TCGA-23-2084	8	13273425	20084412	2	0
TCGA-23-2084	8	20091363	20238118	0	0
TCGA-23-2084	8	20238575	27484064	1	0
TCGA-23-2084	8	27484494	35831285	2	1
TCGA-23-2084	8	35831484	48810899	2	2
TCGA-23-2084	8	48811337	49866741	3	2
TCGA-23-2084	8	49879149	62794059	3	3
TCGA-23-2084	8	62795295	84735758	3	2
TCGA-23-2084	8	84737372	95508447	2	2
TCGA-23-2084	8	95508721	102202879	4	2
TCGA-23-2084	8	102203705	127344535	5	4
TCGA-23-2084	8	127350942	143906739	7	4
TCGA-23-2084	8	143907403	146298155	4	4
TCGA-23-2084	9	46587	17765909	4	2
TCGA-23-2084	9	17766186	131392593	2	2
TCGA-23-2084	9	131396483	140050267	2	0
TCGA-23-2084	9	140051238	141091394	4	0
TCGA-23-2084	10	72759	39063635	2	1
TCGA-23-2084	10	39063955	77681292	2	2
TCGA-23-2084	10	77683751	107441398	2	0
TCGA-23-2084	10	107441454	127410317	4	0
TCGA-23-2084	10	127410627	135506704	3	0
TCGA-23-2084	11	198572	445389	2	0
TCGA-23-2084	11	450189	13020242	2	2
TCGA-23-2084	11	13020458	21953026	2	1
TCGA-23-2084	11	21953220	46692235	3	2
TCGA-23-2084	11	46692870	50590077	2	2
TCGA-23-2084	11	50596337	56483227	2	1
TCGA-23-2084	11	56483315	111743654	2	2
TCGA-23-2084	11	111749349	118506361	2	1
TCGA-23-2084	11	118506557	128978896	2	2
TCGA-23-2084	11	128979890	134944770	2	0
TCGA-23-2084	12	150442	90062495	2	1
TCGA-23-2084	12	90064499	133778189	3	1
TCGA-23-2084	13	19026949	93949126	2	0
TCGA-23-2084	13	93949267	109107293	3	0
TCGA-23-2084	13	109108181	115108397	4	0
TCGA-23-2084	14	19002124	22117398	2	2
TCGA-23-2084	14	22117475	107285437	2	1
TCGA-23-2084	15	20016328	53200941	2	0
TCGA-23-2084	15	53205965	63244200	1	0
TCGA-23-2084	15	63244677	102469040	2	0
TCGA-23-2084	16	60777	15879454	2	1
TCGA-23-2084	16	15879458	67006309	2	2
TCGA-23-2084	16	67006542	85201970	2	0
TCGA-23-2084	16	85205764	90287535	2	2
TCGA-23-2084	17	526	50189149	2	0
TCGA-23-2084	17	50191773	81049726	3	0
TCGA-23-2084	18	48133	78015057	2	0
TCGA-23-2084	19	90910	3864707	2	0
TCGA-23-2084	19	3877749	24352115	2	1
TCGA-23-2084	19	24354013	42761742	2	2
TCGA-23-2084	19	42762064	51423628	2	1
TCGA-23-2084	19	51424890	53137583	2	2
TCGA-23-2084	19	53137943	59097854	3	2
TCGA-23-2084	20	61305	7260616	4	2
TCGA-23-2084	20	7261084	8364618	2	2
TCGA-23-2084	20	8364799	8676079	2	0
TCGA-23-2084	20	8678018	62956153	2	2
TCGA-23-2084	21	10736871	29128955	2	1
TCGA-23-2084	21	29129186	44925170	2	2
TCGA-23-2084	21	44925334	48096957	3	2
TCGA-23-2084	22	16052528	51234455	2	0
TCGA-23-2084	X	168477	45484156	2	2
TCGA-23-2084	X	45484915	81292716	2	1
TCGA-23-2084	X	81294094	83539319	1	1
TCGA-23-2084	X	83542529	85287152	2	1
TCGA-23-2084	X	85287706	90948356	1	0
TCGA-23-2084	X	90950284	95591395	2	0
TCGA-23-2084	X	95599976	96064840	4	0
TCGA-23-2084	X	96075055	155233846	2	0
