sample	chr	startpos	endpos	nMajor	nMinor
TCGA-CN-4726	1	61735	32121292	4	0
TCGA-CN-4726	1	32122023	249224388	2	2
TCGA-CN-4726	2	12784	243089456	2	2
TCGA-CN-4726	3	60345	110930787	2	0
TCGA-CN-4726	3	110932326	132326950	2	2
TCGA-CN-4726	3	132334517	197896118	3	3
TCGA-CN-4726	4	12281	52689539	2	0
TCGA-CN-4726	4	52696792	191027923	2	2
TCGA-CN-4726	5	15532	180790320	2	2
TCGA-CN-4726	6	149661	171051005	2	2
TCGA-CN-4726	7	43259	54411251	2	2
TCGA-CN-4726	7	54411327	56142755	4	2
TCGA-CN-4726	7	56145722	159127004	2	2
TCGA-CN-4726	8	31254	3717468	2	0
TCGA-CN-4726	8	3719976	3888502	0	0
TCGA-CN-4726	8	3888984	46912314	2	0
TCGA-CN-4726	8	46919273	146298155	3	3
TCGA-CN-4726	9	46587	30064870	2	0
TCGA-CN-4726	9	30071776	47217176	3	3
TCGA-CN-4726	9	65616971	141091394	2	2
TCGA-CN-4726	10	72759	3202682	2	0
TCGA-CN-4726	10	3206256	8089033	4	2
TCGA-CN-4726	10	8090001	24540769	2	2
TCGA-CN-4726	10	24542519	31852264	2	0
TCGA-CN-4726	10	31856588	39040721	2	2
TCGA-CN-4726	10	39045746	57319884	2	0
TCGA-CN-4726	10	57320360	105811007	2	2
TCGA-CN-4726	10	105811205	135506704	4	2
TCGA-CN-4726	11	198572	55408170	2	2
TCGA-CN-4726	11	55409362	60036738	2	0
TCGA-CN-4726	11	60037567	63178708	2	2
TCGA-CN-4726	11	63181441	72910772	4	2
TCGA-CN-4726	11	72911106	134944770	2	2
TCGA-CN-4726	12	150442	1586076	6	2
TCGA-CN-4726	12	1586846	1866204	15	2
TCGA-CN-4726	12	1866799	5428123	9	2
TCGA-CN-4726	12	5431809	37966307	2	2
TCGA-CN-4726	12	37966421	99796902	2	0
TCGA-CN-4726	12	99797089	126476292	2	2
TCGA-CN-4726	12	126476323	133778189	2	0
TCGA-CN-4726	13	19026949	115108397	4	1
TCGA-CN-4726	14	19002124	107285437	2	2
TCGA-CN-4726	15	20016328	102469040	2	2
TCGA-CN-4726	16	60777	90287535	2	2
TCGA-CN-4726	17	526	21552172	4	0
TCGA-CN-4726	17	21552186	81049726	2	2
TCGA-CN-4726	18	48133	28385298	2	2
TCGA-CN-4726	18	28390719	29021623	4	3
TCGA-CN-4726	18	29029474	78015057	2	0
TCGA-CN-4726	19	90910	55875695	2	2
TCGA-CN-4726	19	55890865	57199368	10	1
TCGA-CN-4726	19	57199720	59097854	2	0
TCGA-CN-4726	20	61305	62956153	2	2
TCGA-CN-4726	21	10736871	42502830	2	2
TCGA-CN-4726	21	42504092	47725947	2	0
TCGA-CN-4726	21	47727833	48096957	2	2
TCGA-CN-4726	22	16052528	51234455	2	2
TCGA-CN-4726	X	168477	2703633	2	0
TCGA-CN-4726	X	2703955	103728604	3	0
TCGA-CN-4726	X	103729019	104048491	0	0
TCGA-CN-4726	X	104049738	154787567	3	0
TCGA-CN-4726	X	154789183	155233846	1	0
