sample	chr	startpos	endpos	nMajor	nMinor
TCGA-06-6701	1	61735	249224388	1	1
TCGA-06-6701	2	12784	242942702	1	1
TCGA-06-6701	2	242943283	243089456	1	0
TCGA-06-6701	3	60345	197896118	1	1
TCGA-06-6701	4	12281	43219713	1	1
TCGA-06-6701	4	43220685	43396386	1	0
TCGA-06-6701	4	43399504	191027923	1	1
TCGA-06-6701	5	15532	180790320	1	1
TCGA-06-6701	6	149661	169669651	1	1
TCGA-06-6701	6	169671626	171051005	2	1
TCGA-06-6701	7	43259	159127004	1	1
TCGA-06-6701	8	31254	79694250	1	1
TCGA-06-6701	8	79694979	82977998	2	1
TCGA-06-6701	8	82986338	84103298	1	1
TCGA-06-6701	8	84103674	146298155	2	1
TCGA-06-6701	9	46587	11071226	1	1
TCGA-06-6701	9	11071890	29277192	1	0
TCGA-06-6701	9	29281634	32361569	1	1
TCGA-06-6701	9	32367634	33015053	1	0
TCGA-06-6701	9	33015846	37449355	1	1
TCGA-06-6701	9	37454874	38561293	1	0
TCGA-06-6701	9	38566836	141091394	1	1
TCGA-06-6701	10	72759	135506704	1	1
TCGA-06-6701	11	198572	77702225	1	1
TCGA-06-6701	11	77702484	78456587	2	1
TCGA-06-6701	11	78459619	134944770	1	1
TCGA-06-6701	12	150442	133778189	1	1
TCGA-06-6701	13	19026949	77036394	1	0
TCGA-06-6701	13	77038482	115108397	1	1
TCGA-06-6701	14	19002124	107285437	1	1
TCGA-06-6701	15	20016328	102469040	1	1
TCGA-06-6701	16	60777	83973898	1	1
TCGA-06-6701	16	83973918	84296968	2	1
TCGA-06-6701	16	84296982	90287535	1	1
TCGA-06-6701	17	526	21519100	2	0
TCGA-06-6701	17	21524172	81049726	1	1
TCGA-06-6701	18	48133	77948335	1	1
TCGA-06-6701	18	77948960	78015057	1	0
TCGA-06-6701	19	90910	59097854	1	1
TCGA-06-6701	20	61305	62956153	1	1
TCGA-06-6701	21	10736871	14645454	1	0
TCGA-06-6701	21	14645859	47924050	1	1
TCGA-06-6701	21	47924677	48096957	1	0
TCGA-06-6701	22	16052528	51234455	1	1
TCGA-06-6701	X	168477	2703391	1	1
TCGA-06-6701	X	2703633	155233846	1	0
