sample	chr	startpos	endpos	nMajor	nMinor
TCGA-ER-A19S	1	61735	6427292	2	0
TCGA-ER-A19S	1	6429625	46398959	2	2
TCGA-ER-A19S	1	46400821	121482979	2	0
TCGA-ER-A19S	1	144007049	249224388	2	2
TCGA-ER-A19S	2	12784	243089456	2	2
TCGA-ER-A19S	3	60345	36700864	2	0
TCGA-ER-A19S	3	36701434	57071488	4	0
TCGA-ER-A19S	3	57073070	87592546	5	1
TCGA-ER-A19S	3	87592877	115441608	2	2
TCGA-ER-A19S	3	115444503	116127573	2	0
TCGA-ER-A19S	3	116127795	118192090	1	0
TCGA-ER-A19S	3	118192119	128291462	2	1
TCGA-ER-A19S	3	128294015	173934091	3	2
TCGA-ER-A19S	3	173934249	187580861	2	0
TCGA-ER-A19S	3	187586840	188337348	0	0
TCGA-ER-A19S	3	188338763	197896118	2	0
TCGA-ER-A19S	4	12281	117624880	2	1
TCGA-ER-A19S	4	117625225	191027923	2	0
TCGA-ER-A19S	5	15532	180790320	3	2
TCGA-ER-A19S	6	149661	6106530	6	2
TCGA-ER-A19S	6	6106822	6195908	10	2
TCGA-ER-A19S	6	6195926	12605082	6	2
TCGA-ER-A19S	6	12606208	26394159	4	3
TCGA-ER-A19S	6	26394320	29498497	6	0
TCGA-ER-A19S	6	29500412	143773358	4	3
TCGA-ER-A19S	6	143773640	171051005	2	0
TCGA-ER-A19S	7	43259	66814832	3	3
TCGA-ER-A19S	7	66818751	159127004	4	4
TCGA-ER-A19S	8	31254	33984377	2	0
TCGA-ER-A19S	8	33984800	35178052	0	0
TCGA-ER-A19S	8	35178684	146298155	3	2
TCGA-ER-A19S	9	46587	34448223	1	1
TCGA-ER-A19S	9	34450746	47217176	2	2
TCGA-ER-A19S	9	65616971	71045800	4	0
TCGA-ER-A19S	9	71046287	141091394	2	2
TCGA-ER-A19S	10	72759	101240581	1	1
TCGA-ER-A19S	10	101242600	135506704	2	1
TCGA-ER-A19S	11	198572	89810338	2	1
TCGA-ER-A19S	11	89818310	134944770	2	0
TCGA-ER-A19S	12	150442	21676802	3	0
TCGA-ER-A19S	12	21677796	28494778	3	2
TCGA-ER-A19S	12	28495940	31356049	2	2
TCGA-ER-A19S	12	31356159	38108053	3	0
TCGA-ER-A19S	12	38161452	42760534	2	0
TCGA-ER-A19S	12	42763636	133778189	2	1
TCGA-ER-A19S	13	19026949	86408521	2	2
TCGA-ER-A19S	13	86411447	108237049	3	2
TCGA-ER-A19S	13	108238128	115108397	2	2
TCGA-ER-A19S	14	19002124	22455697	2	1
TCGA-ER-A19S	14	22455919	22999402	0	0
TCGA-ER-A19S	14	22999542	28740798	2	1
TCGA-ER-A19S	14	28741090	107285437	1	1
TCGA-ER-A19S	15	20016328	24372654	1	1
TCGA-ER-A19S	15	24374845	102469040	4	1
TCGA-ER-A19S	16	60777	35283226	2	2
TCGA-ER-A19S	16	46463782	48680540	3	0
TCGA-ER-A19S	16	48682584	90287535	2	1
TCGA-ER-A19S	17	526	25404661	2	1
TCGA-ER-A19S	17	25409526	56765307	2	0
TCGA-ER-A19S	17	56767122	81049726	3	0
TCGA-ER-A19S	18	48133	78015057	2	1
TCGA-ER-A19S	19	90910	59097854	2	1
TCGA-ER-A19S	20	61305	26018291	2	1
TCGA-ER-A19S	20	26057295	62956153	2	2
TCGA-ER-A19S	21	10736871	20407327	2	1
TCGA-ER-A19S	21	20407555	48096957	2	2
TCGA-ER-A19S	22	16052528	51234455	2	2
TCGA-ER-A19S	X	168477	55289760	2	1
TCGA-ER-A19S	X	55290405	67863918	3	0
TCGA-ER-A19S	X	67865377	155233846	2	1
