sample	chr	startpos	endpos	nMajor	nMinor
TCGA-64-5778	1	61735	121482979	2	1
TCGA-64-5778	1	144007049	204949241	3	2
TCGA-64-5778	1	204949767	249224388	2	1
TCGA-64-5778	2	12784	243089456	2	2
TCGA-64-5778	3	60345	197896118	2	2
TCGA-64-5778	4	12281	52698636	2	2
TCGA-64-5778	4	52698757	55540560	2	0
TCGA-64-5778	4	55540579	59618294	3	2
TCGA-64-5778	4	59620935	60591003	2	0
TCGA-64-5778	4	60595779	61107364	3	2
TCGA-64-5778	4	61107712	61424207	2	0
TCGA-64-5778	4	61427468	61846388	6	2
TCGA-64-5778	4	61846631	63600541	2	2
TCGA-64-5778	4	63600952	191027923	2	0
TCGA-64-5778	5	15532	46389273	8	2
TCGA-64-5778	5	49432831	67553771	2	0
TCGA-64-5778	5	67554023	70725359	4	2
TCGA-64-5778	5	70727944	73641357	2	0
TCGA-64-5778	5	73649525	74356871	2	2
TCGA-64-5778	5	74357137	76672811	2	1
TCGA-64-5778	5	76672960	76807716	3	2
TCGA-64-5778	5	76807827	136562661	2	0
TCGA-64-5778	5	136562671	180790320	2	2
TCGA-64-5778	6	149661	171051005	2	2
TCGA-64-5778	7	43259	11590004	2	2
TCGA-64-5778	7	11590414	11712973	5	2
TCGA-64-5778	7	11721076	159127004	2	2
TCGA-64-5778	8	31254	35528904	2	0
TCGA-64-5778	8	35529041	146298155	2	2
TCGA-64-5778	9	46587	47217176	2	2
TCGA-64-5778	9	65616971	141091394	3	1
TCGA-64-5778	10	72759	15460982	2	2
TCGA-64-5778	10	15461062	17795677	5	2
TCGA-64-5778	10	17817578	39063955	2	2
TCGA-64-5778	10	39064000	79959224	2	0
TCGA-64-5778	10	79961222	99509457	4	0
TCGA-64-5778	10	99509719	135506704	2	0
TCGA-64-5778	11	198572	54969861	2	1
TCGA-64-5778	11	54976204	134944770	2	0
TCGA-64-5778	12	150442	133778189	2	0
TCGA-64-5778	13	19026949	49548833	2	0
TCGA-64-5778	13	49552583	109092168	2	2
TCGA-64-5778	13	109092253	115108397	3	2
TCGA-64-5778	14	19002124	39312659	2	2
TCGA-64-5778	14	39316396	107285437	2	0
TCGA-64-5778	15	20016328	102469040	2	1
TCGA-64-5778	16	60777	49000322	2	2
TCGA-64-5778	16	49001119	86095264	2	0
TCGA-64-5778	16	86096394	90287535	2	2
TCGA-64-5778	17	526	10916233	2	0
TCGA-64-5778	17	10916652	52789558	2	2
TCGA-64-5778	17	52792461	55077606	4	2
TCGA-64-5778	17	55078379	81049726	2	2
TCGA-64-5778	18	48133	15328076	2	2
TCGA-64-5778	18	15347915	78015057	2	0
TCGA-64-5778	19	90910	22729582	2	0
TCGA-64-5778	19	22729613	24596750	2	1
TCGA-64-5778	19	27747993	29348615	15	3
TCGA-64-5778	19	29348760	32179037	20	3
TCGA-64-5778	19	32179609	33283777	12	3
TCGA-64-5778	19	33285657	39244081	4	4
TCGA-64-5778	19	39249071	39839725	11	3
TCGA-64-5778	19	39840163	39966490	23	3
TCGA-64-5778	19	39990245	59097854	4	1
TCGA-64-5778	20	61305	62956153	2	2
TCGA-64-5778	21	10736871	48096957	2	2
TCGA-64-5778	22	16052528	51234455	2	0
TCGA-64-5778	X	168477	2694240	4	3
TCGA-64-5778	X	2703391	154929498	3	0
TCGA-64-5778	X	154963439	155233846	4	2
