sample	chr	startpos	endpos	nMajor	nMinor
TCGA-EY-A54A	1	61735	62121303	1	1
TCGA-EY-A54A	1	62125719	109194634	2	1
TCGA-EY-A54A	1	109194895	109735179	3	1
TCGA-EY-A54A	1	109735836	121482979	2	1
TCGA-EY-A54A	1	144007049	151433329	3	1
TCGA-EY-A54A	1	151433877	180901122	1	1
TCGA-EY-A54A	1	180905352	181113441	2	1
TCGA-EY-A54A	1	181116023	201764737	1	1
TCGA-EY-A54A	1	201770373	202257166	2	1
TCGA-EY-A54A	1	202258704	211971141	1	1
TCGA-EY-A54A	1	211972492	212234104	2	2
TCGA-EY-A54A	1	212234872	249224388	1	1
TCGA-EY-A54A	2	12784	8466486	2	1
TCGA-EY-A54A	2	8466655	8592812	1	0
TCGA-EY-A54A	2	8593135	69664976	2	1
TCGA-EY-A54A	2	69665216	70305720	3	1
TCGA-EY-A54A	2	70309401	204288470	1	1
TCGA-EY-A54A	2	204295720	204700906	2	1
TCGA-EY-A54A	2	204702907	232467194	1	1
TCGA-EY-A54A	2	232467234	243089456	1	0
TCGA-EY-A54A	3	60345	52947866	1	0
TCGA-EY-A54A	3	52948332	53558123	2	0
TCGA-EY-A54A	3	53559465	90485962	1	0
TCGA-EY-A54A	3	90502862	112646699	1	1
TCGA-EY-A54A	3	112646912	113033258	2	1
TCGA-EY-A54A	3	113041636	159298087	1	1
TCGA-EY-A54A	3	159301343	168413968	2	1
TCGA-EY-A54A	3	168414395	168869981	5	1
TCGA-EY-A54A	3	168874656	169026927	2	0
TCGA-EY-A54A	3	169027826	169140528	0	0
TCGA-EY-A54A	3	169143906	172512534	2	1
TCGA-EY-A54A	3	172521717	172661604	5	1
TCGA-EY-A54A	3	172663678	197896118	2	1
TCGA-EY-A54A	4	12281	87119091	1	1
TCGA-EY-A54A	4	87119124	87775212	1	0
TCGA-EY-A54A	4	87776786	181992302	1	1
TCGA-EY-A54A	4	181993446	182330004	1	0
TCGA-EY-A54A	4	182337117	184919470	1	1
TCGA-EY-A54A	4	184919499	191027923	2	1
TCGA-EY-A54A	5	15532	19680738	1	1
TCGA-EY-A54A	5	19681765	19896782	1	0
TCGA-EY-A54A	5	19898404	138751289	1	1
TCGA-EY-A54A	5	138757779	139460890	3	1
TCGA-EY-A54A	5	139461451	180790320	1	1
TCGA-EY-A54A	6	149661	6568572	1	1
TCGA-EY-A54A	6	6568762	6874708	2	1
TCGA-EY-A54A	6	6879195	171051005	1	1
TCGA-EY-A54A	7	43259	16847745	1	1
TCGA-EY-A54A	7	16847757	17132688	2	1
TCGA-EY-A54A	7	17133294	47378641	1	1
TCGA-EY-A54A	7	47382518	47563499	1	0
TCGA-EY-A54A	7	47565488	99526457	1	1
TCGA-EY-A54A	7	99527977	101324686	2	1
TCGA-EY-A54A	7	101332236	109950996	1	0
TCGA-EY-A54A	7	109953923	110045023	0	0
TCGA-EY-A54A	7	110051262	143807144	1	0
TCGA-EY-A54A	7	143807304	159127004	1	1
TCGA-EY-A54A	8	31254	12422008	1	0
TCGA-EY-A54A	8	12422571	146298155	1	1
TCGA-EY-A54A	9	46587	47217176	1	0
TCGA-EY-A54A	9	65616971	141091394	1	1
TCGA-EY-A54A	10	72759	135506704	1	1
TCGA-EY-A54A	11	198572	101900278	1	1
TCGA-EY-A54A	11	101902057	102427458	2	1
TCGA-EY-A54A	11	102428569	102477006	5	1
TCGA-EY-A54A	11	102477515	102807074	2	1
TCGA-EY-A54A	11	102807159	134944770	1	1
TCGA-EY-A54A	12	150442	22244510	1	1
TCGA-EY-A54A	12	22244599	25143228	1	0
TCGA-EY-A54A	12	25143286	133778189	1	1
TCGA-EY-A54A	13	19026949	115108397	1	1
TCGA-EY-A54A	14	19002124	26044966	1	0
TCGA-EY-A54A	14	26046758	26428701	2	0
TCGA-EY-A54A	14	26429148	89611083	1	0
TCGA-EY-A54A	14	89611143	107285437	2	0
TCGA-EY-A54A	15	20016328	42166138	1	1
TCGA-EY-A54A	15	42167485	42857327	2	1
TCGA-EY-A54A	15	42860553	71706535	1	1
TCGA-EY-A54A	15	71714149	72040381	1	0
TCGA-EY-A54A	15	72041134	102469040	1	1
TCGA-EY-A54A	16	60777	2036048	1	0
TCGA-EY-A54A	16	2036631	29262569	1	1
TCGA-EY-A54A	16	29268671	29773442	2	1
TCGA-EY-A54A	16	29774342	30320015	2	0
TCGA-EY-A54A	16	30320307	30772246	1	0
TCGA-EY-A54A	16	30775078	56671495	1	1
TCGA-EY-A54A	16	56673410	57302196	1	0
TCGA-EY-A54A	16	57303194	57945120	2	0
TCGA-EY-A54A	16	57948543	70842097	1	0
TCGA-EY-A54A	16	70854381	71202489	2	1
TCGA-EY-A54A	16	71202797	90287535	1	0
TCGA-EY-A54A	17	526	25282105	1	0
TCGA-EY-A54A	17	25287061	37790162	1	1
TCGA-EY-A54A	17	37796212	37931220	3	1
TCGA-EY-A54A	17	37932263	81049726	1	1
TCGA-EY-A54A	18	48133	78015057	1	1
TCGA-EY-A54A	19	90910	6035621	1	0
TCGA-EY-A54A	19	6047963	6747394	2	0
TCGA-EY-A54A	19	6755007	24345148	1	0
TCGA-EY-A54A	19	24346079	30230345	2	1
TCGA-EY-A54A	19	30232105	30590000	4	1
TCGA-EY-A54A	19	30590825	59097854	1	1
TCGA-EY-A54A	20	61305	39520439	1	1
TCGA-EY-A54A	20	39520555	62956153	2	1
TCGA-EY-A54A	21	10736871	48096957	1	0
TCGA-EY-A54A	22	16052528	18470897	1	0
TCGA-EY-A54A	22	18471852	51234455	1	1
TCGA-EY-A54A	X	168477	32607362	1	0
TCGA-EY-A54A	X	32608131	33470892	0	0
TCGA-EY-A54A	X	33471644	155233846	1	0
