sample	chr	startpos	endpos	nMajor	nMinor
TCGA-BR-6565	1	61735	79221800	1	1
TCGA-BR-6565	1	79223199	101034260	2	1
TCGA-BR-6565	1	101035118	104959269	1	1
TCGA-BR-6565	1	104962855	117263594	2	1
TCGA-BR-6565	1	117263666	155587753	3	1
TCGA-BR-6565	1	155591374	220975101	3	0
TCGA-BR-6565	1	220977650	249224388	4	0
TCGA-BR-6565	2	12784	59917485	3	1
TCGA-BR-6565	2	59919277	60142688	1	0
TCGA-BR-6565	2	60144705	69414587	3	1
TCGA-BR-6565	2	69416375	110410403	3	2
TCGA-BR-6565	2	110417274	110462496	1	1
TCGA-BR-6565	2	110467473	243089456	2	0
TCGA-BR-6565	3	60345	60386782	2	0
TCGA-BR-6565	3	60386830	61049572	1	0
TCGA-BR-6565	3	61051511	131160854	2	0
TCGA-BR-6565	3	131170948	142964700	2	2
TCGA-BR-6565	3	142965057	147087164	3	2
TCGA-BR-6565	3	147094030	197896118	2	2
TCGA-BR-6565	4	12281	9911872	2	0
TCGA-BR-6565	4	9912101	12786082	3	0
TCGA-BR-6565	4	12786642	91441822	2	0
TCGA-BR-6565	4	91447836	93922871	1	0
TCGA-BR-6565	4	93933679	191027923	2	0
TCGA-BR-6565	5	15532	1967265	2	0
TCGA-BR-6565	5	1971652	4325739	3	0
TCGA-BR-6565	5	4326793	58968843	2	0
TCGA-BR-6565	5	58970618	59390527	0	0
TCGA-BR-6565	5	59393009	180790320	3	0
TCGA-BR-6565	6	149661	16811272	3	2
TCGA-BR-6565	6	16814304	18415160	4	1
TCGA-BR-6565	6	18418284	22746251	3	2
TCGA-BR-6565	6	22747137	42369308	2	1
TCGA-BR-6565	6	42369541	45375128	5	1
TCGA-BR-6565	6	45377038	48760807	4	1
TCGA-BR-6565	6	48761043	129329072	2	1
TCGA-BR-6565	6	129329153	132528766	2	2
TCGA-BR-6565	6	132532953	171051005	2	1
TCGA-BR-6565	7	43259	129751522	3	2
TCGA-BR-6565	7	129752501	133712534	2	0
TCGA-BR-6565	7	133719683	155820161	3	2
TCGA-BR-6565	7	155823029	156232090	2	0
TCGA-BR-6565	7	156235600	159127004	2	2
TCGA-BR-6565	8	31254	36631496	1	1
TCGA-BR-6565	8	36631759	38529085	4	1
TCGA-BR-6565	8	38529270	46919273	3	1
TCGA-BR-6565	8	46922320	68161702	5	1
TCGA-BR-6565	8	68170932	77976274	3	1
TCGA-BR-6565	8	77979931	92316897	2	1
TCGA-BR-6565	8	92321949	95292747	3	1
TCGA-BR-6565	8	95295127	96172105	6	1
TCGA-BR-6565	8	96172490	100635915	4	1
TCGA-BR-6565	8	100638489	107138759	6	1
TCGA-BR-6565	8	107142906	116154344	7	1
TCGA-BR-6565	8	116156852	146298155	6	1
TCGA-BR-6565	9	46587	141091394	3	0
TCGA-BR-6565	10	72759	38914676	4	2
TCGA-BR-6565	10	38914683	122016589	2	1
TCGA-BR-6565	10	122020021	135506704	3	1
TCGA-BR-6565	11	198572	134944770	2	1
TCGA-BR-6565	12	150442	133778189	3	0
TCGA-BR-6565	13	19026949	115108397	2	2
TCGA-BR-6565	14	19002124	25540644	1	1
TCGA-BR-6565	14	25542052	48150869	2	1
TCGA-BR-6565	14	48151247	79186499	1	1
TCGA-BR-6565	14	79186516	88816089	2	1
TCGA-BR-6565	14	88816167	107285437	1	1
TCGA-BR-6565	15	20016328	46750883	1	0
TCGA-BR-6565	15	46751233	95248361	2	1
TCGA-BR-6565	15	95248578	98956799	2	2
TCGA-BR-6565	15	98957003	102469040	2	1
TCGA-BR-6565	16	60777	1538692	4	3
TCGA-BR-6565	16	1541538	8760959	4	1
TCGA-BR-6565	16	8763218	9276089	3	3
TCGA-BR-6565	16	9276560	13158485	4	1
TCGA-BR-6565	16	13160789	13435959	3	3
TCGA-BR-6565	16	13436075	17404371	4	1
TCGA-BR-6565	16	17406176	17716910	3	3
TCGA-BR-6565	16	17717194	18779956	4	1
TCGA-BR-6565	16	18783159	21536725	3	3
TCGA-BR-6565	16	21537201	22710742	3	1
TCGA-BR-6565	16	22712979	23370745	3	3
TCGA-BR-6565	16	23373855	35283226	4	1
TCGA-BR-6565	16	46463782	53544993	2	1
TCGA-BR-6565	16	53545800	53885434	3	2
TCGA-BR-6565	16	53885912	68280298	2	1
TCGA-BR-6565	16	68280317	70900111	3	2
TCGA-BR-6565	16	70901158	71434795	3	0
TCGA-BR-6565	16	71434918	73330763	3	2
TCGA-BR-6565	16	73331408	76021116	2	1
TCGA-BR-6565	16	76021171	77518088	3	2
TCGA-BR-6565	16	77518147	79007413	1	1
TCGA-BR-6565	16	79007875	90287535	2	1
TCGA-BR-6565	17	526	21508894	2	0
TCGA-BR-6565	17	21513022	34586294	3	1
TCGA-BR-6565	17	34629696	35271488	8	1
TCGA-BR-6565	17	35272788	40544678	12	1
TCGA-BR-6565	17	40549612	42111570	8	1
TCGA-BR-6565	17	42125792	42631870	1	0
TCGA-BR-6565	17	42632016	81049726	1	1
TCGA-BR-6565	18	48133	5954350	3	2
TCGA-BR-6565	18	5954396	15402408	2	2
TCGA-BR-6565	18	18529353	28927507	3	2
TCGA-BR-6565	18	28927880	43098663	2	2
TCGA-BR-6565	18	43100467	78015057	2	1
TCGA-BR-6565	19	90910	10018195	2	0
TCGA-BR-6565	19	10022078	10960939	3	1
TCGA-BR-6565	19	10963022	15246236	2	0
TCGA-BR-6565	19	15246479	19398819	2	2
TCGA-BR-6565	19	19404952	32527641	2	0
TCGA-BR-6565	19	32529734	32735303	2	2
TCGA-BR-6565	19	32735789	33136890	2	0
TCGA-BR-6565	19	33138067	51938394	2	2
TCGA-BR-6565	19	51938588	59097854	2	0
TCGA-BR-6565	20	61305	14702902	3	2
TCGA-BR-6565	20	14702915	15161931	0	0
TCGA-BR-6565	20	15163508	15282748	2	1
TCGA-BR-6565	20	15282929	62956153	3	3
TCGA-BR-6565	21	10736871	48096957	1	1
TCGA-BR-6565	22	16052528	17087656	2	0
TCGA-BR-6565	22	17087705	51234455	1	1
TCGA-BR-6565	X	168477	22264807	2	0
TCGA-BR-6565	X	22265158	32398352	3	0
TCGA-BR-6565	X	32404531	32571358	0	0
TCGA-BR-6565	X	32574519	154787567	2	0
TCGA-BR-6565	X	154789183	155233846	1	0
