sample	chr	startpos	endpos	nMajor	nMinor
TCGA-BP-4994	1	61735	249224388	2	0
TCGA-BP-4994	2	12784	243089456	2	0
TCGA-BP-4994	3	60345	137744057	2	2
TCGA-BP-4994	3	137747374	138124674	3	0
TCGA-BP-4994	3	138126953	177223930	2	2
TCGA-BP-4994	3	177224013	177432667	3	1
TCGA-BP-4994	3	177433299	197896118	2	2
TCGA-BP-4994	4	12281	8557853	3	1
TCGA-BP-4994	4	8557865	18381657	2	2
TCGA-BP-4994	4	18382212	18732595	4	1
TCGA-BP-4994	4	18732736	191027923	2	2
TCGA-BP-4994	5	15532	74241761	2	2
TCGA-BP-4994	5	74242162	75357479	4	1
TCGA-BP-4994	5	75359320	95966724	2	2
TCGA-BP-4994	5	95969026	96224935	3	0
TCGA-BP-4994	5	96225252	180790320	2	2
TCGA-BP-4994	6	149661	171051005	2	0
TCGA-BP-4994	7	43259	3182101	3	1
TCGA-BP-4994	7	3183657	65882683	2	2
TCGA-BP-4994	7	65882984	66114175	3	0
TCGA-BP-4994	7	66115883	97447149	2	2
TCGA-BP-4994	7	97447191	103232807	3	1
TCGA-BP-4994	7	103233209	159127004	2	2
TCGA-BP-4994	8	31254	146298155	2	0
TCGA-BP-4994	9	46587	141091394	2	0
TCGA-BP-4994	10	72759	135506704	2	0
TCGA-BP-4994	11	198572	46389806	2	2
TCGA-BP-4994	11	46392300	47454762	3	0
TCGA-BP-4994	11	47471381	112300051	2	2
TCGA-BP-4994	11	112300273	112623577	4	0
TCGA-BP-4994	11	112627892	134944770	2	2
TCGA-BP-4994	12	150442	47998390	2	2
TCGA-BP-4994	12	48001770	48231430	3	0
TCGA-BP-4994	12	48231610	70837122	2	2
TCGA-BP-4994	12	70837853	71145532	3	1
TCGA-BP-4994	12	71147293	109923138	2	2
TCGA-BP-4994	12	109924706	110353892	3	0
TCGA-BP-4994	12	110355702	133778189	2	2
TCGA-BP-4994	13	19026949	115108397	2	0
TCGA-BP-4994	14	19002124	107285437	2	2
TCGA-BP-4994	15	20016328	33384130	2	2
TCGA-BP-4994	15	33386299	33412013	3	0
TCGA-BP-4994	15	33412471	42305042	2	2
TCGA-BP-4994	15	42305698	45540431	3	0
TCGA-BP-4994	15	45542312	92900749	2	2
TCGA-BP-4994	15	92909852	93054129	3	0
TCGA-BP-4994	15	93054249	102469040	2	2
TCGA-BP-4994	16	60777	5507517	3	1
TCGA-BP-4994	16	5507616	9294658	2	2
TCGA-BP-4994	16	9295342	9400682	4	0
TCGA-BP-4994	16	9400995	90287535	2	2
TCGA-BP-4994	17	526	45153357	1	1
TCGA-BP-4994	17	45160022	81049726	2	0
TCGA-BP-4994	18	48133	78015057	2	0
TCGA-BP-4994	19	90910	22772716	2	2
TCGA-BP-4994	19	22775878	23478639	4	0
TCGA-BP-4994	19	23479490	59097854	2	2
TCGA-BP-4994	20	61305	62956153	2	2
TCGA-BP-4994	21	10736871	48096957	2	0
TCGA-BP-4994	22	16052528	51234455	2	2
TCGA-BP-4994	X	168477	2694240	2	1
TCGA-BP-4994	X	2703391	154929498	2	0
TCGA-BP-4994	X	154963439	155233846	3	1
