sample	chr	startpos	endpos	nMajor	nMinor
TCGA-44-8119-b	1	61735	71219551	4	1
TCGA-44-8119-b	1	71219912	76550481	2	1
TCGA-44-8119-b	1	76551813	80371395	3	1
TCGA-44-8119-b	1	80378908	95373737	2	1
TCGA-44-8119-b	1	95374000	107549344	2	2
TCGA-44-8119-b	1	107549617	111037422	3	2
TCGA-44-8119-b	1	111037892	113153525	2	2
TCGA-44-8119-b	1	113155024	230876800	3	2
TCGA-44-8119-b	1	230877144	230998112	3	0
TCGA-44-8119-b	1	230998434	233225561	3	3
TCGA-44-8119-b	1	233225848	233535636	2	2
TCGA-44-8119-b	1	233536176	249224388	3	2
TCGA-44-8119-b	2	12784	105458002	3	1
TCGA-44-8119-b	2	105464087	105837844	5	1
TCGA-44-8119-b	2	105838791	115192254	3	1
TCGA-44-8119-b	2	115192890	116110353	5	1
TCGA-44-8119-b	2	116110381	139038226	3	1
TCGA-44-8119-b	2	139042814	154462532	1	1
TCGA-44-8119-b	2	154463358	196142504	2	1
TCGA-44-8119-b	2	196145072	202382774	3	1
TCGA-44-8119-b	2	202383316	212603890	2	1
TCGA-44-8119-b	2	212604907	214826280	1	1
TCGA-44-8119-b	2	214831964	234539111	2	1
TCGA-44-8119-b	2	234539822	243089456	1	1
TCGA-44-8119-b	3	60345	59904017	2	1
TCGA-44-8119-b	3	59904539	60063219	2	0
TCGA-44-8119-b	3	60063219	190157898	2	1
TCGA-44-8119-b	3	190161293	190561016	2	0
TCGA-44-8119-b	3	190579558	197896118	2	1
TCGA-44-8119-b	4	12281	179646969	3	1
TCGA-44-8119-b	4	179647466	183246696	5	1
TCGA-44-8119-b	4	183247111	191027923	3	1
TCGA-44-8119-b	5	15532	24284219	3	1
TCGA-44-8119-b	5	24285479	130836022	5	1
TCGA-44-8119-b	5	130836041	146649400	3	1
TCGA-44-8119-b	5	146651478	146810267	3	3
TCGA-44-8119-b	5	146810394	162086153	3	1
TCGA-44-8119-b	5	162086807	166764396	2	1
TCGA-44-8119-b	5	166765427	167784624	1	1
TCGA-44-8119-b	5	167785204	170724204	2	1
TCGA-44-8119-b	5	170727708	179293215	1	1
TCGA-44-8119-b	5	179295704	180790320	3	1
TCGA-44-8119-b	6	149661	28131990	5	0
TCGA-44-8119-b	6	28135660	28994989	5	1
TCGA-44-8119-b	6	28995719	43409838	4	0
TCGA-44-8119-b	6	43410711	52147023	6	0
TCGA-44-8119-b	6	52147363	58376897	3	0
TCGA-44-8119-b	6	58377538	85230652	2	1
TCGA-44-8119-b	6	85232310	139108228	4	1
TCGA-44-8119-b	6	139110345	156550223	2	1
TCGA-44-8119-b	6	156550400	166284903	3	1
TCGA-44-8119-b	6	166284918	171051005	2	1
TCGA-44-8119-b	7	43259	27066764	5	0
TCGA-44-8119-b	7	27068471	104905057	4	0
TCGA-44-8119-b	7	104905588	108738937	6	0
TCGA-44-8119-b	7	108739194	129297287	4	0
TCGA-44-8119-b	7	129297332	133702097	6	5
TCGA-44-8119-b	7	133703084	159127004	4	4
TCGA-44-8119-b	8	31254	268482	2	0
TCGA-44-8119-b	8	280468	919095	8	2
TCGA-44-8119-b	8	922561	38018852	2	0
TCGA-44-8119-b	8	38020277	39869925	6	2
TCGA-44-8119-b	8	39872338	40159116	2	0
TCGA-44-8119-b	8	40163513	41799614	4	3
TCGA-44-8119-b	8	41800509	56339241	9	2
TCGA-44-8119-b	8	56339361	56460563	3	3
TCGA-44-8119-b	8	56461002	89566409	9	2
TCGA-44-8119-b	8	89566464	89716151	20	3
TCGA-44-8119-b	8	89720993	136160098	9	2
TCGA-44-8119-b	8	136163180	139448766	10	2
TCGA-44-8119-b	8	139448798	146298155	9	2
TCGA-44-8119-b	9	46587	47217176	3	2
TCGA-44-8119-b	9	65616971	91303427	2	0
TCGA-44-8119-b	9	91303661	92693172	3	2
TCGA-44-8119-b	9	92693362	102269482	2	0
TCGA-44-8119-b	9	102271662	102532331	3	2
TCGA-44-8119-b	9	102535989	104261982	2	0
TCGA-44-8119-b	9	104262460	104362917	4	1
TCGA-44-8119-b	9	104364050	106348074	2	0
TCGA-44-8119-b	9	106348149	115796567	3	2
TCGA-44-8119-b	9	115801251	116433501	2	0
TCGA-44-8119-b	9	116436877	141091394	3	2
TCGA-44-8119-b	10	72759	8188866	4	0
TCGA-44-8119-b	10	8188930	9075889	3	0
TCGA-44-8119-b	10	9076463	29993715	4	0
TCGA-44-8119-b	10	29994708	31343788	5	0
TCGA-44-8119-b	10	31346481	38128681	4	0
TCGA-44-8119-b	10	38128768	49513706	2	2
TCGA-44-8119-b	10	49515834	50680845	2	0
TCGA-44-8119-b	10	50681157	95784634	2	2
TCGA-44-8119-b	10	95787977	96060751	2	0
TCGA-44-8119-b	10	96061793	112398815	2	2
TCGA-44-8119-b	10	112399636	120036670	3	2
TCGA-44-8119-b	10	120040123	120544661	2	1
TCGA-44-8119-b	10	120545590	125114871	3	2
TCGA-44-8119-b	10	125116161	125311472	2	1
TCGA-44-8119-b	10	125312906	135506704	2	2
TCGA-44-8119-b	11	198572	40793532	4	3
TCGA-44-8119-b	11	40799035	41647246	4	0
TCGA-44-8119-b	11	41648631	42223006	4	2
TCGA-44-8119-b	11	42226006	44110690	4	0
TCGA-44-8119-b	11	44111017	44485973	5	2
TCGA-44-8119-b	11	44486250	50735036	4	0
TCGA-44-8119-b	11	50747226	71513597	4	2
TCGA-44-8119-b	11	71523318	74993593	4	0
TCGA-44-8119-b	11	74995632	87150930	4	2
TCGA-44-8119-b	11	87151090	94922399	4	0
TCGA-44-8119-b	11	94926397	98737479	4	4
TCGA-44-8119-b	11	98737872	102551854	4	0
TCGA-44-8119-b	11	102552343	107983538	4	4
TCGA-44-8119-b	11	107984602	110346798	4	0
TCGA-44-8119-b	11	110350760	116024275	4	4
TCGA-44-8119-b	11	116027715	118255278	4	0
TCGA-44-8119-b	11	118255320	119086202	4	2
TCGA-44-8119-b	11	119086629	119475308	4	0
TCGA-44-8119-b	11	119482832	120984087	4	4
TCGA-44-8119-b	11	120984999	124890839	5	0
TCGA-44-8119-b	11	124891095	127700100	7	3
TCGA-44-8119-b	11	127701008	134944770	5	2
TCGA-44-8119-b	12	150442	493937	1	0
TCGA-44-8119-b	12	503332	816748	12	0
TCGA-44-8119-b	12	821799	1648393	1	0
TCGA-44-8119-b	12	1654877	1721254	7	1
TCGA-44-8119-b	12	1721668	1763876	1	0
TCGA-44-8119-b	12	1765933	2272876	12	1
TCGA-44-8119-b	12	2275663	7974003	6	1
TCGA-44-8119-b	12	7994787	22866862	4	1
TCGA-44-8119-b	12	22866944	23265552	6	1
TCGA-44-8119-b	12	23265863	31012322	4	1
TCGA-44-8119-b	12	31012601	133778189	6	1
TCGA-44-8119-b	13	19026949	115108397	3	0
TCGA-44-8119-b	14	19002124	21335266	6	2
TCGA-44-8119-b	14	21335354	21378064	5	4
TCGA-44-8119-b	14	21384960	21949451	2	2
TCGA-44-8119-b	14	21949696	22514389	7	2
TCGA-44-8119-b	14	22518412	22724111	19	2
TCGA-44-8119-b	14	22730196	23012544	3	2
TCGA-44-8119-b	14	23014062	23809123	2	1
TCGA-44-8119-b	14	23810363	25041129	2	0
TCGA-44-8119-b	14	25044212	26472934	2	1
TCGA-44-8119-b	14	26473388	27786866	5	2
TCGA-44-8119-b	14	27787255	31555583	5	1
TCGA-44-8119-b	14	31556010	33276036	5	4
TCGA-44-8119-b	14	33277505	34909470	4	1
TCGA-44-8119-b	14	34910129	36402087	5	4
TCGA-44-8119-b	14	36403618	37149793	27	3
TCGA-44-8119-b	14	37150160	38122851	41	4
TCGA-44-8119-b	14	38128707	38751638	11	4
TCGA-44-8119-b	14	38752257	90997699	4	0
TCGA-44-8119-b	14	91001921	107285437	4	3
TCGA-44-8119-b	15	20016328	22582529	4	3
TCGA-44-8119-b	15	22582902	25436189	5	0
TCGA-44-8119-b	15	25438185	59094127	4	0
TCGA-44-8119-b	15	59094777	59567137	2	0
TCGA-44-8119-b	15	59567291	102469040	4	0
TCGA-44-8119-b	16	60777	6882474	2	0
TCGA-44-8119-b	16	6887689	7096136	1	0
TCGA-44-8119-b	16	7101389	7295973	2	0
TCGA-44-8119-b	16	7296884	30532030	3	0
TCGA-44-8119-b	16	30533800	35283226	3	2
TCGA-44-8119-b	16	46463782	78295863	2	2
TCGA-44-8119-b	16	78296306	90287535	2	1
TCGA-44-8119-b	17	526	21524172	4	0
TCGA-44-8119-b	17	21527046	81049726	4	2
TCGA-44-8119-b	18	48133	2430826	4	4
TCGA-44-8119-b	18	2431414	36280839	4	3
TCGA-44-8119-b	18	36283478	36712199	8	4
TCGA-44-8119-b	18	36712399	78015057	4	3
TCGA-44-8119-b	19	90910	482616	3	0
TCGA-44-8119-b	19	483332	4624591	5	0
TCGA-44-8119-b	19	4633451	22201308	3	0
TCGA-44-8119-b	19	22201488	24356260	3	2
TCGA-44-8119-b	19	24356307	42429941	4	3
TCGA-44-8119-b	19	42434473	59097854	3	1
TCGA-44-8119-b	20	61305	51650562	5	2
TCGA-44-8119-b	20	51652853	62956153	6	5
TCGA-44-8119-b	21	10736871	48096957	4	0
TCGA-44-8119-b	22	16052528	25783208	4	0
TCGA-44-8119-b	22	25783704	25905654	0	0
TCGA-44-8119-b	22	25905879	40415617	4	0
TCGA-44-8119-b	22	40415709	51234455	5	0
TCGA-44-8119-b	X	168477	682087	4	1
TCGA-44-8119-b	X	682100	2694240	5	0
TCGA-44-8119-b	X	2703391	5198252	4	0
TCGA-44-8119-b	X	5200273	6388681	7	0
TCGA-44-8119-b	X	6389045	22337227	4	0
TCGA-44-8119-b	X	22337251	22655875	3	0
TCGA-44-8119-b	X	22656818	155233846	4	0
