sample	chr	startpos	endpos	nMajor	nMinor
TCGA-56-7730	1	61735	5198007	2	0
TCGA-56-7730	1	5198789	5246626	10	0
TCGA-56-7730	1	5247082	6204222	3	0
TCGA-56-7730	1	6205815	6717602	9	0
TCGA-56-7730	1	6721234	8492704	1	0
TCGA-56-7730	1	8495405	9139018	2	0
TCGA-56-7730	1	9140078	10371225	6	0
TCGA-56-7730	1	10371423	18658537	2	0
TCGA-56-7730	1	18661199	18746784	7	0
TCGA-56-7730	1	18750550	121482979	2	0
TCGA-56-7730	1	144007049	147351380	2	1
TCGA-56-7730	1	147351398	161192511	2	2
TCGA-56-7730	1	161200487	163631840	2	1
TCGA-56-7730	1	163632666	174983207	2	2
TCGA-56-7730	1	174983633	249224388	2	1
TCGA-56-7730	2	12784	85048167	3	2
TCGA-56-7730	2	85050488	92286207	2	2
TCGA-56-7730	2	92288268	133613225	3	1
TCGA-56-7730	2	133615057	165490869	2	1
TCGA-56-7730	2	165491225	165701868	1	1
TCGA-56-7730	2	165702301	243089456	2	1
TCGA-56-7730	3	60345	93519478	2	0
TCGA-56-7730	3	93520016	97374537	5	2
TCGA-56-7730	3	97377210	160897701	4	2
TCGA-56-7730	3	160897771	165282773	6	2
TCGA-56-7730	3	165282798	171301237	11	2
TCGA-56-7730	3	171301606	176084866	14	2
TCGA-56-7730	3	176091938	178700751	9	2
TCGA-56-7730	3	178700766	179494742	5	2
TCGA-56-7730	3	179498965	180234883	12	2
TCGA-56-7730	3	180239926	180416768	6	2
TCGA-56-7730	3	180416934	182373685	13	2
TCGA-56-7730	3	182373754	186190021	11	2
TCGA-56-7730	3	186190399	191776715	6	2
TCGA-56-7730	3	191777021	193422337	3	3
TCGA-56-7730	3	193422395	197896118	3	2
TCGA-56-7730	4	12281	176842952	2	0
TCGA-56-7730	4	176845029	176881865	5	0
TCGA-56-7730	4	176886231	191027923	2	0
TCGA-56-7730	5	15532	15925234	1	1
TCGA-56-7730	5	15925573	46389273	2	1
TCGA-56-7730	5	49432831	49766662	3	2
TCGA-56-7730	5	49767230	50186204	2	1
TCGA-56-7730	5	50186670	51732662	3	3
TCGA-56-7730	5	51736760	97043591	2	0
TCGA-56-7730	5	97045121	97126148	0	0
TCGA-56-7730	5	97132899	180790320	2	0
TCGA-56-7730	6	149661	114923740	2	2
TCGA-56-7730	6	114928831	171051005	2	0
TCGA-56-7730	7	43259	129049507	2	1
TCGA-56-7730	7	129052550	129944994	3	1
TCGA-56-7730	7	129946093	159127004	2	1
TCGA-56-7730	8	31254	26665019	2	1
TCGA-56-7730	8	26666546	47479008	2	2
TCGA-56-7730	8	47482493	47489516	1	1
TCGA-56-7730	8	47489591	50206023	2	0
TCGA-56-7730	8	50207787	57600300	1	0
TCGA-56-7730	8	57610148	146298155	2	0
TCGA-56-7730	9	46587	38373700	2	0
TCGA-56-7730	9	38374750	47217176	2	1
TCGA-56-7730	9	65616971	141091394	3	0
TCGA-56-7730	10	72759	2327007	2	0
TCGA-56-7730	10	2330989	2668361	1	0
TCGA-56-7730	10	2669310	37350661	2	0
TCGA-56-7730	10	37352225	38987123	1	0
TCGA-56-7730	10	38987169	135506704	2	0
TCGA-56-7730	11	198572	51176574	2	2
TCGA-56-7730	11	51176743	134944770	2	1
TCGA-56-7730	12	150442	13573571	3	3
TCGA-56-7730	12	13574009	22662357	4	3
TCGA-56-7730	12	22662662	34854498	3	2
TCGA-56-7730	12	37857751	55447277	2	1
TCGA-56-7730	12	55447614	59541668	4	2
TCGA-56-7730	12	59544203	62442063	6	2
TCGA-56-7730	12	62442788	64274630	3	3
TCGA-56-7730	12	64274680	73206406	2	2
TCGA-56-7730	12	73207191	133778189	2	1
TCGA-56-7730	13	19026949	115108397	2	0
TCGA-56-7730	14	19002124	92503874	2	1
TCGA-56-7730	14	92512407	101749776	3	1
TCGA-56-7730	14	101749844	107285437	4	1
TCGA-56-7730	15	20016328	61183764	2	1
TCGA-56-7730	15	61185609	61224892	2	0
TCGA-56-7730	15	61227706	102469040	2	1
TCGA-56-7730	16	60777	35283226	2	1
TCGA-56-7730	16	46463782	90287535	1	1
TCGA-56-7730	17	526	15403085	3	1
TCGA-56-7730	17	15403878	18064730	2	1
TCGA-56-7730	17	18067116	81049726	3	2
TCGA-56-7730	18	48133	15157849	2	2
TCGA-56-7730	18	15158341	22489186	3	2
TCGA-56-7730	18	22490882	25246005	5	2
TCGA-56-7730	18	25250167	25813737	3	2
TCGA-56-7730	18	25816231	26401692	4	2
TCGA-56-7730	18	26402202	27132249	2	2
TCGA-56-7730	18	27135115	29388801	4	2
TCGA-56-7730	18	29391523	29850296	2	2
TCGA-56-7730	18	29850410	32443427	4	2
TCGA-56-7730	18	32444040	38320750	5	2
TCGA-56-7730	18	38320835	39113436	11	2
TCGA-56-7730	18	39114110	40629416	9	2
TCGA-56-7730	18	40629632	46806846	8	2
TCGA-56-7730	18	46814562	49479432	2	0
TCGA-56-7730	18	49485098	50083383	8	2
TCGA-56-7730	18	50089986	78015057	2	0
TCGA-56-7730	19	90910	54663522	2	1
TCGA-56-7730	19	54664752	55913678	3	1
TCGA-56-7730	19	55914374	59097854	2	1
TCGA-56-7730	20	61305	18796095	4	1
TCGA-56-7730	20	18798011	62956153	2	1
TCGA-56-7730	21	10736871	14992094	3	1
TCGA-56-7730	21	14992343	18276367	2	2
TCGA-56-7730	21	18276662	19561342	3	2
TCGA-56-7730	21	19561355	20401463	4	2
TCGA-56-7730	21	20401571	22133324	3	2
TCGA-56-7730	21	22133409	22206883	4	0
TCGA-56-7730	21	22209781	24819452	3	0
TCGA-56-7730	21	24821554	27660882	2	0
TCGA-56-7730	21	27663473	28969576	3	0
TCGA-56-7730	21	28970688	35507189	2	0
TCGA-56-7730	21	35507622	42416022	3	0
TCGA-56-7730	21	42416146	48096957	2	0
TCGA-56-7730	22	16052528	51234455	2	2
TCGA-56-7730	X	168477	2694240	1	1
TCGA-56-7730	X	2703391	5959006	1	0
TCGA-56-7730	X	5964442	78399581	2	0
TCGA-56-7730	X	78399908	145727090	3	0
TCGA-56-7730	X	145728625	145875814	4	0
TCGA-56-7730	X	145877172	154929498	2	0
TCGA-56-7730	X	154963439	155233846	3	2
