sample	chr	startpos	endpos	nMajor	nMinor
TCGA-CK-6747	1	61735	249224388	1	1
TCGA-CK-6747	2	12784	243089456	1	1
TCGA-CK-6747	3	60345	197896118	1	1
TCGA-CK-6747	4	12281	191027923	1	1
TCGA-CK-6747	5	15532	50353077	1	1
TCGA-CK-6747	5	50353706	180790320	2	0
TCGA-CK-6747	6	149661	171051005	1	1
TCGA-CK-6747	7	43259	159127004	1	1
TCGA-CK-6747	8	31254	146298155	1	1
TCGA-CK-6747	9	46587	141091394	1	1
TCGA-CK-6747	10	72759	130815999	1	1
TCGA-CK-6747	10	130828373	132042614	1	0
TCGA-CK-6747	10	132043617	135506704	1	1
TCGA-CK-6747	11	198572	134944770	1	1
TCGA-CK-6747	12	150442	133778189	1	1
TCGA-CK-6747	13	19026949	115108397	1	1
TCGA-CK-6747	14	19002124	107285437	1	1
TCGA-CK-6747	15	20016328	102469040	1	1
TCGA-CK-6747	16	60777	6852187	1	1
TCGA-CK-6747	16	6856587	7006428	1	0
TCGA-CK-6747	16	7007859	90287535	1	1
TCGA-CK-6747	17	526	42626735	1	1
TCGA-CK-6747	17	42626949	81049726	2	0
TCGA-CK-6747	18	48133	78015057	1	1
TCGA-CK-6747	19	90910	59097854	1	1
TCGA-CK-6747	20	61305	62956153	1	1
TCGA-CK-6747	21	10736871	48096957	1	1
TCGA-CK-6747	22	16052528	51234455	1	1
TCGA-CK-6747	X	168477	155233846	1	1
