sample	chr	startpos	endpos	nMajor	nMinor
TCGA-CV-6941	1	61735	75677214	2	1
TCGA-CV-6941	1	75678219	76203346	2	2
TCGA-CV-6941	1	76204502	76346731	4	2
TCGA-CV-6941	1	76346832	98846946	2	0
TCGA-CV-6941	1	98847026	100181472	2	1
TCGA-CV-6941	1	100182059	101094662	2	2
TCGA-CV-6941	1	101096056	121482979	2	0
TCGA-CV-6941	1	144007049	249224388	3	0
TCGA-CV-6941	2	12784	65534295	3	1
TCGA-CV-6941	2	65541334	65673619	1	0
TCGA-CV-6941	2	65677729	182993200	3	1
TCGA-CV-6941	2	182993567	183944094	6	3
TCGA-CV-6941	2	183947664	184956126	3	3
TCGA-CV-6941	2	184957166	243089456	2	0
TCGA-CV-6941	3	60345	90502862	2	0
TCGA-CV-6941	3	93519478	93614529	5	0
TCGA-CV-6941	3	93620867	93638651	3	0
TCGA-CV-6941	3	93642163	99708378	3	2
TCGA-CV-6941	3	99715220	100379588	6	2
TCGA-CV-6941	3	100379856	101047660	3	2
TCGA-CV-6941	3	101056636	111177195	2	1
TCGA-CV-6941	3	111178700	112802971	3	2
TCGA-CV-6941	3	112803769	112893434	6	2
TCGA-CV-6941	3	112895906	118707309	3	2
TCGA-CV-6941	3	118717246	149107575	2	1
TCGA-CV-6941	3	149112810	151810954	3	2
TCGA-CV-6941	3	151816870	152271319	6	2
TCGA-CV-6941	3	152273393	157245357	3	2
TCGA-CV-6941	3	157245547	160328324	2	1
TCGA-CV-6941	3	160328337	166409443	3	2
TCGA-CV-6941	3	166409955	167826225	6	2
TCGA-CV-6941	3	167826473	168665049	3	2
TCGA-CV-6941	3	168665113	168930011	6	2
TCGA-CV-6941	3	168930153	169896277	3	2
TCGA-CV-6941	3	169906647	170301398	6	2
TCGA-CV-6941	3	170301891	171971544	3	2
TCGA-CV-6941	3	171971865	173012635	6	2
TCGA-CV-6941	3	173016311	182913542	3	2
TCGA-CV-6941	3	182916267	186226954	2	1
TCGA-CV-6941	3	186226983	187713718	3	2
TCGA-CV-6941	3	187713983	188328138	6	2
TCGA-CV-6941	3	188332503	189550201	3	2
TCGA-CV-6941	3	189552161	189815477	3	1
TCGA-CV-6941	3	189822090	197154781	1	1
TCGA-CV-6941	3	197159832	197896118	3	1
TCGA-CV-6941	4	12281	47536566	1	1
TCGA-CV-6941	4	47538360	47978611	2	1
TCGA-CV-6941	4	47979035	49309854	1	1
TCGA-CV-6941	4	49503166	56138756	2	1
TCGA-CV-6941	4	56138866	180524482	1	1
TCGA-CV-6941	4	180524520	181671284	1	0
TCGA-CV-6941	4	181675783	191027923	1	1
TCGA-CV-6941	5	15532	46389273	3	2
TCGA-CV-6941	5	49432831	121074699	2	1
TCGA-CV-6941	5	121077482	180790320	2	0
TCGA-CV-6941	6	149661	171051005	2	1
TCGA-CV-6941	7	43259	6431864	2	2
TCGA-CV-6941	7	6431933	51694472	2	1
TCGA-CV-6941	7	51694692	53393019	2	2
TCGA-CV-6941	7	53396479	53873553	7	2
TCGA-CV-6941	7	53881547	54564464	20	3
TCGA-CV-6941	7	54564512	55424027	11	2
TCGA-CV-6941	7	55425140	55514819	4	2
TCGA-CV-6941	7	55515749	58006218	2	1
TCGA-CV-6941	7	58015126	132081042	3	2
TCGA-CV-6941	7	132085809	132300887	6	2
TCGA-CV-6941	7	132301401	159127004	2	0
TCGA-CV-6941	8	31254	19680562	2	2
TCGA-CV-6941	8	19681647	42869992	2	1
TCGA-CV-6941	8	42873717	146298155	2	2
TCGA-CV-6941	9	46587	1778025	3	0
TCGA-CV-6941	9	1783885	2508316	5	0
TCGA-CV-6941	9	2508417	13669874	4	0
TCGA-CV-6941	9	13669997	14631836	5	0
TCGA-CV-6941	9	14632737	21580031	2	0
TCGA-CV-6941	9	21580763	26918059	1	0
TCGA-CV-6941	9	26919666	28916639	2	0
TCGA-CV-6941	9	28917034	32099990	4	0
TCGA-CV-6941	9	32100699	33234718	5	0
TCGA-CV-6941	9	33234765	36062114	4	0
TCGA-CV-6941	9	36066220	36974991	5	0
TCGA-CV-6941	9	36975108	47217176	3	0
TCGA-CV-6941	9	65616971	77174810	2	0
TCGA-CV-6941	9	77175017	78952224	3	0
TCGA-CV-6941	9	78952424	139832625	2	0
TCGA-CV-6941	9	139834792	141091394	3	0
TCGA-CV-6941	10	72759	9461954	3	2
TCGA-CV-6941	10	9467316	35514142	2	0
TCGA-CV-6941	10	35515017	60613173	2	1
TCGA-CV-6941	10	60614297	135506704	2	0
TCGA-CV-6941	11	198572	134944770	2	1
TCGA-CV-6941	12	150442	5525917	5	2
TCGA-CV-6941	12	5529825	19458136	2	2
TCGA-CV-6941	12	19459591	20628970	5	2
TCGA-CV-6941	12	20629878	25362515	2	2
TCGA-CV-6941	12	25362552	133778189	2	1
TCGA-CV-6941	13	19026949	115108397	2	0
TCGA-CV-6941	14	19002124	22000485	2	1
TCGA-CV-6941	14	22001177	22462396	2	2
TCGA-CV-6941	14	22466734	22974293	3	3
TCGA-CV-6941	14	22975700	107285437	2	1
TCGA-CV-6941	15	20016328	102469040	2	1
TCGA-CV-6941	16	60777	27115157	2	2
TCGA-CV-6941	16	27118953	31136755	4	2
TCGA-CV-6941	16	31137712	34012168	2	1
TCGA-CV-6941	16	34197351	34294760	1	0
TCGA-CV-6941	16	34298346	35283226	1	1
TCGA-CV-6941	16	46463782	90287535	2	0
TCGA-CV-6941	17	526	21143190	4	0
TCGA-CV-6941	17	21143422	81049726	2	2
TCGA-CV-6941	18	48133	15048469	3	2
TCGA-CV-6941	18	15049329	20880242	2	1
TCGA-CV-6941	18	20880290	26024777	3	1
TCGA-CV-6941	18	26025348	78015057	3	0
TCGA-CV-6941	19	90910	27747993	2	1
TCGA-CV-6941	19	27751675	38045031	2	0
TCGA-CV-6941	19	38046457	40713681	4	2
TCGA-CV-6941	19	40716266	54873803	2	0
TCGA-CV-6941	19	54873835	57625417	2	2
TCGA-CV-6941	19	57628193	59097854	2	0
TCGA-CV-6941	20	61305	62956153	2	1
TCGA-CV-6941	21	10736871	47611685	2	0
TCGA-CV-6941	21	47614469	48096957	1	0
TCGA-CV-6941	22	16052528	24189609	3	1
TCGA-CV-6941	22	24192777	29360297	3	0
TCGA-CV-6941	22	29363344	29382817	10	1
TCGA-CV-6941	22	29382831	30515420	8	3
TCGA-CV-6941	22	30522459	30870300	4	4
TCGA-CV-6941	22	30876173	31679449	3	1
TCGA-CV-6941	22	31679778	32131656	3	0
TCGA-CV-6941	22	32135488	38882377	3	1
TCGA-CV-6941	22	38884775	39407947	3	0
TCGA-CV-6941	22	39412668	39831931	3	2
TCGA-CV-6941	22	39832351	46730618	3	1
TCGA-CV-6941	22	46740101	47394500	3	2
TCGA-CV-6941	22	47400664	49943967	3	0
TCGA-CV-6941	22	49944064	51234455	3	1
TCGA-CV-6941	X	168477	2694240	2	2
TCGA-CV-6941	X	2703391	154629057	2	0
TCGA-CV-6941	X	154629596	155233846	1	0
