sample	chr	startpos	endpos	nMajor	nMinor
TCGA-55-8207-b	1	61735	121482979	2	1
TCGA-55-8207-b	1	144007049	145568457	3	2
TCGA-55-8207-b	1	145570627	241681986	5	1
TCGA-55-8207-b	1	241684831	242201458	3	1
TCGA-55-8207-b	1	242201546	249224388	4	1
TCGA-55-8207-b	2	12784	109586437	2	1
TCGA-55-8207-b	2	109588356	243089456	2	2
TCGA-55-8207-b	3	60345	197896118	2	1
TCGA-55-8207-b	4	12281	190338327	2	1
TCGA-55-8207-b	4	190338971	191027923	1	1
TCGA-55-8207-b	5	15532	57657994	3	2
TCGA-55-8207-b	5	57658416	139594149	2	2
TCGA-55-8207-b	5	139596552	180790320	5	1
TCGA-55-8207-b	6	149661	57537990	2	2
TCGA-55-8207-b	6	57539480	58146087	2	0
TCGA-55-8207-b	6	58152147	58774716	2	2
TCGA-55-8207-b	6	61886440	171051005	2	0
TCGA-55-8207-b	7	43259	102049757	2	1
TCGA-55-8207-b	7	102053414	126110664	1	0
TCGA-55-8207-b	7	126113335	159127004	2	1
TCGA-55-8207-b	8	31254	41540387	2	0
TCGA-55-8207-b	8	41540884	146298155	2	1
TCGA-55-8207-b	9	46587	141091394	2	0
TCGA-55-8207-b	10	72759	42473873	2	1
TCGA-55-8207-b	10	42473993	135506704	1	1
TCGA-55-8207-b	11	198572	134944770	2	1
TCGA-55-8207-b	12	150442	34854498	3	0
TCGA-55-8207-b	12	37857751	57510661	2	0
TCGA-55-8207-b	12	57512470	133778189	3	0
TCGA-55-8207-b	13	19026949	115108397	2	0
TCGA-55-8207-b	14	19002124	22372081	2	1
TCGA-55-8207-b	14	22373341	22868825	3	1
TCGA-55-8207-b	14	22870114	37279972	2	2
TCGA-55-8207-b	14	37281559	107285437	2	1
TCGA-55-8207-b	15	20016328	72333608	2	0
TCGA-55-8207-b	15	72336459	102469040	2	2
TCGA-55-8207-b	16	60777	3839868	3	2
TCGA-55-8207-b	16	3840925	70839337	2	1
TCGA-55-8207-b	16	70842097	71209926	3	1
TCGA-55-8207-b	16	71212676	71478749	2	1
TCGA-55-8207-b	16	71481426	90287535	2	0
TCGA-55-8207-b	17	526	8282923	2	0
TCGA-55-8207-b	17	8291624	81049726	2	2
TCGA-55-8207-b	18	48133	78015057	2	0
TCGA-55-8207-b	19	90910	59097854	2	1
TCGA-55-8207-b	20	61305	9780868	2	0
TCGA-55-8207-b	20	9786224	9992296	5	2
TCGA-55-8207-b	20	9992998	11505817	2	2
TCGA-55-8207-b	20	11507347	18486915	2	0
TCGA-55-8207-b	20	18487014	62956153	2	2
TCGA-55-8207-b	21	10736871	48096957	2	2
TCGA-55-8207-b	22	16052528	51234455	2	0
TCGA-55-8207-b	X	168477	154789183	2	0
TCGA-55-8207-b	X	154789496	155233846	2	1
