sample	chr	startpos	endpos	nMajor	nMinor
TCGA-US-A77E	1	61735	185959647	1	1
TCGA-US-A77E	1	185959774	186161672	3	1
TCGA-US-A77E	1	186162072	230442764	1	1
TCGA-US-A77E	1	230443778	232529816	1	0
TCGA-US-A77E	1	232531455	249224388	1	1
TCGA-US-A77E	2	12784	243089456	1	1
TCGA-US-A77E	3	60345	30366179	2	0
TCGA-US-A77E	3	30368930	30684789	0	0
TCGA-US-A77E	3	30690393	45374553	2	0
TCGA-US-A77E	3	45375070	166743282	1	1
TCGA-US-A77E	3	166749426	169774821	2	1
TCGA-US-A77E	3	169777169	181738534	1	1
TCGA-US-A77E	3	181739176	183414027	1	0
TCGA-US-A77E	3	183417529	197896118	1	1
TCGA-US-A77E	4	12281	191027923	1	1
TCGA-US-A77E	5	15532	180790320	1	1
TCGA-US-A77E	6	149661	171051005	1	1
TCGA-US-A77E	7	43259	159127004	2	1
TCGA-US-A77E	8	31254	146298155	1	1
TCGA-US-A77E	9	46587	10703155	2	0
TCGA-US-A77E	9	10705417	10816879	1	1
TCGA-US-A77E	9	10819501	11601778	0	0
TCGA-US-A77E	9	11602884	21716997	2	0
TCGA-US-A77E	9	21720481	22176251	0	0
TCGA-US-A77E	9	22176961	22669408	2	0
TCGA-US-A77E	9	22670715	23027842	0	0
TCGA-US-A77E	9	23028387	37421065	2	0
TCGA-US-A77E	9	37421109	141091394	1	1
TCGA-US-A77E	10	72759	135506704	1	1
TCGA-US-A77E	11	198572	134944770	1	1
TCGA-US-A77E	12	150442	98921533	1	1
TCGA-US-A77E	12	98921574	102404672	2	1
TCGA-US-A77E	12	102405380	133778189	1	1
TCGA-US-A77E	13	19026949	115108397	1	1
TCGA-US-A77E	14	19002124	107285437	1	1
TCGA-US-A77E	15	20016328	102469040	1	1
TCGA-US-A77E	16	60777	90287535	1	1
TCGA-US-A77E	17	526	21381829	1	0
TCGA-US-A77E	17	21385257	81049726	1	1
TCGA-US-A77E	18	48133	78015057	1	1
TCGA-US-A77E	19	90910	59097854	1	1
TCGA-US-A77E	20	61305	62956153	2	1
TCGA-US-A77E	21	10736871	48096957	1	1
TCGA-US-A77E	22	16052528	51234455	1	1
TCGA-US-A77E	X	168477	154789183	1	0
TCGA-US-A77E	X	154789496	155233846	0	0
