sample	chr	startpos	endpos	nMajor	nMinor
TCGA-21-5782	1	61735	17203497	1	1
TCGA-21-5782	1	17209603	41442116	2	1
TCGA-21-5782	1	41446717	46039508	2	0
TCGA-21-5782	1	46039612	49668030	2	1
TCGA-21-5782	1	49674050	179913178	1	1
TCGA-21-5782	1	179913408	182420722	1	0
TCGA-21-5782	1	182422426	249224388	1	1
TCGA-21-5782	2	12784	116646794	1	1
TCGA-21-5782	2	116656805	149976645	1	0
TCGA-21-5782	2	149979727	243089456	1	1
TCGA-21-5782	3	60345	90502862	1	0
TCGA-21-5782	3	93519478	130160461	2	1
TCGA-21-5782	3	130160869	142514673	2	2
TCGA-21-5782	3	142516367	174297717	3	3
TCGA-21-5782	3	174298959	178682015	5	2
TCGA-21-5782	3	178682981	197896118	6	2
TCGA-21-5782	4	12281	49154769	1	0
TCGA-21-5782	4	49161758	119592291	1	1
TCGA-21-5782	4	119597458	191027923	1	0
TCGA-21-5782	5	15532	19151959	4	1
TCGA-21-5782	5	19152549	21131550	3	1
TCGA-21-5782	5	21136601	39084294	5	1
TCGA-21-5782	5	39091519	40782914	6	1
TCGA-21-5782	5	40783907	45716209	6	0
TCGA-21-5782	5	45716396	49432831	4	0
TCGA-21-5782	5	49441958	52240466	1	1
TCGA-21-5782	5	52241372	106513321	1	0
TCGA-21-5782	5	106513513	109609390	0	0
TCGA-21-5782	5	109610219	173613981	1	0
TCGA-21-5782	5	173614754	180790320	1	1
TCGA-21-5782	6	149661	91904874	1	1
TCGA-21-5782	6	91905438	115105557	1	0
TCGA-21-5782	6	115107654	128419197	2	0
TCGA-21-5782	6	128420950	132999053	1	0
TCGA-21-5782	6	133001279	171051005	2	0
TCGA-21-5782	7	43259	6968628	2	1
TCGA-21-5782	7	6987828	37068242	1	1
TCGA-21-5782	7	37070863	37239566	1	0
TCGA-21-5782	7	37239645	110720959	1	1
TCGA-21-5782	7	110722124	127361207	1	0
TCGA-21-5782	7	127361817	159127004	1	1
TCGA-21-5782	8	31254	43461496	1	0
TCGA-21-5782	8	43481730	113682886	1	1
TCGA-21-5782	8	113683162	146298155	2	1
TCGA-21-5782	9	46587	14649846	2	0
TCGA-21-5782	9	14651382	15879065	1	0
TCGA-21-5782	9	15880385	19615354	1	1
TCGA-21-5782	9	19622268	26958439	1	0
TCGA-21-5782	9	26962559	35599752	1	1
TCGA-21-5782	9	35599922	117119876	1	0
TCGA-21-5782	9	117121302	141091394	2	0
TCGA-21-5782	10	72759	9742552	1	0
TCGA-21-5782	10	9743181	16650134	2	1
TCGA-21-5782	10	16650660	135506704	1	1
TCGA-21-5782	11	198572	49247907	1	0
TCGA-21-5782	11	49248074	68321487	1	1
TCGA-21-5782	11	68322118	68687019	2	1
TCGA-21-5782	11	68687433	68751907	4	1
TCGA-21-5782	11	68753411	70321096	12	1
TCGA-21-5782	11	70326807	134763141	1	1
TCGA-21-5782	11	134763304	134944770	1	0
TCGA-21-5782	12	150442	29763132	2	1
TCGA-21-5782	12	29766876	77899637	1	1
TCGA-21-5782	12	77899693	78139650	1	0
TCGA-21-5782	12	78142695	84227190	1	1
TCGA-21-5782	12	84227754	113337163	2	1
TCGA-21-5782	12	113342768	133778189	1	1
TCGA-21-5782	13	19026949	22374700	1	1
TCGA-21-5782	13	22375647	22907011	2	1
TCGA-21-5782	13	22917291	25773050	1	0
TCGA-21-5782	13	25773688	32074743	1	1
TCGA-21-5782	13	32075037	32363312	2	1
TCGA-21-5782	13	32372969	57458875	1	0
TCGA-21-5782	13	57461565	57973920	2	0
TCGA-21-5782	13	57974309	58384298	4	0
TCGA-21-5782	13	58387674	89063707	2	0
TCGA-21-5782	13	89065729	94232276	4	0
TCGA-21-5782	13	94232875	94746007	6	0
TCGA-21-5782	13	94746736	96844090	4	0
TCGA-21-5782	13	96844427	115108397	2	0
TCGA-21-5782	14	19002124	21434804	3	1
TCGA-21-5782	14	21437013	22537377	5	1
TCGA-21-5782	14	22543590	22959826	7	2
TCGA-21-5782	14	22959937	27010148	4	1
TCGA-21-5782	14	27010494	36783262	3	1
TCGA-21-5782	14	36786343	37006240	15	1
TCGA-21-5782	14	37006616	38263291	9	1
TCGA-21-5782	14	38263608	63811438	1	1
TCGA-21-5782	14	63812739	80260139	1	0
TCGA-21-5782	14	80262161	107285437	1	1
TCGA-21-5782	15	20016328	97324964	1	1
TCGA-21-5782	15	97326194	99290975	1	0
TCGA-21-5782	15	99293056	102469040	1	1
TCGA-21-5782	16	60777	71551843	1	1
TCGA-21-5782	16	71552430	72373598	1	0
TCGA-21-5782	16	72380983	80468449	1	1
TCGA-21-5782	16	80469206	90287535	1	0
TCGA-21-5782	17	526	22219568	1	0
TCGA-21-5782	17	22227075	81049726	1	1
TCGA-21-5782	18	48133	1842085	2	1
TCGA-21-5782	18	1842188	25903073	1	1
TCGA-21-5782	18	25903605	78015057	1	0
TCGA-21-5782	19	90910	59097854	1	1
TCGA-21-5782	20	61305	5483274	1	1
TCGA-21-5782	20	5483406	5895258	2	1
TCGA-21-5782	20	5895732	6614991	1	1
TCGA-21-5782	20	6619176	6670757	1	0
TCGA-21-5782	20	6672360	8282566	1	1
TCGA-21-5782	20	8282686	8688654	2	1
TCGA-21-5782	20	8688768	9441292	1	1
TCGA-21-5782	20	9443690	15646946	2	1
TCGA-21-5782	20	15650372	15975839	1	1
TCGA-21-5782	20	15980708	18433883	2	1
TCGA-21-5782	20	18434214	62956153	1	1
TCGA-21-5782	21	10736871	48096957	1	1
TCGA-21-5782	22	16052528	51234455	1	1
TCGA-21-5782	X	168477	62005993	1	1
TCGA-21-5782	X	62006347	74466761	2	1
TCGA-21-5782	X	74472291	155233846	1	1
