sample	chr	startpos	endpos	nMajor	nMinor
TCGA-A4-A57E-a	1	61735	2533552	2	2
TCGA-A4-A57E-a	1	2545650	4206210	2	0
TCGA-A4-A57E-a	1	4206288	249224388	2	2
TCGA-A4-A57E-a	2	12784	92305784	2	0
TCGA-A4-A57E-a	2	95327887	132226792	3	3
TCGA-A4-A57E-a	2	132229734	133406990	4	0
TCGA-A4-A57E-a	2	133408868	209298030	3	3
TCGA-A4-A57E-a	2	209298633	216300376	4	3
TCGA-A4-A57E-a	2	216305540	231187822	2	0
TCGA-A4-A57E-a	2	231189047	243089456	3	3
TCGA-A4-A57E-a	3	60345	137897905	2	0
TCGA-A4-A57E-a	3	137904492	138907931	107	4
TCGA-A4-A57E-a	3	138917244	165189253	2	0
TCGA-A4-A57E-a	3	165195241	174051038	2	2
TCGA-A4-A57E-a	3	174052729	174917491	2	0
TCGA-A4-A57E-a	3	174920071	197896118	2	2
TCGA-A4-A57E-a	4	12281	76529831	2	2
TCGA-A4-A57E-a	4	76529902	77692883	2	0
TCGA-A4-A57E-a	4	77693956	79565594	2	2
TCGA-A4-A57E-a	4	79568814	191027923	2	0
TCGA-A4-A57E-a	5	15532	75663564	3	3
TCGA-A4-A57E-a	5	75668227	76594474	2	2
TCGA-A4-A57E-a	5	76594514	167292903	3	3
TCGA-A4-A57E-a	5	167293652	168398061	6	2
TCGA-A4-A57E-a	5	168398541	180790320	3	3
TCGA-A4-A57E-a	6	149661	165051775	2	2
TCGA-A4-A57E-a	6	165052420	165392234	2	0
TCGA-A4-A57E-a	6	165395943	171051005	2	2
TCGA-A4-A57E-a	7	43259	159127004	3	3
TCGA-A4-A57E-a	8	31254	146298155	2	2
TCGA-A4-A57E-a	9	46587	21370587	2	0
TCGA-A4-A57E-a	9	21371370	22347407	0	0
TCGA-A4-A57E-a	9	22349183	31736472	2	0
TCGA-A4-A57E-a	9	31736633	141091394	2	2
TCGA-A4-A57E-a	10	72759	64789407	2	2
TCGA-A4-A57E-a	10	64804731	64956442	2	0
TCGA-A4-A57E-a	10	64963633	135506704	2	2
TCGA-A4-A57E-a	11	198572	79536689	2	2
TCGA-A4-A57E-a	11	79538549	113711930	4	2
TCGA-A4-A57E-a	11	113713390	114467655	2	2
TCGA-A4-A57E-a	11	114467769	134944770	4	2
TCGA-A4-A57E-a	12	150442	133778189	2	2
TCGA-A4-A57E-a	13	19026949	115108397	2	2
TCGA-A4-A57E-a	14	19002124	107285437	2	2
TCGA-A4-A57E-a	15	20016328	102469040	2	2
TCGA-A4-A57E-a	16	60777	58921488	3	3
TCGA-A4-A57E-a	16	58922192	65609704	4	3
TCGA-A4-A57E-a	16	65610758	90287535	3	3
TCGA-A4-A57E-a	17	526	22227841	2	0
TCGA-A4-A57E-a	17	22235650	81049726	3	3
TCGA-A4-A57E-a	18	48133	78015057	2	0
TCGA-A4-A57E-a	19	90910	59097854	2	2
TCGA-A4-A57E-a	20	61305	62956153	2	2
TCGA-A4-A57E-a	21	10736871	48096957	2	0
TCGA-A4-A57E-a	22	16052528	51234455	2	2
TCGA-A4-A57E-a	X	168477	2694240	3	1
TCGA-A4-A57E-a	X	2703391	154862338	2	0
TCGA-A4-A57E-a	X	154862619	155233846	2	1
