sample	chr	startpos	endpos	nMajor	nMinor
TCGA-AA-3664	1	61735	151552479	1	1
TCGA-AA-3664	1	151552499	154590722	2	1
TCGA-AA-3664	1	154593084	207425013	3	1
TCGA-AA-3664	1	207425043	239891099	2	1
TCGA-AA-3664	1	239891511	240056872	2	0
TCGA-AA-3664	1	240057335	249224388	2	1
TCGA-AA-3664	2	12784	226137634	1	1
TCGA-AA-3664	2	226140320	243089456	1	0
TCGA-AA-3664	3	60345	60039488	1	1
TCGA-AA-3664	3	60041687	60374933	1	0
TCGA-AA-3664	3	60375316	60466842	0	0
TCGA-AA-3664	3	60470011	62530059	1	0
TCGA-AA-3664	3	62532630	82990128	2	1
TCGA-AA-3664	3	82990268	96880241	1	1
TCGA-AA-3664	3	96882768	98133479	1	0
TCGA-AA-3664	3	98133557	173130573	1	1
TCGA-AA-3664	3	173131044	175197135	2	1
TCGA-AA-3664	3	175198825	175490670	2	0
TCGA-AA-3664	3	175496682	197896118	2	1
TCGA-AA-3664	4	12281	12427434	1	0
TCGA-AA-3664	4	12430055	27418865	1	1
TCGA-AA-3664	4	27419092	27532751	1	0
TCGA-AA-3664	4	27533346	152670964	1	1
TCGA-AA-3664	4	152671640	191027923	1	0
TCGA-AA-3664	5	15532	158826493	1	1
TCGA-AA-3664	5	158829527	159297656	1	0
TCGA-AA-3664	5	159297901	168371046	1	1
TCGA-AA-3664	5	168371812	180790320	2	1
TCGA-AA-3664	6	149661	90373988	1	1
TCGA-AA-3664	6	90374283	127425457	2	0
TCGA-AA-3664	6	127426116	128799117	3	0
TCGA-AA-3664	6	128801302	161444007	2	0
TCGA-AA-3664	6	161444152	163525205	1	0
TCGA-AA-3664	6	163525416	171051005	2	0
TCGA-AA-3664	7	43259	41610756	3	1
TCGA-AA-3664	7	41612375	45569223	5	1
TCGA-AA-3664	7	45569665	53714132	4	1
TCGA-AA-3664	7	53715405	61987173	3	1
TCGA-AA-3664	7	61987244	159127004	1	1
TCGA-AA-3664	8	31254	13697617	1	1
TCGA-AA-3664	8	13697822	28568905	1	0
TCGA-AA-3664	8	28573531	41885433	2	1
TCGA-AA-3664	8	41886329	55078475	1	1
TCGA-AA-3664	8	55081189	122539139	2	1
TCGA-AA-3664	8	122544014	146298155	4	1
TCGA-AA-3664	9	46587	141091394	1	1
TCGA-AA-3664	10	72759	2952837	1	0
TCGA-AA-3664	10	2953047	86566241	1	1
TCGA-AA-3664	10	86566941	90422136	1	0
TCGA-AA-3664	10	90429036	135506704	1	1
TCGA-AA-3664	11	198572	132291351	1	1
TCGA-AA-3664	11	132296204	134944770	1	0
TCGA-AA-3664	12	150442	122494058	1	1
TCGA-AA-3664	12	122494845	133778189	2	1
TCGA-AA-3664	13	19026949	39361680	1	1
TCGA-AA-3664	13	39363361	44552483	2	1
TCGA-AA-3664	13	44554941	44971769	1	0
TCGA-AA-3664	13	44974743	44981206	3	0
TCGA-AA-3664	13	44981811	46214465	2	1
TCGA-AA-3664	13	46225449	62144152	1	0
TCGA-AA-3664	13	62152472	62760286	1	1
TCGA-AA-3664	13	62760607	115108397	2	1
TCGA-AA-3664	14	19002124	22478961	1	1
TCGA-AA-3664	14	22479597	22988571	2	2
TCGA-AA-3664	14	22993720	107285437	1	1
TCGA-AA-3664	15	20016328	102469040	1	1
TCGA-AA-3664	16	60777	5794329	1	1
TCGA-AA-3664	16	5802164	5950553	1	0
TCGA-AA-3664	16	5950604	6403109	1	1
TCGA-AA-3664	16	6403709	6489263	0	0
TCGA-AA-3664	16	6489463	6871952	1	0
TCGA-AA-3664	16	6872825	7361523	1	1
TCGA-AA-3664	16	7366369	7683850	1	0
TCGA-AA-3664	16	7685783	78842223	1	1
TCGA-AA-3664	16	78842348	78950158	1	0
TCGA-AA-3664	16	78950254	90287535	1	1
TCGA-AA-3664	17	526	4501015	2	1
TCGA-AA-3664	17	4501553	81049726	1	1
TCGA-AA-3664	18	48133	20902181	1	1
TCGA-AA-3664	18	20902772	37879539	2	1
TCGA-AA-3664	18	37880746	47022944	4	1
TCGA-AA-3664	18	47024513	48275513	4	0
TCGA-AA-3664	18	48281300	50716233	0	0
TCGA-AA-3664	18	50718757	78015057	1	0
TCGA-AA-3664	19	90910	59097854	1	1
TCGA-AA-3664	20	61305	14838027	1	1
TCGA-AA-3664	20	14839466	15144763	1	0
TCGA-AA-3664	20	15150730	32482632	1	1
TCGA-AA-3664	20	32484687	38181661	2	1
TCGA-AA-3664	20	38181718	38236027	2	0
TCGA-AA-3664	20	38236506	41950878	1	0
TCGA-AA-3664	20	41955706	42333391	1	1
TCGA-AA-3664	20	42334123	62956153	2	1
TCGA-AA-3664	21	10736871	48096957	1	1
TCGA-AA-3664	22	16052528	51234455	1	1
TCGA-AA-3664	X	168477	2693175	1	0
TCGA-AA-3664	X	2693624	7341664	2	1
TCGA-AA-3664	X	7343948	7559994	5	0
TCGA-AA-3664	X	7561058	88467861	2	1
TCGA-AA-3664	X	88468321	92504127	2	0
TCGA-AA-3664	X	92510131	152984594	4	1
TCGA-AA-3664	X	152991402	155233846	4	0
