sample	chr	startpos	endpos	nMajor	nMinor
TCGA-BH-A0HK-a	1	61735	121482979	1	1
TCGA-BH-A0HK-a	1	144007049	232147251	5	1
TCGA-BH-A0HK-a	1	232150491	232732619	3	1
TCGA-BH-A0HK-a	1	232732965	249224388	5	1
TCGA-BH-A0HK-a	2	12784	243089456	1	1
TCGA-BH-A0HK-a	3	60345	197896118	1	1
TCGA-BH-A0HK-a	4	12281	176100163	1	1
TCGA-BH-A0HK-a	4	176105733	176416008	1	0
TCGA-BH-A0HK-a	4	176418134	191027923	1	1
TCGA-BH-A0HK-a	5	15532	180790320	1	1
TCGA-BH-A0HK-a	6	149661	171051005	1	1
TCGA-BH-A0HK-a	7	43259	159127004	1	1
TCGA-BH-A0HK-a	8	31254	32108939	1	0
TCGA-BH-A0HK-a	8	32117734	39976637	1	1
TCGA-BH-A0HK-a	8	39976970	41938238	2	1
TCGA-BH-A0HK-a	8	41939007	146298155	1	1
TCGA-BH-A0HK-a	9	46587	141091394	1	1
TCGA-BH-A0HK-a	10	72759	135506704	1	1
TCGA-BH-A0HK-a	11	198572	42102590	1	1
TCGA-BH-A0HK-a	11	42103967	42685636	1	0
TCGA-BH-A0HK-a	11	42686084	57583546	1	1
TCGA-BH-A0HK-a	11	57583668	59139199	2	1
TCGA-BH-A0HK-a	11	59140145	60424578	1	1
TCGA-BH-A0HK-a	11	60430267	65388581	2	1
TCGA-BH-A0HK-a	11	65390813	67571828	1	1
TCGA-BH-A0HK-a	11	67578438	68936063	2	1
TCGA-BH-A0HK-a	11	68938916	70575360	5	1
TCGA-BH-A0HK-a	11	70579515	75733516	1	0
TCGA-BH-A0HK-a	11	75734160	77171665	3	1
TCGA-BH-A0HK-a	11	77171891	77821082	1	1
TCGA-BH-A0HK-a	11	77824864	78573179	1	0
TCGA-BH-A0HK-a	11	78573249	79439442	1	1
TCGA-BH-A0HK-a	11	79439740	79912406	4	1
TCGA-BH-A0HK-a	11	79912755	81849759	1	1
TCGA-BH-A0HK-a	11	81853222	83092149	2	1
TCGA-BH-A0HK-a	11	83100793	83532535	1	1
TCGA-BH-A0HK-a	11	83534623	134944770	1	0
TCGA-BH-A0HK-a	12	150442	133778189	1	1
TCGA-BH-A0HK-a	13	19026949	115108397	1	1
TCGA-BH-A0HK-a	14	19002124	107285437	1	1
TCGA-BH-A0HK-a	15	20016328	102469040	1	1
TCGA-BH-A0HK-a	16	60777	35283226	1	1
TCGA-BH-A0HK-a	16	46463782	70839157	1	0
TCGA-BH-A0HK-a	16	70839337	71202489	3	0
TCGA-BH-A0HK-a	16	71202797	90287535	1	0
TCGA-BH-A0HK-a	17	526	20501624	1	0
TCGA-BH-A0HK-a	17	20514634	81049726	1	1
TCGA-BH-A0HK-a	18	48133	77139929	1	1
TCGA-BH-A0HK-a	18	77139940	78015057	2	0
TCGA-BH-A0HK-a	19	90910	59097854	1	1
TCGA-BH-A0HK-a	20	61305	62956153	1	1
TCGA-BH-A0HK-a	21	10736871	48096957	1	1
TCGA-BH-A0HK-a	22	16052528	51234455	1	1
TCGA-BH-A0HK-a	X	168477	155233846	1	1
