sample	chr	startpos	endpos	nMajor	nMinor
TCGA-B0-5711	1	61735	249224388	1	1
TCGA-B0-5711	2	12784	243089456	1	1
TCGA-B0-5711	3	60345	75999516	1	0
TCGA-B0-5711	3	75999755	197896118	1	1
TCGA-B0-5711	4	12281	100006764	1	1
TCGA-B0-5711	4	100011828	101714921	1	0
TCGA-B0-5711	4	101714957	191027923	1	1
TCGA-B0-5711	5	15532	99830226	1	1
TCGA-B0-5711	5	99830570	180790320	2	1
TCGA-B0-5711	6	149661	171051005	1	1
TCGA-B0-5711	7	43259	159127004	1	1
TCGA-B0-5711	8	31254	146298155	1	1
TCGA-B0-5711	9	46587	141091394	1	1
TCGA-B0-5711	10	72759	135506704	1	1
TCGA-B0-5711	11	198572	134944770	1	1
TCGA-B0-5711	12	150442	133778189	1	1
TCGA-B0-5711	13	19026949	115108397	1	1
TCGA-B0-5711	14	19002124	107285437	1	0
TCGA-B0-5711	15	20016328	102469040	1	1
TCGA-B0-5711	16	60777	90287535	1	1
TCGA-B0-5711	17	526	81049726	1	1
TCGA-B0-5711	18	48133	78015057	1	1
TCGA-B0-5711	19	90910	59097854	1	1
TCGA-B0-5711	20	61305	62956153	1	1
TCGA-B0-5711	21	10736871	48096957	1	1
TCGA-B0-5711	22	16052528	51234455	1	1
TCGA-B0-5711	X	168477	2693175	1	1
TCGA-B0-5711	X	2693624	155233846	1	0
