sample	chr	startpos	endpos	nMajor	nMinor
TCGA-IS-A3KA	1	61735	2452569	2	1
TCGA-IS-A3KA	1	2454930	7161143	1	0
TCGA-IS-A3KA	1	7161356	12249643	3	1
TCGA-IS-A3KA	1	12249770	15696059	2	0
TCGA-IS-A3KA	1	15697183	22480385	3	1
TCGA-IS-A3KA	1	22481253	23882559	3	0
TCGA-IS-A3KA	1	23887880	38939509	3	1
TCGA-IS-A3KA	1	38943198	44979190	2	1
TCGA-IS-A3KA	1	44984145	61677323	2	0
TCGA-IS-A3KA	1	61679597	68947668	2	1
TCGA-IS-A3KA	1	68948839	70620657	2	0
TCGA-IS-A3KA	1	70625603	80687180	2	1
TCGA-IS-A3KA	1	80687449	84317007	2	0
TCGA-IS-A3KA	1	84317468	84641990	2	1
TCGA-IS-A3KA	1	84642814	87715215	2	0
TCGA-IS-A3KA	1	87718688	87977817	2	1
TCGA-IS-A3KA	1	87979125	109094364	2	0
TCGA-IS-A3KA	1	109094836	114089316	2	1
TCGA-IS-A3KA	1	114095838	121482979	2	0
TCGA-IS-A3KA	1	144007049	202177744	2	1
TCGA-IS-A3KA	1	202179042	209762875	3	2
TCGA-IS-A3KA	1	209763164	209989641	3	0
TCGA-IS-A3KA	1	209994943	226916797	2	1
TCGA-IS-A3KA	1	226919119	227296895	1	1
TCGA-IS-A3KA	1	227297542	231386612	2	1
TCGA-IS-A3KA	1	231389097	232623056	2	0
TCGA-IS-A3KA	1	232623119	242197568	2	1
TCGA-IS-A3KA	1	242198204	244125754	2	0
TCGA-IS-A3KA	1	244133740	244554229	2	1
TCGA-IS-A3KA	1	244557893	249224388	2	0
TCGA-IS-A3KA	2	12784	35057000	2	0
TCGA-IS-A3KA	2	35057525	35572559	1	0
TCGA-IS-A3KA	2	35572711	37056430	2	0
TCGA-IS-A3KA	2	37061780	39788967	3	0
TCGA-IS-A3KA	2	39794726	47029526	2	0
TCGA-IS-A3KA	2	47030724	66571541	3	2
TCGA-IS-A3KA	2	66572173	85490950	2	0
TCGA-IS-A3KA	2	85491365	85890293	3	2
TCGA-IS-A3KA	2	85890387	86753583	2	0
TCGA-IS-A3KA	2	86754480	100795066	2	1
TCGA-IS-A3KA	2	100795207	108936939	1	1
TCGA-IS-A3KA	2	108936953	118397837	2	1
TCGA-IS-A3KA	2	118398502	122417852	1	0
TCGA-IS-A3KA	2	122419911	136317233	1	1
TCGA-IS-A3KA	2	136317845	139054595	2	1
TCGA-IS-A3KA	2	139054711	139544206	1	0
TCGA-IS-A3KA	2	139544301	167606629	1	1
TCGA-IS-A3KA	2	167607042	189827826	2	1
TCGA-IS-A3KA	2	189831353	191072905	3	0
TCGA-IS-A3KA	2	191073924	191906299	4	1
TCGA-IS-A3KA	2	191908299	208341585	2	1
TCGA-IS-A3KA	2	208343990	216940077	3	1
TCGA-IS-A3KA	2	216940735	218822874	1	1
TCGA-IS-A3KA	2	218823663	218991740	5	1
TCGA-IS-A3KA	2	218992434	225158125	2	1
TCGA-IS-A3KA	2	225169790	225556165	2	0
TCGA-IS-A3KA	2	225557655	227135559	2	1
TCGA-IS-A3KA	2	227140502	227597697	1	0
TCGA-IS-A3KA	2	227598862	228566466	2	1
TCGA-IS-A3KA	2	228567046	233733352	1	0
TCGA-IS-A3KA	2	233734083	234381704	2	0
TCGA-IS-A3KA	2	234381817	242775796	1	0
TCGA-IS-A3KA	2	242782271	243089456	0	0
TCGA-IS-A3KA	3	60345	193153562	2	1
TCGA-IS-A3KA	3	193153682	197896118	1	1
TCGA-IS-A3KA	4	12281	1701560	3	3
TCGA-IS-A3KA	4	1706463	9837288	3	2
TCGA-IS-A3KA	4	9841555	14158201	3	3
TCGA-IS-A3KA	4	14160371	17385399	2	2
TCGA-IS-A3KA	4	17387278	17948089	2	1
TCGA-IS-A3KA	4	17948089	17952609	4	2
TCGA-IS-A3KA	4	17952644	18682173	5	1
TCGA-IS-A3KA	4	18682258	34765595	3	2
TCGA-IS-A3KA	4	34765697	53458415	2	1
TCGA-IS-A3KA	4	53459620	56097840	4	2
TCGA-IS-A3KA	4	56105330	87722227	2	1
TCGA-IS-A3KA	4	87726018	115191259	1	1
TCGA-IS-A3KA	4	115192644	118390464	1	0
TCGA-IS-A3KA	4	118391129	118940551	1	1
TCGA-IS-A3KA	4	118940867	120778093	1	0
TCGA-IS-A3KA	4	120782143	156724004	1	1
TCGA-IS-A3KA	4	156725358	176313927	1	0
TCGA-IS-A3KA	4	176317780	178598323	2	1
TCGA-IS-A3KA	4	178598372	191027923	1	0
TCGA-IS-A3KA	5	15532	30042068	2	1
TCGA-IS-A3KA	5	30045406	180790320	2	2
TCGA-IS-A3KA	6	149661	5884806	3	2
TCGA-IS-A3KA	6	5884859	7660221	2	2
TCGA-IS-A3KA	6	7660305	9302024	2	1
TCGA-IS-A3KA	6	9304313	10159417	2	2
TCGA-IS-A3KA	6	10159814	12882064	2	1
TCGA-IS-A3KA	6	12886376	12922689	2	2
TCGA-IS-A3KA	6	12923157	15707373	3	2
TCGA-IS-A3KA	6	15707429	17973968	2	1
TCGA-IS-A3KA	6	17974634	21779547	5	2
TCGA-IS-A3KA	6	21780789	32412435	3	2
TCGA-IS-A3KA	6	32412480	37114994	3	1
TCGA-IS-A3KA	6	37116064	39736402	31	0
TCGA-IS-A3KA	6	39737234	39767137	3	0
TCGA-IS-A3KA	6	39768005	42707630	29	0
TCGA-IS-A3KA	6	42708628	52597003	3	1
TCGA-IS-A3KA	6	52600838	69208197	2	2
TCGA-IS-A3KA	6	69208444	90373988	2	1
TCGA-IS-A3KA	6	90374283	92666889	4	2
TCGA-IS-A3KA	6	92672765	93812283	2	1
TCGA-IS-A3KA	6	93825617	94223268	2	0
TCGA-IS-A3KA	6	94232388	102166655	5	2
TCGA-IS-A3KA	6	102169427	171051005	2	1
TCGA-IS-A3KA	7	43259	27772605	2	1
TCGA-IS-A3KA	7	27775628	50179841	2	2
TCGA-IS-A3KA	7	50180112	63646665	2	1
TCGA-IS-A3KA	7	63647027	118854591	2	2
TCGA-IS-A3KA	7	118863961	155552764	2	1
TCGA-IS-A3KA	7	155552951	158196279	2	2
TCGA-IS-A3KA	7	158198291	159127004	3	1
TCGA-IS-A3KA	8	31254	42066628	2	2
TCGA-IS-A3KA	8	42068703	69794833	2	1
TCGA-IS-A3KA	8	69795371	70506773	3	2
TCGA-IS-A3KA	8	70506969	76752747	2	1
TCGA-IS-A3KA	8	76752763	77321059	2	2
TCGA-IS-A3KA	8	77323624	80433720	2	1
TCGA-IS-A3KA	8	80439899	122805663	2	2
TCGA-IS-A3KA	8	122806431	145900544	2	1
TCGA-IS-A3KA	8	145904090	146298155	2	0
TCGA-IS-A3KA	9	46587	8972925	2	2
TCGA-IS-A3KA	9	8973980	15145335	3	2
TCGA-IS-A3KA	9	15149076	23342211	2	2
TCGA-IS-A3KA	9	23342927	30917365	2	1
TCGA-IS-A3KA	9	30918195	47217176	2	2
TCGA-IS-A3KA	9	65616971	141091394	2	1
TCGA-IS-A3KA	10	72759	36031430	3	2
TCGA-IS-A3KA	10	36031497	37364301	4	3
TCGA-IS-A3KA	10	37367894	43089685	3	2
TCGA-IS-A3KA	10	43090783	135506704	2	0
TCGA-IS-A3KA	11	198572	50643915	2	2
TCGA-IS-A3KA	11	50651567	56811917	3	1
TCGA-IS-A3KA	11	56812393	88470365	1	1
TCGA-IS-A3KA	11	88470402	91322933	3	1
TCGA-IS-A3KA	11	91323272	99172611	2	1
TCGA-IS-A3KA	11	99173271	101341565	1	1
TCGA-IS-A3KA	11	101343629	102115531	2	1
TCGA-IS-A3KA	11	102124457	105304060	1	1
TCGA-IS-A3KA	11	105304222	107678760	2	1
TCGA-IS-A3KA	11	107678920	115083555	1	1
TCGA-IS-A3KA	11	115085586	123796924	2	1
TCGA-IS-A3KA	11	123799433	134944770	2	0
TCGA-IS-A3KA	12	150442	1525353	2	0
TCGA-IS-A3KA	12	1527187	27005960	2	1
TCGA-IS-A3KA	12	27006891	38171178	2	2
TCGA-IS-A3KA	12	38182489	47593090	3	2
TCGA-IS-A3KA	12	47593232	133492472	2	1
TCGA-IS-A3KA	12	133497874	133778189	1	0
TCGA-IS-A3KA	13	19026949	48706932	2	1
TCGA-IS-A3KA	13	48707094	49068419	2	0
TCGA-IS-A3KA	13	49072530	49143840	4	1
TCGA-IS-A3KA	13	49144613	50185910	2	0
TCGA-IS-A3KA	13	50189313	114213031	3	2
TCGA-IS-A3KA	13	114213154	115108397	3	1
TCGA-IS-A3KA	14	19002124	22338725	2	2
TCGA-IS-A3KA	14	22340127	22947282	3	3
TCGA-IS-A3KA	14	22947903	28609673	2	2
TCGA-IS-A3KA	14	28614685	30843318	3	2
TCGA-IS-A3KA	14	30844413	33940069	2	1
TCGA-IS-A3KA	14	33940383	107285437	2	2
TCGA-IS-A3KA	15	20016328	89402896	3	2
TCGA-IS-A3KA	15	89402925	102469040	3	3
TCGA-IS-A3KA	16	60777	20546937	3	2
TCGA-IS-A3KA	16	20548334	22929538	3	1
TCGA-IS-A3KA	16	22930600	35283226	2	2
TCGA-IS-A3KA	16	46463782	89797627	1	1
TCGA-IS-A3KA	16	89797666	90287535	1	0
TCGA-IS-A3KA	17	526	21715142	3	0
TCGA-IS-A3KA	17	21716624	27537278	3	2
TCGA-IS-A3KA	17	27537626	63457975	3	0
TCGA-IS-A3KA	17	63459786	64428738	3	1
TCGA-IS-A3KA	17	64431594	68962881	4	3
TCGA-IS-A3KA	17	68968034	79676310	3	0
TCGA-IS-A3KA	17	79682051	80909086	2	0
TCGA-IS-A3KA	17	80909157	81049726	1	0
TCGA-IS-A3KA	18	48133	78015057	2	2
TCGA-IS-A3KA	19	90910	1022781	2	0
TCGA-IS-A3KA	19	1023867	24507172	2	1
TCGA-IS-A3KA	19	24521623	36988222	4	2
TCGA-IS-A3KA	19	37000163	59097854	2	1
TCGA-IS-A3KA	20	61305	288968	2	1
TCGA-IS-A3KA	20	288996	62956153	3	2
TCGA-IS-A3KA	21	10736871	48096957	2	2
TCGA-IS-A3KA	22	16052528	17830125	2	1
TCGA-IS-A3KA	22	17831813	22970139	3	1
TCGA-IS-A3KA	22	22971667	24122321	1	1
TCGA-IS-A3KA	22	24133570	27609597	4	1
TCGA-IS-A3KA	22	27609860	31283830	3	1
TCGA-IS-A3KA	22	31283979	34313757	2	1
TCGA-IS-A3KA	22	34314596	51234455	1	1
TCGA-IS-A3KA	X	168477	2017562	2	0
TCGA-IS-A3KA	X	2019962	14804437	2	1
TCGA-IS-A3KA	X	14818210	18529542	1	1
TCGA-IS-A3KA	X	18530220	37645639	4	1
TCGA-IS-A3KA	X	37646015	37704659	6	2
TCGA-IS-A3KA	X	37708685	37864888	8	4
TCGA-IS-A3KA	X	37866952	45411545	4	3
TCGA-IS-A3KA	X	45411918	46044613	5	4
TCGA-IS-A3KA	X	46045800	56645002	3	3
TCGA-IS-A3KA	X	56648974	73747833	3	2
TCGA-IS-A3KA	X	73757533	77253998	4	1
TCGA-IS-A3KA	X	77257177	92906149	3	2
TCGA-IS-A3KA	X	92907275	109795562	2	0
TCGA-IS-A3KA	X	109796392	155233846	1	0
