sample	chr	startpos	endpos	nMajor	nMinor
TCGA-ER-A19H	1	61735	4171329	2	2
TCGA-ER-A19H	1	4171343	49542602	2	1
TCGA-ER-A19H	1	49547954	108611432	2	2
TCGA-ER-A19H	1	108612077	121482979	2	1
TCGA-ER-A19H	1	144007049	187821262	2	2
TCGA-ER-A19H	1	187822545	195174615	2	1
TCGA-ER-A19H	1	195175433	195844270	2	0
TCGA-ER-A19H	1	195846460	238837167	2	1
TCGA-ER-A19H	1	238837866	239045360	2	0
TCGA-ER-A19H	1	239045743	242282285	2	1
TCGA-ER-A19H	1	242285040	249224388	2	2
TCGA-ER-A19H	2	12784	24886155	2	2
TCGA-ER-A19H	2	24891193	25052599	4	2
TCGA-ER-A19H	2	25059497	45328303	2	2
TCGA-ER-A19H	2	45331043	45343221	1	1
TCGA-ER-A19H	2	45344302	169810024	2	2
TCGA-ER-A19H	2	169811224	243089456	2	1
TCGA-ER-A19H	3	60345	111034635	2	0
TCGA-ER-A19H	3	111036359	111059861	0	0
TCGA-ER-A19H	3	111065730	119473416	2	0
TCGA-ER-A19H	3	119473993	119606251	3	0
TCGA-ER-A19H	3	119606370	197896118	2	0
TCGA-ER-A19H	4	12281	5179702	3	1
TCGA-ER-A19H	4	5181189	121936795	3	0
TCGA-ER-A19H	4	121937065	151015311	3	1
TCGA-ER-A19H	4	151015661	153549209	3	0
TCGA-ER-A19H	4	153550172	185113785	3	1
TCGA-ER-A19H	4	185114825	187060048	3	0
TCGA-ER-A19H	4	187060255	191027923	3	2
TCGA-ER-A19H	5	15532	54671813	2	1
TCGA-ER-A19H	5	54684350	79026280	2	0
TCGA-ER-A19H	5	79034662	136796743	2	1
TCGA-ER-A19H	5	136798090	180790320	2	0
TCGA-ER-A19H	6	149661	97724718	2	1
TCGA-ER-A19H	6	97726668	98432531	3	1
TCGA-ER-A19H	6	98436660	108888593	2	1
TCGA-ER-A19H	6	108889822	112282814	1	0
TCGA-ER-A19H	6	112283121	112599997	1	1
TCGA-ER-A19H	6	112600272	114208570	1	0
TCGA-ER-A19H	6	114209516	147255446	1	1
TCGA-ER-A19H	6	147258306	149340304	1	0
TCGA-ER-A19H	6	149340661	171051005	1	1
TCGA-ER-A19H	7	43259	68659	2	1
TCGA-ER-A19H	7	71276	13450956	2	2
TCGA-ER-A19H	7	13456829	13958897	3	2
TCGA-ER-A19H	7	13958936	14588672	5	2
TCGA-ER-A19H	7	14588777	15084850	3	2
TCGA-ER-A19H	7	15085872	38290714	2	2
TCGA-ER-A19H	7	38294101	38396476	4	3
TCGA-ER-A19H	7	38398047	61813787	2	2
TCGA-ER-A19H	7	61814092	64509365	3	2
TCGA-ER-A19H	7	64510663	82366156	2	2
TCGA-ER-A19H	7	82370755	82395241	1	1
TCGA-ER-A19H	7	82395322	98861915	2	2
TCGA-ER-A19H	7	98863019	104835224	4	0
TCGA-ER-A19H	7	104838030	108873698	7	0
TCGA-ER-A19H	7	108874117	111287980	4	0
TCGA-ER-A19H	7	111287998	111842254	6	0
TCGA-ER-A19H	7	111842588	159127004	4	0
TCGA-ER-A19H	8	31254	11668699	2	2
TCGA-ER-A19H	8	11670105	11835252	3	2
TCGA-ER-A19H	8	11835375	115098776	2	2
TCGA-ER-A19H	8	115098900	146298155	3	2
TCGA-ER-A19H	9	46587	141091394	2	0
TCGA-ER-A19H	10	72759	135506704	2	0
TCGA-ER-A19H	11	198572	83060768	2	1
TCGA-ER-A19H	11	83061481	83651632	2	2
TCGA-ER-A19H	11	83651769	134944770	2	1
TCGA-ER-A19H	12	150442	61058566	2	1
TCGA-ER-A19H	12	61060781	82289861	3	1
TCGA-ER-A19H	12	82289983	133778189	2	1
TCGA-ER-A19H	13	19026949	66008841	2	0
TCGA-ER-A19H	13	66011259	66127857	2	1
TCGA-ER-A19H	13	66131100	80168006	2	0
TCGA-ER-A19H	13	80169004	80935220	2	1
TCGA-ER-A19H	13	80936009	83965751	2	0
TCGA-ER-A19H	13	83968683	88472763	2	1
TCGA-ER-A19H	13	88474801	89325255	2	0
TCGA-ER-A19H	13	89332742	89688750	2	1
TCGA-ER-A19H	13	89690658	91300138	2	0
TCGA-ER-A19H	13	91307434	92133609	2	1
TCGA-ER-A19H	13	92133941	103531836	2	0
TCGA-ER-A19H	13	103532198	104162582	2	1
TCGA-ER-A19H	13	104162830	114858083	2	0
TCGA-ER-A19H	13	114860944	115108397	3	0
TCGA-ER-A19H	14	19002124	22565874	2	0
TCGA-ER-A19H	14	22567828	22960770	3	0
TCGA-ER-A19H	14	22960832	107285437	2	0
TCGA-ER-A19H	15	20016328	102469040	2	1
TCGA-ER-A19H	16	60777	82146085	2	1
TCGA-ER-A19H	16	82148378	83152847	2	2
TCGA-ER-A19H	16	83154022	90287535	2	1
TCGA-ER-A19H	17	526	81049726	2	1
TCGA-ER-A19H	18	48133	78015057	2	0
TCGA-ER-A19H	19	90910	11117436	2	0
TCGA-ER-A19H	19	11119272	11711962	2	2
TCGA-ER-A19H	19	11715514	11951796	2	0
TCGA-ER-A19H	19	11953561	14038931	2	2
TCGA-ER-A19H	19	14039377	43377287	2	1
TCGA-ER-A19H	19	43378907	49023610	2	2
TCGA-ER-A19H	19	49023671	59097854	2	0
TCGA-ER-A19H	20	61305	19801543	2	0
TCGA-ER-A19H	20	19801797	23646634	2	1
TCGA-ER-A19H	20	23647482	25339769	2	0
TCGA-ER-A19H	20	25340824	48586060	2	1
TCGA-ER-A19H	20	48587353	62956153	3	0
TCGA-ER-A19H	21	10736871	48096957	2	1
TCGA-ER-A19H	22	16052528	51234455	2	0
TCGA-ER-A19H	X	168477	155233846	2	0
