sample	chr	startpos	endpos	nMajor	nMinor
TCGA-E7-A4IJ	1	61735	150092942	4	1
TCGA-E7-A4IJ	1	150093758	151008852	4	3
TCGA-E7-A4IJ	1	151008928	170239441	5	4
TCGA-E7-A4IJ	1	170239716	174462176	6	5
TCGA-E7-A4IJ	1	174466377	174804979	4	0
TCGA-E7-A4IJ	1	174805022	183564301	5	5
TCGA-E7-A4IJ	1	183565989	188241206	6	5
TCGA-E7-A4IJ	1	188245479	193055149	5	4
TCGA-E7-A4IJ	1	193055525	249224388	4	0
TCGA-E7-A4IJ	2	12784	23521738	5	0
TCGA-E7-A4IJ	2	23522173	25421803	4	0
TCGA-E7-A4IJ	2	25433366	41388207	6	0
TCGA-E7-A4IJ	2	41389642	96207324	5	0
TCGA-E7-A4IJ	2	96207424	103719502	7	2
TCGA-E7-A4IJ	2	103722010	130364622	3	2
TCGA-E7-A4IJ	2	130368088	137771860	4	3
TCGA-E7-A4IJ	2	137773905	140218663	4	0
TCGA-E7-A4IJ	2	140224558	143301846	5	4
TCGA-E7-A4IJ	2	143302459	145526578	12	4
TCGA-E7-A4IJ	2	145527933	173061534	5	5
TCGA-E7-A4IJ	2	173061750	174163320	3	3
TCGA-E7-A4IJ	2	174165043	181532626	4	4
TCGA-E7-A4IJ	2	181535636	183217590	7	3
TCGA-E7-A4IJ	2	183217590	194969444	4	3
TCGA-E7-A4IJ	2	194970694	243089456	4	0
TCGA-E7-A4IJ	3	60345	10684256	3	1
TCGA-E7-A4IJ	3	10684287	11998942	3	2
TCGA-E7-A4IJ	3	11999083	12564302	7	2
TCGA-E7-A4IJ	3	12568425	14829040	3	3
TCGA-E7-A4IJ	3	14829166	59895404	3	2
TCGA-E7-A4IJ	3	59895668	60029928	6	2
TCGA-E7-A4IJ	3	60031518	90502862	3	2
TCGA-E7-A4IJ	3	93519478	197896118	6	2
TCGA-E7-A4IJ	4	12281	35713404	4	0
TCGA-E7-A4IJ	4	35713914	191027923	4	1
TCGA-E7-A4IJ	5	15532	18058276	5	4
TCGA-E7-A4IJ	5	18060944	25928963	5	5
TCGA-E7-A4IJ	5	25929740	51489622	3	3
TCGA-E7-A4IJ	5	51493935	73979444	4	0
TCGA-E7-A4IJ	5	73982712	74443132	9	0
TCGA-E7-A4IJ	5	74448917	180790320	4	0
TCGA-E7-A4IJ	6	149661	2905706	3	0
TCGA-E7-A4IJ	6	2905782	3076336	6	1
TCGA-E7-A4IJ	6	3076969	12788776	3	0
TCGA-E7-A4IJ	6	12788776	15437390	6	0
TCGA-E7-A4IJ	6	15440339	18445750	11	0
TCGA-E7-A4IJ	6	18445794	21245429	13	0
TCGA-E7-A4IJ	6	21248482	24713187	16	0
TCGA-E7-A4IJ	6	24716221	34744615	6	0
TCGA-E7-A4IJ	6	34751064	38800901	3	0
TCGA-E7-A4IJ	6	38801006	42190556	6	0
TCGA-E7-A4IJ	6	42193663	44064064	9	0
TCGA-E7-A4IJ	6	44064694	44645736	9	9
TCGA-E7-A4IJ	6	44645943	46441003	6	2
TCGA-E7-A4IJ	6	46443475	46508154	4	3
TCGA-E7-A4IJ	6	46515284	48839161	3	2
TCGA-E7-A4IJ	6	48840782	49788296	4	4
TCGA-E7-A4IJ	6	49788395	53242596	5	5
TCGA-E7-A4IJ	6	53242804	55141184	3	2
TCGA-E7-A4IJ	6	55141241	56107886	4	3
TCGA-E7-A4IJ	6	56108853	73473322	2	2
TCGA-E7-A4IJ	6	73474570	78268773	4	1
TCGA-E7-A4IJ	6	78268881	117731107	3	1
TCGA-E7-A4IJ	6	117731177	171051005	2	2
TCGA-E7-A4IJ	7	43259	16672849	5	4
TCGA-E7-A4IJ	7	16677143	16723675	4	0
TCGA-E7-A4IJ	7	16725088	17460119	5	5
TCGA-E7-A4IJ	7	17461103	17848792	7	6
TCGA-E7-A4IJ	7	17852547	63297807	5	4
TCGA-E7-A4IJ	7	63298188	158985901	3	3
TCGA-E7-A4IJ	7	158986017	159127004	7	2
TCGA-E7-A4IJ	8	31254	5809943	4	0
TCGA-E7-A4IJ	8	5809978	36965320	3	0
TCGA-E7-A4IJ	8	36969766	46863535	4	4
TCGA-E7-A4IJ	8	46912027	74814261	4	0
TCGA-E7-A4IJ	8	74820596	106115499	4	4
TCGA-E7-A4IJ	8	106115723	119336635	5	4
TCGA-E7-A4IJ	8	119337002	120082602	3	3
TCGA-E7-A4IJ	8	120083751	138809874	4	4
TCGA-E7-A4IJ	8	138810275	146298155	4	3
TCGA-E7-A4IJ	9	46587	141091394	5	0
TCGA-E7-A4IJ	10	72759	43430636	3	2
TCGA-E7-A4IJ	10	43431173	45431290	7	2
TCGA-E7-A4IJ	10	45431321	45974450	12	2
TCGA-E7-A4IJ	10	45978354	49397486	6	2
TCGA-E7-A4IJ	10	49401676	50310523	16	1
TCGA-E7-A4IJ	10	50315080	51136387	2	1
TCGA-E7-A4IJ	10	51197138	51635623	5	2
TCGA-E7-A4IJ	10	51641817	77175994	2	2
TCGA-E7-A4IJ	10	77183994	77466757	2	0
TCGA-E7-A4IJ	10	77469230	101398259	2	2
TCGA-E7-A4IJ	10	101400037	109930710	3	1
TCGA-E7-A4IJ	10	109930795	135506704	2	2
TCGA-E7-A4IJ	11	198572	55277617	5	0
TCGA-E7-A4IJ	11	55277761	134944770	4	0
TCGA-E7-A4IJ	12	150442	3622817	5	4
TCGA-E7-A4IJ	12	3624324	4805125	4	3
TCGA-E7-A4IJ	12	4805158	15330537	5	4
TCGA-E7-A4IJ	12	15332867	44048328	4	3
TCGA-E7-A4IJ	12	44050859	58685598	4	1
TCGA-E7-A4IJ	12	58691023	59004507	1	0
TCGA-E7-A4IJ	12	59005391	133778189	4	1
TCGA-E7-A4IJ	13	19026949	20836930	4	1
TCGA-E7-A4IJ	13	20836940	24141790	4	0
TCGA-E7-A4IJ	13	24142867	24911680	2	0
TCGA-E7-A4IJ	13	24916077	25876273	5	0
TCGA-E7-A4IJ	13	25876334	27607642	9	0
TCGA-E7-A4IJ	13	27608867	28856288	10	0
TCGA-E7-A4IJ	13	28858812	29691685	4	0
TCGA-E7-A4IJ	13	29692091	30275107	8	0
TCGA-E7-A4IJ	13	30276819	31171778	2	0
TCGA-E7-A4IJ	13	31172028	33627458	4	0
TCGA-E7-A4IJ	13	33627693	38151202	2	0
TCGA-E7-A4IJ	13	38155909	38678684	7	0
TCGA-E7-A4IJ	13	38680001	39242025	4	0
TCGA-E7-A4IJ	13	39244418	40397195	6	0
TCGA-E7-A4IJ	13	40407037	41662091	10	0
TCGA-E7-A4IJ	13	41665956	49784367	2	0
TCGA-E7-A4IJ	13	49789164	51054925	14	0
TCGA-E7-A4IJ	13	51055196	53130473	10	0
TCGA-E7-A4IJ	13	53139144	71106635	2	0
TCGA-E7-A4IJ	13	71118371	73489483	2	1
TCGA-E7-A4IJ	13	73491375	115108397	2	2
TCGA-E7-A4IJ	14	19002124	22433866	4	0
TCGA-E7-A4IJ	14	22435602	22975700	5	0
TCGA-E7-A4IJ	14	22975728	54699995	4	0
TCGA-E7-A4IJ	14	54713774	55146226	6	0
TCGA-E7-A4IJ	14	55147075	68188923	4	0
TCGA-E7-A4IJ	14	68189736	69015393	2	0
TCGA-E7-A4IJ	14	69018070	107285437	4	0
TCGA-E7-A4IJ	15	20016328	102469040	2	2
TCGA-E7-A4IJ	16	60777	35283226	3	2
TCGA-E7-A4IJ	16	46463782	90287535	4	0
TCGA-E7-A4IJ	17	526	22202897	4	0
TCGA-E7-A4IJ	17	22206974	67799141	3	3
TCGA-E7-A4IJ	17	67799876	70437043	4	3
TCGA-E7-A4IJ	17	70437960	70485722	2	1
TCGA-E7-A4IJ	17	70485947	70577205	1	1
TCGA-E7-A4IJ	17	70577660	81049726	3	3
TCGA-E7-A4IJ	18	48133	8318858	3	1
TCGA-E7-A4IJ	18	8319335	11398924	5	4
TCGA-E7-A4IJ	18	11405068	15149068	4	1
TCGA-E7-A4IJ	18	15152212	20777252	2	2
TCGA-E7-A4IJ	18	20777399	56247600	2	1
TCGA-E7-A4IJ	18	56251704	78015057	3	2
TCGA-E7-A4IJ	19	90910	3979372	2	2
TCGA-E7-A4IJ	19	3979408	24596750	2	1
TCGA-E7-A4IJ	19	27747993	30547508	24	2
TCGA-E7-A4IJ	19	30548195	30996525	14	2
TCGA-E7-A4IJ	19	30997604	31335161	28	1
TCGA-E7-A4IJ	19	31336875	33973542	2	0
TCGA-E7-A4IJ	19	33973913	59097854	7	0
TCGA-E7-A4IJ	20	61305	15065374	3	2
TCGA-E7-A4IJ	20	15066439	16096330	2	0
TCGA-E7-A4IJ	20	16097070	29529915	3	2
TCGA-E7-A4IJ	20	29533682	44505359	5	4
TCGA-E7-A4IJ	20	44506418	62956153	4	4
TCGA-E7-A4IJ	21	10736871	15685182	11	2
TCGA-E7-A4IJ	21	15685452	20549761	7	7
TCGA-E7-A4IJ	21	20550820	21869035	9	8
TCGA-E7-A4IJ	21	21869075	48096957	7	6
TCGA-E7-A4IJ	22	16052528	23872134	4	1
TCGA-E7-A4IJ	22	23872195	25606207	6	1
TCGA-E7-A4IJ	22	25606347	25903543	19	0
TCGA-E7-A4IJ	22	25903568	26658299	11	1
TCGA-E7-A4IJ	22	26658556	27715760	14	1
TCGA-E7-A4IJ	22	27716439	28371541	20	1
TCGA-E7-A4IJ	22	28372607	28957498	41	1
TCGA-E7-A4IJ	22	28964174	29242643	15	1
TCGA-E7-A4IJ	22	29243357	29494624	5	1
TCGA-E7-A4IJ	22	29494985	31921700	10	1
TCGA-E7-A4IJ	22	31921968	33061617	6	1
TCGA-E7-A4IJ	22	33066681	33942933	14	1
TCGA-E7-A4IJ	22	33943284	34993152	20	1
TCGA-E7-A4IJ	22	34993396	35226297	15	1
TCGA-E7-A4IJ	22	35228970	51234455	2	2
TCGA-E7-A4IJ	X	168477	2706944	4	0
TCGA-E7-A4IJ	X	2707734	2750307	3	0
TCGA-E7-A4IJ	X	2751700	6713841	4	0
TCGA-E7-A4IJ	X	6714879	7573818	2	0
TCGA-E7-A4IJ	X	7575734	9862168	4	0
TCGA-E7-A4IJ	X	9868044	10022070	3	0
TCGA-E7-A4IJ	X	10022137	10966594	4	0
TCGA-E7-A4IJ	X	10966669	11181641	5	0
TCGA-E7-A4IJ	X	11182018	12042384	4	0
TCGA-E7-A4IJ	X	12042735	12113301	5	0
TCGA-E7-A4IJ	X	12113738	12278074	4	0
TCGA-E7-A4IJ	X	12278782	12324246	5	0
TCGA-E7-A4IJ	X	12325077	14253743	4	0
TCGA-E7-A4IJ	X	14256250	14515041	5	0
TCGA-E7-A4IJ	X	14515042	14660553	4	0
TCGA-E7-A4IJ	X	14660921	14736739	3	0
TCGA-E7-A4IJ	X	14738521	15886885	4	0
TCGA-E7-A4IJ	X	15887612	16091326	5	0
TCGA-E7-A4IJ	X	16093901	16173180	4	0
TCGA-E7-A4IJ	X	16174557	16221373	3	0
TCGA-E7-A4IJ	X	16221724	16260713	5	0
TCGA-E7-A4IJ	X	16261250	17292176	4	0
TCGA-E7-A4IJ	X	17292827	17389646	5	0
TCGA-E7-A4IJ	X	17390542	19416965	4	0
TCGA-E7-A4IJ	X	19424131	19547660	3	0
TCGA-E7-A4IJ	X	19551017	19824738	4	0
TCGA-E7-A4IJ	X	19825420	19891096	5	0
TCGA-E7-A4IJ	X	19893359	20493552	4	0
TCGA-E7-A4IJ	X	20496532	20582255	5	0
TCGA-E7-A4IJ	X	20582600	49969550	4	0
TCGA-E7-A4IJ	X	49970156	52593543	5	0
TCGA-E7-A4IJ	X	52595110	77478316	4	0
TCGA-E7-A4IJ	X	77481573	79255141	3	0
TCGA-E7-A4IJ	X	79255480	79350365	4	0
TCGA-E7-A4IJ	X	79357595	97041779	3	0
TCGA-E7-A4IJ	X	97042373	99013985	4	0
TCGA-E7-A4IJ	X	99014115	108946513	3	0
TCGA-E7-A4IJ	X	108951019	109387804	5	0
TCGA-E7-A4IJ	X	109387928	129264723	3	0
TCGA-E7-A4IJ	X	129265394	129502784	4	0
TCGA-E7-A4IJ	X	129503288	154780270	3	0
TCGA-E7-A4IJ	X	154780433	155233846	2	0
