sample	chr	startpos	endpos	nMajor	nMinor
TCGA-AB-2830	1	61735	249224388	1	1
TCGA-AB-2830	2	12784	243089456	1	1
TCGA-AB-2830	3	60345	197896118	1	1
TCGA-AB-2830	4	12281	191027923	1	1
TCGA-AB-2830	5	15532	180790320	1	1
TCGA-AB-2830	6	149661	171051005	1	1
TCGA-AB-2830	7	43259	159127004	1	1
TCGA-AB-2830	8	31254	146298155	1	1
TCGA-AB-2830	9	46587	141091394	1	1
TCGA-AB-2830	10	72759	135506704	1	1
TCGA-AB-2830	11	198572	50769317	1	1
TCGA-AB-2830	11	51096372	134944770	2	1
TCGA-AB-2830	12	150442	133778189	1	1
TCGA-AB-2830	13	19026949	115108397	1	1
TCGA-AB-2830	14	19002124	107285437	1	1
TCGA-AB-2830	15	20016328	102469040	1	1
TCGA-AB-2830	16	60777	90287535	1	1
TCGA-AB-2830	17	526	81049726	1	1
TCGA-AB-2830	18	48133	78015057	1	1
TCGA-AB-2830	19	90910	59097854	1	1
TCGA-AB-2830	20	61305	62956153	1	1
TCGA-AB-2830	21	10736871	48096957	1	1
TCGA-AB-2830	22	16052528	51234455	1	1
TCGA-AB-2830	X	168477	155233846	1	1
