sample	chr	startpos	endpos	nMajor	nMinor
TCGA-24-0975	1	61735	39065453	1	0
TCGA-24-0975	1	39065823	84894012	1	1
TCGA-24-0975	1	84894055	117762422	1	0
TCGA-24-0975	1	117767736	249224388	1	1
TCGA-24-0975	2	12784	243089456	1	1
TCGA-24-0975	3	60345	34311937	1	0
TCGA-24-0975	3	34312650	132435823	1	1
TCGA-24-0975	3	132437390	149978556	2	1
TCGA-24-0975	3	149988283	189071885	2	0
TCGA-24-0975	3	189075327	197896118	2	1
TCGA-24-0975	4	12281	14701956	2	0
TCGA-24-0975	4	14705595	133566425	1	0
TCGA-24-0975	4	133568997	191027923	2	0
TCGA-24-0975	5	15532	1375080	3	1
TCGA-24-0975	5	1375977	38633322	2	1
TCGA-24-0975	5	38635247	65544609	1	1
TCGA-24-0975	5	65546068	112551508	1	0
TCGA-24-0975	5	112555386	180790320	1	1
TCGA-24-0975	6	149661	27310533	2	0
TCGA-24-0975	6	27312078	35722439	1	0
TCGA-24-0975	6	35725855	96317447	1	1
TCGA-24-0975	6	96317644	98514165	2	1
TCGA-24-0975	6	98515250	112295888	2	0
TCGA-24-0975	6	112295957	171051005	1	0
TCGA-24-0975	7	43259	133887431	1	1
TCGA-24-0975	7	133888403	159127004	1	0
TCGA-24-0975	8	31254	36766538	1	0
TCGA-24-0975	8	36770297	50280519	1	1
TCGA-24-0975	8	50280536	116903527	2	1
TCGA-24-0975	8	116903641	146298155	3	1
TCGA-24-0975	9	46587	89929459	1	1
TCGA-24-0975	9	89929859	141091394	1	0
TCGA-24-0975	10	72759	4168511	1	0
TCGA-24-0975	10	4173280	18369959	2	1
TCGA-24-0975	10	18370324	109911242	1	1
TCGA-24-0975	10	109911315	135506704	2	1
TCGA-24-0975	11	198572	27047099	1	0
TCGA-24-0975	11	27047798	69428318	1	1
TCGA-24-0975	11	69431506	98035433	2	1
TCGA-24-0975	11	98038085	134944770	1	1
TCGA-24-0975	12	150442	114587654	1	1
TCGA-24-0975	12	114588144	133778189	1	0
TCGA-24-0975	13	19026949	34084052	1	0
TCGA-24-0975	13	34088583	115108397	2	0
TCGA-24-0975	14	19002124	103408701	1	0
TCGA-24-0975	14	103408849	107285437	2	1
TCGA-24-0975	15	20016328	97394763	1	1
TCGA-24-0975	15	97394826	102469040	2	1
TCGA-24-0975	16	60777	1109435	1	1
TCGA-24-0975	16	1111425	24362208	1	0
TCGA-24-0975	16	24365566	69203195	1	1
TCGA-24-0975	16	69203457	90287535	1	0
TCGA-24-0975	17	526	34969798	1	0
TCGA-24-0975	17	34969832	67205359	2	0
TCGA-24-0975	17	67206070	76110518	3	0
TCGA-24-0975	17	76111203	81049726	4	0
TCGA-24-0975	18	48133	78015057	1	1
TCGA-24-0975	19	90910	5618555	1	0
TCGA-24-0975	19	5618654	59097854	1	1
TCGA-24-0975	20	61305	29651369	1	0
TCGA-24-0975	20	29651749	62956153	2	1
TCGA-24-0975	21	10736871	18431858	1	1
TCGA-24-0975	21	18434446	48096957	1	0
TCGA-24-0975	22	16052528	51234455	1	0
TCGA-24-0975	X	168477	42718707	1	0
TCGA-24-0975	X	42719845	155233846	1	1
