sample	chr	startpos	endpos	nMajor	nMinor
TCGA-EW-A423	1	61735	31802788	2	0
TCGA-EW-A423	1	31805082	121482979	2	2
TCGA-EW-A423	1	144007049	249224388	4	2
TCGA-EW-A423	2	12784	157223312	1	1
TCGA-EW-A423	2	157223498	160810984	2	1
TCGA-EW-A423	2	160811184	243089456	1	1
TCGA-EW-A423	3	60345	81660022	2	0
TCGA-EW-A423	3	81660083	197896118	2	1
TCGA-EW-A423	4	12281	44264047	2	1
TCGA-EW-A423	4	44273304	46642134	2	0
TCGA-EW-A423	4	46645963	191027923	2	1
TCGA-EW-A423	5	15532	43433554	2	2
TCGA-EW-A423	5	43433735	44417970	3	2
TCGA-EW-A423	5	44422633	44778721	8	5
TCGA-EW-A423	5	44788265	180790320	2	2
TCGA-EW-A423	6	149661	171051005	2	2
TCGA-EW-A423	7	43259	159127004	2	2
TCGA-EW-A423	8	31254	146298155	2	1
TCGA-EW-A423	9	46587	141091394	2	0
TCGA-EW-A423	10	72759	135506704	2	2
TCGA-EW-A423	11	198572	5862619	2	2
TCGA-EW-A423	11	5862653	6181310	2	0
TCGA-EW-A423	11	6183189	55842512	2	2
TCGA-EW-A423	11	55842645	64584959	2	0
TCGA-EW-A423	11	64584987	68346277	2	2
TCGA-EW-A423	11	68350914	69610448	21	1
TCGA-EW-A423	11	69610794	70512361	14	1
TCGA-EW-A423	11	70512870	71104882	11	2
TCGA-EW-A423	11	71105211	71839398	5	2
TCGA-EW-A423	11	71839656	72510664	2	2
TCGA-EW-A423	11	72516581	74220688	7	2
TCGA-EW-A423	11	74225531	75554080	3	2
TCGA-EW-A423	11	75556323	76498438	6	2
TCGA-EW-A423	11	76509297	134944770	2	0
TCGA-EW-A423	12	150442	74866237	2	1
TCGA-EW-A423	12	74866713	122158057	2	0
TCGA-EW-A423	12	122158662	133778189	2	1
TCGA-EW-A423	13	19026949	109760115	2	2
TCGA-EW-A423	13	109760951	110278991	2	1
TCGA-EW-A423	13	110283468	115108397	2	2
TCGA-EW-A423	14	19002124	22328365	2	0
TCGA-EW-A423	14	22328573	22983223	3	0
TCGA-EW-A423	14	22988022	29601353	2	0
TCGA-EW-A423	14	29602012	32291764	7	2
TCGA-EW-A423	14	32292460	34114967	22	1
TCGA-EW-A423	14	34116992	46273783	2	0
TCGA-EW-A423	14	46276543	46317212	22	5
TCGA-EW-A423	14	46317763	46475930	26	1
TCGA-EW-A423	14	46482399	107285437	2	0
TCGA-EW-A423	15	20016328	56898174	2	0
TCGA-EW-A423	15	56899523	59267393	2	1
TCGA-EW-A423	15	59268410	59381931	2	0
TCGA-EW-A423	15	59384202	102469040	2	1
TCGA-EW-A423	16	60777	35283226	2	2
TCGA-EW-A423	16	46463782	70896626	2	0
TCGA-EW-A423	16	70898912	71202489	4	0
TCGA-EW-A423	16	71202797	90287535	2	0
TCGA-EW-A423	17	526	12895855	2	0
TCGA-EW-A423	17	12895984	13062516	2	1
TCGA-EW-A423	17	13062795	19822176	2	0
TCGA-EW-A423	17	19827732	21549157	2	1
TCGA-EW-A423	17	21550712	25270411	2	0
TCGA-EW-A423	17	25270517	81049726	2	2
TCGA-EW-A423	18	48133	78015057	2	0
TCGA-EW-A423	19	90910	4346402	2	0
TCGA-EW-A423	19	4349816	59097854	2	2
TCGA-EW-A423	20	61305	4764629	2	2
TCGA-EW-A423	20	4764682	6893685	4	2
TCGA-EW-A423	20	6896814	13424744	2	2
TCGA-EW-A423	20	13431697	16813687	2	0
TCGA-EW-A423	20	16817706	17304403	2	2
TCGA-EW-A423	20	17305629	17528474	2	0
TCGA-EW-A423	20	17529241	17827622	2	2
TCGA-EW-A423	20	17829161	18227170	2	1
TCGA-EW-A423	20	18227355	19338569	2	0
TCGA-EW-A423	20	19339781	20178250	2	1
TCGA-EW-A423	20	20179240	22019071	2	0
TCGA-EW-A423	20	22021373	23402774	2	1
TCGA-EW-A423	20	23403939	25514710	2	0
TCGA-EW-A423	20	25515177	62956153	2	2
TCGA-EW-A423	21	10736871	48096957	2	2
TCGA-EW-A423	22	16052528	29107945	2	0
TCGA-EW-A423	22	29115433	31082795	3	0
TCGA-EW-A423	22	31091934	51234455	2	0
TCGA-EW-A423	X	168477	144985871	2	2
TCGA-EW-A423	X	144986864	155233846	4	1
