sample	chr	startpos	endpos	nMajor	nMinor
TCGA-A6-6138	1	61735	249224388	1	1
TCGA-A6-6138	2	12784	182329490	1	1
TCGA-A6-6138	2	182329647	243089456	2	0
TCGA-A6-6138	3	60345	35234153	1	0
TCGA-A6-6138	3	35235122	37409781	1	1
TCGA-A6-6138	3	37414498	38938349	1	0
TCGA-A6-6138	3	38938411	60950612	1	1
TCGA-A6-6138	3	60957450	61210985	1	0
TCGA-A6-6138	3	61212774	197896118	1	1
TCGA-A6-6138	4	12281	107250301	1	1
TCGA-A6-6138	4	107250348	107753641	2	1
TCGA-A6-6138	4	107756496	185306842	1	1
TCGA-A6-6138	4	185307010	185430002	1	0
TCGA-A6-6138	4	185435456	191027923	1	1
TCGA-A6-6138	5	15532	104381709	1	1
TCGA-A6-6138	5	104385353	107308944	2	0
TCGA-A6-6138	5	107310203	107554051	1	0
TCGA-A6-6138	5	107556702	180790320	2	0
TCGA-A6-6138	6	149661	26591864	1	1
TCGA-A6-6138	6	26597924	29575405	2	1
TCGA-A6-6138	6	29575456	29670573	4	1
TCGA-A6-6138	6	29670652	43072970	2	1
TCGA-A6-6138	6	43078032	168380106	1	1
TCGA-A6-6138	6	168382079	171051005	2	1
TCGA-A6-6138	7	43259	159127004	2	1
TCGA-A6-6138	8	31254	146298155	1	1
TCGA-A6-6138	9	46587	141091394	1	1
TCGA-A6-6138	10	72759	54780677	1	1
TCGA-A6-6138	10	54780847	59472002	1	0
TCGA-A6-6138	10	59472250	111262923	1	1
TCGA-A6-6138	10	111263652	120481153	1	0
TCGA-A6-6138	10	120482472	135506704	1	1
TCGA-A6-6138	11	198572	134944770	1	1
TCGA-A6-6138	12	150442	133778189	2	0
TCGA-A6-6138	13	19026949	115108397	3	1
TCGA-A6-6138	14	19002124	107285437	1	0
TCGA-A6-6138	15	20016328	102469040	1	0
TCGA-A6-6138	16	60777	77909092	1	1
TCGA-A6-6138	16	77909164	90287535	1	0
TCGA-A6-6138	17	526	21816860	1	0
TCGA-A6-6138	17	21817292	22227836	2	1
TCGA-A6-6138	17	22227841	32248734	1	1
TCGA-A6-6138	17	32248969	32938034	1	0
TCGA-A6-6138	17	32943643	41418287	1	1
TCGA-A6-6138	17	41418334	42223134	1	0
TCGA-A6-6138	17	42223175	70421178	1	1
TCGA-A6-6138	17	70421289	70542147	1	0
TCGA-A6-6138	17	70547531	81049726	1	1
TCGA-A6-6138	18	48133	5057934	1	1
TCGA-A6-6138	18	5067722	6625577	1	0
TCGA-A6-6138	18	6626372	19738693	1	1
TCGA-A6-6138	18	19740581	20147927	1	0
TCGA-A6-6138	18	20151361	36614381	1	1
TCGA-A6-6138	18	36622039	40536925	1	0
TCGA-A6-6138	18	40538677	48416522	1	1
TCGA-A6-6138	18	48422438	78015057	1	0
TCGA-A6-6138	19	90910	50053729	1	1
TCGA-A6-6138	19	50061111	59097854	2	1
TCGA-A6-6138	20	61305	20809499	1	1
TCGA-A6-6138	20	20816899	62956153	3	1
TCGA-A6-6138	21	10736871	48096957	1	1
TCGA-A6-6138	22	16052528	51234455	1	0
TCGA-A6-6138	X	168477	2703391	1	1
TCGA-A6-6138	X	2703633	7891626	1	0
TCGA-A6-6138	X	7894783	8080140	0	0
TCGA-A6-6138	X	8080446	154929308	1	0
TCGA-A6-6138	X	154929498	155233846	1	1
