sample	chr	startpos	endpos	nMajor	nMinor
TCGA-G9-6378	1	61735	92191534	1	1
TCGA-G9-6378	1	92191809	100863468	1	0
TCGA-G9-6378	1	100863831	166709642	1	1
TCGA-G9-6378	1	166709931	201503355	1	0
TCGA-G9-6378	1	201506613	249224388	1	1
TCGA-G9-6378	2	12784	243089456	1	1
TCGA-G9-6378	3	60345	197896118	1	1
TCGA-G9-6378	4	12281	191027923	1	1
TCGA-G9-6378	5	15532	180790320	1	1
TCGA-G9-6378	6	149661	171051005	1	1
TCGA-G9-6378	7	43259	159127004	1	1
TCGA-G9-6378	8	31254	19609029	1	1
TCGA-G9-6378	8	19609391	27471690	1	0
TCGA-G9-6378	8	27474202	146298155	1	1
TCGA-G9-6378	9	46587	141091394	1	1
TCGA-G9-6378	10	72759	135506704	1	1
TCGA-G9-6378	11	198572	134944770	1	1
TCGA-G9-6378	12	150442	133778189	1	1
TCGA-G9-6378	13	19026949	38825399	1	1
TCGA-G9-6378	13	38826537	39901448	1	0
TCGA-G9-6378	13	39901622	41292493	1	1
TCGA-G9-6378	13	41294792	115108397	1	0
TCGA-G9-6378	14	19002124	22473194	1	1
TCGA-G9-6378	14	22473714	22977829	3	2
TCGA-G9-6378	14	22978078	107285437	1	1
TCGA-G9-6378	15	20016328	102469040	1	1
TCGA-G9-6378	16	60777	90287535	1	1
TCGA-G9-6378	17	526	81049726	1	1
TCGA-G9-6378	18	48133	22787466	1	1
TCGA-G9-6378	18	22791049	78015057	1	0
TCGA-G9-6378	19	90910	40329478	1	1
TCGA-G9-6378	19	40332144	43010910	1	0
TCGA-G9-6378	19	43011432	51400356	1	1
TCGA-G9-6378	19	51400812	51718867	1	0
TCGA-G9-6378	19	51719472	59097854	1	1
TCGA-G9-6378	20	61305	62956153	1	1
TCGA-G9-6378	21	10736871	48096957	1	1
TCGA-G9-6378	22	16052528	51234455	1	1
TCGA-G9-6378	X	168477	2703391	1	1
TCGA-G9-6378	X	2703633	154929498	1	0
TCGA-G9-6378	X	154963439	154973412	2	1
TCGA-G9-6378	X	154977448	155233846	1	1
