sample	chr	startpos	endpos	nMajor	nMinor
TCGA-AF-6655	1	61735	249224388	2	2
TCGA-AF-6655	2	12784	243089456	4	0
TCGA-AF-6655	3	60345	63310745	3	3
TCGA-AF-6655	3	63310759	64554657	4	2
TCGA-AF-6655	3	64558120	74296505	7	2
TCGA-AF-6655	3	74298638	197896118	4	2
TCGA-AF-6655	4	12281	191027923	2	2
TCGA-AF-6655	5	15532	180790320	4	1
TCGA-AF-6655	6	149661	171051005	2	2
TCGA-AF-6655	7	43259	159127004	4	2
TCGA-AF-6655	8	31254	34319740	2	0
TCGA-AF-6655	8	34319936	117135529	4	2
TCGA-AF-6655	8	117148418	146298155	9	2
TCGA-AF-6655	9	46587	47217176	6	5
TCGA-AF-6655	9	65616971	71170605	4	1
TCGA-AF-6655	9	71170702	141091394	6	0
TCGA-AF-6655	10	72759	135506704	2	2
TCGA-AF-6655	11	198572	38396884	4	2
TCGA-AF-6655	11	38398957	41765946	2	0
TCGA-AF-6655	11	41766543	96900620	2	2
TCGA-AF-6655	11	96900867	99423135	2	0
TCGA-AF-6655	11	99423545	133306065	2	2
TCGA-AF-6655	11	133308732	134944770	2	0
TCGA-AF-6655	12	150442	7137615	2	2
TCGA-AF-6655	12	7139336	15607657	2	0
TCGA-AF-6655	12	15609077	32659750	2	2
TCGA-AF-6655	12	32660375	39039258	2	0
TCGA-AF-6655	12	39039871	66763550	2	2
TCGA-AF-6655	12	66767344	67480309	2	0
TCGA-AF-6655	12	67482887	133778189	2	2
TCGA-AF-6655	13	19026949	115108397	4	2
TCGA-AF-6655	14	19002124	22424545	2	2
TCGA-AF-6655	14	22427926	22971591	3	3
TCGA-AF-6655	14	22974256	107285437	2	2
TCGA-AF-6655	15	20016328	102469040	2	2
TCGA-AF-6655	16	60777	5869650	4	2
TCGA-AF-6655	16	5870606	6534936	3	2
TCGA-AF-6655	16	6535177	6698676	2	0
TCGA-AF-6655	16	6698818	90287535	3	2
TCGA-AF-6655	17	526	25326960	2	0
TCGA-AF-6655	17	25329474	81049726	2	2
TCGA-AF-6655	18	48133	78015057	2	0
TCGA-AF-6655	19	90910	59097854	2	2
TCGA-AF-6655	20	61305	15571122	5	5
TCGA-AF-6655	20	15571798	15872390	6	2
TCGA-AF-6655	20	15872539	62956153	5	5
TCGA-AF-6655	21	10736871	48096957	2	0
TCGA-AF-6655	22	16052528	51234455	4	0
TCGA-AF-6655	X	168477	647209	3	2
TCGA-AF-6655	X	647550	2645366	4	2
TCGA-AF-6655	X	2653552	2694240	5	1
TCGA-AF-6655	X	2703391	154819381	5	0
TCGA-AF-6655	X	154819633	155233846	4	0
