sample	chr	startpos	endpos	nMajor	nMinor
TCGA-24-1430	1	61735	56639950	1	1
TCGA-24-1430	1	56643355	121482979	1	0
TCGA-24-1430	1	144007049	163334643	1	1
TCGA-24-1430	1	163335293	164950128	2	1
TCGA-24-1430	1	164950710	249224388	1	1
TCGA-24-1430	2	12784	26876429	1	0
TCGA-24-1430	2	26880402	142527936	1	1
TCGA-24-1430	2	142528099	190450461	2	1
TCGA-24-1430	2	190452586	190487968	4	1
TCGA-24-1430	2	190488126	243089456	2	1
TCGA-24-1430	3	60345	41770815	1	0
TCGA-24-1430	3	41770835	197896118	1	1
TCGA-24-1430	4	12281	14268148	2	2
TCGA-24-1430	4	14268308	25023109	2	1
TCGA-24-1430	4	25023875	55550423	1	1
TCGA-24-1430	4	55550617	58565839	1	0
TCGA-24-1430	4	58566388	72307926	2	0
TCGA-24-1430	4	72309646	119927601	1	0
TCGA-24-1430	4	119927910	120148836	2	0
TCGA-24-1430	4	120151012	191027923	1	0
TCGA-24-1430	5	15532	50405822	1	1
TCGA-24-1430	5	50414939	55936922	1	0
TCGA-24-1430	5	55943470	66010676	1	1
TCGA-24-1430	5	66012924	180790320	1	0
TCGA-24-1430	6	149661	2150021	1	0
TCGA-24-1430	6	2156558	11765834	1	1
TCGA-24-1430	6	11766363	26031613	2	1
TCGA-24-1430	6	26031811	43490030	2	0
TCGA-24-1430	6	43490809	133185588	1	1
TCGA-24-1430	6	133187185	171051005	1	0
TCGA-24-1430	7	43259	20430960	2	0
TCGA-24-1430	7	20431278	35360526	1	0
TCGA-24-1430	7	35361076	66708044	1	1
TCGA-24-1430	7	66722115	119584481	2	1
TCGA-24-1430	7	119586293	147945132	2	0
TCGA-24-1430	7	147945928	159127004	2	1
TCGA-24-1430	8	31254	46912314	1	1
TCGA-24-1430	8	46919273	68118247	2	1
TCGA-24-1430	8	68122781	74394726	1	0
TCGA-24-1430	8	74395088	146298155	2	0
TCGA-24-1430	9	46587	33417096	1	0
TCGA-24-1430	9	33420008	125154142	1	1
TCGA-24-1430	9	125154314	128910419	2	1
TCGA-24-1430	9	128910494	132377624	1	1
TCGA-24-1430	9	132377728	141091394	1	0
TCGA-24-1430	10	72759	15106649	1	1
TCGA-24-1430	10	15107077	15355555	1	0
TCGA-24-1430	10	15358063	39013691	1	1
TCGA-24-1430	10	39013709	111062691	1	0
TCGA-24-1430	10	111068653	135506704	2	0
TCGA-24-1430	11	198572	4296219	2	0
TCGA-24-1430	11	4301356	19226308	1	0
TCGA-24-1430	11	19226613	134944770	1	1
TCGA-24-1430	12	150442	24515626	2	1
TCGA-24-1430	12	24515769	44108465	1	1
TCGA-24-1430	12	44114510	58520563	1	0
TCGA-24-1430	12	58520717	58553973	2	0
TCGA-24-1430	12	58555360	88056211	1	0
TCGA-24-1430	12	88056787	133778189	2	0
TCGA-24-1430	13	19026949	71719165	1	1
TCGA-24-1430	13	71719404	112353825	2	1
TCGA-24-1430	13	112505755	115108397	1	0
TCGA-24-1430	14	19002124	107285437	1	1
TCGA-24-1430	15	20016328	83516483	1	0
TCGA-24-1430	15	83519138	102469040	1	1
TCGA-24-1430	16	60777	31971520	2	0
TCGA-24-1430	16	31975169	84807261	1	0
TCGA-24-1430	16	84811961	90287535	1	1
TCGA-24-1430	17	526	68962881	1	0
TCGA-24-1430	17	68968034	81049726	2	0
TCGA-24-1430	18	48133	22751843	1	1
TCGA-24-1430	18	22752205	35093987	3	1
TCGA-24-1430	18	35094265	45062750	2	1
TCGA-24-1430	18	45064612	70983128	2	2
TCGA-24-1430	18	70983356	78015057	2	1
TCGA-24-1430	19	90910	8163562	1	0
TCGA-24-1430	19	8173503	27747993	1	1
TCGA-24-1430	19	27751675	29303666	2	1
TCGA-24-1430	19	29304286	59097854	2	0
TCGA-24-1430	20	61305	26197931	2	1
TCGA-24-1430	20	26209754	38779805	1	1
TCGA-24-1430	20	38781814	47800334	2	1
TCGA-24-1430	20	47801157	62956153	1	1
TCGA-24-1430	21	10736871	30100470	1	1
TCGA-24-1430	21	30103798	48096957	1	0
TCGA-24-1430	22	16052528	34110165	1	1
TCGA-24-1430	22	34110284	51234455	1	0
TCGA-24-1430	X	168477	155233846	1	0
