sample	chr	startpos	endpos	nMajor	nMinor
TCGA-ZF-A9R1	1	61735	31377743	1	1
TCGA-ZF-A9R1	1	31385187	31520265	1	0
TCGA-ZF-A9R1	1	31520295	83304863	1	1
TCGA-ZF-A9R1	1	83309103	95726618	1	0
TCGA-ZF-A9R1	1	95726637	249224388	1	1
TCGA-ZF-A9R1	2	12784	1894802	1	1
TCGA-ZF-A9R1	2	1895336	8637848	1	0
TCGA-ZF-A9R1	2	8639242	10902613	1	1
TCGA-ZF-A9R1	2	10905307	11768044	1	0
TCGA-ZF-A9R1	2	11768174	41841680	1	1
TCGA-ZF-A9R1	2	41844888	43794349	1	0
TCGA-ZF-A9R1	2	43796811	79571761	1	1
TCGA-ZF-A9R1	2	79572147	79674327	1	0
TCGA-ZF-A9R1	2	79674440	211763594	1	1
TCGA-ZF-A9R1	2	211766532	211990718	1	0
TCGA-ZF-A9R1	2	211995085	243089456	1	1
TCGA-ZF-A9R1	3	60345	197896118	1	1
TCGA-ZF-A9R1	4	12281	32063366	1	1
TCGA-ZF-A9R1	4	32067073	33025027	1	0
TCGA-ZF-A9R1	4	33025900	158416500	1	1
TCGA-ZF-A9R1	4	158419205	158658186	1	0
TCGA-ZF-A9R1	4	158660261	191027923	1	1
TCGA-ZF-A9R1	5	15532	18252513	1	1
TCGA-ZF-A9R1	5	18255488	21640820	2	1
TCGA-ZF-A9R1	5	21640998	22791335	2	0
TCGA-ZF-A9R1	5	22800572	30697528	2	1
TCGA-ZF-A9R1	5	30699610	49432831	1	1
TCGA-ZF-A9R1	5	49441958	173975145	1	0
TCGA-ZF-A9R1	5	173975323	174273679	0	0
TCGA-ZF-A9R1	5	174274890	180790320	1	0
TCGA-ZF-A9R1	6	149661	171051005	1	0
TCGA-ZF-A9R1	7	43259	12036513	1	1
TCGA-ZF-A9R1	7	12040048	14237240	1	0
TCGA-ZF-A9R1	7	14237538	119516664	1	1
TCGA-ZF-A9R1	7	119519515	145220152	1	0
TCGA-ZF-A9R1	7	145220568	148820242	1	1
TCGA-ZF-A9R1	7	148834287	149185882	1	0
TCGA-ZF-A9R1	7	149191027	159127004	1	1
TCGA-ZF-A9R1	8	31254	23574306	1	0
TCGA-ZF-A9R1	8	23574813	23818479	2	1
TCGA-ZF-A9R1	8	23818655	33513019	1	1
TCGA-ZF-A9R1	8	33514886	39226043	1	0
TCGA-ZF-A9R1	8	39226349	46912314	1	1
TCGA-ZF-A9R1	8	46919273	132411708	2	1
TCGA-ZF-A9R1	8	132411848	137661865	2	2
TCGA-ZF-A9R1	8	137662006	143293558	2	1
TCGA-ZF-A9R1	8	143298768	146298155	1	1
TCGA-ZF-A9R1	9	46587	4102339	1	0
TCGA-ZF-A9R1	9	4102362	4173290	2	0
TCGA-ZF-A9R1	9	4174126	20005448	1	0
TCGA-ZF-A9R1	9	20005757	26752499	0	0
TCGA-ZF-A9R1	9	26752504	141091394	1	0
TCGA-ZF-A9R1	10	72759	3862940	2	1
TCGA-ZF-A9R1	10	3863364	10460857	3	1
TCGA-ZF-A9R1	10	10461392	10897702	1	1
TCGA-ZF-A9R1	10	10901193	43119159	1	0
TCGA-ZF-A9R1	10	43119388	75749781	1	1
TCGA-ZF-A9R1	10	75750316	77347173	2	1
TCGA-ZF-A9R1	10	77347385	87539847	1	1
TCGA-ZF-A9R1	10	87542237	88132095	1	0
TCGA-ZF-A9R1	10	88134257	109110952	1	1
TCGA-ZF-A9R1	10	109112395	111073373	1	0
TCGA-ZF-A9R1	10	111075445	135506704	1	1
TCGA-ZF-A9R1	11	198572	50750724	1	0
TCGA-ZF-A9R1	11	50751358	125819580	1	1
TCGA-ZF-A9R1	11	125821763	127780557	2	1
TCGA-ZF-A9R1	11	127785362	134944770	1	1
TCGA-ZF-A9R1	12	150442	119229170	2	1
TCGA-ZF-A9R1	12	119229694	133778189	1	1
TCGA-ZF-A9R1	13	19026949	73656779	1	1
TCGA-ZF-A9R1	13	73656967	74397741	2	1
TCGA-ZF-A9R1	13	74402009	84142240	1	1
TCGA-ZF-A9R1	13	84144184	84309013	1	0
TCGA-ZF-A9R1	13	84310750	93869136	1	1
TCGA-ZF-A9R1	13	93869239	93968372	1	0
TCGA-ZF-A9R1	13	93974556	104842679	1	1
TCGA-ZF-A9R1	13	104842764	106291063	1	0
TCGA-ZF-A9R1	13	106291861	115108397	1	1
TCGA-ZF-A9R1	14	19002124	22258977	1	1
TCGA-ZF-A9R1	14	22259067	22997833	2	1
TCGA-ZF-A9R1	14	22999402	53014421	1	1
TCGA-ZF-A9R1	14	53014673	81056419	1	0
TCGA-ZF-A9R1	14	81067638	97087058	1	1
TCGA-ZF-A9R1	14	97087097	107285437	2	1
TCGA-ZF-A9R1	15	20016328	29544523	1	1
TCGA-ZF-A9R1	15	29544960	29580538	2	1
TCGA-ZF-A9R1	15	29586577	87572430	1	1
TCGA-ZF-A9R1	15	87572518	87613692	1	0
TCGA-ZF-A9R1	15	87613895	102469040	1	1
TCGA-ZF-A9R1	16	60777	9630509	1	1
TCGA-ZF-A9R1	16	9630723	10979416	1	0
TCGA-ZF-A9R1	16	10979440	90287535	1	1
TCGA-ZF-A9R1	17	526	25271294	1	0
TCGA-ZF-A9R1	17	25274376	59193755	1	1
TCGA-ZF-A9R1	17	59199476	59409276	1	0
TCGA-ZF-A9R1	17	59415655	81049726	1	1
TCGA-ZF-A9R1	18	48133	41786717	1	1
TCGA-ZF-A9R1	18	41791946	42003818	1	0
TCGA-ZF-A9R1	18	42004468	47603647	1	1
TCGA-ZF-A9R1	18	47606945	48632872	1	0
TCGA-ZF-A9R1	18	48650074	78015057	1	1
TCGA-ZF-A9R1	19	90910	27751675	1	1
TCGA-ZF-A9R1	19	27762138	28514769	1	0
TCGA-ZF-A9R1	19	28515557	31143466	1	1
TCGA-ZF-A9R1	19	31146299	31355000	1	0
TCGA-ZF-A9R1	19	31355968	59097854	1	1
TCGA-ZF-A9R1	20	61305	14771472	2	1
TCGA-ZF-A9R1	20	14781684	15053328	2	0
TCGA-ZF-A9R1	20	15057510	29847618	2	1
TCGA-ZF-A9R1	20	29850586	36309150	2	2
TCGA-ZF-A9R1	20	36309173	37802785	2	1
TCGA-ZF-A9R1	20	37820996	48021631	2	2
TCGA-ZF-A9R1	20	48022561	62956153	2	1
TCGA-ZF-A9R1	21	10736871	33285235	1	1
TCGA-ZF-A9R1	21	33285300	48096957	2	1
TCGA-ZF-A9R1	22	16052528	51234455	1	1
TCGA-ZF-A9R1	X	168477	16876352	1	0
TCGA-ZF-A9R1	X	16876980	18072190	0	0
TCGA-ZF-A9R1	X	18076488	96135808	1	0
TCGA-ZF-A9R1	X	96142089	96474146	0	0
TCGA-ZF-A9R1	X	96475640	123046935	1	0
TCGA-ZF-A9R1	X	123053303	123923002	0	0
TCGA-ZF-A9R1	X	123926158	155233846	1	0
