sample	chr	startpos	endpos	nMajor	nMinor
TCGA-UU-A93S	1	61735	8686133	2	0
TCGA-UU-A93S	1	8687866	11956569	4	0
TCGA-UU-A93S	1	11959669	39493121	2	0
TCGA-UU-A93S	1	39493320	61191552	3	0
TCGA-UU-A93S	1	61195274	62200717	7	0
TCGA-UU-A93S	1	62202096	121482979	3	0
TCGA-UU-A93S	1	144007049	145390170	4	1
TCGA-UU-A93S	1	145391761	177504269	4	3
TCGA-UU-A93S	1	177507727	181911760	6	4
TCGA-UU-A93S	1	181912081	249224388	4	3
TCGA-UU-A93S	2	12784	29122470	2	1
TCGA-UU-A93S	2	29128229	29641200	3	1
TCGA-UU-A93S	2	29641874	98016540	2	1
TCGA-UU-A93S	2	98017788	99513363	2	2
TCGA-UU-A93S	2	99513416	114920199	2	1
TCGA-UU-A93S	2	114922490	118198031	2	2
TCGA-UU-A93S	2	118198202	148966703	2	1
TCGA-UU-A93S	2	148966979	150296335	2	2
TCGA-UU-A93S	2	150299440	199914515	2	1
TCGA-UU-A93S	2	199916907	201201336	4	1
TCGA-UU-A93S	2	201202061	243089456	2	1
TCGA-UU-A93S	3	60345	61277015	3	0
TCGA-UU-A93S	3	61277250	61673169	5	0
TCGA-UU-A93S	3	61673352	83239949	3	0
TCGA-UU-A93S	3	83244521	84008317	6	0
TCGA-UU-A93S	3	84008488	90432675	3	0
TCGA-UU-A93S	3	90450481	136261744	3	1
TCGA-UU-A93S	3	136275728	138581980	3	2
TCGA-UU-A93S	3	138581997	172125192	3	1
TCGA-UU-A93S	3	172125840	172475978	7	1
TCGA-UU-A93S	3	172479847	197896118	3	1
TCGA-UU-A93S	4	12281	16631827	2	2
TCGA-UU-A93S	4	16635435	124354284	2	1
TCGA-UU-A93S	4	124358570	126147403	3	1
TCGA-UU-A93S	4	126156129	191027923	2	1
TCGA-UU-A93S	5	15532	7702167	4	1
TCGA-UU-A93S	5	7706053	11735134	4	2
TCGA-UU-A93S	5	11737241	30213863	4	1
TCGA-UU-A93S	5	30214815	32116614	3	1
TCGA-UU-A93S	5	32117330	33950469	4	1
TCGA-UU-A93S	5	33951012	34157058	9	1
TCGA-UU-A93S	5	34157152	41933094	4	1
TCGA-UU-A93S	5	41935113	58736711	3	1
TCGA-UU-A93S	5	58737647	58926137	8	1
TCGA-UU-A93S	5	58929144	67178064	3	1
TCGA-UU-A93S	5	67179335	103320821	2	1
TCGA-UU-A93S	5	103328946	105276821	2	2
TCGA-UU-A93S	5	105277141	156001254	2	1
TCGA-UU-A93S	5	156002438	168752466	2	0
TCGA-UU-A93S	5	168754690	170187175	2	1
TCGA-UU-A93S	5	170190089	179026123	2	0
TCGA-UU-A93S	5	179033401	180649107	4	0
TCGA-UU-A93S	5	180649125	180790320	2	0
TCGA-UU-A93S	6	149661	26202899	2	1
TCGA-UU-A93S	6	26207643	26849331	1	1
TCGA-UU-A93S	6	26851798	29161435	9	1
TCGA-UU-A93S	6	29162833	30692539	15	1
TCGA-UU-A93S	6	30692965	34227360	4	1
TCGA-UU-A93S	6	34231080	44698708	2	1
TCGA-UU-A93S	6	44699068	48430403	1	1
TCGA-UU-A93S	6	48436549	48701013	11	1
TCGA-UU-A93S	6	48703123	49069909	22	1
TCGA-UU-A93S	6	49076404	50762018	6	1
TCGA-UU-A93S	6	50762920	52839888	6	2
TCGA-UU-A93S	6	52839958	54865052	6	1
TCGA-UU-A93S	6	54865550	55065964	10	1
TCGA-UU-A93S	6	55068994	69710575	2	1
TCGA-UU-A93S	6	69710717	75802471	1	1
TCGA-UU-A93S	6	75804783	80077665	1	0
TCGA-UU-A93S	6	80081376	81516036	1	1
TCGA-UU-A93S	6	81516540	82972884	1	0
TCGA-UU-A93S	6	82974089	83933646	2	1
TCGA-UU-A93S	6	83938654	99138875	1	0
TCGA-UU-A93S	6	99142882	99273688	2	0
TCGA-UU-A93S	6	99274066	101043022	3	0
TCGA-UU-A93S	6	101051500	119783000	2	0
TCGA-UU-A93S	6	119787115	120355923	2	1
TCGA-UU-A93S	6	120357714	128245171	2	0
TCGA-UU-A93S	6	128253645	129256452	2	1
TCGA-UU-A93S	6	129265183	130757127	2	0
TCGA-UU-A93S	6	130757161	131530371	2	2
TCGA-UU-A93S	6	131534691	133805567	2	1
TCGA-UU-A93S	6	133805834	134817736	2	0
TCGA-UU-A93S	6	134818065	136944994	2	1
TCGA-UU-A93S	6	136946640	137347788	3	2
TCGA-UU-A93S	6	137347981	147065637	2	0
TCGA-UU-A93S	6	147068565	147487044	3	0
TCGA-UU-A93S	6	147487258	171051005	2	0
TCGA-UU-A93S	7	43259	22914712	5	2
TCGA-UU-A93S	7	22914879	23018036	9	2
TCGA-UU-A93S	7	23024795	25905241	4	2
TCGA-UU-A93S	7	25905509	26249062	10	2
TCGA-UU-A93S	7	26249309	44140119	3	2
TCGA-UU-A93S	7	44142143	45330920	4	4
TCGA-UU-A93S	7	45331674	69157267	3	2
TCGA-UU-A93S	7	69157413	69508120	2	1
TCGA-UU-A93S	7	69510107	88623544	3	2
TCGA-UU-A93S	7	88624648	90240686	5	2
TCGA-UU-A93S	7	90242600	90827100	2	2
TCGA-UU-A93S	7	90827261	103160342	3	2
TCGA-UU-A93S	7	103160545	106409835	6	3
TCGA-UU-A93S	7	106409897	112107458	3	2
TCGA-UU-A93S	7	112108428	117970182	3	0
TCGA-UU-A93S	7	117986306	119102647	4	0
TCGA-UU-A93S	7	119103097	159127004	3	0
TCGA-UU-A93S	8	31254	17627507	1	0
TCGA-UU-A93S	8	17628294	17998652	2	0
TCGA-UU-A93S	8	17998888	35040612	1	0
TCGA-UU-A93S	8	35041361	40796329	6	1
TCGA-UU-A93S	8	40798805	66166211	1	0
TCGA-UU-A93S	8	66170558	69066398	4	1
TCGA-UU-A93S	8	69066467	74446971	6	1
TCGA-UU-A93S	8	74447290	82653644	3	1
TCGA-UU-A93S	8	82653986	84155277	6	1
TCGA-UU-A93S	8	84155992	90369159	3	1
TCGA-UU-A93S	8	90373169	93975735	3	2
TCGA-UU-A93S	8	93981977	111754075	2	2
TCGA-UU-A93S	8	111759716	146298155	3	2
TCGA-UU-A93S	9	46587	3934781	3	0
TCGA-UU-A93S	9	3935224	4087982	7	0
TCGA-UU-A93S	9	4088131	9816023	3	0
TCGA-UU-A93S	9	9816037	9869715	7	0
TCGA-UU-A93S	9	9870852	47217176	3	0
TCGA-UU-A93S	9	65616971	83992174	2	1
TCGA-UU-A93S	9	83994079	84239860	3	1
TCGA-UU-A93S	9	84242770	141091394	2	1
TCGA-UU-A93S	10	72759	1488339	3	1
TCGA-UU-A93S	10	1488444	12235558	6	2
TCGA-UU-A93S	10	12235711	15503483	3	2
TCGA-UU-A93S	10	15503765	32293334	2	2
TCGA-UU-A93S	10	32293449	34047752	3	2
TCGA-UU-A93S	10	34047975	42441972	2	2
TCGA-UU-A93S	10	42443238	43460783	3	2
TCGA-UU-A93S	10	43460874	52137571	4	2
TCGA-UU-A93S	10	52145027	52839673	9	2
TCGA-UU-A93S	10	52839694	52846224	3	0
TCGA-UU-A93S	10	52849729	59257744	2	1
TCGA-UU-A93S	10	59259431	59489596	4	1
TCGA-UU-A93S	10	59493127	74958776	2	1
TCGA-UU-A93S	10	74960222	76596448	5	1
TCGA-UU-A93S	10	76599848	77183994	3	1
TCGA-UU-A93S	10	77192405	113269350	2	1
TCGA-UU-A93S	10	113270230	126065943	2	0
TCGA-UU-A93S	10	126065960	127990311	3	0
TCGA-UU-A93S	10	127990427	135349367	2	0
TCGA-UU-A93S	10	135349504	135506704	1	0
TCGA-UU-A93S	11	198572	22619459	1	1
TCGA-UU-A93S	11	22620445	35016286	2	1
TCGA-UU-A93S	11	35016611	37707868	3	2
TCGA-UU-A93S	11	37708266	43869980	2	2
TCGA-UU-A93S	11	43875383	44117122	3	2
TCGA-UU-A93S	11	44118418	134944770	2	2
TCGA-UU-A93S	12	150442	3750553	2	0
TCGA-UU-A93S	12	3756733	5552126	4	0
TCGA-UU-A93S	12	5552457	38317803	2	0
TCGA-UU-A93S	12	38340226	81117994	1	1
TCGA-UU-A93S	12	81126908	82180991	4	1
TCGA-UU-A93S	12	82182616	91065494	1	1
TCGA-UU-A93S	12	91068209	93852325	4	1
TCGA-UU-A93S	12	93861586	94616595	1	1
TCGA-UU-A93S	12	94618728	96402185	4	1
TCGA-UU-A93S	12	96403199	97658918	1	1
TCGA-UU-A93S	12	97659265	101297669	2	1
TCGA-UU-A93S	12	101298102	106099958	1	1
TCGA-UU-A93S	12	106100211	108447257	2	1
TCGA-UU-A93S	12	108447722	133778189	1	1
TCGA-UU-A93S	13	19026949	34386734	2	1
TCGA-UU-A93S	13	34388412	100074833	4	1
TCGA-UU-A93S	13	100076818	100203573	4	4
TCGA-UU-A93S	13	100205332	106335923	4	1
TCGA-UU-A93S	13	106338208	106408558	11	1
TCGA-UU-A93S	13	106411268	107274755	4	1
TCGA-UU-A93S	13	107275890	107767619	4	0
TCGA-UU-A93S	13	107773548	108927503	4	1
TCGA-UU-A93S	13	108928045	109002358	10	1
TCGA-UU-A93S	13	109002458	109032496	9	1
TCGA-UU-A93S	13	109040074	115108397	4	1
TCGA-UU-A93S	14	19002124	30889115	2	0
TCGA-UU-A93S	14	30889842	31392214	4	0
TCGA-UU-A93S	14	31393057	107285437	2	0
TCGA-UU-A93S	15	20016328	71291746	1	1
TCGA-UU-A93S	15	71293645	94835858	2	1
TCGA-UU-A93S	15	94835972	96913436	3	1
TCGA-UU-A93S	15	96913773	102469040	2	1
TCGA-UU-A93S	16	60777	18783159	2	1
TCGA-UU-A93S	16	18783174	19394926	2	2
TCGA-UU-A93S	16	19397355	35283226	2	1
TCGA-UU-A93S	16	46463782	48662675	2	2
TCGA-UU-A93S	16	48666500	51279553	2	1
TCGA-UU-A93S	16	51279775	51829371	4	1
TCGA-UU-A93S	16	51830602	70873101	2	1
TCGA-UU-A93S	16	70876789	71212676	3	1
TCGA-UU-A93S	16	71216005	74766177	2	1
TCGA-UU-A93S	16	74767407	75322097	2	2
TCGA-UU-A93S	16	75322486	90287535	2	1
TCGA-UU-A93S	17	526	20836053	2	0
TCGA-UU-A93S	17	20838733	21012523	3	2
TCGA-UU-A93S	17	21012803	21516276	2	1
TCGA-UU-A93S	17	21519009	25986633	2	0
TCGA-UU-A93S	17	25988101	26415300	2	1
TCGA-UU-A93S	17	26418814	28418765	2	0
TCGA-UU-A93S	17	28420169	30719783	2	1
TCGA-UU-A93S	17	30719919	35338267	2	0
TCGA-UU-A93S	17	35338366	35555410	82	1
TCGA-UU-A93S	17	35558408	37725498	2	0
TCGA-UU-A93S	17	37726423	38355833	51	2
TCGA-UU-A93S	17	38356815	45581962	2	0
TCGA-UU-A93S	17	45583375	45708933	23	1
TCGA-UU-A93S	17	45710977	50798489	2	0
TCGA-UU-A93S	17	50798564	51020706	2	1
TCGA-UU-A93S	17	51024102	51325906	2	0
TCGA-UU-A93S	17	51327396	51342142	23	5
TCGA-UU-A93S	17	51342509	53567193	22	2
TCGA-UU-A93S	17	53567523	54902732	18	2
TCGA-UU-A93S	17	54906137	55778830	2	0
TCGA-UU-A93S	17	55781270	56164541	3	0
TCGA-UU-A93S	17	56171979	57009995	2	0
TCGA-UU-A93S	17	57013803	57373098	9	1
TCGA-UU-A93S	17	57373153	61851443	2	0
TCGA-UU-A93S	17	61854746	63228946	2	1
TCGA-UU-A93S	17	63231255	63638127	2	0
TCGA-UU-A93S	17	63639892	81049726	2	1
TCGA-UU-A93S	18	48133	3425869	2	0
TCGA-UU-A93S	18	3426082	3725189	3	0
TCGA-UU-A93S	18	3725553	6723883	1	0
TCGA-UU-A93S	18	6724077	10187319	3	0
TCGA-UU-A93S	18	10187407	78015057	2	0
TCGA-UU-A93S	19	90910	1367226	2	1
TCGA-UU-A93S	19	1374263	3857346	3	1
TCGA-UU-A93S	19	3864707	6654959	2	1
TCGA-UU-A93S	19	6657570	7001405	3	1
TCGA-UU-A93S	19	7006595	8245046	2	1
TCGA-UU-A93S	19	8246140	10883496	3	2
TCGA-UU-A93S	19	10885031	27863589	2	2
TCGA-UU-A93S	19	27865904	44930766	2	0
TCGA-UU-A93S	19	44930803	47337668	3	0
TCGA-UU-A93S	19	47339453	48552661	2	0
TCGA-UU-A93S	19	48559376	50348678	4	0
TCGA-UU-A93S	19	50349958	55991162	2	0
TCGA-UU-A93S	19	56004080	57040325	2	2
TCGA-UU-A93S	19	57040664	59097854	3	2
TCGA-UU-A93S	20	61305	1288778	2	1
TCGA-UU-A93S	20	1295538	1543333	2	2
TCGA-UU-A93S	20	1543409	25154112	2	1
TCGA-UU-A93S	20	25155142	25236859	5	1
TCGA-UU-A93S	20	25237338	48685104	2	1
TCGA-UU-A93S	20	48685850	49116790	3	2
TCGA-UU-A93S	20	49119938	53820870	2	1
TCGA-UU-A93S	20	53821439	62956153	3	1
TCGA-UU-A93S	21	10736871	19444797	2	1
TCGA-UU-A93S	21	19445066	19815437	2	2
TCGA-UU-A93S	21	19816473	32295397	2	1
TCGA-UU-A93S	21	32296251	32560526	4	1
TCGA-UU-A93S	21	32561884	48096957	2	1
TCGA-UU-A93S	22	16052528	23693696	2	1
TCGA-UU-A93S	22	23693897	25265882	3	1
TCGA-UU-A93S	22	25266766	51234455	2	1
TCGA-UU-A93S	X	168477	18537202	2	2
TCGA-UU-A93S	X	18541324	18876763	5	2
TCGA-UU-A93S	X	18879795	31588853	2	2
TCGA-UU-A93S	X	31589294	32676913	3	2
TCGA-UU-A93S	X	32676962	75826672	2	2
TCGA-UU-A93S	X	75829130	77226601	2	1
TCGA-UU-A93S	X	77229568	91428085	2	2
TCGA-UU-A93S	X	91429666	91551616	4	2
TCGA-UU-A93S	X	91551621	142063917	2	2
TCGA-UU-A93S	X	142065365	142583924	4	2
TCGA-UU-A93S	X	142584080	155233846	3	2
