sample	chr	startpos	endpos	nMajor	nMinor
TCGA-N5-A4RT	1	61735	2714389	3	1
TCGA-N5-A4RT	1	2723345	10027540	2	1
TCGA-N5-A4RT	1	10029913	11242335	3	1
TCGA-N5-A4RT	1	11244489	31523851	2	1
TCGA-N5-A4RT	1	31536624	45016280	2	2
TCGA-N5-A4RT	1	45018915	111983499	2	1
TCGA-N5-A4RT	1	111987895	113505624	2	2
TCGA-N5-A4RT	1	113506466	121482979	2	1
TCGA-N5-A4RT	1	144007049	171531159	2	2
TCGA-N5-A4RT	1	171532344	172961147	3	3
TCGA-N5-A4RT	1	172961211	235533517	2	2
TCGA-N5-A4RT	1	235539020	249224388	3	2
TCGA-N5-A4RT	2	12784	43999182	3	1
TCGA-N5-A4RT	2	43999204	79160775	2	1
TCGA-N5-A4RT	2	79160874	81374858	4	1
TCGA-N5-A4RT	2	81375470	83830505	5	1
TCGA-N5-A4RT	2	83837409	97437721	3	1
TCGA-N5-A4RT	2	97438692	102702503	2	1
TCGA-N5-A4RT	2	102703103	102763911	2	2
TCGA-N5-A4RT	2	102764294	183692791	2	1
TCGA-N5-A4RT	2	183694177	183726031	4	1
TCGA-N5-A4RT	2	183726044	243089456	2	1
TCGA-N5-A4RT	3	60345	37977417	3	0
TCGA-N5-A4RT	3	37982108	38164068	7	0
TCGA-N5-A4RT	3	38164374	47734985	3	0
TCGA-N5-A4RT	3	47735549	48536067	4	0
TCGA-N5-A4RT	3	48538627	48780342	6	0
TCGA-N5-A4RT	3	48786689	56077175	2	0
TCGA-N5-A4RT	3	56078781	56920909	1	0
TCGA-N5-A4RT	3	56921181	57692395	2	0
TCGA-N5-A4RT	3	57694782	58265384	4	0
TCGA-N5-A4RT	3	58265820	129397175	2	0
TCGA-N5-A4RT	3	129398837	197896118	6	0
TCGA-N5-A4RT	4	12281	1554748	4	1
TCGA-N5-A4RT	4	1563920	2007811	5	3
TCGA-N5-A4RT	4	2009095	38705406	3	1
TCGA-N5-A4RT	4	38708403	38834496	2	1
TCGA-N5-A4RT	4	38841354	40553177	3	1
TCGA-N5-A4RT	4	40553245	52698757	2	1
TCGA-N5-A4RT	4	52699760	95194512	3	1
TCGA-N5-A4RT	4	95206518	152306809	1	1
TCGA-N5-A4RT	4	152310788	153113288	2	1
TCGA-N5-A4RT	4	153113726	186636931	1	1
TCGA-N5-A4RT	4	186637854	186865321	2	1
TCGA-N5-A4RT	4	186866070	191027923	1	1
TCGA-N5-A4RT	5	15532	3917042	3	2
TCGA-N5-A4RT	5	3920838	23666854	2	2
TCGA-N5-A4RT	5	23667695	24662898	3	2
TCGA-N5-A4RT	5	24663035	26201033	7	2
TCGA-N5-A4RT	5	26201128	46365441	5	2
TCGA-N5-A4RT	5	46377327	46389273	4	0
TCGA-N5-A4RT	5	49432831	148846557	2	0
TCGA-N5-A4RT	5	148851149	149020166	4	0
TCGA-N5-A4RT	5	149020605	176152729	2	0
TCGA-N5-A4RT	5	176153961	176892511	6	0
TCGA-N5-A4RT	5	176898619	180790320	2	0
TCGA-N5-A4RT	6	149661	70574081	3	1
TCGA-N5-A4RT	6	70574189	79021309	2	1
TCGA-N5-A4RT	6	79021323	80160721	3	1
TCGA-N5-A4RT	6	80162372	111859652	2	1
TCGA-N5-A4RT	6	111861365	119648851	3	1
TCGA-N5-A4RT	6	119649165	120153021	3	0
TCGA-N5-A4RT	6	120155317	155038750	3	1
TCGA-N5-A4RT	6	155041318	158776787	1	1
TCGA-N5-A4RT	6	158777190	159365959	2	1
TCGA-N5-A4RT	6	159366261	169089741	1	1
TCGA-N5-A4RT	6	169094291	171051005	4	1
TCGA-N5-A4RT	7	43259	105710085	2	1
TCGA-N5-A4RT	7	105710703	110819877	1	1
TCGA-N5-A4RT	7	110819964	111044971	1	0
TCGA-N5-A4RT	7	111045050	159127004	1	1
TCGA-N5-A4RT	8	31254	14391138	1	0
TCGA-N5-A4RT	8	14395814	28464575	1	1
TCGA-N5-A4RT	8	28465074	28629680	2	1
TCGA-N5-A4RT	8	28632206	35130523	1	1
TCGA-N5-A4RT	8	35137310	47489591	3	1
TCGA-N5-A4RT	8	47490321	49114954	3	2
TCGA-N5-A4RT	8	49118223	62569993	2	1
TCGA-N5-A4RT	8	62570520	63244039	3	2
TCGA-N5-A4RT	8	63246965	103132169	2	1
TCGA-N5-A4RT	8	103134255	104901244	3	2
TCGA-N5-A4RT	8	104905974	115231680	2	2
TCGA-N5-A4RT	8	115232017	115836347	3	2
TCGA-N5-A4RT	8	115836494	120363704	2	1
TCGA-N5-A4RT	8	120363773	129128541	3	2
TCGA-N5-A4RT	8	129130048	132659440	2	1
TCGA-N5-A4RT	8	132659890	146298155	2	0
TCGA-N5-A4RT	9	46587	33968508	2	1
TCGA-N5-A4RT	9	33968819	34134556	3	2
TCGA-N5-A4RT	9	34134675	34350665	5	0
TCGA-N5-A4RT	9	34351382	47217176	2	1
TCGA-N5-A4RT	9	65616971	116054040	2	0
TCGA-N5-A4RT	9	116059567	116154099	3	0
TCGA-N5-A4RT	9	116159423	126395738	2	0
TCGA-N5-A4RT	9	126399845	127146927	4	0
TCGA-N5-A4RT	9	127152656	141091394	2	0
TCGA-N5-A4RT	10	72759	42614436	2	2
TCGA-N5-A4RT	10	42621181	58411924	2	0
TCGA-N5-A4RT	10	58416497	64956442	2	1
TCGA-N5-A4RT	10	64963633	112822633	2	0
TCGA-N5-A4RT	10	112824287	114195232	3	0
TCGA-N5-A4RT	10	114195645	135506704	2	0
TCGA-N5-A4RT	11	198572	491334	4	1
TCGA-N5-A4RT	11	496073	2717680	2	1
TCGA-N5-A4RT	11	2723604	2986776	2	2
TCGA-N5-A4RT	11	2992747	47151897	2	1
TCGA-N5-A4RT	11	47152273	47955293	3	2
TCGA-N5-A4RT	11	47959401	55854114	2	2
TCGA-N5-A4RT	11	55856066	69251441	2	1
TCGA-N5-A4RT	11	69254798	102387238	3	0
TCGA-N5-A4RT	11	102387691	102734210	4	0
TCGA-N5-A4RT	11	102744409	117776819	3	0
TCGA-N5-A4RT	11	117777599	118488965	4	0
TCGA-N5-A4RT	11	118490800	134944770	3	0
TCGA-N5-A4RT	12	150442	19819361	2	2
TCGA-N5-A4RT	12	19819756	20876609	3	2
TCGA-N5-A4RT	12	20876694	24318767	2	2
TCGA-N5-A4RT	12	24319028	25102838	3	2
TCGA-N5-A4RT	12	25102851	53102733	2	2
TCGA-N5-A4RT	12	53104735	53437806	4	2
TCGA-N5-A4RT	12	53438704	112246954	2	2
TCGA-N5-A4RT	12	112252784	133778189	2	1
TCGA-N5-A4RT	13	19026949	115108397	2	0
TCGA-N5-A4RT	14	19002124	30007455	1	1
TCGA-N5-A4RT	14	30010177	30234725	2	1
TCGA-N5-A4RT	14	30235469	61824105	1	1
TCGA-N5-A4RT	14	61825132	61990205	1	0
TCGA-N5-A4RT	14	61990319	79903984	1	1
TCGA-N5-A4RT	14	79905726	80026801	1	0
TCGA-N5-A4RT	14	80033009	102287968	1	1
TCGA-N5-A4RT	14	102290461	103770636	2	1
TCGA-N5-A4RT	14	103770889	107285437	1	1
TCGA-N5-A4RT	15	20016328	71424632	2	0
TCGA-N5-A4RT	15	71426621	71870579	3	0
TCGA-N5-A4RT	15	71872351	71941341	0	0
TCGA-N5-A4RT	15	71943145	72609698	3	0
TCGA-N5-A4RT	15	72610993	73420863	4	0
TCGA-N5-A4RT	15	73421553	84798306	2	0
TCGA-N5-A4RT	15	84799224	102469040	4	0
TCGA-N5-A4RT	16	60777	1002526	3	1
TCGA-N5-A4RT	16	1004694	89689937	1	1
TCGA-N5-A4RT	16	89693029	90287535	2	1
TCGA-N5-A4RT	17	526	601315	1	0
TCGA-N5-A4RT	17	602469	8948159	2	0
TCGA-N5-A4RT	17	8956285	9305944	1	0
TCGA-N5-A4RT	17	9309953	27047987	2	0
TCGA-N5-A4RT	17	27051509	27673032	4	0
TCGA-N5-A4RT	17	27675171	27772090	1	0
TCGA-N5-A4RT	17	27779438	29438154	2	1
TCGA-N5-A4RT	17	29440554	30123787	2	2
TCGA-N5-A4RT	17	30123977	31316101	2	1
TCGA-N5-A4RT	17	31317698	32384166	1	0
TCGA-N5-A4RT	17	32384920	37131463	2	1
TCGA-N5-A4RT	17	37132557	38716561	8	1
TCGA-N5-A4RT	17	38730431	39181643	9	3
TCGA-N5-A4RT	17	39182660	40083043	9	2
TCGA-N5-A4RT	17	40085665	45884405	2	0
TCGA-N5-A4RT	17	45885315	49012017	2	1
TCGA-N5-A4RT	17	49012590	49375052	4	1
TCGA-N5-A4RT	17	49379350	76237874	2	1
TCGA-N5-A4RT	17	76246294	76531864	4	1
TCGA-N5-A4RT	17	76532132	81049726	2	1
TCGA-N5-A4RT	18	48133	10085966	2	2
TCGA-N5-A4RT	18	10087528	11678946	3	1
TCGA-N5-A4RT	18	11679011	41613422	2	2
TCGA-N5-A4RT	18	41613943	78015057	2	1
TCGA-N5-A4RT	19	90910	10773215	2	0
TCGA-N5-A4RT	19	10775087	11401727	3	0
TCGA-N5-A4RT	19	11404844	24596750	2	0
TCGA-N5-A4RT	19	27747993	29508124	2	2
TCGA-N5-A4RT	19	29508489	33728169	9	2
TCGA-N5-A4RT	19	33728207	34174260	12	2
TCGA-N5-A4RT	19	34177587	36758731	6	2
TCGA-N5-A4RT	19	36758897	37306358	11	1
TCGA-N5-A4RT	19	37306639	38705142	26	1
TCGA-N5-A4RT	19	38706989	41296046	17	2
TCGA-N5-A4RT	19	41303367	49564124	2	1
TCGA-N5-A4RT	19	49571113	59097854	1	1
TCGA-N5-A4RT	20	61305	14646213	3	2
TCGA-N5-A4RT	20	14646699	43096214	2	2
TCGA-N5-A4RT	20	43097480	43914943	3	2
TCGA-N5-A4RT	20	43917038	62956153	2	2
TCGA-N5-A4RT	21	10736871	23207097	3	2
TCGA-N5-A4RT	21	23209605	25371724	5	1
TCGA-N5-A4RT	21	25382128	48096957	3	2
TCGA-N5-A4RT	22	16052528	23325391	2	2
TCGA-N5-A4RT	22	23326827	23764749	3	2
TCGA-N5-A4RT	22	23769050	28476967	2	2
TCGA-N5-A4RT	22	28486416	29578229	2	1
TCGA-N5-A4RT	22	29580277	37757404	2	2
TCGA-N5-A4RT	22	37758364	38188071	5	2
TCGA-N5-A4RT	22	38189958	38206970	7	0
TCGA-N5-A4RT	22	38207068	39300205	2	1
TCGA-N5-A4RT	22	39305921	39883008	2	2
TCGA-N5-A4RT	22	39888680	44941611	2	0
TCGA-N5-A4RT	22	44942492	45323933	4	0
TCGA-N5-A4RT	22	45324974	49595560	2	0
TCGA-N5-A4RT	22	49595814	50858992	3	0
TCGA-N5-A4RT	22	50859049	51234455	2	0
TCGA-N5-A4RT	X	168477	31366484	2	2
TCGA-N5-A4RT	X	31367182	32507156	2	1
TCGA-N5-A4RT	X	32508927	33093374	3	2
TCGA-N5-A4RT	X	33099365	33725246	2	1
TCGA-N5-A4RT	X	33725587	57451600	3	2
TCGA-N5-A4RT	X	57457985	63161754	2	1
TCGA-N5-A4RT	X	63162681	67295309	3	1
TCGA-N5-A4RT	X	67295600	87611624	2	2
TCGA-N5-A4RT	X	87617530	88847729	3	2
TCGA-N5-A4RT	X	88851748	92304210	5	2
TCGA-N5-A4RT	X	92306260	130815086	2	1
TCGA-N5-A4RT	X	130815142	155233846	2	0
