sample	chr	startpos	endpos	nMajor	nMinor
TCGA-AA-3819	1	61735	31721956	1	0
TCGA-AA-3819	1	31722166	249224388	1	1
TCGA-AA-3819	2	12784	243089456	1	1
TCGA-AA-3819	3	60345	48852014	2	0
TCGA-AA-3819	3	48855541	127886190	1	1
TCGA-AA-3819	3	127889388	197896118	2	1
TCGA-AA-3819	4	12281	191027923	1	1
TCGA-AA-3819	5	15532	180790320	1	1
TCGA-AA-3819	6	149661	171051005	1	1
TCGA-AA-3819	7	43259	38278883	1	1
TCGA-AA-3819	7	38280224	38381971	3	2
TCGA-AA-3819	7	38384841	159127004	1	1
TCGA-AA-3819	8	31254	144439450	1	1
TCGA-AA-3819	8	144443212	146298155	2	1
TCGA-AA-3819	9	46587	19424126	1	0
TCGA-AA-3819	9	19427754	141091394	1	1
TCGA-AA-3819	10	72759	135506704	1	1
TCGA-AA-3819	11	198572	2141586	1	1
TCGA-AA-3819	11	2152220	2248562	3	1
TCGA-AA-3819	11	2255541	134944770	1	1
TCGA-AA-3819	12	150442	133778189	1	1
TCGA-AA-3819	13	19026949	27487267	1	1
TCGA-AA-3819	13	27487449	27619082	2	1
TCGA-AA-3819	13	27619962	50413073	1	1
TCGA-AA-3819	13	50414887	50627610	1	0
TCGA-AA-3819	13	50628386	115108397	1	1
TCGA-AA-3819	14	19002124	22454287	1	0
TCGA-AA-3819	14	22455614	22975728	2	0
TCGA-AA-3819	14	22975783	107285437	1	0
TCGA-AA-3819	15	20016328	102469040	1	1
TCGA-AA-3819	16	60777	90287535	1	1
TCGA-AA-3819	17	526	17987173	1	0
TCGA-AA-3819	17	17995907	81049726	1	1
TCGA-AA-3819	18	48133	78015057	1	0
TCGA-AA-3819	19	90910	59097854	1	1
TCGA-AA-3819	20	61305	22557099	1	0
TCGA-AA-3819	20	22560971	33547664	3	1
TCGA-AA-3819	20	33553062	62956153	4	1
TCGA-AA-3819	21	10736871	48096957	1	1
TCGA-AA-3819	22	16052528	29379891	1	1
TCGA-AA-3819	22	29381152	29652158	2	1
TCGA-AA-3819	22	29653409	51234455	1	1
TCGA-AA-3819	X	168477	18727257	1	1
TCGA-AA-3819	X	18735374	19309101	1	0
TCGA-AA-3819	X	19309653	155233846	1	1
