sample	chr	startpos	endpos	nMajor	nMinor
TCGA-A4-7734	1	61735	249224388	1	1
TCGA-A4-7734	2	12784	243089456	1	1
TCGA-A4-7734	3	60345	197896118	1	1
TCGA-A4-7734	4	12281	191027923	1	1
TCGA-A4-7734	5	15532	180790320	1	1
TCGA-A4-7734	6	149661	171051005	1	1
TCGA-A4-7734	7	43259	159127004	2	1
TCGA-A4-7734	8	31254	146298155	1	1
TCGA-A4-7734	9	46587	141091394	1	1
TCGA-A4-7734	10	72759	135506704	1	1
TCGA-A4-7734	11	198572	134944770	1	1
TCGA-A4-7734	12	150442	34666541	1	1
TCGA-A4-7734	12	34674794	39187829	1	0
TCGA-A4-7734	12	39207701	133778189	1	1
TCGA-A4-7734	13	19026949	115108397	1	1
TCGA-A4-7734	14	19002124	107285437	1	1
TCGA-A4-7734	15	20016328	102469040	1	1
TCGA-A4-7734	16	60777	90287535	1	1
TCGA-A4-7734	17	526	81049726	2	1
TCGA-A4-7734	18	48133	78015057	1	1
TCGA-A4-7734	19	90910	59097854	1	1
TCGA-A4-7734	20	61305	62956153	2	1
TCGA-A4-7734	21	10736871	48096957	1	1
TCGA-A4-7734	22	16052528	51234455	1	1
TCGA-A4-7734	X	168477	155233846	1	1
