sample	chr	startpos	endpos	nMajor	nMinor
TCGA-2Y-A9GU	1	61735	49162230	2	2
TCGA-2Y-A9GU	1	49162396	52263882	4	1
TCGA-2Y-A9GU	1	52264064	55751821	2	2
TCGA-2Y-A9GU	1	55752440	66415915	3	2
TCGA-2Y-A9GU	1	66416747	67139422	4	3
TCGA-2Y-A9GU	1	67140060	76040873	2	2
TCGA-2Y-A9GU	1	76045964	107812353	2	0
TCGA-2Y-A9GU	1	107816702	108139975	4	2
TCGA-2Y-A9GU	1	108141478	113818619	2	0
TCGA-2Y-A9GU	1	113821584	121482979	3	2
TCGA-2Y-A9GU	1	144007049	149732625	2	2
TCGA-2Y-A9GU	1	149732729	225738020	7	2
TCGA-2Y-A9GU	1	225738534	238849931	5	2
TCGA-2Y-A9GU	1	238850920	249224388	6	2
TCGA-2Y-A9GU	2	12784	2215203	2	2
TCGA-2Y-A9GU	2	2218081	12096019	3	2
TCGA-2Y-A9GU	2	12097360	20576217	3	3
TCGA-2Y-A9GU	2	20576579	21062026	7	2
TCGA-2Y-A9GU	2	21065385	22847394	4	3
TCGA-2Y-A9GU	2	22847459	65907858	3	3
TCGA-2Y-A9GU	2	65908706	68227336	4	3
TCGA-2Y-A9GU	2	68227514	92305784	3	3
TCGA-2Y-A9GU	2	95327887	171695070	2	1
TCGA-2Y-A9GU	2	171696472	173313453	2	0
TCGA-2Y-A9GU	2	173314339	243089456	2	1
TCGA-2Y-A9GU	3	60345	46341335	3	2
TCGA-2Y-A9GU	3	46342090	64437154	2	0
TCGA-2Y-A9GU	3	64438044	98497584	2	2
TCGA-2Y-A9GU	3	98497989	99328862	4	0
TCGA-2Y-A9GU	3	99329166	114130344	2	2
TCGA-2Y-A9GU	3	114132816	115099894	4	1
TCGA-2Y-A9GU	3	115100216	124978220	3	2
TCGA-2Y-A9GU	3	124981854	129939809	2	2
TCGA-2Y-A9GU	3	129944634	152663473	3	2
TCGA-2Y-A9GU	3	152667149	153571024	2	1
TCGA-2Y-A9GU	3	153571609	197896118	2	2
TCGA-2Y-A9GU	4	12281	10145733	6	2
TCGA-2Y-A9GU	4	10145794	33222880	7	2
TCGA-2Y-A9GU	4	33223075	52689422	5	2
TCGA-2Y-A9GU	4	52689539	84900907	2	2
TCGA-2Y-A9GU	4	84901293	86382181	4	1
TCGA-2Y-A9GU	4	86382242	185965776	2	2
TCGA-2Y-A9GU	4	185968868	191027923	2	1
TCGA-2Y-A9GU	5	15532	4295050	2	1
TCGA-2Y-A9GU	5	4295430	65478962	2	2
TCGA-2Y-A9GU	5	65479222	75531432	3	2
TCGA-2Y-A9GU	5	75531656	84714866	2	2
TCGA-2Y-A9GU	5	84716345	128784409	3	2
TCGA-2Y-A9GU	5	128786169	131402738	3	1
TCGA-2Y-A9GU	5	131404446	156631079	3	2
TCGA-2Y-A9GU	5	156635047	180790320	2	2
TCGA-2Y-A9GU	6	149661	4423452	2	2
TCGA-2Y-A9GU	6	4426771	4638071	4	1
TCGA-2Y-A9GU	6	4639199	38763814	2	2
TCGA-2Y-A9GU	6	38764056	47712663	3	2
TCGA-2Y-A9GU	6	47713519	49022964	4	1
TCGA-2Y-A9GU	6	49023213	81829518	3	2
TCGA-2Y-A9GU	6	81829533	82488510	4	1
TCGA-2Y-A9GU	6	82488974	115349449	3	2
TCGA-2Y-A9GU	6	115349542	116128906	4	1
TCGA-2Y-A9GU	6	116129480	128389344	3	2
TCGA-2Y-A9GU	6	128391132	129138493	4	1
TCGA-2Y-A9GU	6	129141297	171051005	2	2
TCGA-2Y-A9GU	7	43259	8510412	3	3
TCGA-2Y-A9GU	7	8510644	8673164	5	5
TCGA-2Y-A9GU	7	8673261	25131758	3	3
TCGA-2Y-A9GU	7	25132183	28017382	8	2
TCGA-2Y-A9GU	7	28020656	44610490	3	3
TCGA-2Y-A9GU	7	44612229	53493563	2	2
TCGA-2Y-A9GU	7	53493877	54051027	5	1
TCGA-2Y-A9GU	7	54051365	83853295	3	2
TCGA-2Y-A9GU	7	83855004	159127004	3	3
TCGA-2Y-A9GU	8	31254	3252114	1	1
TCGA-2Y-A9GU	8	3252267	43409351	2	1
TCGA-2Y-A9GU	8	43410496	122369453	4	1
TCGA-2Y-A9GU	8	122377649	122965982	3	1
TCGA-2Y-A9GU	8	122968949	140511957	4	1
TCGA-2Y-A9GU	8	140512057	140613197	5	2
TCGA-2Y-A9GU	8	140613957	146298155	3	1
TCGA-2Y-A9GU	9	46587	16661522	2	1
TCGA-2Y-A9GU	9	16661933	17581422	1	1
TCGA-2Y-A9GU	9	17581565	47217176	2	1
TCGA-2Y-A9GU	9	65616971	72471562	2	2
TCGA-2Y-A9GU	9	72471575	72896848	5	1
TCGA-2Y-A9GU	9	72900289	89279055	2	1
TCGA-2Y-A9GU	9	89280087	141091394	2	0
TCGA-2Y-A9GU	10	72759	4616919	2	1
TCGA-2Y-A9GU	10	4619787	8551682	2	2
TCGA-2Y-A9GU	10	8552196	8770801	4	2
TCGA-2Y-A9GU	10	8770847	19007922	2	2
TCGA-2Y-A9GU	10	19007988	21445794	3	2
TCGA-2Y-A9GU	10	21446033	36563438	2	2
TCGA-2Y-A9GU	10	36563872	37136519	2	1
TCGA-2Y-A9GU	10	37140884	57410957	2	2
TCGA-2Y-A9GU	10	57410974	58722238	4	0
TCGA-2Y-A9GU	10	58722238	99676403	3	2
TCGA-2Y-A9GU	10	99677094	104624318	5	2
TCGA-2Y-A9GU	10	104624475	106073779	2	2
TCGA-2Y-A9GU	10	106074745	121253611	3	2
TCGA-2Y-A9GU	10	121254729	129873470	2	0
TCGA-2Y-A9GU	10	129875235	135506704	2	1
TCGA-2Y-A9GU	11	198572	10367429	2	2
TCGA-2Y-A9GU	11	10367978	32246346	3	2
TCGA-2Y-A9GU	11	32247542	33482985	2	1
TCGA-2Y-A9GU	11	33484729	39767475	3	2
TCGA-2Y-A9GU	11	39775097	40045617	2	1
TCGA-2Y-A9GU	11	40045765	50299344	3	2
TCGA-2Y-A9GU	11	50300083	55319834	4	2
TCGA-2Y-A9GU	11	55319848	78536172	2	2
TCGA-2Y-A9GU	11	78537008	80990785	3	2
TCGA-2Y-A9GU	11	80991179	99512554	2	2
TCGA-2Y-A9GU	11	99512626	104580521	3	2
TCGA-2Y-A9GU	11	104583547	105041958	5	1
TCGA-2Y-A9GU	11	105044258	110588456	2	2
TCGA-2Y-A9GU	11	110589707	111658824	4	2
TCGA-2Y-A9GU	11	111662153	133646394	2	2
TCGA-2Y-A9GU	11	133646726	134944770	2	1
TCGA-2Y-A9GU	12	150442	11467455	2	2
TCGA-2Y-A9GU	12	11473562	11852925	4	1
TCGA-2Y-A9GU	12	11853493	16965457	3	2
TCGA-2Y-A9GU	12	16965677	26201551	2	2
TCGA-2Y-A9GU	12	26202485	29189337	3	2
TCGA-2Y-A9GU	12	29190261	41163972	2	2
TCGA-2Y-A9GU	12	41168249	41997687	4	1
TCGA-2Y-A9GU	12	41998201	52921279	2	2
TCGA-2Y-A9GU	12	52923981	94491385	3	2
TCGA-2Y-A9GU	12	94491933	133778189	2	2
TCGA-2Y-A9GU	13	19026949	64185620	2	2
TCGA-2Y-A9GU	13	64187605	64621659	4	1
TCGA-2Y-A9GU	13	64622144	75218870	2	2
TCGA-2Y-A9GU	13	75219324	79718377	5	2
TCGA-2Y-A9GU	13	79718725	102778196	2	2
TCGA-2Y-A9GU	13	102778248	103198686	4	0
TCGA-2Y-A9GU	13	103198825	111716131	2	2
TCGA-2Y-A9GU	13	111718060	115108397	2	1
TCGA-2Y-A9GU	14	19002124	22343130	2	2
TCGA-2Y-A9GU	14	22343146	22960832	4	3
TCGA-2Y-A9GU	14	22965037	50016188	3	2
TCGA-2Y-A9GU	14	50017291	107285437	2	2
TCGA-2Y-A9GU	15	20016328	38938677	2	2
TCGA-2Y-A9GU	15	38939123	39398813	3	3
TCGA-2Y-A9GU	15	39398924	39996539	4	1
TCGA-2Y-A9GU	15	39996744	57626995	2	2
TCGA-2Y-A9GU	15	57627451	87225334	3	2
TCGA-2Y-A9GU	15	87225439	88413152	3	3
TCGA-2Y-A9GU	15	88416534	93267632	3	2
TCGA-2Y-A9GU	15	93267695	94893294	2	2
TCGA-2Y-A9GU	15	94894539	100621837	3	2
TCGA-2Y-A9GU	15	100623705	102469040	2	2
TCGA-2Y-A9GU	16	60777	7573394	2	2
TCGA-2Y-A9GU	16	7573427	30500900	3	2
TCGA-2Y-A9GU	16	30502845	35283226	3	1
TCGA-2Y-A9GU	16	46463782	57051626	3	2
TCGA-2Y-A9GU	16	57051984	64430766	2	2
TCGA-2Y-A9GU	16	64431811	66450733	3	2
TCGA-2Y-A9GU	16	66455642	70833949	2	2
TCGA-2Y-A9GU	16	70836370	71207728	6	2
TCGA-2Y-A9GU	16	71207879	90287535	2	2
TCGA-2Y-A9GU	17	526	31301478	2	2
TCGA-2Y-A9GU	17	31303368	33243037	3	2
TCGA-2Y-A9GU	17	33243668	49902929	2	2
TCGA-2Y-A9GU	17	49903258	50853775	4	1
TCGA-2Y-A9GU	17	50854419	51938532	2	2
TCGA-2Y-A9GU	17	51938564	52656217	4	1
TCGA-2Y-A9GU	17	52659467	53607749	2	2
TCGA-2Y-A9GU	17	53608198	53673988	2	1
TCGA-2Y-A9GU	17	53681543	81049726	2	2
TCGA-2Y-A9GU	18	48133	32959443	2	2
TCGA-2Y-A9GU	18	32960018	38833938	3	2
TCGA-2Y-A9GU	18	38835400	41144503	4	2
TCGA-2Y-A9GU	18	41144600	56276948	3	2
TCGA-2Y-A9GU	18	56279025	61814592	2	2
TCGA-2Y-A9GU	18	61819613	63031578	3	1
TCGA-2Y-A9GU	18	63031658	73774130	2	2
TCGA-2Y-A9GU	18	73777690	78015057	2	1
TCGA-2Y-A9GU	19	90910	5011231	3	1
TCGA-2Y-A9GU	19	5016619	9035314	7	1
TCGA-2Y-A9GU	19	9040819	9085958	13	3
TCGA-2Y-A9GU	19	9086123	13104807	7	1
TCGA-2Y-A9GU	19	13105037	20111907	7	2
TCGA-2Y-A9GU	19	20111994	28751515	6	2
TCGA-2Y-A9GU	19	28752786	40038394	5	2
TCGA-2Y-A9GU	19	40038472	40248618	7	3
TCGA-2Y-A9GU	19	40248909	53800088	5	2
TCGA-2Y-A9GU	19	53801372	59097854	8	2
TCGA-2Y-A9GU	20	61305	19881758	3	2
TCGA-2Y-A9GU	20	19881892	37894066	2	2
TCGA-2Y-A9GU	20	37894710	39272881	4	1
TCGA-2Y-A9GU	20	39273369	41412265	3	2
TCGA-2Y-A9GU	20	41412460	49489976	2	2
TCGA-2Y-A9GU	20	49490013	52536349	5	2
TCGA-2Y-A9GU	20	52536425	62956153	2	2
TCGA-2Y-A9GU	21	10736871	14681119	3	0
TCGA-2Y-A9GU	21	14681134	32687360	2	2
TCGA-2Y-A9GU	21	32688703	37359768	3	2
TCGA-2Y-A9GU	21	37360003	48096957	2	2
TCGA-2Y-A9GU	22	16052528	25931672	3	2
TCGA-2Y-A9GU	22	25932542	32699547	3	3
TCGA-2Y-A9GU	22	32699828	34758178	5	2
TCGA-2Y-A9GU	22	34760628	35622616	6	3
TCGA-2Y-A9GU	22	35623446	51234455	4	2
TCGA-2Y-A9GU	X	168477	2440936	2	1
TCGA-2Y-A9GU	X	2441021	6809385	3	2
TCGA-2Y-A9GU	X	6812810	15177204	2	1
TCGA-2Y-A9GU	X	15180610	15895767	2	2
TCGA-2Y-A9GU	X	15900328	23035930	3	2
TCGA-2Y-A9GU	X	23035985	24550954	2	2
TCGA-2Y-A9GU	X	24557178	25736330	4	1
TCGA-2Y-A9GU	X	25736432	42958930	3	2
TCGA-2Y-A9GU	X	42962142	44131697	4	1
TCGA-2Y-A9GU	X	44135203	54983761	2	2
TCGA-2Y-A9GU	X	54984266	67533221	4	1
TCGA-2Y-A9GU	X	67533726	75087212	2	2
TCGA-2Y-A9GU	X	75089673	77930929	4	1
TCGA-2Y-A9GU	X	77931761	107402909	3	2
TCGA-2Y-A9GU	X	107403961	108970676	4	1
TCGA-2Y-A9GU	X	108972626	114957913	3	2
TCGA-2Y-A9GU	X	115007722	116808757	3	3
TCGA-2Y-A9GU	X	116809206	120413109	2	2
TCGA-2Y-A9GU	X	120425031	144285921	3	2
TCGA-2Y-A9GU	X	144285954	155233846	2	1
