sample	chr	startpos	endpos	nMajor	nMinor
TCGA-61-2003	1	61735	12763889	3	0
TCGA-61-2003	1	12765166	24076974	2	0
TCGA-61-2003	1	24078940	26068848	2	2
TCGA-61-2003	1	26069415	30384652	2	0
TCGA-61-2003	1	30386958	49292680	2	2
TCGA-61-2003	1	49292932	54370306	3	0
TCGA-61-2003	1	54372124	56988949	3	3
TCGA-61-2003	1	56990399	68640101	3	0
TCGA-61-2003	1	68640286	76398501	3	2
TCGA-61-2003	1	76398887	86840152	3	0
TCGA-61-2003	1	86845563	105370845	3	3
TCGA-61-2003	1	105370881	105667121	3	0
TCGA-61-2003	1	105671677	106099097	4	3
TCGA-61-2003	1	106101535	106777859	3	0
TCGA-61-2003	1	106778908	113949402	3	3
TCGA-61-2003	1	113949453	114984118	3	0
TCGA-61-2003	1	114986571	120409703	3	3
TCGA-61-2003	1	120410361	121482979	4	0
TCGA-61-2003	1	144007049	223458897	3	3
TCGA-61-2003	1	223462821	249224388	5	3
TCGA-61-2003	2	12784	243089456	2	2
TCGA-61-2003	3	60345	77437803	2	1
TCGA-61-2003	3	77437833	116503826	2	2
TCGA-61-2003	3	116504301	116803100	1	0
TCGA-61-2003	3	116803665	128167886	2	2
TCGA-61-2003	3	128168037	140947612	3	2
TCGA-61-2003	3	140948511	192286888	3	3
TCGA-61-2003	3	192288041	193568108	3	2
TCGA-61-2003	3	193568496	197896118	3	1
TCGA-61-2003	4	12281	191027923	2	0
TCGA-61-2003	5	15532	43609087	3	1
TCGA-61-2003	5	43609272	180790320	2	1
TCGA-61-2003	6	149661	41915717	6	0
TCGA-61-2003	6	41923376	74433284	5	0
TCGA-61-2003	6	74433733	77824861	4	0
TCGA-61-2003	6	77825191	79674967	6	0
TCGA-61-2003	6	79675701	81713515	4	0
TCGA-61-2003	6	81722243	90323788	6	0
TCGA-61-2003	6	90326360	92572588	4	0
TCGA-61-2003	6	92572606	96618691	6	0
TCGA-61-2003	6	96623912	98652210	4	0
TCGA-61-2003	6	98652595	102849697	6	0
TCGA-61-2003	6	102850515	103569753	9	0
TCGA-61-2003	6	103577654	171051005	2	0
TCGA-61-2003	7	43259	38294101	3	3
TCGA-61-2003	7	38294996	38404387	7	7
TCGA-61-2003	7	38404971	102089474	3	3
TCGA-61-2003	7	102089969	159127004	3	2
TCGA-61-2003	8	31254	3141403	3	1
TCGA-61-2003	8	3141586	3353932	3	0
TCGA-61-2003	8	3356245	19810006	3	1
TCGA-61-2003	8	19810787	25547139	3	0
TCGA-61-2003	8	25547166	26858439	2	0
TCGA-61-2003	8	26858471	47448851	3	0
TCGA-61-2003	8	47449094	79312048	3	1
TCGA-61-2003	8	79312061	101683825	3	0
TCGA-61-2003	8	101685641	118232337	4	0
TCGA-61-2003	8	118234888	118576474	4	1
TCGA-61-2003	8	118577157	127615091	4	0
TCGA-61-2003	8	127618426	138811780	4	1
TCGA-61-2003	8	138818553	146298155	4	0
TCGA-61-2003	9	46587	6555424	2	0
TCGA-61-2003	9	6556839	7296752	3	0
TCGA-61-2003	9	7297075	138552526	2	0
TCGA-61-2003	9	138556104	141091394	3	0
TCGA-61-2003	10	72759	2699320	10	2
TCGA-61-2003	10	2699914	18652374	6	2
TCGA-61-2003	10	18653861	20691141	3	3
TCGA-61-2003	10	20691167	25418407	6	2
TCGA-61-2003	10	25425261	28316187	3	3
TCGA-61-2003	10	28317134	28983604	6	2
TCGA-61-2003	10	28983708	36222010	3	3
TCGA-61-2003	10	36223220	38427239	6	2
TCGA-61-2003	10	38427997	81101679	4	1
TCGA-61-2003	10	81101877	135506704	3	1
TCGA-61-2003	11	198572	2633152	2	1
TCGA-61-2003	11	2633715	3104360	2	2
TCGA-61-2003	11	3115943	134944770	2	1
TCGA-61-2003	12	150442	133778189	2	1
TCGA-61-2003	13	19026949	115108397	2	2
TCGA-61-2003	14	19002124	22405392	2	1
TCGA-61-2003	14	22408760	22978775	4	2
TCGA-61-2003	14	22983223	107285437	2	1
TCGA-61-2003	15	20016328	102469040	1	1
TCGA-61-2003	16	60777	90287535	2	0
TCGA-61-2003	17	526	41472834	2	0
TCGA-61-2003	17	41474054	73713996	3	0
TCGA-61-2003	17	73714627	74067152	6	0
TCGA-61-2003	17	74082403	81049726	3	0
TCGA-61-2003	18	48133	78015057	2	1
TCGA-61-2003	19	90910	2213014	1	1
TCGA-61-2003	19	2213179	11136259	2	1
TCGA-61-2003	19	11136315	15884213	3	1
TCGA-61-2003	19	15884273	24596750	2	1
TCGA-61-2003	19	27747993	32257961	12	1
TCGA-61-2003	19	32258354	40133880	6	1
TCGA-61-2003	19	40134290	51083595	1	1
TCGA-61-2003	19	51084705	57985460	2	1
TCGA-61-2003	19	57985566	59097854	3	1
TCGA-61-2003	20	61305	31114523	3	2
TCGA-61-2003	20	31114980	31459721	4	4
TCGA-61-2003	20	31461082	62956153	3	2
TCGA-61-2003	21	10736871	35527314	4	0
TCGA-61-2003	21	35529837	37229796	3	0
TCGA-61-2003	21	37230221	48096957	4	0
TCGA-61-2003	22	16052528	51234455	2	0
TCGA-61-2003	X	168477	41870866	1	0
TCGA-61-2003	X	41871797	43082851	3	0
TCGA-61-2003	X	43085001	45502839	3	1
TCGA-61-2003	X	45507839	48832971	3	0
TCGA-61-2003	X	48837649	52636649	3	1
TCGA-61-2003	X	52639649	130170297	2	1
TCGA-61-2003	X	130173189	154487291	2	0
TCGA-61-2003	X	154488432	155233846	1	0
