sample	chr	startpos	endpos	nMajor	nMinor
TCGA-EI-6884	1	61735	121482979	2	2
TCGA-EI-6884	1	144007049	249224388	3	3
TCGA-EI-6884	2	12784	242322667	2	2
TCGA-EI-6884	2	242322680	243089456	2	0
TCGA-EI-6884	3	60345	139544574	2	2
TCGA-EI-6884	3	139546509	161827534	8	2
TCGA-EI-6884	3	161828549	197896118	5	2
TCGA-EI-6884	4	12281	191027923	2	2
TCGA-EI-6884	5	15532	410980	4	0
TCGA-EI-6884	5	411047	86232484	2	2
TCGA-EI-6884	5	86240485	90830408	2	0
TCGA-EI-6884	5	90831087	180790320	2	2
TCGA-EI-6884	6	149661	171051005	2	2
TCGA-EI-6884	7	43259	46841789	6	2
TCGA-EI-6884	7	46841819	63464076	3	3
TCGA-EI-6884	7	63464342	159127004	3	2
TCGA-EI-6884	8	31254	36748224	2	0
TCGA-EI-6884	8	36748913	43416739	3	3
TCGA-EI-6884	8	43420817	63055326	2	2
TCGA-EI-6884	8	63055991	114759340	3	3
TCGA-EI-6884	8	114759979	124192180	2	2
TCGA-EI-6884	8	124192307	133470424	3	3
TCGA-EI-6884	8	133471941	141312800	2	2
TCGA-EI-6884	8	141314926	146298155	3	3
TCGA-EI-6884	9	46587	141091394	3	3
TCGA-EI-6884	10	72759	135506704	2	2
TCGA-EI-6884	11	198572	134944770	2	2
TCGA-EI-6884	12	150442	133778189	2	2
TCGA-EI-6884	13	19026949	87693978	9	3
TCGA-EI-6884	13	87699959	115108397	5	5
TCGA-EI-6884	14	19002124	107285437	2	0
TCGA-EI-6884	15	20016328	102469040	2	0
TCGA-EI-6884	16	60777	90287535	2	2
TCGA-EI-6884	17	526	21524172	2	0
TCGA-EI-6884	17	21527046	81049726	2	2
TCGA-EI-6884	18	48133	78015057	1	1
TCGA-EI-6884	19	90910	59097854	2	2
TCGA-EI-6884	20	61305	18893843	2	0
TCGA-EI-6884	20	18894702	19642681	2	2
TCGA-EI-6884	20	19645569	22478014	3	3
TCGA-EI-6884	20	22478094	29843973	2	2
TCGA-EI-6884	20	29846281	40792674	3	3
TCGA-EI-6884	20	40792734	41483117	3	2
TCGA-EI-6884	20	41483591	62956153	3	3
TCGA-EI-6884	21	10736871	48096957	2	2
TCGA-EI-6884	22	16052528	51234455	4	0
TCGA-EI-6884	X	168477	155233846	2	0
