sample	chr	startpos	endpos	nMajor	nMinor
TCGA-C8-A1HK	1	61735	121482979	2	1
TCGA-C8-A1HK	1	144007049	149873415	2	2
TCGA-C8-A1HK	1	149875831	241141509	3	3
TCGA-C8-A1HK	1	241144275	249224388	3	2
TCGA-C8-A1HK	2	12784	76481492	3	2
TCGA-C8-A1HK	2	76482688	83991586	3	3
TCGA-C8-A1HK	2	83991599	92286207	3	2
TCGA-C8-A1HK	2	92288268	243089456	2	1
TCGA-C8-A1HK	3	60345	175907964	2	0
TCGA-C8-A1HK	3	175908067	176584938	2	1
TCGA-C8-A1HK	3	176585744	177896846	2	2
TCGA-C8-A1HK	3	177896902	179321204	2	1
TCGA-C8-A1HK	3	179322385	191046770	2	0
TCGA-C8-A1HK	3	191046793	191284700	2	1
TCGA-C8-A1HK	3	191285057	192022601	2	0
TCGA-C8-A1HK	3	192027020	193451449	2	1
TCGA-C8-A1HK	3	193451757	194335048	3	2
TCGA-C8-A1HK	3	194335608	197335218	2	1
TCGA-C8-A1HK	3	197335321	197896118	3	2
TCGA-C8-A1HK	4	12281	2122528	1	0
TCGA-C8-A1HK	4	2124814	44283314	1	1
TCGA-C8-A1HK	4	44284078	47393664	2	1
TCGA-C8-A1HK	4	47397423	49061209	3	2
TCGA-C8-A1HK	4	49063479	58295930	2	2
TCGA-C8-A1HK	4	58295970	72627684	3	2
TCGA-C8-A1HK	4	72630509	72934539	8	2
TCGA-C8-A1HK	4	72934632	73777333	5	3
TCGA-C8-A1HK	4	73780595	81730355	3	2
TCGA-C8-A1HK	4	81730585	88351664	2	1
TCGA-C8-A1HK	4	88352463	89363851	2	2
TCGA-C8-A1HK	4	89364496	126270723	2	1
TCGA-C8-A1HK	4	126270773	151774905	2	2
TCGA-C8-A1HK	4	151775259	191027923	2	1
TCGA-C8-A1HK	5	15532	18022035	2	2
TCGA-C8-A1HK	5	18022107	31407856	3	2
TCGA-C8-A1HK	5	31408671	116364852	2	2
TCGA-C8-A1HK	5	116368667	117956354	3	1
TCGA-C8-A1HK	5	117956512	180790320	2	2
TCGA-C8-A1HK	6	149661	4310398	1	1
TCGA-C8-A1HK	6	4316181	8412451	2	1
TCGA-C8-A1HK	6	8413890	11254644	5	1
TCGA-C8-A1HK	6	11255149	13066375	4	3
TCGA-C8-A1HK	6	13066517	13863385	9	5
TCGA-C8-A1HK	6	13863733	16612461	11	4
TCGA-C8-A1HK	6	16619035	19637407	5	5
TCGA-C8-A1HK	6	19640439	21073431	8	4
TCGA-C8-A1HK	6	21076048	22806388	12	3
TCGA-C8-A1HK	6	22806666	23372495	7	3
TCGA-C8-A1HK	6	23374389	26129375	5	3
TCGA-C8-A1HK	6	26131229	26256566	2	2
TCGA-C8-A1HK	6	26262018	38141322	3	1
TCGA-C8-A1HK	6	38141478	39142583	2	1
TCGA-C8-A1HK	6	39144963	42758981	2	2
TCGA-C8-A1HK	6	42759163	50399990	2	1
TCGA-C8-A1HK	6	50409343	51572227	4	1
TCGA-C8-A1HK	6	51572515	53295798	3	2
TCGA-C8-A1HK	6	53296333	65883033	2	2
TCGA-C8-A1HK	6	65887142	70479509	2	1
TCGA-C8-A1HK	6	70479772	74424285	2	2
TCGA-C8-A1HK	6	74424355	84639502	2	1
TCGA-C8-A1HK	6	84642688	171051005	2	2
TCGA-C8-A1HK	7	43259	51291457	2	2
TCGA-C8-A1HK	7	51292296	54768275	3	2
TCGA-C8-A1HK	7	54768908	147663492	2	2
TCGA-C8-A1HK	7	147663609	159127004	2	1
TCGA-C8-A1HK	8	31254	9205877	1	0
TCGA-C8-A1HK	8	9207587	35444021	1	1
TCGA-C8-A1HK	8	35446608	35592926	4	3
TCGA-C8-A1HK	8	35597532	37125138	6	1
TCGA-C8-A1HK	8	37125422	38078077	3	1
TCGA-C8-A1HK	8	38081418	39194915	5	4
TCGA-C8-A1HK	8	39195893	39578498	4	2
TCGA-C8-A1HK	8	39581016	41000341	4	1
TCGA-C8-A1HK	8	41000820	42466542	3	1
TCGA-C8-A1HK	8	42467926	42701314	5	2
TCGA-C8-A1HK	8	42701688	46912027	2	1
TCGA-C8-A1HK	8	46912314	83294795	3	3
TCGA-C8-A1HK	8	83295018	140564192	4	2
TCGA-C8-A1HK	8	140565095	146298155	3	2
TCGA-C8-A1HK	9	46587	12816521	2	1
TCGA-C8-A1HK	9	12816938	47217176	2	2
TCGA-C8-A1HK	9	65616971	89438914	3	2
TCGA-C8-A1HK	9	89439307	112861758	3	1
TCGA-C8-A1HK	9	112862023	119489508	3	2
TCGA-C8-A1HK	9	119490233	122505543	3	1
TCGA-C8-A1HK	9	122509284	122884800	3	2
TCGA-C8-A1HK	9	122888017	130785501	3	1
TCGA-C8-A1HK	9	130787213	137172792	3	2
TCGA-C8-A1HK	9	137173765	138046334	3	1
TCGA-C8-A1HK	9	138047363	140644310	3	2
TCGA-C8-A1HK	9	140644451	141091394	3	1
TCGA-C8-A1HK	10	72759	46048918	2	1
TCGA-C8-A1HK	10	46051277	53856951	2	2
TCGA-C8-A1HK	10	53857278	69908932	3	3
TCGA-C8-A1HK	10	69910566	76962320	3	2
TCGA-C8-A1HK	10	76967327	78672348	2	2
TCGA-C8-A1HK	10	78672821	81248584	3	2
TCGA-C8-A1HK	10	81251331	110157786	2	1
TCGA-C8-A1HK	10	110157842	110966751	3	1
TCGA-C8-A1HK	10	110966843	111477203	1	1
TCGA-C8-A1HK	10	111477948	135288668	2	1
TCGA-C8-A1HK	10	135289701	135506704	1	1
TCGA-C8-A1HK	11	198572	50241253	2	1
TCGA-C8-A1HK	11	50243621	50769317	3	2
TCGA-C8-A1HK	11	51096372	57845319	2	0
TCGA-C8-A1HK	11	57845321	60032852	2	1
TCGA-C8-A1HK	11	60033386	64868322	2	0
TCGA-C8-A1HK	11	64874262	65078639	6	2
TCGA-C8-A1HK	11	65087533	66170611	2	1
TCGA-C8-A1HK	11	66179868	68326675	13	1
TCGA-C8-A1HK	11	68331451	68705183	2	1
TCGA-C8-A1HK	11	68710847	68820876	12	2
TCGA-C8-A1HK	11	68827626	69040129	5	2
TCGA-C8-A1HK	11	69041847	70410130	25	1
TCGA-C8-A1HK	11	70420819	70706115	14	2
TCGA-C8-A1HK	11	70715362	71600786	2	0
TCGA-C8-A1HK	11	71610765	71815100	7	1
TCGA-C8-A1HK	11	71815577	86795384	2	0
TCGA-C8-A1HK	11	86797999	87663788	3	2
TCGA-C8-A1HK	11	87664122	87779726	5	1
TCGA-C8-A1HK	11	87783280	134944770	2	0
TCGA-C8-A1HK	12	150442	133778189	2	2
TCGA-C8-A1HK	13	19026949	20100527	1	1
TCGA-C8-A1HK	13	20100787	22068683	2	1
TCGA-C8-A1HK	13	22073023	23201074	1	1
TCGA-C8-A1HK	13	23203448	24986798	2	1
TCGA-C8-A1HK	13	24987189	26317890	1	1
TCGA-C8-A1HK	13	26318694	28652314	2	1
TCGA-C8-A1HK	13	28653242	29723124	1	1
TCGA-C8-A1HK	13	29725601	30212940	1	0
TCGA-C8-A1HK	13	30213039	31508724	2	1
TCGA-C8-A1HK	13	31509744	31655136	1	1
TCGA-C8-A1HK	13	31655169	32690447	1	0
TCGA-C8-A1HK	13	32690502	34654207	2	1
TCGA-C8-A1HK	13	34656572	35641669	1	1
TCGA-C8-A1HK	13	35642663	36118658	1	0
TCGA-C8-A1HK	13	36119426	38654079	1	1
TCGA-C8-A1HK	13	38659853	81250701	1	0
TCGA-C8-A1HK	13	81262284	81743702	1	1
TCGA-C8-A1HK	13	81743819	84744158	2	1
TCGA-C8-A1HK	13	84744607	87791743	1	1
TCGA-C8-A1HK	13	87792519	89467558	1	0
TCGA-C8-A1HK	13	89468067	91106524	1	1
TCGA-C8-A1HK	13	91108407	93124089	2	1
TCGA-C8-A1HK	13	93126594	94565629	1	1
TCGA-C8-A1HK	13	94565654	94848611	2	1
TCGA-C8-A1HK	13	94849834	101041352	1	1
TCGA-C8-A1HK	13	101042199	110471709	1	0
TCGA-C8-A1HK	13	110472407	111095870	1	1
TCGA-C8-A1HK	13	111096925	115108397	2	1
TCGA-C8-A1HK	14	19002124	107285437	2	1
TCGA-C8-A1HK	15	20016328	102469040	2	1
TCGA-C8-A1HK	16	60777	5609315	2	2
TCGA-C8-A1HK	16	5609332	9850605	3	2
TCGA-C8-A1HK	16	9850724	59300914	2	2
TCGA-C8-A1HK	16	59301796	65506170	3	2
TCGA-C8-A1HK	16	65507378	90287535	2	2
TCGA-C8-A1HK	17	526	26056153	2	0
TCGA-C8-A1HK	17	26058393	26290644	9	2
TCGA-C8-A1HK	17	26291904	28040171	16	2
TCGA-C8-A1HK	17	28042812	28524575	2	0
TCGA-C8-A1HK	17	28526779	28604749	10	0
TCGA-C8-A1HK	17	28606115	28895266	2	0
TCGA-C8-A1HK	17	28899024	30668431	6	2
TCGA-C8-A1HK	17	30681224	32227125	3	2
TCGA-C8-A1HK	17	32228002	34884383	2	2
TCGA-C8-A1HK	17	34884487	37666806	2	0
TCGA-C8-A1HK	17	37671490	38202030	34	2
TCGA-C8-A1HK	17	38215916	46597943	2	0
TCGA-C8-A1HK	17	46606652	47260765	2	2
TCGA-C8-A1HK	17	47263785	48539612	26	2
TCGA-C8-A1HK	17	48555006	49542718	15	2
TCGA-C8-A1HK	17	49545906	50937029	3	3
TCGA-C8-A1HK	17	50937590	66363467	2	2
TCGA-C8-A1HK	17	66363490	81049726	3	2
TCGA-C8-A1HK	18	48133	20536026	2	0
TCGA-C8-A1HK	18	20541333	78015057	2	1
TCGA-C8-A1HK	19	90910	24596750	2	0
TCGA-C8-A1HK	19	27747993	59097854	2	2
TCGA-C8-A1HK	20	61305	62956153	2	2
TCGA-C8-A1HK	21	10736871	22936264	1	1
TCGA-C8-A1HK	21	22937109	23212569	2	1
TCGA-C8-A1HK	21	23218843	25961599	1	1
TCGA-C8-A1HK	21	25961749	28430050	2	1
TCGA-C8-A1HK	21	28432981	29023174	3	2
TCGA-C8-A1HK	21	29023627	30550280	2	1
TCGA-C8-A1HK	21	30550525	48096957	2	2
TCGA-C8-A1HK	22	16052528	19732153	2	0
TCGA-C8-A1HK	22	19736003	51234455	2	1
TCGA-C8-A1HK	X	168477	9324609	1	1
TCGA-C8-A1HK	X	9327874	13433082	2	1
TCGA-C8-A1HK	X	13433499	19100556	3	1
TCGA-C8-A1HK	X	19100586	23389709	6	1
TCGA-C8-A1HK	X	23389770	25198813	3	1
TCGA-C8-A1HK	X	25201501	29276322	2	1
TCGA-C8-A1HK	X	29279677	30966561	3	1
TCGA-C8-A1HK	X	30966849	32502869	2	1
TCGA-C8-A1HK	X	32503194	34903751	4	1
TCGA-C8-A1HK	X	34907831	75194157	2	1
TCGA-C8-A1HK	X	75194394	75974468	2	0
TCGA-C8-A1HK	X	75975074	83054204	2	1
TCGA-C8-A1HK	X	83057261	120953172	2	0
TCGA-C8-A1HK	X	120953621	124368111	2	1
TCGA-C8-A1HK	X	124369833	125672280	2	0
TCGA-C8-A1HK	X	125673036	127462547	2	1
TCGA-C8-A1HK	X	127463615	155233846	2	0
