sample	chr	startpos	endpos	nMajor	nMinor
TCGA-EK-A2RL	1	61735	121482979	1	1
TCGA-EK-A2RL	1	144007049	167825781	2	1
TCGA-EK-A2RL	1	167830006	177880671	2	0
TCGA-EK-A2RL	1	177882172	190861485	2	1
TCGA-EK-A2RL	1	190862106	210227228	2	0
TCGA-EK-A2RL	1	210228131	249224388	2	1
TCGA-EK-A2RL	2	12784	226148645	1	1
TCGA-EK-A2RL	2	226148957	228271651	1	0
TCGA-EK-A2RL	2	228276006	243089456	1	1
TCGA-EK-A2RL	3	60345	90502862	1	1
TCGA-EK-A2RL	3	93519478	197896118	3	1
TCGA-EK-A2RL	4	12281	191027923	1	1
TCGA-EK-A2RL	5	15532	180790320	1	1
TCGA-EK-A2RL	6	149661	171051005	1	1
TCGA-EK-A2RL	7	43259	159127004	1	1
TCGA-EK-A2RL	8	31254	146298155	1	1
TCGA-EK-A2RL	9	46587	141091394	1	1
TCGA-EK-A2RL	10	72759	85766081	1	1
TCGA-EK-A2RL	10	85767375	89716434	1	0
TCGA-EK-A2RL	10	89716447	90881715	0	0
TCGA-EK-A2RL	10	90885136	115685187	1	0
TCGA-EK-A2RL	10	115685636	135506704	1	1
TCGA-EK-A2RL	11	198572	34511046	1	1
TCGA-EK-A2RL	11	34511115	34794024	2	1
TCGA-EK-A2RL	11	34798610	55551820	1	1
TCGA-EK-A2RL	11	55554451	55888493	1	0
TCGA-EK-A2RL	11	55895649	81244817	1	1
TCGA-EK-A2RL	11	81252708	81335232	1	0
TCGA-EK-A2RL	11	81336657	88900402	1	1
TCGA-EK-A2RL	11	88903961	134944770	1	0
TCGA-EK-A2RL	12	150442	11853772	1	1
TCGA-EK-A2RL	12	11853983	16672809	1	0
TCGA-EK-A2RL	12	16676167	26339217	1	1
TCGA-EK-A2RL	12	26339645	26461964	1	0
TCGA-EK-A2RL	12	26471324	34074857	1	1
TCGA-EK-A2RL	12	34078575	37912735	1	0
TCGA-EK-A2RL	12	37913469	133778189	1	1
TCGA-EK-A2RL	13	19026949	25399677	1	1
TCGA-EK-A2RL	13	25399677	25785900	1	0
TCGA-EK-A2RL	13	25788239	67193607	1	1
TCGA-EK-A2RL	13	67204131	68379126	1	0
TCGA-EK-A2RL	13	68379253	115108397	1	1
TCGA-EK-A2RL	14	19002124	60426819	1	1
TCGA-EK-A2RL	14	60426903	107285437	2	1
TCGA-EK-A2RL	15	20016328	102469040	1	1
TCGA-EK-A2RL	16	60777	21389970	2	1
TCGA-EK-A2RL	16	21412403	21946058	2	0
TCGA-EK-A2RL	16	21946536	35283226	2	1
TCGA-EK-A2RL	16	46463782	90287535	1	1
TCGA-EK-A2RL	17	526	81049726	1	1
TCGA-EK-A2RL	18	48133	3010609	1	0
TCGA-EK-A2RL	18	3015144	46989454	1	1
TCGA-EK-A2RL	18	46991160	61681624	1	0
TCGA-EK-A2RL	18	61687574	78015057	1	1
TCGA-EK-A2RL	19	90910	59097854	1	1
TCGA-EK-A2RL	20	61305	9389497	1	1
TCGA-EK-A2RL	20	9392072	9807661	1	0
TCGA-EK-A2RL	20	9808235	42715045	1	1
TCGA-EK-A2RL	20	42717470	42956922	2	1
TCGA-EK-A2RL	20	42962691	62956153	1	1
TCGA-EK-A2RL	21	10736871	48096957	1	0
TCGA-EK-A2RL	22	16052528	51234455	1	1
TCGA-EK-A2RL	X	168477	155233846	1	1
