sample	chr	startpos	endpos	nMajor	nMinor
TCGA-DD-A1EK	1	61735	11476541	1	1
TCGA-DD-A1EK	1	11476574	11619950	2	1
TCGA-DD-A1EK	1	11622979	56790383	1	1
TCGA-DD-A1EK	1	56790773	56991040	3	1
TCGA-DD-A1EK	1	56996104	57177828	1	1
TCGA-DD-A1EK	1	57185079	57430911	2	1
TCGA-DD-A1EK	1	57432128	121482979	1	1
TCGA-DD-A1EK	1	144007049	206642062	2	1
TCGA-DD-A1EK	1	206642925	211796676	2	2
TCGA-DD-A1EK	1	211800046	249224388	2	1
TCGA-DD-A1EK	2	12784	113759330	1	1
TCGA-DD-A1EK	2	113759950	113840539	2	1
TCGA-DD-A1EK	2	113840575	134535149	1	1
TCGA-DD-A1EK	2	134539725	134602616	2	1
TCGA-DD-A1EK	2	134603157	216451664	1	1
TCGA-DD-A1EK	2	216451846	216627960	2	1
TCGA-DD-A1EK	2	216629374	243089456	1	1
TCGA-DD-A1EK	3	60345	183036329	1	1
TCGA-DD-A1EK	3	183039900	183368891	3	1
TCGA-DD-A1EK	3	183371250	195932463	1	1
TCGA-DD-A1EK	3	195936561	196262194	2	1
TCGA-DD-A1EK	3	196264713	197896118	1	1
TCGA-DD-A1EK	4	12281	191027923	1	1
TCGA-DD-A1EK	5	15532	21179097	1	1
TCGA-DD-A1EK	5	21181358	21441064	1	0
TCGA-DD-A1EK	5	21445958	33896647	1	1
TCGA-DD-A1EK	5	33897522	34046747	2	1
TCGA-DD-A1EK	5	34047964	64310981	1	1
TCGA-DD-A1EK	5	64311542	64435972	2	1
TCGA-DD-A1EK	5	64436251	125469785	1	1
TCGA-DD-A1EK	5	125470396	125571985	2	1
TCGA-DD-A1EK	5	125572494	157582864	1	1
TCGA-DD-A1EK	5	157586139	157681107	2	1
TCGA-DD-A1EK	5	157685057	168208880	1	1
TCGA-DD-A1EK	5	168211254	168778107	2	1
TCGA-DD-A1EK	5	168778784	180790320	1	1
TCGA-DD-A1EK	6	149661	1973841	1	1
TCGA-DD-A1EK	6	1974844	2508395	1	0
TCGA-DD-A1EK	6	2509117	35477152	1	1
TCGA-DD-A1EK	6	35477303	37047280	1	0
TCGA-DD-A1EK	6	37050636	39212291	1	1
TCGA-DD-A1EK	6	39215250	39448889	2	1
TCGA-DD-A1EK	6	39451069	79452708	1	1
TCGA-DD-A1EK	6	79455730	171051005	1	0
TCGA-DD-A1EK	7	43259	22378581	1	1
TCGA-DD-A1EK	7	22378982	22472644	2	1
TCGA-DD-A1EK	7	22472733	45235232	1	1
TCGA-DD-A1EK	7	45241408	45301699	2	1
TCGA-DD-A1EK	7	45302747	159127004	1	1
TCGA-DD-A1EK	8	31254	43604362	1	0
TCGA-DD-A1EK	8	43604486	96068116	1	1
TCGA-DD-A1EK	8	96068744	96238596	2	1
TCGA-DD-A1EK	8	96241676	146298155	1	1
TCGA-DD-A1EK	9	46587	6257054	2	1
TCGA-DD-A1EK	9	6257407	72667462	1	1
TCGA-DD-A1EK	9	72673528	141091394	1	0
TCGA-DD-A1EK	10	72759	5030267	1	1
TCGA-DD-A1EK	10	5030368	5101926	3	1
TCGA-DD-A1EK	10	5101939	17823971	1	1
TCGA-DD-A1EK	10	17836592	18361329	2	1
TCGA-DD-A1EK	10	18361587	80603677	1	1
TCGA-DD-A1EK	10	80606789	80825449	2	1
TCGA-DD-A1EK	10	80834685	112284336	1	1
TCGA-DD-A1EK	10	112285813	112350831	1	0
TCGA-DD-A1EK	10	112354485	114486867	1	1
TCGA-DD-A1EK	10	114487925	114824352	2	1
TCGA-DD-A1EK	10	114826332	135506704	1	1
TCGA-DD-A1EK	11	198572	82723907	1	1
TCGA-DD-A1EK	11	82724739	83968764	1	0
TCGA-DD-A1EK	11	83969803	113258065	1	1
TCGA-DD-A1EK	11	113259532	113304875	2	1
TCGA-DD-A1EK	11	113308831	121219724	1	1
TCGA-DD-A1EK	11	121220106	121246188	2	1
TCGA-DD-A1EK	11	121249784	134944770	1	1
TCGA-DD-A1EK	12	150442	76588407	1	1
TCGA-DD-A1EK	12	76593029	76696239	3	1
TCGA-DD-A1EK	12	76698543	101393234	1	1
TCGA-DD-A1EK	12	101393368	101528318	2	1
TCGA-DD-A1EK	12	101528576	132046004	1	1
TCGA-DD-A1EK	12	132046423	132120715	2	1
TCGA-DD-A1EK	12	132132584	133778189	1	1
TCGA-DD-A1EK	13	19026949	88861568	1	0
TCGA-DD-A1EK	13	88867092	115108397	1	1
TCGA-DD-A1EK	14	19002124	64493307	1	1
TCGA-DD-A1EK	14	64498925	64668774	1	0
TCGA-DD-A1EK	14	64671667	94853965	1	1
TCGA-DD-A1EK	14	94855831	94899881	2	1
TCGA-DD-A1EK	14	94902929	107285437	1	1
TCGA-DD-A1EK	15	20016328	56105800	1	1
TCGA-DD-A1EK	15	56110546	57054989	1	0
TCGA-DD-A1EK	15	57059032	102469040	1	1
TCGA-DD-A1EK	16	60777	90287535	1	1
TCGA-DD-A1EK	17	526	13737852	1	0
TCGA-DD-A1EK	17	13738185	13850890	2	0
TCGA-DD-A1EK	17	13852051	19568259	1	0
TCGA-DD-A1EK	17	19574680	44071089	1	1
TCGA-DD-A1EK	17	44074836	45307693	1	0
TCGA-DD-A1EK	17	45307928	50176017	1	1
TCGA-DD-A1EK	17	50176279	50294106	2	1
TCGA-DD-A1EK	17	50294365	66296451	1	1
TCGA-DD-A1EK	17	66296844	66371273	2	1
TCGA-DD-A1EK	17	66371563	81049726	1	1
TCGA-DD-A1EK	18	48133	43138567	1	1
TCGA-DD-A1EK	18	43139378	43313309	2	1
TCGA-DD-A1EK	18	43313367	78015057	1	1
TCGA-DD-A1EK	19	90910	59097854	1	1
TCGA-DD-A1EK	20	61305	29436802	1	0
TCGA-DD-A1EK	20	29437204	57315179	1	1
TCGA-DD-A1EK	20	57318121	57381845	2	1
TCGA-DD-A1EK	20	57382447	62956153	1	1
TCGA-DD-A1EK	21	10736871	48096957	1	1
TCGA-DD-A1EK	22	16052528	17554888	1	1
TCGA-DD-A1EK	22	17558501	17825713	3	1
TCGA-DD-A1EK	22	17829612	51234455	1	1
TCGA-DD-A1EK	X	168477	155233846	1	1
