sample	chr	startpos	endpos	nMajor	nMinor
TCGA-28-5208	1	61735	80637846	1	1
TCGA-28-5208	1	80638947	80688148	2	0
TCGA-28-5208	1	80688178	81547685	1	0
TCGA-28-5208	1	81549962	81737437	2	1
TCGA-28-5208	1	81738960	100087162	1	0
TCGA-28-5208	1	100087539	239311871	1	1
TCGA-28-5208	1	239313477	239644923	1	0
TCGA-28-5208	1	239645129	247857946	1	1
TCGA-28-5208	1	247858433	248429198	1	0
TCGA-28-5208	1	248429674	249224388	1	1
TCGA-28-5208	2	12784	243089456	1	1
TCGA-28-5208	3	60345	197896118	1	1
TCGA-28-5208	4	12281	191027923	1	1
TCGA-28-5208	5	15532	180790320	1	1
TCGA-28-5208	6	149661	171051005	1	1
TCGA-28-5208	7	43259	22268760	1	1
TCGA-28-5208	7	22272733	26859299	3	1
TCGA-28-5208	7	26860134	48781995	5	1
TCGA-28-5208	7	48782880	50194878	10	1
TCGA-28-5208	7	50194998	51194637	7	1
TCGA-28-5208	7	51196277	53706775	12	1
TCGA-28-5208	7	53707020	61876144	19	1
TCGA-28-5208	7	61888128	79295138	2	1
TCGA-28-5208	7	79295164	79332947	4	1
TCGA-28-5208	7	79333386	147954639	1	1
TCGA-28-5208	7	147954976	148346101	1	0
TCGA-28-5208	7	148347132	159127004	1	1
TCGA-28-5208	8	31254	146298155	1	1
TCGA-28-5208	9	46587	20785477	1	0
TCGA-28-5208	9	20786691	27672182	0	0
TCGA-28-5208	9	27672338	47217176	1	0
TCGA-28-5208	9	65616971	141091394	1	1
TCGA-28-5208	10	72759	135506704	1	0
TCGA-28-5208	11	198572	134944770	1	1
TCGA-28-5208	12	150442	133778189	1	1
TCGA-28-5208	13	19026949	115108397	1	1
TCGA-28-5208	14	19002124	107285437	1	1
TCGA-28-5208	15	20016328	102469040	1	1
TCGA-28-5208	16	60777	35283226	1	1
TCGA-28-5208	16	46463782	49042544	2	0
TCGA-28-5208	16	49044242	90287535	1	1
TCGA-28-5208	17	526	81049726	1	1
TCGA-28-5208	18	48133	78015057	1	1
TCGA-28-5208	19	90910	59097854	2	1
TCGA-28-5208	20	61305	62956153	1	1
TCGA-28-5208	21	10736871	48096957	1	1
TCGA-28-5208	22	16052528	51234455	1	0
TCGA-28-5208	X	168477	2694240	1	1
TCGA-28-5208	X	2703391	155233846	1	0
