sample	chr	startpos	endpos	nMajor	nMinor
TCGA-43-A475	1	61735	77426934	4	0
TCGA-43-A475	1	77427017	109295378	4	4
TCGA-43-A475	1	109295971	234556646	3	3
TCGA-43-A475	1	234558966	249224388	4	4
TCGA-43-A475	2	12784	243089456	4	0
TCGA-43-A475	3	60345	78905345	4	0
TCGA-43-A475	3	78913203	117512668	4	4
TCGA-43-A475	3	117516744	125908498	3	3
TCGA-43-A475	3	125908841	160132053	2	2
TCGA-43-A475	3	160134480	163978787	4	3
TCGA-43-A475	3	163978815	167102001	10	2
TCGA-43-A475	3	167102124	197896118	11	4
TCGA-43-A475	4	12281	183326817	4	0
TCGA-43-A475	4	183327075	191027923	2	1
TCGA-43-A475	5	15532	46381782	3	3
TCGA-43-A475	5	46382652	180790320	4	0
TCGA-43-A475	6	149661	26663535	1	1
TCGA-43-A475	6	26663727	41907271	4	0
TCGA-43-A475	6	41907404	42023695	77	0
TCGA-43-A475	6	42024285	110636282	4	0
TCGA-43-A475	6	110638218	110763048	89	1
TCGA-43-A475	6	110765198	171051005	4	0
TCGA-43-A475	7	43259	110061408	4	3
TCGA-43-A475	7	110061532	126085734	2	2
TCGA-43-A475	7	126085909	159127004	2	0
TCGA-43-A475	8	31254	2874110	4	0
TCGA-43-A475	8	2874317	3322262	1	1
TCGA-43-A475	8	3323083	40720627	4	0
TCGA-43-A475	8	40720781	41660854	6	5
TCGA-43-A475	8	41665810	43532850	4	0
TCGA-43-A475	8	43556104	116214660	3	3
TCGA-43-A475	8	116214824	146298155	6	2
TCGA-43-A475	9	46587	13838856	5	0
TCGA-43-A475	9	13839114	47217176	4	0
TCGA-43-A475	9	65616971	141091394	3	3
TCGA-43-A475	10	72759	135506704	4	0
TCGA-43-A475	11	198572	134944770	4	0
TCGA-43-A475	12	150442	24188229	5	5
TCGA-43-A475	12	24188246	38684138	4	4
TCGA-43-A475	12	38684508	62309622	4	0
TCGA-43-A475	12	62310248	133778189	6	0
TCGA-43-A475	13	19026949	115108397	4	0
TCGA-43-A475	14	19002124	58237030	4	0
TCGA-43-A475	14	58237922	105369865	1	1
TCGA-43-A475	14	105373764	107285437	6	0
TCGA-43-A475	15	20016328	102469040	4	4
TCGA-43-A475	16	60777	35283226	5	0
TCGA-43-A475	16	46463782	76462538	6	0
TCGA-43-A475	16	76462582	90287535	1	1
TCGA-43-A475	17	526	26237244	2	0
TCGA-43-A475	17	26237709	28185149	4	4
TCGA-43-A475	17	28185230	35947226	4	0
TCGA-43-A475	17	35949970	81049726	4	4
TCGA-43-A475	18	48133	77708781	3	3
TCGA-43-A475	18	77708992	78015057	6	0
TCGA-43-A475	19	90910	12008203	4	0
TCGA-43-A475	19	12009176	20868874	3	3
TCGA-43-A475	19	20869975	28575558	4	0
TCGA-43-A475	19	28575737	59097854	3	3
TCGA-43-A475	20	61305	62956153	4	0
TCGA-43-A475	21	10736871	48096957	3	3
TCGA-43-A475	22	16052528	51234455	3	3
TCGA-43-A475	X	168477	137072302	3	3
TCGA-43-A475	X	137075127	139167333	4	0
TCGA-43-A475	X	139168386	155233846	3	3
