sample	chr	startpos	endpos	nMajor	nMinor
TCGA-24-2293	1	61735	8065407	1	1
TCGA-24-2293	1	8066914	8812214	1	0
TCGA-24-2293	1	8812390	27552746	1	1
TCGA-24-2293	1	27556244	93523134	2	1
TCGA-24-2293	1	93523272	95049677	3	2
TCGA-24-2293	1	95049856	110809895	2	1
TCGA-24-2293	1	110814007	111296881	3	2
TCGA-24-2293	1	111296965	203588311	2	1
TCGA-24-2293	1	203590984	204558826	3	3
TCGA-24-2293	1	204560677	249224388	3	1
TCGA-24-2293	2	12784	26470896	2	1
TCGA-24-2293	2	26471357	26909153	2	0
TCGA-24-2293	2	26911745	102387089	2	1
TCGA-24-2293	2	102387192	102837473	4	1
TCGA-24-2293	2	102837526	154846176	2	1
TCGA-24-2293	2	154848088	155246405	2	0
TCGA-24-2293	2	155251042	243089456	2	1
TCGA-24-2293	3	60345	47701285	2	0
TCGA-24-2293	3	47703836	48396428	6	0
TCGA-24-2293	3	48396896	112486235	2	0
TCGA-24-2293	3	112490299	131679857	2	2
TCGA-24-2293	3	131680582	132107931	2	1
TCGA-24-2293	3	132111524	168967323	2	2
TCGA-24-2293	3	168968258	170103499	7	2
TCGA-24-2293	3	170105068	197896118	2	2
TCGA-24-2293	4	12281	8289807	2	0
TCGA-24-2293	4	8289904	9496294	4	0
TCGA-24-2293	4	9497845	191027923	2	0
TCGA-24-2293	5	15532	23614535	2	2
TCGA-24-2293	5	23618767	23933530	2	0
TCGA-24-2293	5	23937201	46246660	2	2
TCGA-24-2293	5	46251306	59729782	2	0
TCGA-24-2293	5	59730023	60305543	0	0
TCGA-24-2293	5	60305573	131364333	2	0
TCGA-24-2293	5	131367610	132247222	4	0
TCGA-24-2293	5	132250637	180790320	2	0
TCGA-24-2293	6	149661	32096244	4	0
TCGA-24-2293	6	32100075	38561595	3	0
TCGA-24-2293	6	38562063	39852920	9	0
TCGA-24-2293	6	39854901	39882693	5	0
TCGA-24-2293	6	39890217	101570707	2	0
TCGA-24-2293	6	101575509	105583546	3	0
TCGA-24-2293	6	105585696	154528614	2	0
TCGA-24-2293	6	154529514	171051005	1	0
TCGA-24-2293	7	43259	4789034	2	2
TCGA-24-2293	7	4790063	6606603	2	1
TCGA-24-2293	7	6611333	30614508	2	2
TCGA-24-2293	7	30614799	31671547	4	2
TCGA-24-2293	7	31671631	57563417	2	2
TCGA-24-2293	7	57564632	73248203	3	2
TCGA-24-2293	7	73257584	107623339	2	1
TCGA-24-2293	7	107623496	126776866	1	1
TCGA-24-2293	7	126776899	159127004	2	1
TCGA-24-2293	8	31254	33748555	1	0
TCGA-24-2293	8	33760493	58518517	2	1
TCGA-24-2293	8	58518888	59631111	6	2
TCGA-24-2293	8	59632135	120841323	2	1
TCGA-24-2293	8	120841409	121360990	6	2
TCGA-24-2293	8	121366769	140840550	4	1
TCGA-24-2293	8	140841008	141375471	1	1
TCGA-24-2293	8	141375585	146298155	4	1
TCGA-24-2293	9	46587	130413080	2	0
TCGA-24-2293	9	130416044	130595449	6	0
TCGA-24-2293	9	130598125	141091394	2	0
TCGA-24-2293	10	72759	5572126	1	1
TCGA-24-2293	10	5572893	6588017	3	1
TCGA-24-2293	10	6590806	6857846	2	1
TCGA-24-2293	10	6858920	8507083	4	1
TCGA-24-2293	10	8507950	12801522	3	1
TCGA-24-2293	10	12804664	15264688	4	1
TCGA-24-2293	10	15267070	29484848	3	1
TCGA-24-2293	10	29486413	31992226	4	1
TCGA-24-2293	10	31994758	36591630	2	1
TCGA-24-2293	10	36592064	72288302	3	2
TCGA-24-2293	10	72288460	98249904	3	1
TCGA-24-2293	10	98250191	102436629	2	1
TCGA-24-2293	10	102437531	109905625	3	1
TCGA-24-2293	10	109906997	111532917	1	0
TCGA-24-2293	10	111533009	116517086	3	1
TCGA-24-2293	10	116519134	135506704	2	1
TCGA-24-2293	11	198572	15772315	3	0
TCGA-24-2293	11	15773665	24802669	2	0
TCGA-24-2293	11	24804459	97175894	2	1
TCGA-24-2293	11	97176319	134944770	1	1
TCGA-24-2293	12	150442	12060955	2	2
TCGA-24-2293	12	12072456	12358524	5	2
TCGA-24-2293	12	12358957	13695696	2	2
TCGA-24-2293	12	13696242	14915745	2	0
TCGA-24-2293	12	14916150	52485891	2	2
TCGA-24-2293	12	52488413	122451870	2	1
TCGA-24-2293	12	122462486	133778189	2	0
TCGA-24-2293	13	19026949	97070050	2	1
TCGA-24-2293	13	97070467	115108397	3	1
TCGA-24-2293	14	19002124	72492582	2	1
TCGA-24-2293	14	72493264	72792567	2	0
TCGA-24-2293	14	72796370	94153415	2	1
TCGA-24-2293	14	94155147	94624083	3	3
TCGA-24-2293	14	94625084	99967186	2	1
TCGA-24-2293	14	99967498	107285437	2	0
TCGA-24-2293	15	20016328	75372084	2	0
TCGA-24-2293	15	75374486	76437970	4	0
TCGA-24-2293	15	76437983	102469040	2	0
TCGA-24-2293	16	60777	12382838	2	0
TCGA-24-2293	16	12383329	12999243	4	0
TCGA-24-2293	16	13001683	90287535	2	0
TCGA-24-2293	17	526	41307101	2	0
TCGA-24-2293	17	41307397	46049948	3	0
TCGA-24-2293	17	46049963	56109334	4	0
TCGA-24-2293	17	56110657	81049726	3	0
TCGA-24-2293	18	48133	6007921	2	0
TCGA-24-2293	18	6008583	6412196	0	0
TCGA-24-2293	18	6412607	78015057	2	0
TCGA-24-2293	19	90910	4143211	1	0
TCGA-24-2293	19	4149860	5320079	5	0
TCGA-24-2293	19	5324831	6996350	3	0
TCGA-24-2293	19	6996444	8396480	2	0
TCGA-24-2293	19	8396803	9366748	4	1
TCGA-24-2293	19	9372206	9793351	7	1
TCGA-24-2293	19	9795089	16192874	2	1
TCGA-24-2293	19	16192958	22678699	1	1
TCGA-24-2293	19	22683744	23393623	3	1
TCGA-24-2293	19	23393877	29378806	1	1
TCGA-24-2293	19	29379723	30978239	2	1
TCGA-24-2293	19	30979763	59097854	1	1
TCGA-24-2293	20	61305	4716907	4	2
TCGA-24-2293	20	4717262	5103158	2	2
TCGA-24-2293	20	5111789	15044532	5	2
TCGA-24-2293	20	15044925	23891497	2	1
TCGA-24-2293	20	23891641	62956153	2	2
TCGA-24-2293	21	10736871	20158453	1	0
TCGA-24-2293	21	20158958	22018337	2	1
TCGA-24-2293	21	22018488	26383887	1	0
TCGA-24-2293	21	26384580	32843813	2	1
TCGA-24-2293	21	32844412	34742255	1	0
TCGA-24-2293	21	34744239	44883781	2	1
TCGA-24-2293	21	44884004	46141018	6	1
TCGA-24-2293	21	46141787	48096957	2	1
TCGA-24-2293	22	16052528	21448938	4	0
TCGA-24-2293	22	21449028	22321501	7	0
TCGA-24-2293	22	22321734	25094534	5	0
TCGA-24-2293	22	25094577	27385773	8	0
TCGA-24-2293	22	27386488	28261602	1	0
TCGA-24-2293	22	28261630	51234455	2	0
TCGA-24-2293	X	168477	75584492	2	2
TCGA-24-2293	X	75586514	155233846	2	1
