sample	chr	startpos	endpos	nMajor	nMinor
TCGA-HT-8105	1	61735	121482979	1	0
TCGA-HT-8105	1	144007049	249224388	1	1
TCGA-HT-8105	2	12784	243089456	1	1
TCGA-HT-8105	3	60345	197896118	1	1
TCGA-HT-8105	4	12281	191027923	1	1
TCGA-HT-8105	5	15532	180790320	1	1
TCGA-HT-8105	6	149661	171051005	1	1
TCGA-HT-8105	7	43259	159127004	1	1
TCGA-HT-8105	8	31254	146298155	1	1
TCGA-HT-8105	9	46587	141091394	1	1
TCGA-HT-8105	10	72759	135506704	1	1
TCGA-HT-8105	11	198572	134944770	1	1
TCGA-HT-8105	12	150442	133778189	1	1
TCGA-HT-8105	13	19026949	115108397	1	1
TCGA-HT-8105	14	19002124	107285437	1	1
TCGA-HT-8105	15	20016328	102469040	1	1
TCGA-HT-8105	16	60777	90287535	1	1
TCGA-HT-8105	17	526	81049726	1	1
TCGA-HT-8105	18	48133	78015057	1	1
TCGA-HT-8105	19	90910	27751675	1	1
TCGA-HT-8105	19	27762138	59097854	1	0
TCGA-HT-8105	20	61305	62956153	1	1
TCGA-HT-8105	21	10736871	48096957	1	1
TCGA-HT-8105	22	16052528	51234455	1	1
TCGA-HT-8105	X	168477	2703391	1	1
TCGA-HT-8105	X	2703633	154929498	1	0
TCGA-HT-8105	X	154963439	155233846	1	1
