sample	chr	startpos	endpos	nMajor	nMinor
TCGA-RR-A6KB	1	61735	203725989	2	2
TCGA-RR-A6KB	1	203729422	205176003	59	0
TCGA-RR-A6KB	1	205181526	249224388	2	2
TCGA-RR-A6KB	2	12784	243089456	2	2
TCGA-RR-A6KB	3	60345	197896118	2	2
TCGA-RR-A6KB	4	12281	191027923	2	2
TCGA-RR-A6KB	5	15532	180790320	2	2
TCGA-RR-A6KB	6	149661	171051005	2	2
TCGA-RR-A6KB	7	43259	159127004	3	3
TCGA-RR-A6KB	8	31254	146298155	2	2
TCGA-RR-A6KB	9	46587	141091394	2	0
TCGA-RR-A6KB	10	72759	135506704	2	0
TCGA-RR-A6KB	11	198572	134944770	2	2
TCGA-RR-A6KB	12	150442	57878730	2	2
TCGA-RR-A6KB	12	57886609	58289248	24	6
TCGA-RR-A6KB	12	58293135	59422668	2	0
TCGA-RR-A6KB	12	59424883	59472801	31	12
TCGA-RR-A6KB	12	59472972	72888414	2	2
TCGA-RR-A6KB	12	72889122	74090521	39	1
TCGA-RR-A6KB	12	74091610	75700139	2	1
TCGA-RR-A6KB	12	75702730	76248167	35	1
TCGA-RR-A6KB	12	76251581	133778189	2	2
TCGA-RR-A6KB	13	19026949	115108397	2	2
TCGA-RR-A6KB	14	19002124	68805451	2	2
TCGA-RR-A6KB	14	68807132	76980815	4	0
TCGA-RR-A6KB	14	76981897	107285437	2	2
TCGA-RR-A6KB	15	20016328	60154765	2	0
TCGA-RR-A6KB	15	60155324	61755743	4	0
TCGA-RR-A6KB	15	61755995	102469040	2	0
TCGA-RR-A6KB	16	60777	90287535	2	2
TCGA-RR-A6KB	17	526	81049726	2	2
TCGA-RR-A6KB	18	48133	78015057	2	2
TCGA-RR-A6KB	19	90910	59097854	2	2
TCGA-RR-A6KB	20	61305	62956153	2	2
TCGA-RR-A6KB	21	10736871	16035238	2	0
TCGA-RR-A6KB	21	16040942	48096957	2	2
TCGA-RR-A6KB	22	16052528	51234455	2	2
TCGA-RR-A6KB	X	168477	2694240	3	2
TCGA-RR-A6KB	X	2703391	154772582	2	0
TCGA-RR-A6KB	X	154774663	155233846	0	0
