sample	chr	startpos	endpos	nMajor	nMinor
TCGA-L5-A4OX	1	61735	121482979	1	1
TCGA-L5-A4OX	1	144007049	249224388	2	1
TCGA-L5-A4OX	2	12784	97580766	1	1
TCGA-L5-A4OX	2	97591131	99328763	2	1
TCGA-L5-A4OX	2	99329384	100274045	4	1
TCGA-L5-A4OX	2	100275232	100742471	2	1
TCGA-L5-A4OX	2	100744209	101452840	1	1
TCGA-L5-A4OX	2	101455912	103058905	3	1
TCGA-L5-A4OX	2	103063369	103437440	1	1
TCGA-L5-A4OX	2	103438505	108847885	4	1
TCGA-L5-A4OX	2	108848137	124382907	2	1
TCGA-L5-A4OX	2	124383191	146796613	1	0
TCGA-L5-A4OX	2	146801177	243089456	1	1
TCGA-L5-A4OX	3	60345	50762472	1	1
TCGA-L5-A4OX	3	50763034	59788677	1	0
TCGA-L5-A4OX	3	59791179	60073399	0	0
TCGA-L5-A4OX	3	60073652	60277140	1	0
TCGA-L5-A4OX	3	60277709	60546479	0	0
TCGA-L5-A4OX	3	60554521	197896118	1	0
TCGA-L5-A4OX	4	12281	91270127	1	0
TCGA-L5-A4OX	4	91270504	91296690	3	0
TCGA-L5-A4OX	4	91298087	92331783	1	0
TCGA-L5-A4OX	4	92338498	92567291	0	0
TCGA-L5-A4OX	4	92568447	191027923	1	0
TCGA-L5-A4OX	5	15532	59279653	1	1
TCGA-L5-A4OX	5	59282315	59373049	1	0
TCGA-L5-A4OX	5	59384945	59622392	1	1
TCGA-L5-A4OX	5	59627575	59709752	1	0
TCGA-L5-A4OX	5	59710033	180790320	1	1
TCGA-L5-A4OX	6	149661	171051005	1	1
TCGA-L5-A4OX	7	43259	100908356	1	1
TCGA-L5-A4OX	7	100916350	102593794	1	0
TCGA-L5-A4OX	7	102599749	159127004	1	1
TCGA-L5-A4OX	8	31254	41343375	1	0
TCGA-L5-A4OX	8	41349333	48780937	2	2
TCGA-L5-A4OX	8	48787775	48975307	1	0
TCGA-L5-A4OX	8	48976376	99396061	2	2
TCGA-L5-A4OX	8	99396384	101166455	3	1
TCGA-L5-A4OX	8	101167695	125859029	2	0
TCGA-L5-A4OX	8	125860137	134300366	2	1
TCGA-L5-A4OX	8	134301588	135406924	2	0
TCGA-L5-A4OX	8	135407486	141878001	2	1
TCGA-L5-A4OX	8	141879736	146298155	2	0
TCGA-L5-A4OX	9	46587	71269581	1	1
TCGA-L5-A4OX	9	71274292	71898527	1	0
TCGA-L5-A4OX	9	71901657	141091394	1	1
TCGA-L5-A4OX	10	72759	32398895	1	1
TCGA-L5-A4OX	10	32400680	32456826	3	1
TCGA-L5-A4OX	10	32457370	135506704	1	1
TCGA-L5-A4OX	11	198572	134944770	1	1
TCGA-L5-A4OX	12	150442	133778189	1	1
TCGA-L5-A4OX	13	19026949	115108397	1	1
TCGA-L5-A4OX	14	19002124	107285437	1	1
TCGA-L5-A4OX	15	20016328	102469040	1	1
TCGA-L5-A4OX	16	60777	78600755	1	1
TCGA-L5-A4OX	16	78607349	78764811	0	0
TCGA-L5-A4OX	16	78766129	89472043	1	1
TCGA-L5-A4OX	16	89472128	90050689	1	0
TCGA-L5-A4OX	16	90050880	90287535	1	1
TCGA-L5-A4OX	17	526	21524172	1	0
TCGA-L5-A4OX	17	21527046	28392212	1	1
TCGA-L5-A4OX	17	28393166	28937664	4	1
TCGA-L5-A4OX	17	28952029	30858969	3	1
TCGA-L5-A4OX	17	30861865	31281886	2	1
TCGA-L5-A4OX	17	31284664	36244345	1	0
TCGA-L5-A4OX	17	36244358	37933288	1	1
TCGA-L5-A4OX	17	37942162	39048774	3	1
TCGA-L5-A4OX	17	39051942	39166304	7	1
TCGA-L5-A4OX	17	39166656	39786415	21	1
TCGA-L5-A4OX	17	39786865	40130565	30	0
TCGA-L5-A4OX	17	40136716	40400743	1	0
TCGA-L5-A4OX	17	40407413	81049726	1	1
TCGA-L5-A4OX	18	48133	27815320	1	1
TCGA-L5-A4OX	18	27815609	29924718	2	1
TCGA-L5-A4OX	18	29929220	78015057	1	0
TCGA-L5-A4OX	19	90910	59097854	1	1
TCGA-L5-A4OX	20	61305	23296874	2	1
TCGA-L5-A4OX	20	23297320	62956153	1	1
TCGA-L5-A4OX	21	10736871	36202482	1	1
TCGA-L5-A4OX	21	36202775	36607747	0	0
TCGA-L5-A4OX	21	36610976	38751864	1	1
TCGA-L5-A4OX	21	38753354	40513886	1	0
TCGA-L5-A4OX	21	40514237	45162367	1	1
TCGA-L5-A4OX	21	45164854	46714641	1	0
TCGA-L5-A4OX	21	46725024	48096957	1	1
TCGA-L5-A4OX	22	16052528	51234455	1	1
TCGA-L5-A4OX	X	168477	39222811	2	0
TCGA-L5-A4OX	X	39229516	40270744	0	0
TCGA-L5-A4OX	X	40271810	155233846	2	0
