sample	chr	startpos	endpos	nMajor	nMinor
TCGA-44-4112-a	1	61735	121482979	2	2
TCGA-44-4112-a	1	144007049	149920659	6	0
TCGA-44-4112-a	1	149920888	151917652	6	2
TCGA-44-4112-a	1	151918164	155979033	6	5
TCGA-44-4112-a	1	155981489	172536141	6	0
TCGA-44-4112-a	1	172538812	174277064	6	5
TCGA-44-4112-a	1	174277111	181328252	6	3
TCGA-44-4112-a	1	181329186	184588779	6	2
TCGA-44-4112-a	1	184591518	186264732	6	0
TCGA-44-4112-a	1	186265948	205293695	6	2
TCGA-44-4112-a	1	205294072	214925732	6	0
TCGA-44-4112-a	1	214928175	224948813	4	0
TCGA-44-4112-a	1	224950100	226257675	4	3
TCGA-44-4112-a	1	226260225	243085890	4	0
TCGA-44-4112-a	1	243087106	246825631	4	2
TCGA-44-4112-a	1	246826120	247188534	4	0
TCGA-44-4112-a	1	247190944	249224388	4	2
TCGA-44-4112-a	2	12784	170390161	2	2
TCGA-44-4112-a	2	170391631	243089456	3	1
TCGA-44-4112-a	3	60345	197896118	2	2
TCGA-44-4112-a	4	12281	102772562	4	2
TCGA-44-4112-a	4	102772861	191027923	2	2
TCGA-44-4112-a	5	15532	107956215	3	3
TCGA-44-4112-a	5	107963002	180790320	5	1
TCGA-44-4112-a	6	149661	33306794	4	0
TCGA-44-4112-a	6	33312308	73587121	2	2
TCGA-44-4112-a	6	73592597	135668379	2	0
TCGA-44-4112-a	6	135669501	171051005	2	2
TCGA-44-4112-a	7	43259	56118306	4	2
TCGA-44-4112-a	7	56122058	68133507	4	0
TCGA-44-4112-a	7	68136084	69484140	4	2
TCGA-44-4112-a	7	69486531	73340743	4	0
TCGA-44-4112-a	7	73343152	76949507	4	2
TCGA-44-4112-a	7	76949920	77365412	4	0
TCGA-44-4112-a	7	77366582	79180878	5	2
TCGA-44-4112-a	7	79186785	93536826	4	0
TCGA-44-4112-a	7	93537158	93777249	5	2
TCGA-44-4112-a	7	93778830	119843142	4	0
TCGA-44-4112-a	7	119852425	123077751	4	2
TCGA-44-4112-a	7	123082910	125171493	5	5
TCGA-44-4112-a	7	125171787	125687968	5	2
TCGA-44-4112-a	7	125688068	129468523	4	0
TCGA-44-4112-a	7	129470167	133997322	4	2
TCGA-44-4112-a	7	134004088	136754239	4	0
TCGA-44-4112-a	7	136756101	140969575	4	3
TCGA-44-4112-a	7	140970382	143025985	4	0
TCGA-44-4112-a	7	143029371	144273345	4	2
TCGA-44-4112-a	7	144274691	152773104	4	0
TCGA-44-4112-a	7	152773224	157062512	4	2
TCGA-44-4112-a	7	157063276	159127004	5	0
TCGA-44-4112-a	8	31254	129070428	2	2
TCGA-44-4112-a	8	129070559	129253823	7	2
TCGA-44-4112-a	8	129257965	146298155	2	2
TCGA-44-4112-a	9	46587	141091394	2	2
TCGA-44-4112-a	10	72759	135506704	2	2
TCGA-44-4112-a	11	198572	78123831	2	2
TCGA-44-4112-a	11	78124797	132161266	2	0
TCGA-44-4112-a	11	132161324	134944770	2	2
TCGA-44-4112-a	12	150442	133778189	2	2
TCGA-44-4112-a	13	19026949	115108397	2	2
TCGA-44-4112-a	14	19002124	25181135	2	2
TCGA-44-4112-a	14	25182697	25414402	4	2
TCGA-44-4112-a	14	25419841	36687974	2	2
TCGA-44-4112-a	14	36688516	37017431	6	3
TCGA-44-4112-a	14	37021397	107285437	2	2
TCGA-44-4112-a	15	20016328	102469040	2	2
TCGA-44-4112-a	16	60777	5044200	4	2
TCGA-44-4112-a	16	5045459	10737420	2	2
TCGA-44-4112-a	16	10742510	15603580	6	2
TCGA-44-4112-a	16	15606987	26392864	2	2
TCGA-44-4112-a	16	26397615	26532771	2	0
TCGA-44-4112-a	16	26535738	35283226	4	2
TCGA-44-4112-a	16	46463782	48455247	6	1
TCGA-44-4112-a	16	48456712	90287535	2	0
TCGA-44-4112-a	17	526	3430757	2	0
TCGA-44-4112-a	17	3431686	81049726	2	2
TCGA-44-4112-a	18	48133	78015057	2	2
TCGA-44-4112-a	19	90910	59097854	2	2
TCGA-44-4112-a	20	61305	62956153	2	2
TCGA-44-4112-a	21	10736871	48096957	2	2
TCGA-44-4112-a	22	16052528	18486282	2	0
TCGA-44-4112-a	22	18487514	19423499	4	2
TCGA-44-4112-a	22	19424671	21103293	2	0
TCGA-44-4112-a	22	21103406	21841832	3	3
TCGA-44-4112-a	22	21843935	51234455	2	0
TCGA-44-4112-a	X	168477	155233846	2	0
