sample	chr	startpos	endpos	nMajor	nMinor
TCGA-2G-AAH2	1	61735	118314393	2	0
TCGA-2G-AAH2	1	118318191	249224388	2	1
TCGA-2G-AAH2	2	12784	91686706	2	1
TCGA-2G-AAH2	2	91704736	243089456	2	0
TCGA-2G-AAH2	3	60345	197896118	2	0
TCGA-2G-AAH2	4	12281	80883244	1	1
TCGA-2G-AAH2	4	80886020	80953597	1	0
TCGA-2G-AAH2	4	80954336	191027923	1	1
TCGA-2G-AAH2	5	15532	180790320	1	1
TCGA-2G-AAH2	6	149661	171051005	2	1
TCGA-2G-AAH2	7	43259	159127004	2	1
TCGA-2G-AAH2	8	31254	146298155	3	2
TCGA-2G-AAH2	9	46587	47217176	2	2
TCGA-2G-AAH2	9	65616971	94954036	2	1
TCGA-2G-AAH2	9	94954734	112179110	3	1
TCGA-2G-AAH2	9	112180607	112469467	2	1
TCGA-2G-AAH2	9	112471078	125481874	3	1
TCGA-2G-AAH2	9	125482320	141091394	2	1
TCGA-2G-AAH2	10	72759	5050778	1	1
TCGA-2G-AAH2	10	5051532	44399483	2	1
TCGA-2G-AAH2	10	44399660	135506704	1	1
TCGA-2G-AAH2	11	198572	134944770	1	1
TCGA-2G-AAH2	12	150442	38292079	7	2
TCGA-2G-AAH2	12	38317760	48911217	2	2
TCGA-2G-AAH2	12	48917007	133778189	2	1
TCGA-2G-AAH2	13	19026949	115108397	2	0
TCGA-2G-AAH2	14	19002124	22410495	2	1
TCGA-2G-AAH2	14	22410620	22950491	3	1
TCGA-2G-AAH2	14	22953607	107285437	2	1
TCGA-2G-AAH2	15	20016328	102469040	2	1
TCGA-2G-AAH2	16	60777	35283226	2	1
TCGA-2G-AAH2	16	46463782	59279375	6	1
TCGA-2G-AAH2	16	59282422	65595961	7	1
TCGA-2G-AAH2	16	65596820	70838203	6	1
TCGA-2G-AAH2	16	70839075	71202489	4	1
TCGA-2G-AAH2	16	71202797	72722634	6	1
TCGA-2G-AAH2	16	72734031	90287535	1	1
TCGA-2G-AAH2	17	526	81049726	2	1
TCGA-2G-AAH2	18	48133	78015057	1	1
TCGA-2G-AAH2	19	90910	59097854	2	1
TCGA-2G-AAH2	20	61305	62956153	2	1
TCGA-2G-AAH2	21	10736871	48096957	2	2
TCGA-2G-AAH2	22	16052528	51234455	2	1
TCGA-2G-AAH2	X	168477	2693175	2	1
TCGA-2G-AAH2	X	2693624	155233846	2	0
