sample	chr	startpos	endpos	nMajor	nMinor
TCGA-BR-8361	1	61735	7745804	1	1
TCGA-BR-8361	1	7750414	7886424	3	1
TCGA-BR-8361	1	7888438	55228129	1	1
TCGA-BR-8361	1	55228159	55428397	1	0
TCGA-BR-8361	1	55430371	249224388	1	1
TCGA-BR-8361	2	12784	13622722	1	1
TCGA-BR-8361	2	13623160	15181872	1	0
TCGA-BR-8361	2	15181953	43000216	1	1
TCGA-BR-8361	2	43015719	43438734	2	1
TCGA-BR-8361	2	43440914	63729344	1	1
TCGA-BR-8361	2	63730044	63854375	1	0
TCGA-BR-8361	2	63856951	232500132	1	1
TCGA-BR-8361	2	232503605	243089456	1	0
TCGA-BR-8361	3	60345	9034190	1	1
TCGA-BR-8361	3	9034527	9164579	2	1
TCGA-BR-8361	3	9165840	11412823	1	1
TCGA-BR-8361	3	11413359	11731531	1	0
TCGA-BR-8361	3	11731620	20810717	1	1
TCGA-BR-8361	3	20817688	40808951	2	1
TCGA-BR-8361	3	40812977	59844725	1	1
TCGA-BR-8361	3	59849088	60243547	0	0
TCGA-BR-8361	3	60248418	60750083	1	1
TCGA-BR-8361	3	60756424	61092636	1	0
TCGA-BR-8361	3	61094963	65316272	1	1
TCGA-BR-8361	3	65317569	65585538	2	1
TCGA-BR-8361	3	65587758	66134188	1	1
TCGA-BR-8361	3	66136776	67414065	2	1
TCGA-BR-8361	3	67415330	67714561	1	1
TCGA-BR-8361	3	67716142	180695129	2	1
TCGA-BR-8361	3	180698663	197896118	1	1
TCGA-BR-8361	4	12281	52935445	1	1
TCGA-BR-8361	4	52936924	86750564	1	0
TCGA-BR-8361	4	86750699	86861418	0	0
TCGA-BR-8361	4	86861906	191027923	1	0
TCGA-BR-8361	5	15532	114226623	1	1
TCGA-BR-8361	5	114231499	114893223	1	0
TCGA-BR-8361	5	114893518	180267436	1	1
TCGA-BR-8361	5	180271599	180790320	1	0
TCGA-BR-8361	6	149661	647953	1	1
TCGA-BR-8361	6	657729	1352235	2	1
TCGA-BR-8361	6	1361061	1628902	1	1
TCGA-BR-8361	6	1629858	2117392	1	0
TCGA-BR-8361	6	2121847	143908139	1	1
TCGA-BR-8361	6	143908815	144047352	1	0
TCGA-BR-8361	6	144047428	148753410	1	1
TCGA-BR-8361	6	148757783	149048345	2	1
TCGA-BR-8361	6	149049410	162537103	1	1
TCGA-BR-8361	6	162537277	162778708	1	0
TCGA-BR-8361	6	162779001	171051005	1	1
TCGA-BR-8361	7	43259	858276	2	1
TCGA-BR-8361	7	859610	927887	0	0
TCGA-BR-8361	7	931406	18452095	2	1
TCGA-BR-8361	7	18455288	90036873	1	1
TCGA-BR-8361	7	90041366	90130303	1	0
TCGA-BR-8361	7	90131050	110194122	1	1
TCGA-BR-8361	7	110195366	111056776	1	0
TCGA-BR-8361	7	111056841	159127004	1	1
TCGA-BR-8361	8	31254	2141462	1	0
TCGA-BR-8361	8	2142111	8017932	1	1
TCGA-BR-8361	8	8018036	9680633	1	0
TCGA-BR-8361	8	9681440	12477492	1	1
TCGA-BR-8361	8	12477694	19321062	1	0
TCGA-BR-8361	8	19321385	21921540	2	1
TCGA-BR-8361	8	21927054	30683098	1	0
TCGA-BR-8361	8	30684993	46936616	2	1
TCGA-BR-8361	8	46936840	146298155	1	1
TCGA-BR-8361	9	46587	139320069	2	0
TCGA-BR-8361	9	139320929	141091394	3	0
TCGA-BR-8361	10	72759	21503724	1	1
TCGA-BR-8361	10	21504641	21741234	2	1
TCGA-BR-8361	10	21741458	135506704	1	1
TCGA-BR-8361	11	198572	16717415	1	1
TCGA-BR-8361	11	16721544	17083752	2	1
TCGA-BR-8361	11	17083856	35120741	1	1
TCGA-BR-8361	11	35121354	35256693	1	0
TCGA-BR-8361	11	35256938	66200507	1	1
TCGA-BR-8361	11	66201235	134944770	2	1
TCGA-BR-8361	12	150442	8994718	2	1
TCGA-BR-8361	12	8994787	9047813	6	2
TCGA-BR-8361	12	9047890	33071604	2	1
TCGA-BR-8361	12	33072518	100525909	1	1
TCGA-BR-8361	12	100534607	100736478	1	0
TCGA-BR-8361	12	100736763	133778189	1	1
TCGA-BR-8361	13	19026949	78504855	1	1
TCGA-BR-8361	13	78504888	86616625	1	0
TCGA-BR-8361	13	86616851	88580857	1	1
TCGA-BR-8361	13	88581689	108002249	1	0
TCGA-BR-8361	13	108002257	115108397	1	1
TCGA-BR-8361	14	19002124	65799348	1	1
TCGA-BR-8361	14	65805525	107285437	1	0
TCGA-BR-8361	15	20016328	71501524	1	1
TCGA-BR-8361	15	71501958	71841101	1	0
TCGA-BR-8361	15	71843080	71990150	1	1
TCGA-BR-8361	15	71995256	102469040	2	1
TCGA-BR-8361	16	60777	375782	1	0
TCGA-BR-8361	16	376781	4103708	1	1
TCGA-BR-8361	16	4104317	4957381	1	0
TCGA-BR-8361	16	4960939	78497371	1	1
TCGA-BR-8361	16	78497723	79064438	1	0
TCGA-BR-8361	16	79064478	84435229	1	1
TCGA-BR-8361	16	84438994	84485035	1	0
TCGA-BR-8361	16	84494730	90287535	1	1
TCGA-BR-8361	17	526	222982	2	0
TCGA-BR-8361	17	223775	1294614	3	0
TCGA-BR-8361	17	1297472	11869490	2	0
TCGA-BR-8361	17	11882271	12025014	0	0
TCGA-BR-8361	17	12025239	21524172	2	0
TCGA-BR-8361	17	21527046	22166511	1	0
TCGA-BR-8361	17	22167592	69863719	1	1
TCGA-BR-8361	17	69864867	70577782	1	0
TCGA-BR-8361	17	70577819	81049726	1	1
TCGA-BR-8361	18	48133	76844609	1	1
TCGA-BR-8361	18	76844778	77181989	1	0
TCGA-BR-8361	18	77187165	78015057	1	1
TCGA-BR-8361	19	90910	59097854	1	1
TCGA-BR-8361	20	61305	140331	1	0
TCGA-BR-8361	20	140505	62956153	1	1
TCGA-BR-8361	21	10736871	44362642	1	0
TCGA-BR-8361	21	44362904	48096957	1	1
TCGA-BR-8361	22	16052528	33700607	1	1
TCGA-BR-8361	22	33700948	33804358	1	0
TCGA-BR-8361	22	33807636	46036694	1	1
TCGA-BR-8361	22	46037617	51234455	1	0
TCGA-BR-8361	X	168477	6862683	2	1
TCGA-BR-8361	X	6866257	7165491	1	1
TCGA-BR-8361	X	7166212	7313330	1	0
TCGA-BR-8361	X	7314619	31724832	2	1
TCGA-BR-8361	X	31725641	31814167	1	0
TCGA-BR-8361	X	31818202	40171676	2	1
TCGA-BR-8361	X	40172390	87824903	1	1
TCGA-BR-8361	X	87825434	90945651	1	0
TCGA-BR-8361	X	90946392	96043306	1	1
TCGA-BR-8361	X	96044092	96254888	1	0
TCGA-BR-8361	X	96262470	155233846	1	1
