sample	chr	startpos	endpos	nMajor	nMinor
TCGA-14-4157	1	61735	249224388	1	1
TCGA-14-4157	2	12784	232820803	1	1
TCGA-14-4157	2	232823235	243089456	1	0
TCGA-14-4157	3	60345	4867510	1	0
TCGA-14-4157	3	4871041	191063803	1	1
TCGA-14-4157	3	191063876	197896118	1	0
TCGA-14-4157	4	12281	191027923	1	1
TCGA-14-4157	5	15532	180790320	1	1
TCGA-14-4157	6	149661	31162520	1	1
TCGA-14-4157	6	31162963	32140277	2	1
TCGA-14-4157	6	32140487	93645028	1	1
TCGA-14-4157	6	93645050	171051005	1	0
TCGA-14-4157	7	43259	159127004	2	1
TCGA-14-4157	8	31254	145794327	1	1
TCGA-14-4157	8	145794664	146298155	1	0
TCGA-14-4157	9	46587	10786100	2	0
TCGA-14-4157	9	10786343	11687981	1	0
TCGA-14-4157	9	11688155	13051712	2	0
TCGA-14-4157	9	13052403	14755478	1	0
TCGA-14-4157	9	14756969	16761621	2	0
TCGA-14-4157	9	16761648	17807508	1	0
TCGA-14-4157	9	17810983	17945489	0	0
TCGA-14-4157	9	17945645	20764175	1	0
TCGA-14-4157	9	20764206	24262244	0	0
TCGA-14-4157	9	24262523	28693005	1	0
TCGA-14-4157	9	28693070	28953301	0	0
TCGA-14-4157	9	28955346	31381459	1	0
TCGA-14-4157	9	31381642	75644208	1	1
TCGA-14-4157	9	75644464	79059849	1	0
TCGA-14-4157	9	79060255	100228436	1	1
TCGA-14-4157	9	100243214	101624471	1	0
TCGA-14-4157	9	101625876	109162136	1	1
TCGA-14-4157	9	109164995	110693966	1	0
TCGA-14-4157	9	110694926	120246101	1	1
TCGA-14-4157	9	120246872	122649165	1	0
TCGA-14-4157	9	122650122	125789160	1	1
TCGA-14-4157	9	125791823	126158829	1	0
TCGA-14-4157	9	126160557	126831118	1	1
TCGA-14-4157	9	126831536	127980754	1	0
TCGA-14-4157	9	127982241	137109245	1	1
TCGA-14-4157	9	137116205	138365495	1	0
TCGA-14-4157	9	138365624	141091394	1	1
TCGA-14-4157	10	72759	103636679	1	1
TCGA-14-4157	10	103639711	135506704	1	0
TCGA-14-4157	11	198572	133019490	1	1
TCGA-14-4157	11	133019683	134944770	2	1
TCGA-14-4157	12	150442	75012882	1	1
TCGA-14-4157	12	75018760	96642337	1	0
TCGA-14-4157	12	96644786	109163399	1	1
TCGA-14-4157	12	109168515	112445567	1	0
TCGA-14-4157	12	112448485	133778189	1	1
TCGA-14-4157	13	19026949	115108397	1	1
TCGA-14-4157	14	19002124	22328062	1	1
TCGA-14-4157	14	22328266	22965037	2	1
TCGA-14-4157	14	22965078	61093594	1	1
TCGA-14-4157	14	61096429	107285437	1	0
TCGA-14-4157	15	20016328	102469040	1	1
TCGA-14-4157	16	60777	90287535	1	1
TCGA-14-4157	17	526	81049726	1	1
TCGA-14-4157	18	48133	19357093	1	0
TCGA-14-4157	18	19359162	78015057	1	1
TCGA-14-4157	19	90910	27785493	2	1
TCGA-14-4157	19	27820232	39484081	1	1
TCGA-14-4157	19	39486354	59097854	1	0
TCGA-14-4157	20	61305	62956153	1	1
TCGA-14-4157	21	10736871	48096957	1	1
TCGA-14-4157	22	16052528	34557399	1	0
TCGA-14-4157	22	34561178	51234455	1	1
TCGA-14-4157	X	168477	2689575	1	1
TCGA-14-4157	X	2689886	155233846	1	0
