sample	chr	startpos	endpos	nMajor	nMinor
TCGA-SN-A84X	1	61735	121482979	2	2
TCGA-SN-A84X	1	144007049	163769580	4	2
TCGA-SN-A84X	1	163771870	163837726	2	2
TCGA-SN-A84X	1	163841770	201605716	4	2
TCGA-SN-A84X	1	201606013	202569000	7	2
TCGA-SN-A84X	1	202573179	237669336	4	2
TCGA-SN-A84X	1	237671043	238850920	6	1
TCGA-SN-A84X	1	238850977	249224388	4	2
TCGA-SN-A84X	2	12784	25531937	4	2
TCGA-SN-A84X	2	25532021	26284235	3	2
TCGA-SN-A84X	2	26288169	92305784	4	2
TCGA-SN-A84X	2	95327887	141607011	2	2
TCGA-SN-A84X	2	141607949	162980398	2	1
TCGA-SN-A84X	2	162983343	170680449	2	2
TCGA-SN-A84X	2	170685380	172345151	2	1
TCGA-SN-A84X	2	172345737	172600538	2	2
TCGA-SN-A84X	2	172600716	173495142	2	1
TCGA-SN-A84X	2	173495909	183939173	2	2
TCGA-SN-A84X	2	183939361	187079609	2	1
TCGA-SN-A84X	2	187079652	188356689	2	2
TCGA-SN-A84X	2	188357179	189361914	2	1
TCGA-SN-A84X	2	189365635	192591889	2	2
TCGA-SN-A84X	2	192593914	193994516	2	0
TCGA-SN-A84X	2	193995316	211364181	2	2
TCGA-SN-A84X	2	211376370	215444090	2	0
TCGA-SN-A84X	2	215445896	216377846	2	2
TCGA-SN-A84X	2	216379169	217169089	2	0
TCGA-SN-A84X	2	217170491	243089456	2	2
TCGA-SN-A84X	3	60345	90502862	3	2
TCGA-SN-A84X	3	93519478	108441444	2	2
TCGA-SN-A84X	3	108442771	109268574	5	2
TCGA-SN-A84X	3	109268614	144618360	2	2
TCGA-SN-A84X	3	144618365	197896118	4	2
TCGA-SN-A84X	4	12281	191027923	2	2
TCGA-SN-A84X	5	15532	50073448	4	0
TCGA-SN-A84X	5	50074962	176976590	2	2
TCGA-SN-A84X	5	176982803	180790320	4	0
TCGA-SN-A84X	6	149661	171051005	4	2
TCGA-SN-A84X	7	43259	5569108	4	2
TCGA-SN-A84X	7	5578489	6628973	12	2
TCGA-SN-A84X	7	6634108	62181388	4	2
TCGA-SN-A84X	7	62182829	152002168	2	2
TCGA-SN-A84X	7	152008628	152605750	2	0
TCGA-SN-A84X	7	152608259	159127004	2	2
TCGA-SN-A84X	8	31254	43625120	4	4
TCGA-SN-A84X	8	43625410	93424363	7	4
TCGA-SN-A84X	8	93424545	99918651	7	6
TCGA-SN-A84X	8	99922754	146298155	6	2
TCGA-SN-A84X	9	46587	47217176	4	2
TCGA-SN-A84X	9	65616971	85280998	4	0
TCGA-SN-A84X	9	85281408	86496617	3	0
TCGA-SN-A84X	9	86500979	141091394	4	0
TCGA-SN-A84X	10	72759	135506704	2	2
TCGA-SN-A84X	11	198572	115450549	2	2
TCGA-SN-A84X	11	115452720	115585421	2	0
TCGA-SN-A84X	11	115590578	134944770	2	2
TCGA-SN-A84X	12	150442	39311971	9	4
TCGA-SN-A84X	12	39312518	40066724	4	4
TCGA-SN-A84X	12	40069333	41788400	4	2
TCGA-SN-A84X	12	41789903	42205092	4	4
TCGA-SN-A84X	12	42205329	56976338	4	2
TCGA-SN-A84X	12	56977568	57738486	4	4
TCGA-SN-A84X	12	57739634	133778189	4	2
TCGA-SN-A84X	13	19026949	115108397	2	2
TCGA-SN-A84X	14	19002124	71473847	4	0
TCGA-SN-A84X	14	71476444	107285437	4	2
TCGA-SN-A84X	15	20016328	102469040	2	2
TCGA-SN-A84X	16	60777	35283226	2	2
TCGA-SN-A84X	16	46463782	69103407	7	2
TCGA-SN-A84X	16	69109014	69255019	5	1
TCGA-SN-A84X	16	69259315	90287535	2	2
TCGA-SN-A84X	17	526	22217680	4	0
TCGA-SN-A84X	17	22217883	81049726	4	2
TCGA-SN-A84X	18	48133	1776141	2	2
TCGA-SN-A84X	18	1777081	2316089	4	2
TCGA-SN-A84X	18	2316585	78015057	2	2
TCGA-SN-A84X	19	90910	2648182	4	2
TCGA-SN-A84X	19	2652286	5072475	4	0
TCGA-SN-A84X	19	5073058	59097854	4	2
TCGA-SN-A84X	20	61305	30608046	4	2
TCGA-SN-A84X	20	30611199	32109539	2	2
TCGA-SN-A84X	20	32110788	33036728	4	2
TCGA-SN-A84X	20	33046026	62956153	2	2
TCGA-SN-A84X	21	10736871	19156726	3	3
TCGA-SN-A84X	21	19156855	32949598	4	2
TCGA-SN-A84X	21	32949690	48096957	4	4
TCGA-SN-A84X	22	16052528	17450538	5	0
TCGA-SN-A84X	22	17451710	19934025	4	0
TCGA-SN-A84X	22	19934121	20809985	7	0
TCGA-SN-A84X	22	20817183	21010784	16	0
TCGA-SN-A84X	22	21011101	22447525	10	0
TCGA-SN-A84X	22	22447537	23637921	6	0
TCGA-SN-A84X	22	23638635	24271679	9	0
TCGA-SN-A84X	22	24271692	25250874	8	0
TCGA-SN-A84X	22	25250992	51234455	4	0
TCGA-SN-A84X	X	168477	22819052	5	0
TCGA-SN-A84X	X	22820535	26947040	4	0
TCGA-SN-A84X	X	26948596	29727553	5	0
TCGA-SN-A84X	X	29727840	29824202	4	0
TCGA-SN-A84X	X	29829218	30272842	5	0
TCGA-SN-A84X	X	30274136	30396699	4	0
TCGA-SN-A84X	X	30398072	30531773	5	0
TCGA-SN-A84X	X	30532491	30932529	4	0
TCGA-SN-A84X	X	30935907	31134829	5	0
TCGA-SN-A84X	X	31135220	31218515	4	0
TCGA-SN-A84X	X	31218744	31247286	5	0
TCGA-SN-A84X	X	31247582	31367568	4	0
TCGA-SN-A84X	X	31370516	31438662	5	0
TCGA-SN-A84X	X	31440636	31624585	4	0
TCGA-SN-A84X	X	31624708	31746994	5	0
TCGA-SN-A84X	X	31747144	32045968	4	0
TCGA-SN-A84X	X	32046294	32105024	5	0
TCGA-SN-A84X	X	32106515	32287792	4	0
TCGA-SN-A84X	X	32289005	33034694	5	0
TCGA-SN-A84X	X	33034857	33132208	4	0
TCGA-SN-A84X	X	33132713	33748628	5	0
TCGA-SN-A84X	X	33749258	34194604	4	0
TCGA-SN-A84X	X	34194733	34395337	5	0
TCGA-SN-A84X	X	34395551	34474055	4	0
TCGA-SN-A84X	X	34478466	34819044	5	0
TCGA-SN-A84X	X	34819916	35053866	4	0
TCGA-SN-A84X	X	35053890	35677406	5	0
TCGA-SN-A84X	X	35678042	35768032	4	0
TCGA-SN-A84X	X	35770459	35837823	5	0
TCGA-SN-A84X	X	35837979	36226346	4	0
TCGA-SN-A84X	X	36232099	36528904	5	0
TCGA-SN-A84X	X	36529372	36572939	4	0
TCGA-SN-A84X	X	36574358	37221189	5	0
TCGA-SN-A84X	X	37227633	37300834	4	0
TCGA-SN-A84X	X	37300948	37328802	5	0
TCGA-SN-A84X	X	37329253	37854520	4	0
TCGA-SN-A84X	X	37854689	37923811	5	0
TCGA-SN-A84X	X	37926012	38116722	4	0
TCGA-SN-A84X	X	38116805	38184578	5	0
TCGA-SN-A84X	X	38187587	38237925	4	0
TCGA-SN-A84X	X	38238515	38385906	5	0
TCGA-SN-A84X	X	38386367	38405661	4	0
TCGA-SN-A84X	X	38405714	38480080	5	0
TCGA-SN-A84X	X	38480101	38817116	4	0
TCGA-SN-A84X	X	38817628	38864630	5	0
TCGA-SN-A84X	X	38864644	38999088	4	0
TCGA-SN-A84X	X	39000184	39083131	5	0
TCGA-SN-A84X	X	39083519	39183748	4	0
TCGA-SN-A84X	X	39185536	39218548	5	0
TCGA-SN-A84X	X	39219010	39525299	4	0
TCGA-SN-A84X	X	39525575	39560234	5	0
TCGA-SN-A84X	X	39560268	94860029	4	0
TCGA-SN-A84X	X	94860082	95095090	5	0
TCGA-SN-A84X	X	95096642	95151659	4	0
TCGA-SN-A84X	X	95151938	95259597	5	0
TCGA-SN-A84X	X	95261292	95609029	4	0
TCGA-SN-A84X	X	95609894	95898937	5	0
TCGA-SN-A84X	X	95898977	96038585	4	0
TCGA-SN-A84X	X	96039076	96585364	5	0
TCGA-SN-A84X	X	96589022	96753005	4	0
TCGA-SN-A84X	X	96753134	97381026	5	0
TCGA-SN-A84X	X	97384131	97904871	4	0
TCGA-SN-A84X	X	97905260	98504943	5	0
TCGA-SN-A84X	X	98504956	99155424	4	0
TCGA-SN-A84X	X	99157014	99455320	5	0
TCGA-SN-A84X	X	99456181	99694879	4	0
TCGA-SN-A84X	X	99695361	99836262	5	0
TCGA-SN-A84X	X	99837824	99914295	4	0
TCGA-SN-A84X	X	99917448	100079530	5	0
TCGA-SN-A84X	X	100087557	100255742	4	0
TCGA-SN-A84X	X	100255882	100335906	5	0
TCGA-SN-A84X	X	100336665	100451298	4	0
TCGA-SN-A84X	X	100454273	100518525	5	0
TCGA-SN-A84X	X	100520954	101203149	4	0
TCGA-SN-A84X	X	101203371	101275431	5	0
TCGA-SN-A84X	X	101275479	101335012	4	0
TCGA-SN-A84X	X	101335305	101424103	5	0
TCGA-SN-A84X	X	101425048	102126443	4	0
TCGA-SN-A84X	X	102133814	102248505	5	0
TCGA-SN-A84X	X	102249978	102477571	4	0
TCGA-SN-A84X	X	102480827	103188797	5	0
TCGA-SN-A84X	X	103195271	103526750	4	0
TCGA-SN-A84X	X	103528681	104202428	5	0
TCGA-SN-A84X	X	104203139	104367161	4	0
TCGA-SN-A84X	X	104371341	104513128	5	0
TCGA-SN-A84X	X	104513967	104620888	4	0
TCGA-SN-A84X	X	104626149	105631533	5	0
TCGA-SN-A84X	X	105631644	105810683	4	0
TCGA-SN-A84X	X	105810741	106396358	5	0
TCGA-SN-A84X	X	106396402	106788058	4	0
TCGA-SN-A84X	X	106793396	106951202	5	0
TCGA-SN-A84X	X	106954772	106999565	4	0
TCGA-SN-A84X	X	107004851	107043933	5	0
TCGA-SN-A84X	X	107045995	107448963	4	0
TCGA-SN-A84X	X	107449891	108286494	5	0
TCGA-SN-A84X	X	108289150	108486432	4	0
TCGA-SN-A84X	X	108486696	108648345	5	0
TCGA-SN-A84X	X	108653308	121497636	4	0
TCGA-SN-A84X	X	121497675	121685075	5	0
TCGA-SN-A84X	X	121685554	122090452	4	0
TCGA-SN-A84X	X	122094007	122242555	5	0
TCGA-SN-A84X	X	122242913	122488682	4	0
TCGA-SN-A84X	X	122493476	122563118	5	0
TCGA-SN-A84X	X	122565222	122647089	4	0
TCGA-SN-A84X	X	122647105	122924068	5	0
TCGA-SN-A84X	X	122924881	123322741	4	0
TCGA-SN-A84X	X	123322776	123711845	5	0
TCGA-SN-A84X	X	123711861	123779019	4	0
TCGA-SN-A84X	X	123779227	123901601	5	0
TCGA-SN-A84X	X	123902769	124099707	4	0
TCGA-SN-A84X	X	124099952	124396552	5	0
TCGA-SN-A84X	X	124396731	124481864	4	0
TCGA-SN-A84X	X	124482774	124539753	5	0
TCGA-SN-A84X	X	124540012	124611081	4	0
TCGA-SN-A84X	X	124611330	125066356	5	0
TCGA-SN-A84X	X	125069475	125217791	4	0
TCGA-SN-A84X	X	125218804	125534276	5	0
TCGA-SN-A84X	X	125534390	125884392	4	0
TCGA-SN-A84X	X	125884413	125976373	5	0
TCGA-SN-A84X	X	125976720	126425547	4	0
TCGA-SN-A84X	X	126425725	126638444	5	0
TCGA-SN-A84X	X	126638593	126740510	4	0
TCGA-SN-A84X	X	126740828	126980609	5	0
TCGA-SN-A84X	X	126980625	127305378	4	0
TCGA-SN-A84X	X	127315946	127849343	5	0
TCGA-SN-A84X	X	127849363	127955214	4	0
TCGA-SN-A84X	X	127955395	128040860	5	0
TCGA-SN-A84X	X	128040944	128250109	4	0
TCGA-SN-A84X	X	128250597	128382435	5	0
TCGA-SN-A84X	X	128384810	128588827	4	0
TCGA-SN-A84X	X	128591540	128706700	5	0
TCGA-SN-A84X	X	128706721	129309026	4	0
TCGA-SN-A84X	X	129309180	129519430	5	0
TCGA-SN-A84X	X	129520174	129631719	4	0
TCGA-SN-A84X	X	129635691	129824471	5	0
TCGA-SN-A84X	X	129824752	130017998	4	0
TCGA-SN-A84X	X	130019630	130351087	5	0
TCGA-SN-A84X	X	130351143	130542644	4	0
TCGA-SN-A84X	X	130545512	130752334	5	0
TCGA-SN-A84X	X	130752424	131157851	4	0
TCGA-SN-A84X	X	131159228	131503601	5	0
TCGA-SN-A84X	X	131504234	132005013	4	0
TCGA-SN-A84X	X	132007113	133476046	5	0
TCGA-SN-A84X	X	133476518	133587587	4	0
TCGA-SN-A84X	X	133588404	134078486	5	0
TCGA-SN-A84X	X	134078524	134442080	4	0
TCGA-SN-A84X	X	134445785	134537710	5	0
TCGA-SN-A84X	X	134537928	136383035	4	0
TCGA-SN-A84X	X	136383307	140857966	5	0
TCGA-SN-A84X	X	140858161	141935827	4	0
TCGA-SN-A84X	X	141940076	142740103	5	0
TCGA-SN-A84X	X	142742171	143941725	4	0
TCGA-SN-A84X	X	143941773	155233846	5	0
