sample	chr	startpos	endpos	nMajor	nMinor
TCGA-N5-A59F	1	61735	20857064	3	1
TCGA-N5-A59F	1	20858765	22243449	1	1
TCGA-N5-A59F	1	22244023	81846350	2	1
TCGA-N5-A59F	1	81847209	82219788	5	1
TCGA-N5-A59F	1	82223665	85027785	2	1
TCGA-N5-A59F	1	85028274	85844023	4	1
TCGA-N5-A59F	1	85852362	249224388	2	1
TCGA-N5-A59F	2	12784	656312	1	0
TCGA-N5-A59F	2	658937	26474487	2	0
TCGA-N5-A59F	2	26475145	69740091	2	2
TCGA-N5-A59F	2	69744840	70583893	3	2
TCGA-N5-A59F	2	70584636	113817334	2	2
TCGA-N5-A59F	2	113817455	117484888	3	2
TCGA-N5-A59F	2	117485029	205049151	2	2
TCGA-N5-A59F	2	205051467	205246420	4	1
TCGA-N5-A59F	2	205251329	213206475	2	1
TCGA-N5-A59F	2	213206488	213614457	2	0
TCGA-N5-A59F	2	213615235	243089456	2	1
TCGA-N5-A59F	3	60345	10032259	2	1
TCGA-N5-A59F	3	10038877	10276675	4	1
TCGA-N5-A59F	3	10277463	37200741	2	1
TCGA-N5-A59F	3	37201465	61119923	1	1
TCGA-N5-A59F	3	61120495	61853683	2	1
TCGA-N5-A59F	3	61854686	142863119	1	1
TCGA-N5-A59F	3	142863219	168238626	2	1
TCGA-N5-A59F	3	168239216	197896118	2	2
TCGA-N5-A59F	4	12281	191027923	1	1
TCGA-N5-A59F	5	15532	2166433	2	2
TCGA-N5-A59F	5	2167475	3802870	3	2
TCGA-N5-A59F	5	3803398	17697601	2	2
TCGA-N5-A59F	5	17699167	35199919	3	2
TCGA-N5-A59F	5	35201036	153123455	2	1
TCGA-N5-A59F	5	153123488	153358226	3	1
TCGA-N5-A59F	5	153363334	180790320	2	1
TCGA-N5-A59F	6	149661	63379865	2	2
TCGA-N5-A59F	6	63392820	98132449	2	1
TCGA-N5-A59F	6	98135583	125715276	2	0
TCGA-N5-A59F	6	125716142	125852145	1	0
TCGA-N5-A59F	6	125852621	151291767	2	0
TCGA-N5-A59F	6	151291781	152011244	3	0
TCGA-N5-A59F	6	152012739	168234305	2	0
TCGA-N5-A59F	6	168238612	171051005	1	0
TCGA-N5-A59F	7	43259	16336908	3	1
TCGA-N5-A59F	7	16339942	16514474	1	0
TCGA-N5-A59F	7	16515349	39764943	3	1
TCGA-N5-A59F	7	39765387	41229085	2	1
TCGA-N5-A59F	7	41229231	79553137	2	0
TCGA-N5-A59F	7	79553436	79922486	3	0
TCGA-N5-A59F	7	79923569	104193123	2	0
TCGA-N5-A59F	7	104206297	104883288	3	0
TCGA-N5-A59F	7	104883305	159127004	2	0
TCGA-N5-A59F	8	31254	2567119	1	1
TCGA-N5-A59F	8	2567183	5607630	2	1
TCGA-N5-A59F	8	5607876	41272053	1	1
TCGA-N5-A59F	8	41272287	57188019	7	1
TCGA-N5-A59F	8	57192842	91051433	1	1
TCGA-N5-A59F	8	91051625	91318116	1	0
TCGA-N5-A59F	8	91321510	146298155	2	1
TCGA-N5-A59F	9	46587	26820416	1	1
TCGA-N5-A59F	9	26820470	27160315	1	0
TCGA-N5-A59F	9	27163395	122018417	1	1
TCGA-N5-A59F	9	122019143	122381751	1	0
TCGA-N5-A59F	9	122381947	131846161	1	1
TCGA-N5-A59F	9	131849036	132636601	2	1
TCGA-N5-A59F	9	132638265	141091394	1	1
TCGA-N5-A59F	10	72759	105590558	2	1
TCGA-N5-A59F	10	105591779	105657144	5	2
TCGA-N5-A59F	10	105657316	135506704	2	2
TCGA-N5-A59F	11	198572	61157904	2	0
TCGA-N5-A59F	11	61165280	61976064	3	0
TCGA-N5-A59F	11	61976621	96614168	2	0
TCGA-N5-A59F	11	96616574	102064834	3	0
TCGA-N5-A59F	11	102067747	134944770	2	0
TCGA-N5-A59F	12	150442	6905715	2	1
TCGA-N5-A59F	12	6906319	48016556	1	1
TCGA-N5-A59F	12	48028598	48484295	3	1
TCGA-N5-A59F	12	48484616	122645531	1	1
TCGA-N5-A59F	12	122651255	123073416	1	0
TCGA-N5-A59F	12	123079766	133778189	1	1
TCGA-N5-A59F	13	19026949	21026081	2	2
TCGA-N5-A59F	13	21026150	22179843	2	0
TCGA-N5-A59F	13	22181566	35928590	2	2
TCGA-N5-A59F	13	35929043	38806024	4	2
TCGA-N5-A59F	13	38811449	45625481	5	2
TCGA-N5-A59F	13	45627809	115108397	2	2
TCGA-N5-A59F	14	19002124	22843578	1	1
TCGA-N5-A59F	14	22849194	22940257	4	1
TCGA-N5-A59F	14	22941388	39571061	1	1
TCGA-N5-A59F	14	39576838	40251879	1	0
TCGA-N5-A59F	14	40253022	41192306	2	1
TCGA-N5-A59F	14	41193604	42375470	1	0
TCGA-N5-A59F	14	42387480	50112649	2	1
TCGA-N5-A59F	14	50112712	50700121	3	1
TCGA-N5-A59F	14	50700693	99709810	1	1
TCGA-N5-A59F	14	99715262	100406863	3	1
TCGA-N5-A59F	14	100407381	107285437	2	1
TCGA-N5-A59F	15	20016328	39920509	2	2
TCGA-N5-A59F	15	39920847	40123103	4	2
TCGA-N5-A59F	15	40123349	58834929	2	2
TCGA-N5-A59F	15	58835317	102469040	2	1
TCGA-N5-A59F	16	60777	72536895	1	1
TCGA-N5-A59F	16	72539281	72995552	1	0
TCGA-N5-A59F	16	72995996	78714567	1	1
TCGA-N5-A59F	16	78715390	78877418	1	0
TCGA-N5-A59F	16	78877618	90287535	1	1
TCGA-N5-A59F	17	526	63106571	2	0
TCGA-N5-A59F	17	63108458	66400501	11	0
TCGA-N5-A59F	17	66419229	76591777	2	0
TCGA-N5-A59F	17	76592084	77938391	10	0
TCGA-N5-A59F	17	77938658	79294586	7	0
TCGA-N5-A59F	17	79295596	81049726	4	0
TCGA-N5-A59F	18	48133	7974170	4	4
TCGA-N5-A59F	18	7977007	9200112	4	2
TCGA-N5-A59F	18	9200838	11152126	2	2
TCGA-N5-A59F	18	11153502	11708398	2	0
TCGA-N5-A59F	18	11717548	14221958	2	2
TCGA-N5-A59F	18	14225861	19411341	2	0
TCGA-N5-A59F	18	19411647	47518398	2	2
TCGA-N5-A59F	18	47518417	74576041	2	0
TCGA-N5-A59F	18	74577939	77839958	4	0
TCGA-N5-A59F	18	77840041	78015057	0	0
TCGA-N5-A59F	19	90910	1626155	1	1
TCGA-N5-A59F	19	1636589	8193112	1	0
TCGA-N5-A59F	19	8207241	38872335	2	1
TCGA-N5-A59F	19	38872634	41178887	2	2
TCGA-N5-A59F	19	41184528	59097854	2	1
TCGA-N5-A59F	20	61305	13281689	3	2
TCGA-N5-A59F	20	13282818	43046929	2	2
TCGA-N5-A59F	20	43047135	62956153	4	2
TCGA-N5-A59F	21	10736871	23872733	2	0
TCGA-N5-A59F	21	23876888	43727683	2	1
TCGA-N5-A59F	21	43734434	43822553	9	2
TCGA-N5-A59F	21	43822576	44928161	2	1
TCGA-N5-A59F	21	44930948	45573201	4	1
TCGA-N5-A59F	21	45583922	48096957	2	1
TCGA-N5-A59F	22	16052528	26866585	2	0
TCGA-N5-A59F	22	26867018	32395895	2	2
TCGA-N5-A59F	22	32396899	51234455	2	0
TCGA-N5-A59F	X	168477	3636428	2	0
TCGA-N5-A59F	X	3637691	5739128	1	0
TCGA-N5-A59F	X	5740117	7951069	2	0
TCGA-N5-A59F	X	7951092	26875153	3	0
TCGA-N5-A59F	X	26875804	29881069	2	0
TCGA-N5-A59F	X	29883541	31671729	4	0
TCGA-N5-A59F	X	31671938	32829957	3	0
TCGA-N5-A59F	X	32830859	33569222	1	0
TCGA-N5-A59F	X	33569911	37243744	4	0
TCGA-N5-A59F	X	37246941	42978056	3	0
TCGA-N5-A59F	X	42978348	51167457	4	0
TCGA-N5-A59F	X	51167493	56816022	3	0
TCGA-N5-A59F	X	56816361	58028108	2	0
TCGA-N5-A59F	X	58035176	155233846	1	0
