sample	chr	startpos	endpos	nMajor	nMinor
TCGA-HU-8243-a	1	61735	28498328	2	0
TCGA-HU-8243-a	1	28498881	62414923	2	2
TCGA-HU-8243-a	1	62415389	99574007	2	1
TCGA-HU-8243-a	1	99574436	112830150	2	2
TCGA-HU-8243-a	1	112830634	121482979	3	1
TCGA-HU-8243-a	1	144007049	186057381	2	1
TCGA-HU-8243-a	1	186060674	196513842	2	2
TCGA-HU-8243-a	1	196515986	220076288	2	1
TCGA-HU-8243-a	1	220076412	232177487	3	2
TCGA-HU-8243-a	1	232181609	234455148	2	0
TCGA-HU-8243-a	1	234456245	237674436	3	2
TCGA-HU-8243-a	1	237677346	242600606	2	0
TCGA-HU-8243-a	1	242601886	248268954	2	2
TCGA-HU-8243-a	1	248278251	249224388	2	0
TCGA-HU-8243-a	2	12784	3472723	1	1
TCGA-HU-8243-a	2	3475389	33108270	2	1
TCGA-HU-8243-a	2	33108465	36564115	2	2
TCGA-HU-8243-a	2	36564578	89116361	2	1
TCGA-HU-8243-a	2	89116398	133748575	3	1
TCGA-HU-8243-a	2	133748769	134674858	4	1
TCGA-HU-8243-a	2	134675983	135078574	2	1
TCGA-HU-8243-a	2	135079580	135359852	1	0
TCGA-HU-8243-a	2	135361035	157989023	2	2
TCGA-HU-8243-a	2	157991848	243089456	2	1
TCGA-HU-8243-a	3	60345	2655205	1	1
TCGA-HU-8243-a	3	2655482	60364538	2	1
TCGA-HU-8243-a	3	60364830	60456745	0	0
TCGA-HU-8243-a	3	60456884	60921707	3	1
TCGA-HU-8243-a	3	60923572	61222987	1	0
TCGA-HU-8243-a	3	61232197	96085680	2	2
TCGA-HU-8243-a	3	96088527	114144733	2	1
TCGA-HU-8243-a	3	114150334	114367347	2	0
TCGA-HU-8243-a	3	114367367	143308788	2	1
TCGA-HU-8243-a	3	143309141	181993518	2	2
TCGA-HU-8243-a	3	181993707	197896118	4	1
TCGA-HU-8243-a	4	12281	22813744	1	1
TCGA-HU-8243-a	4	22816252	37769237	2	1
TCGA-HU-8243-a	4	37769325	42934955	1	1
TCGA-HU-8243-a	4	42935120	46317759	2	1
TCGA-HU-8243-a	4	46319991	64415058	1	1
TCGA-HU-8243-a	4	64421910	76159410	2	1
TCGA-HU-8243-a	4	76159533	187263824	1	1
TCGA-HU-8243-a	4	187267306	191027923	2	1
TCGA-HU-8243-a	5	15532	2556062	1	1
TCGA-HU-8243-a	5	2556337	4069585	2	1
TCGA-HU-8243-a	5	4070232	16880460	1	1
TCGA-HU-8243-a	5	16880640	30355928	2	1
TCGA-HU-8243-a	5	30356073	83393993	1	1
TCGA-HU-8243-a	5	83399905	86136197	2	1
TCGA-HU-8243-a	5	86136225	96502453	1	1
TCGA-HU-8243-a	5	96504791	101108924	2	1
TCGA-HU-8243-a	5	101109101	180790320	1	1
TCGA-HU-8243-a	6	149661	14993589	2	0
TCGA-HU-8243-a	6	14997311	18284716	5	0
TCGA-HU-8243-a	6	18286610	40693569	2	0
TCGA-HU-8243-a	6	40694092	44524483	3	2
TCGA-HU-8243-a	6	44525198	50264131	3	1
TCGA-HU-8243-a	6	50264144	52660346	2	1
TCGA-HU-8243-a	6	52660409	56382718	1	1
TCGA-HU-8243-a	6	56386076	92256169	2	2
TCGA-HU-8243-a	6	92256671	121620804	2	1
TCGA-HU-8243-a	6	121621403	133073248	2	2
TCGA-HU-8243-a	6	133074133	171051005	2	1
TCGA-HU-8243-a	7	43259	54478008	2	2
TCGA-HU-8243-a	7	54478502	55704979	49	1
TCGA-HU-8243-a	7	55705566	61876144	2	2
TCGA-HU-8243-a	7	61888128	71003462	3	2
TCGA-HU-8243-a	7	71007374	73971976	3	3
TCGA-HU-8243-a	7	73975265	116695189	2	2
TCGA-HU-8243-a	7	116697353	116811015	1	0
TCGA-HU-8243-a	7	116811037	116811453	2	1
TCGA-HU-8243-a	7	116812739	117507465	1	0
TCGA-HU-8243-a	7	117514840	120818578	6	1
TCGA-HU-8243-a	7	120821448	149351769	2	2
TCGA-HU-8243-a	7	149359868	156732342	5	1
TCGA-HU-8243-a	7	156733147	159127004	1	0
TCGA-HU-8243-a	8	31254	2479259	2	0
TCGA-HU-8243-a	8	2479456	6250934	3	0
TCGA-HU-8243-a	8	6255017	46945571	2	0
TCGA-HU-8243-a	8	46946544	87789357	2	2
TCGA-HU-8243-a	8	87789626	125506683	3	2
TCGA-HU-8243-a	8	125507470	146298155	5	2
TCGA-HU-8243-a	9	46587	47217176	2	0
TCGA-HU-8243-a	9	65616971	73765153	2	1
TCGA-HU-8243-a	9	73765477	80532256	2	2
TCGA-HU-8243-a	9	80533101	141091394	2	0
TCGA-HU-8243-a	10	72759	1944968	1	0
TCGA-HU-8243-a	10	1945296	2736706	10	1
TCGA-HU-8243-a	10	2737238	7087151	5	1
TCGA-HU-8243-a	10	7088278	10554325	2	1
TCGA-HU-8243-a	10	10554328	16666195	5	1
TCGA-HU-8243-a	10	16669349	54929870	2	2
TCGA-HU-8243-a	10	54932474	118427054	1	1
TCGA-HU-8243-a	10	118427090	129501774	2	1
TCGA-HU-8243-a	10	129505819	135506704	1	0
TCGA-HU-8243-a	11	198572	4482428	2	0
TCGA-HU-8243-a	11	4486701	4716776	12	1
TCGA-HU-8243-a	11	4717533	5231043	7	2
TCGA-HU-8243-a	11	5231897	5604713	3	3
TCGA-HU-8243-a	11	5605316	6499202	6	2
TCGA-HU-8243-a	11	6499215	12234915	3	2
TCGA-HU-8243-a	11	12235160	18826115	2	2
TCGA-HU-8243-a	11	18827084	19260789	2	0
TCGA-HU-8243-a	11	19265226	49847921	2	2
TCGA-HU-8243-a	11	49848037	56865569	4	0
TCGA-HU-8243-a	11	56866226	63598690	2	1
TCGA-HU-8243-a	11	63608345	64351810	4	0
TCGA-HU-8243-a	11	64353555	80016076	3	2
TCGA-HU-8243-a	11	80016120	108074942	3	3
TCGA-HU-8243-a	11	108077404	108188738	2	0
TCGA-HU-8243-a	11	108190178	112269028	3	3
TCGA-HU-8243-a	11	112270435	126473234	3	2
TCGA-HU-8243-a	11	126473750	134944770	2	0
TCGA-HU-8243-a	12	150442	133778189	2	1
TCGA-HU-8243-a	13	19026949	38382809	2	0
TCGA-HU-8243-a	13	38382982	54908597	3	0
TCGA-HU-8243-a	13	54908651	57875768	3	1
TCGA-HU-8243-a	13	57878452	115108397	3	0
TCGA-HU-8243-a	14	19002124	26671022	2	1
TCGA-HU-8243-a	14	26671932	48474827	3	1
TCGA-HU-8243-a	14	48475328	75251440	2	1
TCGA-HU-8243-a	14	75252587	78876704	2	2
TCGA-HU-8243-a	14	78877615	88050727	3	2
TCGA-HU-8243-a	14	88050904	107285437	2	2
TCGA-HU-8243-a	15	20016328	23478049	2	0
TCGA-HU-8243-a	15	23482361	27019906	2	2
TCGA-HU-8243-a	15	27020184	95240817	2	1
TCGA-HU-8243-a	15	95241143	98374776	2	2
TCGA-HU-8243-a	15	98374839	102469040	2	1
TCGA-HU-8243-a	16	60777	90287535	2	0
TCGA-HU-8243-a	17	526	19749517	3	0
TCGA-HU-8243-a	17	19749655	22227836	2	0
TCGA-HU-8243-a	17	22227841	33500126	2	2
TCGA-HU-8243-a	17	33501136	37779521	2	1
TCGA-HU-8243-a	17	37789432	38965421	4	1
TCGA-HU-8243-a	17	38969074	81049726	2	1
TCGA-HU-8243-a	18	48133	15069726	5	0
TCGA-HU-8243-a	18	15070857	19580837	7	0
TCGA-HU-8243-a	18	19588447	20756853	19	0
TCGA-HU-8243-a	18	20757005	21116037	12	0
TCGA-HU-8243-a	18	21116671	78015057	2	0
TCGA-HU-8243-a	19	90910	15285272	2	0
TCGA-HU-8243-a	19	15285309	17715030	3	1
TCGA-HU-8243-a	19	17716079	20851896	3	2
TCGA-HU-8243-a	19	20852302	27828586	2	2
TCGA-HU-8243-a	19	27828664	35294317	1	0
TCGA-HU-8243-a	19	35294385	38752870	3	1
TCGA-HU-8243-a	19	38753625	59097854	1	1
TCGA-HU-8243-a	20	61305	322612	3	2
TCGA-HU-8243-a	20	325102	32608225	3	1
TCGA-HU-8243-a	20	32613041	62956153	6	1
TCGA-HU-8243-a	21	10736871	18276662	3	1
TCGA-HU-8243-a	21	18278871	48096957	2	2
TCGA-HU-8243-a	22	16052528	18214942	3	2
TCGA-HU-8243-a	22	18215083	19947942	2	1
TCGA-HU-8243-a	22	19948337	25835457	2	2
TCGA-HU-8243-a	22	25836137	27814314	5	2
TCGA-HU-8243-a	22	27814604	28751688	4	1
TCGA-HU-8243-a	22	28752505	51234455	2	0
TCGA-HU-8243-a	X	168477	45887802	2	0
TCGA-HU-8243-a	X	45888730	101761187	3	0
TCGA-HU-8243-a	X	101765264	155233846	1	0
