sample	chr	startpos	endpos	nMajor	nMinor
TCGA-06-1806	1	61735	249224388	1	1
TCGA-06-1806	2	12784	243089456	1	1
TCGA-06-1806	3	60345	197896118	1	1
TCGA-06-1806	4	12281	191027923	1	1
TCGA-06-1806	5	15532	180790320	3	1
TCGA-06-1806	6	149661	171051005	1	1
TCGA-06-1806	7	43259	159127004	3	3
TCGA-06-1806	8	31254	146298155	1	1
TCGA-06-1806	9	46587	141091394	1	1
TCGA-06-1806	10	72759	135506704	1	1
TCGA-06-1806	11	198572	134944770	2	0
TCGA-06-1806	12	150442	133778189	1	1
TCGA-06-1806	13	19026949	115108397	1	0
TCGA-06-1806	14	19002124	107285437	1	1
TCGA-06-1806	15	20016328	102469040	1	1
TCGA-06-1806	16	60777	90287535	1	1
TCGA-06-1806	17	526	30755490	1	1
TCGA-06-1806	17	30755701	48365434	1	0
TCGA-06-1806	17	48366182	81049726	1	1
TCGA-06-1806	18	48133	78015057	1	1
TCGA-06-1806	19	90910	59097854	3	1
TCGA-06-1806	20	61305	62956153	2	1
TCGA-06-1806	21	10736871	48096957	2	1
TCGA-06-1806	22	16052528	18374448	1	0
TCGA-06-1806	22	18374778	18644701	3	0
TCGA-06-1806	22	18648880	51234455	1	1
TCGA-06-1806	X	168477	2693624	2	1
TCGA-06-1806	X	2694240	154780270	3	0
TCGA-06-1806	X	154780433	155233846	1	0
