sample	chr	startpos	endpos	nMajor	nMinor
TCGA-VQ-A8PY	1	61735	46139652	2	1
TCGA-VQ-A8PY	1	46142680	46705486	4	0
TCGA-VQ-A8PY	1	46710387	121482979	2	1
TCGA-VQ-A8PY	1	144007049	249224388	3	2
TCGA-VQ-A8PY	2	12784	127528413	2	1
TCGA-VQ-A8PY	2	127531377	243089456	2	0
TCGA-VQ-A8PY	3	60345	60145772	2	0
TCGA-VQ-A8PY	3	60146059	60264266	1	0
TCGA-VQ-A8PY	3	60264382	60559252	0	0
TCGA-VQ-A8PY	3	60565131	61664017	1	0
TCGA-VQ-A8PY	3	61664103	89971396	2	0
TCGA-VQ-A8PY	3	89974173	174740389	2	1
TCGA-VQ-A8PY	3	174740589	175103331	1	0
TCGA-VQ-A8PY	3	175103881	197896118	2	1
TCGA-VQ-A8PY	4	12281	151178501	2	1
TCGA-VQ-A8PY	4	151178695	153777486	1	1
TCGA-VQ-A8PY	4	153782705	189948882	2	1
TCGA-VQ-A8PY	4	189949002	191027923	2	0
TCGA-VQ-A8PY	5	15532	58304387	2	1
TCGA-VQ-A8PY	5	58304570	58966146	1	1
TCGA-VQ-A8PY	5	58967854	180790320	2	1
TCGA-VQ-A8PY	6	149661	427152	1	0
TCGA-VQ-A8PY	6	428627	1417720	2	1
TCGA-VQ-A8PY	6	1418160	147626070	1	1
TCGA-VQ-A8PY	6	147627222	148370061	1	0
TCGA-VQ-A8PY	6	148370099	171051005	1	1
TCGA-VQ-A8PY	7	43259	89694886	3	3
TCGA-VQ-A8PY	7	89695380	90009213	4	0
TCGA-VQ-A8PY	7	90012086	111516526	3	3
TCGA-VQ-A8PY	7	111516632	111803069	4	1
TCGA-VQ-A8PY	7	111803170	159127004	3	3
TCGA-VQ-A8PY	8	31254	457459	3	0
TCGA-VQ-A8PY	8	457775	893100	9	4
TCGA-VQ-A8PY	8	893453	1756030	4	4
TCGA-VQ-A8PY	8	1756062	5359719	3	3
TCGA-VQ-A8PY	8	5359947	6205967	20	2
TCGA-VQ-A8PY	8	6206326	8405733	16	2
TCGA-VQ-A8PY	8	8405746	8656669	12	2
TCGA-VQ-A8PY	8	8658991	9009906	3	3
TCGA-VQ-A8PY	8	9010042	9880316	2	1
TCGA-VQ-A8PY	8	9881239	12628499	20	2
TCGA-VQ-A8PY	8	12632951	13928838	29	2
TCGA-VQ-A8PY	8	13929820	14412015	21	1
TCGA-VQ-A8PY	8	14421893	14514678	13	2
TCGA-VQ-A8PY	8	14514798	15209600	26	2
TCGA-VQ-A8PY	8	15212477	16038149	35	1
TCGA-VQ-A8PY	8	16038416	16630547	11	2
TCGA-VQ-A8PY	8	16634563	17569838	21	2
TCGA-VQ-A8PY	8	17570920	20071829	9	2
TCGA-VQ-A8PY	8	20072831	23797398	2	0
TCGA-VQ-A8PY	8	23808741	24145008	3	2
TCGA-VQ-A8PY	8	24145430	28138269	2	0
TCGA-VQ-A8PY	8	28138941	30279056	2	1
TCGA-VQ-A8PY	8	30282658	31692695	3	2
TCGA-VQ-A8PY	8	31693576	32140028	2	1
TCGA-VQ-A8PY	8	32144982	32512823	3	3
TCGA-VQ-A8PY	8	32513239	36547313	2	1
TCGA-VQ-A8PY	8	36549233	36773227	25	8
TCGA-VQ-A8PY	8	36775358	36863874	10	2
TCGA-VQ-A8PY	8	36866339	38291358	8	2
TCGA-VQ-A8PY	8	38291393	41845834	2	0
TCGA-VQ-A8PY	8	41846541	48660813	2	1
TCGA-VQ-A8PY	8	48661188	132815721	2	0
TCGA-VQ-A8PY	8	132822037	146298155	2	1
TCGA-VQ-A8PY	9	46587	31612119	2	0
TCGA-VQ-A8PY	9	31613845	129890968	2	1
TCGA-VQ-A8PY	9	129893500	141091394	3	2
TCGA-VQ-A8PY	10	72759	135506704	3	1
TCGA-VQ-A8PY	11	198572	6755218	3	0
TCGA-VQ-A8PY	11	6755476	45240865	2	0
TCGA-VQ-A8PY	11	45241581	55550960	3	0
TCGA-VQ-A8PY	11	55551766	87680532	3	1
TCGA-VQ-A8PY	11	87681056	87914055	1	1
TCGA-VQ-A8PY	11	87914332	134944770	3	1
TCGA-VQ-A8PY	12	150442	25314102	2	0
TCGA-VQ-A8PY	12	25314247	27187077	35	1
TCGA-VQ-A8PY	12	27188132	28811943	10	2
TCGA-VQ-A8PY	12	28812198	30218029	8	2
TCGA-VQ-A8PY	12	30220057	133778189	2	2
TCGA-VQ-A8PY	13	19026949	115108397	4	2
TCGA-VQ-A8PY	14	19002124	21980170	2	0
TCGA-VQ-A8PY	14	21982770	23036333	2	2
TCGA-VQ-A8PY	14	23037302	23322613	2	0
TCGA-VQ-A8PY	14	23329446	31152162	2	2
TCGA-VQ-A8PY	14	31161417	31407698	2	0
TCGA-VQ-A8PY	14	31409343	35512335	5	2
TCGA-VQ-A8PY	14	35512612	36740590	2	2
TCGA-VQ-A8PY	14	36740806	40788200	5	2
TCGA-VQ-A8PY	14	40791131	41232502	2	2
TCGA-VQ-A8PY	14	41235096	49573497	2	0
TCGA-VQ-A8PY	14	49574017	54156444	2	2
TCGA-VQ-A8PY	14	54163468	67634318	2	0
TCGA-VQ-A8PY	14	67638455	70178693	2	2
TCGA-VQ-A8PY	14	70178981	70521763	2	0
TCGA-VQ-A8PY	14	70522684	74247465	2	2
TCGA-VQ-A8PY	14	74248630	74465756	2	0
TCGA-VQ-A8PY	14	74470094	75309054	2	2
TCGA-VQ-A8PY	14	75310109	91975491	2	0
TCGA-VQ-A8PY	14	91975625	92688227	2	2
TCGA-VQ-A8PY	14	92689254	94601479	7	2
TCGA-VQ-A8PY	14	94602104	94776441	3	2
TCGA-VQ-A8PY	14	94777361	102273093	2	0
TCGA-VQ-A8PY	14	102276276	104522137	2	2
TCGA-VQ-A8PY	14	104524512	105988038	2	0
TCGA-VQ-A8PY	14	106000231	107285437	4	3
TCGA-VQ-A8PY	15	20016328	96015083	2	1
TCGA-VQ-A8PY	15	96016100	102469040	3	2
TCGA-VQ-A8PY	16	60777	78510967	2	1
TCGA-VQ-A8PY	16	78513660	78878510	1	0
TCGA-VQ-A8PY	16	78878830	90287535	2	1
TCGA-VQ-A8PY	17	526	22199315	2	0
TCGA-VQ-A8PY	17	22200305	81049726	2	1
TCGA-VQ-A8PY	18	48133	4302701	2	1
TCGA-VQ-A8PY	18	4304187	7701699	2	0
TCGA-VQ-A8PY	18	7716613	12447328	2	1
TCGA-VQ-A8PY	18	12447807	19411341	2	0
TCGA-VQ-A8PY	18	19411647	22761591	3	1
TCGA-VQ-A8PY	18	22766745	39720548	3	0
TCGA-VQ-A8PY	18	39721079	40903331	2	2
TCGA-VQ-A8PY	18	40909242	42828768	2	1
TCGA-VQ-A8PY	18	42829042	42852378	3	0
TCGA-VQ-A8PY	18	42855384	43273903	21	1
TCGA-VQ-A8PY	18	43286557	48906469	6	2
TCGA-VQ-A8PY	18	48908488	50825790	2	1
TCGA-VQ-A8PY	18	50826649	52645992	8	2
TCGA-VQ-A8PY	18	52648055	54959656	2	1
TCGA-VQ-A8PY	18	54959852	59374646	3	1
TCGA-VQ-A8PY	18	59377872	63464260	4	1
TCGA-VQ-A8PY	18	63464943	65928896	6	1
TCGA-VQ-A8PY	18	65929338	66697661	9	1
TCGA-VQ-A8PY	18	66698194	75459303	4	1
TCGA-VQ-A8PY	18	75459770	78015057	5	1
TCGA-VQ-A8PY	19	90910	55523956	2	1
TCGA-VQ-A8PY	19	55524375	59097854	2	0
TCGA-VQ-A8PY	20	61305	4566688	3	0
TCGA-VQ-A8PY	20	4571240	4857605	10	0
TCGA-VQ-A8PY	20	4862694	8370230	2	0
TCGA-VQ-A8PY	20	8370369	10611033	1	0
TCGA-VQ-A8PY	20	10611063	11684673	2	0
TCGA-VQ-A8PY	20	11688000	12064855	1	0
TCGA-VQ-A8PY	20	12065540	15001526	2	0
TCGA-VQ-A8PY	20	15002458	15015186	5	1
TCGA-VQ-A8PY	20	15015441	15220530	6	0
TCGA-VQ-A8PY	20	15220782	15980984	5	2
TCGA-VQ-A8PY	20	15982938	16053941	9	2
TCGA-VQ-A8PY	20	16054582	18253680	2	0
TCGA-VQ-A8PY	20	18253705	18400755	2	1
TCGA-VQ-A8PY	20	18400899	18966499	5	1
TCGA-VQ-A8PY	20	18966746	19702049	11	1
TCGA-VQ-A8PY	20	19702171	19720503	22	2
TCGA-VQ-A8PY	20	19721222	26228797	1	1
TCGA-VQ-A8PY	20	26231808	34613673	5	2
TCGA-VQ-A8PY	20	34614593	37460462	8	2
TCGA-VQ-A8PY	20	37460680	39428853	2	2
TCGA-VQ-A8PY	20	39429112	39989726	4	2
TCGA-VQ-A8PY	20	39999174	41506444	5	2
TCGA-VQ-A8PY	20	41506886	46655518	3	2
TCGA-VQ-A8PY	20	46657527	48366624	2	2
TCGA-VQ-A8PY	20	48373796	49533524	4	2
TCGA-VQ-A8PY	20	49533949	50358474	10	2
TCGA-VQ-A8PY	20	50359666	51098676	14	2
TCGA-VQ-A8PY	20	51099214	53456349	3	2
TCGA-VQ-A8PY	20	53456921	56799461	2	2
TCGA-VQ-A8PY	20	56799512	56843228	10	3
TCGA-VQ-A8PY	20	56848597	62956153	2	2
TCGA-VQ-A8PY	21	10736871	18297368	1	0
TCGA-VQ-A8PY	21	18297593	21201520	2	0
TCGA-VQ-A8PY	21	21201635	22784924	1	0
TCGA-VQ-A8PY	21	22789290	25692611	0	0
TCGA-VQ-A8PY	21	25696199	26992924	2	0
TCGA-VQ-A8PY	21	26994542	28204424	2	1
TCGA-VQ-A8PY	21	28204504	28573107	1	0
TCGA-VQ-A8PY	21	28576387	29502532	0	0
TCGA-VQ-A8PY	21	29502555	31345504	2	0
TCGA-VQ-A8PY	21	31350464	31600068	0	0
TCGA-VQ-A8PY	21	31608112	32060613	4	0
TCGA-VQ-A8PY	21	32060878	32726849	2	2
TCGA-VQ-A8PY	21	32728582	34382450	2	0
TCGA-VQ-A8PY	21	34384838	36132445	2	1
TCGA-VQ-A8PY	21	36137584	39523892	1	0
TCGA-VQ-A8PY	21	39526431	45164910	2	0
TCGA-VQ-A8PY	21	45165499	47246232	1	0
TCGA-VQ-A8PY	21	47246777	47886684	2	1
TCGA-VQ-A8PY	21	47886796	48096957	1	0
TCGA-VQ-A8PY	22	16052528	39610854	2	0
TCGA-VQ-A8PY	22	39615317	42728168	2	1
TCGA-VQ-A8PY	22	42730680	51234455	2	0
TCGA-VQ-A8PY	X	168477	7110056	4	0
TCGA-VQ-A8PY	X	7114581	7726977	0	0
TCGA-VQ-A8PY	X	7727398	7868681	1	0
TCGA-VQ-A8PY	X	7870189	16943525	4	0
TCGA-VQ-A8PY	X	16946382	55433100	3	0
TCGA-VQ-A8PY	X	55433576	155233846	3	1
