sample	chr	startpos	endpos	nMajor	nMinor
TCGA-BH-A0AV	1	61735	24552884	2	0
TCGA-BH-A0AV	1	24554560	121482979	2	2
TCGA-BH-A0AV	1	144007049	155540193	10	3
TCGA-BH-A0AV	1	155542874	205342652	2	2
TCGA-BH-A0AV	1	205343040	205915667	4	0
TCGA-BH-A0AV	1	205916017	223831601	2	0
TCGA-BH-A0AV	1	223832362	227515791	2	2
TCGA-BH-A0AV	1	227515876	245650885	3	3
TCGA-BH-A0AV	1	245652669	246037920	2	2
TCGA-BH-A0AV	1	246038339	249224388	4	3
TCGA-BH-A0AV	2	12784	15311954	1	0
TCGA-BH-A0AV	2	15313341	18796230	4	0
TCGA-BH-A0AV	2	18797264	24667823	6	1
TCGA-BH-A0AV	2	24670492	43424704	4	0
TCGA-BH-A0AV	2	43429806	60962317	9	1
TCGA-BH-A0AV	2	60965747	65904980	10	2
TCGA-BH-A0AV	2	65907591	89129064	2	1
TCGA-BH-A0AV	2	89130009	134495217	2	2
TCGA-BH-A0AV	2	134495519	134931627	3	3
TCGA-BH-A0AV	2	134932196	178407897	2	2
TCGA-BH-A0AV	2	178408190	180021443	3	3
TCGA-BH-A0AV	2	180023608	190374106	2	2
TCGA-BH-A0AV	2	190375768	191998743	1	0
TCGA-BH-A0AV	2	191999313	202505715	2	2
TCGA-BH-A0AV	2	202509111	243089456	2	0
TCGA-BH-A0AV	3	60345	53413573	3	2
TCGA-BH-A0AV	3	53413979	59535975	2	0
TCGA-BH-A0AV	3	59535997	59638487	4	0
TCGA-BH-A0AV	3	59639362	78015660	2	0
TCGA-BH-A0AV	3	78015729	90205240	2	2
TCGA-BH-A0AV	3	90211499	98149835	2	0
TCGA-BH-A0AV	3	98150121	145614031	2	2
TCGA-BH-A0AV	3	145614150	167890841	4	3
TCGA-BH-A0AV	3	167893832	172353572	2	2
TCGA-BH-A0AV	3	172356699	197896118	2	0
TCGA-BH-A0AV	4	12281	598088	6	1
TCGA-BH-A0AV	4	599530	15460472	2	2
TCGA-BH-A0AV	4	15463697	16160666	6	2
TCGA-BH-A0AV	4	16161137	65146783	2	2
TCGA-BH-A0AV	4	65147512	191027923	2	0
TCGA-BH-A0AV	5	15532	6189324	5	5
TCGA-BH-A0AV	5	6189781	10697364	4	3
TCGA-BH-A0AV	5	10697388	11439148	5	5
TCGA-BH-A0AV	5	11445590	34384738	4	3
TCGA-BH-A0AV	5	34390515	52654459	2	2
TCGA-BH-A0AV	5	52655093	180790320	1	1
TCGA-BH-A0AV	6	149661	10177298	6	0
TCGA-BH-A0AV	6	10177613	17210051	7	3
TCGA-BH-A0AV	6	17210665	22806388	8	3
TCGA-BH-A0AV	6	22806666	46733069	4	4
TCGA-BH-A0AV	6	46733103	74517680	2	2
TCGA-BH-A0AV	6	74520410	139055140	3	2
TCGA-BH-A0AV	6	139055240	146194490	2	2
TCGA-BH-A0AV	6	146196966	157233912	2	0
TCGA-BH-A0AV	6	157236563	171051005	3	0
TCGA-BH-A0AV	7	43259	4540435	4	3
TCGA-BH-A0AV	7	4540687	62465993	2	2
TCGA-BH-A0AV	7	62466168	111101542	2	0
TCGA-BH-A0AV	7	111101916	111706424	5	0
TCGA-BH-A0AV	7	111711811	142326486	2	0
TCGA-BH-A0AV	7	142326657	142490987	3	3
TCGA-BH-A0AV	7	142491987	156694670	2	0
TCGA-BH-A0AV	7	156697271	159127004	4	0
TCGA-BH-A0AV	8	31254	4183404	0	0
TCGA-BH-A0AV	8	4186554	5345190	1	0
TCGA-BH-A0AV	8	5346437	43662756	2	0
TCGA-BH-A0AV	8	43663675	146298155	3	3
TCGA-BH-A0AV	9	46587	749472	2	2
TCGA-BH-A0AV	9	749493	19997444	3	3
TCGA-BH-A0AV	9	20000105	141091394	2	2
TCGA-BH-A0AV	10	72759	50208583	2	2
TCGA-BH-A0AV	10	50209090	92630854	2	0
TCGA-BH-A0AV	10	92631244	135506704	2	1
TCGA-BH-A0AV	11	198572	34190423	1	1
TCGA-BH-A0AV	11	34192092	47874459	2	2
TCGA-BH-A0AV	11	47877800	55079517	3	2
TCGA-BH-A0AV	11	55084193	66870548	1	1
TCGA-BH-A0AV	11	66871217	70147059	4	0
TCGA-BH-A0AV	11	70150204	77036963	2	0
TCGA-BH-A0AV	11	77037399	102200239	5	0
TCGA-BH-A0AV	11	102202805	134944770	1	1
TCGA-BH-A0AV	12	150442	14975721	5	4
TCGA-BH-A0AV	12	14980224	15140219	11	3
TCGA-BH-A0AV	12	15140380	38673711	5	4
TCGA-BH-A0AV	12	38674678	42535373	2	2
TCGA-BH-A0AV	12	42539218	133778189	1	1
TCGA-BH-A0AV	13	19026949	75703461	1	1
TCGA-BH-A0AV	13	75704833	115108397	4	0
TCGA-BH-A0AV	14	19002124	20823095	3	2
TCGA-BH-A0AV	14	20823212	21748313	4	3
TCGA-BH-A0AV	14	21752210	22521897	1	1
TCGA-BH-A0AV	14	22527564	22974293	3	3
TCGA-BH-A0AV	14	22975700	34706211	1	1
TCGA-BH-A0AV	14	34706262	53400738	4	0
TCGA-BH-A0AV	14	53401261	107285437	1	1
TCGA-BH-A0AV	15	20016328	51579526	1	1
TCGA-BH-A0AV	15	51581074	73865141	4	0
TCGA-BH-A0AV	15	73867087	102469040	6	1
TCGA-BH-A0AV	16	60777	3588668	2	0
TCGA-BH-A0AV	16	3589846	35283226	2	2
TCGA-BH-A0AV	16	46463782	70855202	1	1
TCGA-BH-A0AV	16	70855479	71202489	6	1
TCGA-BH-A0AV	16	71202797	71226096	1	0
TCGA-BH-A0AV	16	71230079	88970609	1	1
TCGA-BH-A0AV	16	88970776	90287535	3	3
TCGA-BH-A0AV	17	526	56505496	1	1
TCGA-BH-A0AV	17	56508056	81049726	4	0
TCGA-BH-A0AV	18	48133	29120928	2	0
TCGA-BH-A0AV	18	29121255	78015057	2	2
TCGA-BH-A0AV	19	90910	24436665	2	0
TCGA-BH-A0AV	19	24436790	40547853	2	2
TCGA-BH-A0AV	19	40552198	47721273	2	0
TCGA-BH-A0AV	19	47721965	59097854	2	2
TCGA-BH-A0AV	20	61305	1865634	3	0
TCGA-BH-A0AV	20	1869073	62956153	1	1
TCGA-BH-A0AV	21	10736871	24145776	4	1
TCGA-BH-A0AV	21	24146002	48096957	2	1
TCGA-BH-A0AV	22	16052528	35492637	2	2
TCGA-BH-A0AV	22	35493367	37247987	2	0
TCGA-BH-A0AV	22	37248144	51234455	2	2
TCGA-BH-A0AV	X	168477	55058925	1	0
TCGA-BH-A0AV	X	55059123	126283353	2	2
TCGA-BH-A0AV	X	126284276	131782526	4	3
TCGA-BH-A0AV	X	131783024	139060224	2	2
TCGA-BH-A0AV	X	139060273	144395927	4	3
TCGA-BH-A0AV	X	144397294	150085893	11	3
TCGA-BH-A0AV	X	150087199	150852220	4	3
TCGA-BH-A0AV	X	150852828	155233846	2	0
