sample	chr	startpos	endpos	nMajor	nMinor
TCGA-WB-A81G	1	61735	121482979	1	0
TCGA-WB-A81G	1	144007049	249224388	2	1
TCGA-WB-A81G	2	12784	243089456	1	1
TCGA-WB-A81G	3	60345	93520016	1	1
TCGA-WB-A81G	3	93523357	197896118	1	0
TCGA-WB-A81G	4	12281	191027923	1	1
TCGA-WB-A81G	5	15532	180790320	1	1
TCGA-WB-A81G	6	149661	171051005	1	1
TCGA-WB-A81G	7	43259	159127004	1	1
TCGA-WB-A81G	8	31254	146298155	1	1
TCGA-WB-A81G	9	46587	141091394	1	1
TCGA-WB-A81G	10	72759	135506704	1	1
TCGA-WB-A81G	11	198572	134944770	2	0
TCGA-WB-A81G	12	150442	133778189	1	1
TCGA-WB-A81G	13	19026949	115108397	1	1
TCGA-WB-A81G	14	19002124	107285437	1	1
TCGA-WB-A81G	15	20016328	102469040	1	1
TCGA-WB-A81G	16	60777	90287535	1	1
TCGA-WB-A81G	17	526	81049726	1	1
TCGA-WB-A81G	18	48133	78015057	1	1
TCGA-WB-A81G	19	90910	59097854	1	1
TCGA-WB-A81G	20	61305	62956153	1	1
TCGA-WB-A81G	21	10736871	48096957	1	1
TCGA-WB-A81G	22	16052528	51234455	1	1
TCGA-WB-A81G	X	168477	2703391	1	1
TCGA-WB-A81G	X	2703633	154929308	1	0
TCGA-WB-A81G	X	154929498	155233846	1	1
