sample	chr	startpos	endpos	nMajor	nMinor
TCGA-DD-AAD3	1	61735	121482979	1	1
TCGA-DD-AAD3	1	144007049	249224388	2	1
TCGA-DD-AAD3	2	12784	243089456	1	1
TCGA-DD-AAD3	3	60345	187867317	1	1
TCGA-DD-AAD3	3	187874933	197896118	2	1
TCGA-DD-AAD3	4	12281	3885808	2	1
TCGA-DD-AAD3	4	3897744	13281752	2	0
TCGA-DD-AAD3	4	13282406	18445949	2	1
TCGA-DD-AAD3	4	18446655	21099057	1	1
TCGA-DD-AAD3	4	21101225	22228253	2	1
TCGA-DD-AAD3	4	22228600	23694087	1	1
TCGA-DD-AAD3	4	23698717	28739838	1	0
TCGA-DD-AAD3	4	28739878	39287657	1	1
TCGA-DD-AAD3	4	39297200	44438865	2	1
TCGA-DD-AAD3	4	44439013	52686044	1	1
TCGA-DD-AAD3	4	52686183	71619185	1	0
TCGA-DD-AAD3	4	71619234	72406729	1	1
TCGA-DD-AAD3	4	72410348	73614980	1	0
TCGA-DD-AAD3	4	73615784	74555033	1	1
TCGA-DD-AAD3	4	74555050	75737430	1	0
TCGA-DD-AAD3	4	75738734	76662694	1	1
TCGA-DD-AAD3	4	76662868	79391392	2	1
TCGA-DD-AAD3	4	79394086	81135749	1	1
TCGA-DD-AAD3	4	81138878	108758470	1	0
TCGA-DD-AAD3	4	108758579	110015693	1	1
TCGA-DD-AAD3	4	110016408	118968270	1	0
TCGA-DD-AAD3	4	118970023	123520289	1	1
TCGA-DD-AAD3	4	123521180	126510730	2	1
TCGA-DD-AAD3	4	126512977	126845616	1	0
TCGA-DD-AAD3	4	126847383	136915412	1	1
TCGA-DD-AAD3	4	136917938	143440396	1	0
TCGA-DD-AAD3	4	143444109	145974705	1	1
TCGA-DD-AAD3	4	145975399	147047072	1	0
TCGA-DD-AAD3	4	147050186	152713637	1	1
TCGA-DD-AAD3	4	152716608	154177356	2	1
TCGA-DD-AAD3	4	154182404	157037561	1	1
TCGA-DD-AAD3	4	157041387	158660261	2	1
TCGA-DD-AAD3	4	158661793	165086146	1	1
TCGA-DD-AAD3	4	165094923	169976214	2	1
TCGA-DD-AAD3	4	169977116	176091232	1	1
TCGA-DD-AAD3	4	176091913	191027923	1	0
TCGA-DD-AAD3	5	15532	180790320	1	1
TCGA-DD-AAD3	6	149661	62037146	2	1
TCGA-DD-AAD3	6	62037559	67402631	3	1
TCGA-DD-AAD3	6	67403879	171051005	1	0
TCGA-DD-AAD3	7	43259	53512658	2	1
TCGA-DD-AAD3	7	53513975	159127004	1	1
TCGA-DD-AAD3	8	31254	43662756	1	0
TCGA-DD-AAD3	8	43663675	146298155	1	1
TCGA-DD-AAD3	9	46587	141091394	1	0
TCGA-DD-AAD3	10	72759	135506704	1	1
TCGA-DD-AAD3	11	198572	134944770	1	1
TCGA-DD-AAD3	12	150442	112348650	1	1
TCGA-DD-AAD3	12	112351876	133778189	1	0
TCGA-DD-AAD3	13	19026949	115108397	1	1
TCGA-DD-AAD3	14	19002124	68752338	1	1
TCGA-DD-AAD3	14	68752643	68895195	1	0
TCGA-DD-AAD3	14	68902187	107285437	1	1
TCGA-DD-AAD3	15	20016328	102469040	1	1
TCGA-DD-AAD3	16	60777	34012168	1	1
TCGA-DD-AAD3	16	34197351	90287535	1	0
TCGA-DD-AAD3	17	526	20782486	1	0
TCGA-DD-AAD3	17	20785914	22192749	2	1
TCGA-DD-AAD3	17	22193343	81049726	1	1
TCGA-DD-AAD3	18	48133	78015057	1	1
TCGA-DD-AAD3	19	90910	59097854	1	1
TCGA-DD-AAD3	20	61305	62956153	1	1
TCGA-DD-AAD3	21	10736871	48096957	1	1
TCGA-DD-AAD3	22	16052528	51234455	1	1
TCGA-DD-AAD3	X	168477	2694240	1	1
TCGA-DD-AAD3	X	2703391	155233846	1	0
