sample	chr	startpos	endpos	nMajor	nMinor
TCGA-CU-A3YL	1	61735	201273456	1	1
TCGA-CU-A3YL	1	201275698	202665581	1	0
TCGA-CU-A3YL	1	202667492	249224388	1	1
TCGA-CU-A3YL	2	12784	202691382	1	1
TCGA-CU-A3YL	2	202691395	237052001	1	0
TCGA-CU-A3YL	2	237053065	239629441	1	1
TCGA-CU-A3YL	2	239634538	243089456	1	0
TCGA-CU-A3YL	3	60345	42160761	2	1
TCGA-CU-A3YL	3	42161684	71088248	1	0
TCGA-CU-A3YL	3	71089217	71455440	0	0
TCGA-CU-A3YL	3	71456011	90485962	1	0
TCGA-CU-A3YL	3	90502862	197896118	2	1
TCGA-CU-A3YL	4	12281	17479108	1	1
TCGA-CU-A3YL	4	17479873	20834767	1	0
TCGA-CU-A3YL	4	20839816	191027923	1	1
TCGA-CU-A3YL	5	15532	180790320	1	1
TCGA-CU-A3YL	6	149661	32802351	2	0
TCGA-CU-A3YL	6	32802820	171051005	1	1
TCGA-CU-A3YL	7	43259	159127004	1	1
TCGA-CU-A3YL	8	31254	11118937	1	1
TCGA-CU-A3YL	8	11118983	36929438	1	0
TCGA-CU-A3YL	8	36929508	146298155	1	1
TCGA-CU-A3YL	9	46587	5639823	1	1
TCGA-CU-A3YL	9	5644555	21819477	1	0
TCGA-CU-A3YL	9	21828110	22674282	0	0
TCGA-CU-A3YL	9	22681422	32562668	1	0
TCGA-CU-A3YL	9	32564173	33741592	1	1
TCGA-CU-A3YL	9	33742289	47217176	1	0
TCGA-CU-A3YL	9	65616971	122992405	1	1
TCGA-CU-A3YL	9	122993097	123964914	1	0
TCGA-CU-A3YL	9	123966319	131924771	1	1
TCGA-CU-A3YL	9	131928491	133941072	1	0
TCGA-CU-A3YL	9	133941361	141091394	1	1
TCGA-CU-A3YL	10	72759	135506704	1	1
TCGA-CU-A3YL	11	198572	134944770	1	1
TCGA-CU-A3YL	12	150442	133778189	1	1
TCGA-CU-A3YL	13	19026949	115108397	2	1
TCGA-CU-A3YL	14	19002124	107285437	1	1
TCGA-CU-A3YL	15	20016328	102469040	1	1
TCGA-CU-A3YL	16	60777	90287535	1	1
TCGA-CU-A3YL	17	526	19168912	2	0
TCGA-CU-A3YL	17	19168996	81049726	2	2
TCGA-CU-A3YL	18	48133	78015057	1	1
TCGA-CU-A3YL	19	90910	59097854	2	1
TCGA-CU-A3YL	20	61305	62956153	1	1
TCGA-CU-A3YL	21	10736871	48096957	1	1
TCGA-CU-A3YL	22	16052528	51234455	1	1
TCGA-CU-A3YL	X	168477	2711429	2	1
TCGA-CU-A3YL	X	2711961	45610531	2	0
TCGA-CU-A3YL	X	45610861	45697667	3	0
TCGA-CU-A3YL	X	45697787	155233846	2	0
