sample	chr	startpos	endpos	nMajor	nMinor
TCGA-BS-A0V7	1	61735	4299727	1	1
TCGA-BS-A0V7	1	4302080	4651257	2	1
TCGA-BS-A0V7	1	4651680	20015300	1	1
TCGA-BS-A0V7	1	20015655	20567092	2	1
TCGA-BS-A0V7	1	20567939	34516105	1	1
TCGA-BS-A0V7	1	34516663	38558773	2	0
TCGA-BS-A0V7	1	38558930	39293847	1	1
TCGA-BS-A0V7	1	39299306	41276498	2	0
TCGA-BS-A0V7	1	41281150	49320527	1	1
TCGA-BS-A0V7	1	49320832	53468379	2	0
TCGA-BS-A0V7	1	53469716	54123850	1	1
TCGA-BS-A0V7	1	54123873	57602383	2	0
TCGA-BS-A0V7	1	57604159	88630510	1	1
TCGA-BS-A0V7	1	88631582	90018974	2	0
TCGA-BS-A0V7	1	90019642	106620715	1	1
TCGA-BS-A0V7	1	106626456	107383738	2	0
TCGA-BS-A0V7	1	107383851	118522982	1	1
TCGA-BS-A0V7	1	118525534	119562424	2	0
TCGA-BS-A0V7	1	119562557	153269364	1	1
TCGA-BS-A0V7	1	153273753	154548261	2	0
TCGA-BS-A0V7	1	154551595	170196493	1	1
TCGA-BS-A0V7	1	170197478	170611057	2	0
TCGA-BS-A0V7	1	170611412	171601157	1	1
TCGA-BS-A0V7	1	171601736	176996518	2	0
TCGA-BS-A0V7	1	176997263	204608262	1	1
TCGA-BS-A0V7	1	204610650	205533181	2	0
TCGA-BS-A0V7	1	205535496	207886450	1	1
TCGA-BS-A0V7	1	207886487	208130905	2	0
TCGA-BS-A0V7	1	208140164	213989492	1	1
TCGA-BS-A0V7	1	213990984	215106779	2	0
TCGA-BS-A0V7	1	215108694	218798040	1	1
TCGA-BS-A0V7	1	218801499	222747737	2	0
TCGA-BS-A0V7	1	222748085	234091984	1	1
TCGA-BS-A0V7	1	234092000	234637789	2	0
TCGA-BS-A0V7	1	234638534	234876901	1	1
TCGA-BS-A0V7	1	234877684	236625408	2	0
TCGA-BS-A0V7	1	236628709	249224388	1	1
TCGA-BS-A0V7	2	12784	3107035	2	1
TCGA-BS-A0V7	2	3107942	4287772	3	0
TCGA-BS-A0V7	2	4289810	9353028	2	1
TCGA-BS-A0V7	2	9353255	9953949	2	0
TCGA-BS-A0V7	2	9954598	16991085	2	1
TCGA-BS-A0V7	2	16993142	18275250	2	0
TCGA-BS-A0V7	2	18275620	20839431	2	1
TCGA-BS-A0V7	2	20839973	21461482	3	0
TCGA-BS-A0V7	2	21462096	28779490	2	1
TCGA-BS-A0V7	2	28780228	29477885	2	0
TCGA-BS-A0V7	2	29480975	33975190	2	1
TCGA-BS-A0V7	2	33978782	35669707	2	0
TCGA-BS-A0V7	2	35670363	43371937	2	1
TCGA-BS-A0V7	2	43373119	44274768	2	0
TCGA-BS-A0V7	2	44276575	67346442	2	1
TCGA-BS-A0V7	2	67347481	70654770	2	0
TCGA-BS-A0V7	2	70655613	72382928	2	1
TCGA-BS-A0V7	2	72383669	74095428	2	0
TCGA-BS-A0V7	2	74095541	79216318	2	1
TCGA-BS-A0V7	2	79219014	87514379	3	0
TCGA-BS-A0V7	2	87514390	97122520	2	1
TCGA-BS-A0V7	2	97126211	98616230	2	0
TCGA-BS-A0V7	2	98616440	100312959	2	1
TCGA-BS-A0V7	2	100313076	101241404	2	0
TCGA-BS-A0V7	2	101241594	106689991	2	1
TCGA-BS-A0V7	2	106690368	108303120	2	0
TCGA-BS-A0V7	2	108303730	119301337	2	1
TCGA-BS-A0V7	2	119304022	121086696	3	0
TCGA-BS-A0V7	2	121088182	129504294	2	1
TCGA-BS-A0V7	2	129504834	130513464	2	0
TCGA-BS-A0V7	2	130514951	179871375	2	1
TCGA-BS-A0V7	2	179871957	180964208	2	0
TCGA-BS-A0V7	2	180965039	193115204	2	1
TCGA-BS-A0V7	2	193116003	197995151	2	0
TCGA-BS-A0V7	2	197997215	218247791	2	1
TCGA-BS-A0V7	2	218248999	218827236	2	0
TCGA-BS-A0V7	2	218827778	240982791	2	1
TCGA-BS-A0V7	2	240983600	243089456	3	0
TCGA-BS-A0V7	3	60345	2760784	1	1
TCGA-BS-A0V7	3	2762503	5222530	2	0
TCGA-BS-A0V7	3	5225773	24779686	1	1
TCGA-BS-A0V7	3	24779818	25077788	2	0
TCGA-BS-A0V7	3	25080041	27663711	1	1
TCGA-BS-A0V7	3	27663877	28705764	2	0
TCGA-BS-A0V7	3	28711087	29324068	1	1
TCGA-BS-A0V7	3	29325250	30316691	2	0
TCGA-BS-A0V7	3	30319043	36028219	1	1
TCGA-BS-A0V7	3	36029067	37651622	2	0
TCGA-BS-A0V7	3	37651829	45200464	1	1
TCGA-BS-A0V7	3	45200606	54389325	2	0
TCGA-BS-A0V7	3	54393631	55894310	1	1
TCGA-BS-A0V7	3	55894503	56650336	2	1
TCGA-BS-A0V7	3	56650708	61056151	1	1
TCGA-BS-A0V7	3	61059431	63421397	2	0
TCGA-BS-A0V7	3	63422149	64637090	1	1
TCGA-BS-A0V7	3	64637823	65914176	2	0
TCGA-BS-A0V7	3	65914501	67818048	1	1
TCGA-BS-A0V7	3	67826438	68767456	2	1
TCGA-BS-A0V7	3	68768138	100859412	1	1
TCGA-BS-A0V7	3	100861894	102805248	2	0
TCGA-BS-A0V7	3	102811504	107378798	1	1
TCGA-BS-A0V7	3	107379837	108631120	2	0
TCGA-BS-A0V7	3	108634013	117431248	1	1
TCGA-BS-A0V7	3	117433143	117981991	2	1
TCGA-BS-A0V7	3	117989753	118920109	2	0
TCGA-BS-A0V7	3	118920846	125124288	1	1
TCGA-BS-A0V7	3	125125079	126098284	2	0
TCGA-BS-A0V7	3	126099612	158653634	1	1
TCGA-BS-A0V7	3	158655814	159800088	2	0
TCGA-BS-A0V7	3	159804903	161949354	1	1
TCGA-BS-A0V7	3	161951039	162851142	2	0
TCGA-BS-A0V7	3	162853708	197896118	1	1
TCGA-BS-A0V7	4	12281	12326534	1	1
TCGA-BS-A0V7	4	12326845	12862046	2	0
TCGA-BS-A0V7	4	12862997	13103453	1	1
TCGA-BS-A0V7	4	13104738	14224598	2	0
TCGA-BS-A0V7	4	14225053	16045635	1	1
TCGA-BS-A0V7	4	16046307	16775112	2	0
TCGA-BS-A0V7	4	16775491	19894438	1	1
TCGA-BS-A0V7	4	19896225	21261824	2	0
TCGA-BS-A0V7	4	21262093	29522726	1	1
TCGA-BS-A0V7	4	29523460	31245184	2	1
TCGA-BS-A0V7	4	31245386	41729676	1	1
TCGA-BS-A0V7	4	41730633	42813851	2	0
TCGA-BS-A0V7	4	42813890	43692718	2	1
TCGA-BS-A0V7	4	43693336	56176789	1	1
TCGA-BS-A0V7	4	56178225	62095114	2	0
TCGA-BS-A0V7	4	62095741	62974968	1	1
TCGA-BS-A0V7	4	62978115	65879424	2	0
TCGA-BS-A0V7	4	65880275	82957250	1	1
TCGA-BS-A0V7	4	82957962	84288259	2	0
TCGA-BS-A0V7	4	84288328	85149945	1	1
TCGA-BS-A0V7	4	85151818	88826972	2	0
TCGA-BS-A0V7	4	88827193	96760144	1	1
TCGA-BS-A0V7	4	96762990	97882792	2	1
TCGA-BS-A0V7	4	97883347	144743878	1	1
TCGA-BS-A0V7	4	144744046	145506004	2	0
TCGA-BS-A0V7	4	145507949	154434626	1	1
TCGA-BS-A0V7	4	154435220	155256732	2	0
TCGA-BS-A0V7	4	155257098	156276648	1	1
TCGA-BS-A0V7	4	156276891	158455307	2	0
TCGA-BS-A0V7	4	158458037	175577339	1	1
TCGA-BS-A0V7	4	175578477	176599838	2	0
TCGA-BS-A0V7	4	176601113	190543148	1	1
TCGA-BS-A0V7	4	190545359	191027923	2	0
TCGA-BS-A0V7	5	15532	38724883	1	1
TCGA-BS-A0V7	5	38724924	39554203	2	0
TCGA-BS-A0V7	5	39557242	59330474	1	1
TCGA-BS-A0V7	5	59330748	60530102	2	1
TCGA-BS-A0V7	5	60530675	79074229	1	1
TCGA-BS-A0V7	5	79074244	79857609	2	1
TCGA-BS-A0V7	5	79858271	107181865	1	1
TCGA-BS-A0V7	5	107185954	108513325	2	0
TCGA-BS-A0V7	5	108516944	110236710	1	1
TCGA-BS-A0V7	5	110236782	110860120	2	1
TCGA-BS-A0V7	5	110865179	118701875	1	1
TCGA-BS-A0V7	5	118703082	120857344	2	0
TCGA-BS-A0V7	5	120857857	126828355	1	1
TCGA-BS-A0V7	5	126829238	132576597	2	0
TCGA-BS-A0V7	5	132579469	137507814	1	1
TCGA-BS-A0V7	5	137511717	139168877	2	1
TCGA-BS-A0V7	5	139178162	144813968	1	1
TCGA-BS-A0V7	5	144815432	145318993	2	1
TCGA-BS-A0V7	5	145319127	169292234	1	1
TCGA-BS-A0V7	5	169293508	169759990	2	1
TCGA-BS-A0V7	5	169763151	180790320	1	1
TCGA-BS-A0V7	6	149661	13264113	1	1
TCGA-BS-A0V7	6	13265334	14142310	2	0
TCGA-BS-A0V7	6	14142489	24021923	1	1
TCGA-BS-A0V7	6	24023850	24601240	2	1
TCGA-BS-A0V7	6	24605024	31344657	1	1
TCGA-BS-A0V7	6	31345596	31455834	1	0
TCGA-BS-A0V7	6	31457633	41969052	1	1
TCGA-BS-A0V7	6	41969544	42203905	2	0
TCGA-BS-A0V7	6	42204326	43977535	1	1
TCGA-BS-A0V7	6	43977588	44642696	2	0
TCGA-BS-A0V7	6	44643163	47603111	1	1
TCGA-BS-A0V7	6	47610345	50962553	2	0
TCGA-BS-A0V7	6	50963777	50988798	1	0
TCGA-BS-A0V7	6	50990905	52213805	2	0
TCGA-BS-A0V7	6	52218976	55736465	1	1
TCGA-BS-A0V7	6	55739553	56193756	2	1
TCGA-BS-A0V7	6	56194264	80609083	1	1
TCGA-BS-A0V7	6	80609124	81399257	2	1
TCGA-BS-A0V7	6	81399464	86195298	1	1
TCGA-BS-A0V7	6	86196990	88615291	2	0
TCGA-BS-A0V7	6	88619084	128355890	1	1
TCGA-BS-A0V7	6	128356142	132301441	2	0
TCGA-BS-A0V7	6	132302295	135727076	1	1
TCGA-BS-A0V7	6	135729979	136968283	2	1
TCGA-BS-A0V7	6	136968541	170746081	1	1
TCGA-BS-A0V7	6	170750013	171051005	2	0
TCGA-BS-A0V7	7	43259	5251440	1	1
TCGA-BS-A0V7	7	5252274	6125381	2	1
TCGA-BS-A0V7	7	6128455	54667925	1	1
TCGA-BS-A0V7	7	54671417	55211879	2	0
TCGA-BS-A0V7	7	55213142	101354814	1	1
TCGA-BS-A0V7	7	101355428	104562205	2	0
TCGA-BS-A0V7	7	104562795	106055894	1	1
TCGA-BS-A0V7	7	106057663	107433688	2	0
TCGA-BS-A0V7	7	107437048	131857841	1	1
TCGA-BS-A0V7	7	131857981	136111305	2	0
TCGA-BS-A0V7	7	136111845	159127004	1	1
TCGA-BS-A0V7	8	31254	6760142	1	1
TCGA-BS-A0V7	8	6761235	8699161	2	0
TCGA-BS-A0V7	8	8699218	10940241	1	1
TCGA-BS-A0V7	8	10942929	11470460	2	0
TCGA-BS-A0V7	8	11470460	14999559	1	1
TCGA-BS-A0V7	8	14999983	15611872	2	0
TCGA-BS-A0V7	8	15616861	19962962	1	1
TCGA-BS-A0V7	8	19963512	22573268	2	0
TCGA-BS-A0V7	8	22574195	31488655	1	1
TCGA-BS-A0V7	8	31488780	32106823	2	0
TCGA-BS-A0V7	8	32107033	37237302	1	1
TCGA-BS-A0V7	8	37238065	40440953	2	0
TCGA-BS-A0V7	8	40442467	41163791	1	1
TCGA-BS-A0V7	8	41165741	42477297	2	0
TCGA-BS-A0V7	8	42477338	49617767	1	1
TCGA-BS-A0V7	8	49619144	52288090	2	0
TCGA-BS-A0V7	8	52288558	60290934	1	1
TCGA-BS-A0V7	8	60291761	61113114	2	1
TCGA-BS-A0V7	8	61113600	73746579	1	1
TCGA-BS-A0V7	8	73750280	74256056	2	0
TCGA-BS-A0V7	8	74259227	80576145	1	1
TCGA-BS-A0V7	8	80576354	87811178	2	0
TCGA-BS-A0V7	8	87814088	97315645	1	1
TCGA-BS-A0V7	8	97316821	98578577	2	1
TCGA-BS-A0V7	8	98580680	119455953	1	1
TCGA-BS-A0V7	8	119455982	119761575	2	1
TCGA-BS-A0V7	8	119762089	136432631	1	1
TCGA-BS-A0V7	8	136435165	137514062	2	0
TCGA-BS-A0V7	8	137515316	142728679	1	1
TCGA-BS-A0V7	8	142729039	143536179	2	1
TCGA-BS-A0V7	8	143536976	146298155	1	1
TCGA-BS-A0V7	9	46587	13551854	1	1
TCGA-BS-A0V7	9	13555074	13857993	2	0
TCGA-BS-A0V7	9	13861078	47217176	1	1
TCGA-BS-A0V7	9	65616971	71557566	2	0
TCGA-BS-A0V7	9	71558124	72163694	1	1
TCGA-BS-A0V7	9	72168657	72997637	2	0
TCGA-BS-A0V7	9	72998469	95679900	1	1
TCGA-BS-A0V7	9	95680608	96510399	2	0
TCGA-BS-A0V7	9	96510484	101856335	1	1
TCGA-BS-A0V7	9	101858350	103875396	2	0
TCGA-BS-A0V7	9	103876104	107041181	1	1
TCGA-BS-A0V7	9	107043478	108197866	2	0
TCGA-BS-A0V7	9	108199189	119116028	1	1
TCGA-BS-A0V7	9	119118800	120078941	2	0
TCGA-BS-A0V7	9	120082773	123726361	1	1
TCGA-BS-A0V7	9	123730568	126691221	2	0
TCGA-BS-A0V7	9	126691412	128847015	1	1
TCGA-BS-A0V7	9	128847316	129459985	2	1
TCGA-BS-A0V7	9	129460914	133786652	1	1
TCGA-BS-A0V7	9	133793063	135185970	2	0
TCGA-BS-A0V7	9	135188320	140895288	1	1
TCGA-BS-A0V7	9	140895393	141091394	2	0
TCGA-BS-A0V7	10	72759	7230096	2	1
TCGA-BS-A0V7	10	7230524	7730519	3	0
TCGA-BS-A0V7	10	7731885	13418971	2	1
TCGA-BS-A0V7	10	13420875	13835431	2	0
TCGA-BS-A0V7	10	13835473	29569500	2	1
TCGA-BS-A0V7	10	29569541	30687815	2	0
TCGA-BS-A0V7	10	30688427	50135183	2	1
TCGA-BS-A0V7	10	50135235	50460513	2	0
TCGA-BS-A0V7	10	50462845	63438358	2	1
TCGA-BS-A0V7	10	63442235	64317249	2	0
TCGA-BS-A0V7	10	64317700	67037492	2	1
TCGA-BS-A0V7	10	67038437	68035891	2	0
TCGA-BS-A0V7	10	68036672	72712155	2	1
TCGA-BS-A0V7	10	72713889	79362405	2	0
TCGA-BS-A0V7	10	79363388	89956914	2	1
TCGA-BS-A0V7	10	89957033	91063178	2	0
TCGA-BS-A0V7	10	91065895	106344937	2	1
TCGA-BS-A0V7	10	106345309	107580478	3	0
TCGA-BS-A0V7	10	107584738	135178334	2	1
TCGA-BS-A0V7	10	135178611	135506704	3	0
TCGA-BS-A0V7	11	198572	6670162	1	1
TCGA-BS-A0V7	11	6672340	7283148	2	0
TCGA-BS-A0V7	11	7283171	8094682	1	1
TCGA-BS-A0V7	11	8098253	10515984	2	0
TCGA-BS-A0V7	11	10516834	10701438	2	1
TCGA-BS-A0V7	11	10705420	12643136	1	1
TCGA-BS-A0V7	11	12645580	13069302	2	0
TCGA-BS-A0V7	11	13071320	36728443	1	1
TCGA-BS-A0V7	11	36728603	42431304	2	0
TCGA-BS-A0V7	11	42431484	57433054	1	1
TCGA-BS-A0V7	11	57436530	58460726	2	0
TCGA-BS-A0V7	11	58461978	87115858	1	1
TCGA-BS-A0V7	11	87116365	87916672	2	0
TCGA-BS-A0V7	11	87916851	96572887	1	1
TCGA-BS-A0V7	11	96572933	98123504	2	0
TCGA-BS-A0V7	11	98123727	102049221	1	1
TCGA-BS-A0V7	11	102049716	107962204	2	0
TCGA-BS-A0V7	11	107962979	111112246	1	1
TCGA-BS-A0V7	11	111112879	112395567	2	0
TCGA-BS-A0V7	11	112396127	114355247	1	1
TCGA-BS-A0V7	11	114362444	116243868	2	0
TCGA-BS-A0V7	11	116244027	131950721	1	1
TCGA-BS-A0V7	11	131950754	133093088	2	0
TCGA-BS-A0V7	11	133093579	134944770	1	1
TCGA-BS-A0V7	12	150442	9386210	2	1
TCGA-BS-A0V7	12	9389480	13009510	2	0
TCGA-BS-A0V7	12	13009642	16878608	2	1
TCGA-BS-A0V7	12	16879687	18319038	3	0
TCGA-BS-A0V7	12	18321237	32394332	2	1
TCGA-BS-A0V7	12	32394562	41948494	3	0
TCGA-BS-A0V7	12	41950368	57476223	2	1
TCGA-BS-A0V7	12	57486647	80774011	1	1
TCGA-BS-A0V7	12	80774552	82388801	2	1
TCGA-BS-A0V7	12	82388868	89915651	1	1
TCGA-BS-A0V7	12	89915929	90561136	2	1
TCGA-BS-A0V7	12	90561263	96618263	1	1
TCGA-BS-A0V7	12	96620171	101918027	2	0
TCGA-BS-A0V7	12	101918978	133778189	1	1
TCGA-BS-A0V7	13	19026949	21690867	1	1
TCGA-BS-A0V7	13	21691101	22535015	2	0
TCGA-BS-A0V7	13	22537651	43834270	1	1
TCGA-BS-A0V7	13	43834663	47579335	2	0
TCGA-BS-A0V7	13	47579744	47868749	1	1
TCGA-BS-A0V7	13	47871624	50144546	2	0
TCGA-BS-A0V7	13	50144613	52410120	1	1
TCGA-BS-A0V7	13	52411216	57555006	2	0
TCGA-BS-A0V7	13	57555117	74909251	1	1
TCGA-BS-A0V7	13	74909265	76238188	2	0
TCGA-BS-A0V7	13	76243531	99374306	1	1
TCGA-BS-A0V7	13	99375903	101247951	2	0
TCGA-BS-A0V7	13	101249792	115108397	1	1
TCGA-BS-A0V7	14	19002124	23984843	1	1
TCGA-BS-A0V7	14	23987437	27441133	2	0
TCGA-BS-A0V7	14	27444803	72466892	1	1
TCGA-BS-A0V7	14	72467439	72873549	2	0
TCGA-BS-A0V7	14	72882983	95429740	1	1
TCGA-BS-A0V7	14	95429956	95929607	2	0
TCGA-BS-A0V7	14	95929691	100396482	1	1
TCGA-BS-A0V7	14	100397611	101568408	2	1
TCGA-BS-A0V7	14	101568463	107285437	1	1
TCGA-BS-A0V7	15	20016328	22766821	2	0
TCGA-BS-A0V7	15	22769349	39236790	1	1
TCGA-BS-A0V7	15	39237168	39674503	2	0
TCGA-BS-A0V7	15	39675257	52467546	1	1
TCGA-BS-A0V7	15	52467746	52860272	2	1
TCGA-BS-A0V7	15	52860553	67678995	1	1
TCGA-BS-A0V7	15	67679689	69002706	2	0
TCGA-BS-A0V7	15	69003582	75201359	1	1
TCGA-BS-A0V7	15	75209582	77875268	2	0
TCGA-BS-A0V7	15	77881474	88015613	1	1
TCGA-BS-A0V7	15	88015709	88915914	2	0
TCGA-BS-A0V7	15	88916021	89595518	1	1
TCGA-BS-A0V7	15	89595883	92622732	2	0
TCGA-BS-A0V7	15	92622948	94110801	1	1
TCGA-BS-A0V7	15	94111168	94966222	2	0
TCGA-BS-A0V7	15	94969725	99493176	1	1
TCGA-BS-A0V7	15	99493591	99766981	2	0
TCGA-BS-A0V7	15	99767071	102469040	1	1
TCGA-BS-A0V7	16	60777	3296230	1	1
TCGA-BS-A0V7	16	3300044	3993253	2	0
TCGA-BS-A0V7	16	3993899	4324293	1	1
TCGA-BS-A0V7	16	4324385	5782839	2	0
TCGA-BS-A0V7	16	5783022	35283226	1	1
TCGA-BS-A0V7	16	46463782	48318776	2	0
TCGA-BS-A0V7	16	48318957	70917006	1	1
TCGA-BS-A0V7	16	70917997	71048302	2	1
TCGA-BS-A0V7	16	71048537	72230807	2	0
TCGA-BS-A0V7	16	72236679	81894911	1	1
TCGA-BS-A0V7	16	81895215	82460808	2	0
TCGA-BS-A0V7	16	82461769	89797627	1	1
TCGA-BS-A0V7	16	89797666	90287535	2	0
TCGA-BS-A0V7	17	526	4385616	1	1
TCGA-BS-A0V7	17	4388334	5736037	2	0
TCGA-BS-A0V7	17	5736703	12637808	1	1
TCGA-BS-A0V7	17	12638156	14290291	2	0
TCGA-BS-A0V7	17	14290540	66239254	1	1
TCGA-BS-A0V7	17	66239844	67019666	2	0
TCGA-BS-A0V7	17	67021870	70532432	1	1
TCGA-BS-A0V7	17	70532714	71248094	2	0
TCGA-BS-A0V7	17	71248660	81049726	1	1
TCGA-BS-A0V7	18	48133	1239151	1	1
TCGA-BS-A0V7	18	1239211	3006207	2	0
TCGA-BS-A0V7	18	3010025	32453689	1	1
TCGA-BS-A0V7	18	32454404	33725931	2	0
TCGA-BS-A0V7	18	33726295	39937269	1	1
TCGA-BS-A0V7	18	39937404	40750810	2	0
TCGA-BS-A0V7	18	40756435	41184142	1	1
TCGA-BS-A0V7	18	41190212	42776249	2	0
TCGA-BS-A0V7	18	42776435	44275622	1	1
TCGA-BS-A0V7	18	44278843	46539519	2	0
TCGA-BS-A0V7	18	46539956	50442652	1	1
TCGA-BS-A0V7	18	50443180	51777727	2	1
TCGA-BS-A0V7	18	51777832	62068178	1	1
TCGA-BS-A0V7	18	62069382	63158085	2	1
TCGA-BS-A0V7	18	63165803	67520637	1	1
TCGA-BS-A0V7	18	67522034	67838809	2	0
TCGA-BS-A0V7	18	67845338	69401783	1	1
TCGA-BS-A0V7	18	69401880	70029408	2	0
TCGA-BS-A0V7	18	70029422	78015057	1	1
TCGA-BS-A0V7	19	90910	59097854	1	1
TCGA-BS-A0V7	20	61305	11895376	1	1
TCGA-BS-A0V7	20	11900078	12481269	2	0
TCGA-BS-A0V7	20	12481750	17827496	1	1
TCGA-BS-A0V7	20	17827622	18368729	2	1
TCGA-BS-A0V7	20	18371109	19574176	1	1
TCGA-BS-A0V7	20	19575173	20007703	2	0
TCGA-BS-A0V7	20	20008530	37690464	1	1
TCGA-BS-A0V7	20	37690485	38411657	2	0
TCGA-BS-A0V7	20	38411695	40261073	1	1
TCGA-BS-A0V7	20	40263456	41175615	2	0
TCGA-BS-A0V7	20	41178700	42494964	1	1
TCGA-BS-A0V7	20	42495338	43270002	2	0
TCGA-BS-A0V7	20	43271296	58790119	1	1
TCGA-BS-A0V7	20	58790766	59459378	2	0
TCGA-BS-A0V7	20	59464661	62956153	1	1
TCGA-BS-A0V7	21	10736871	26004960	1	1
TCGA-BS-A0V7	21	26016970	29417654	2	0
TCGA-BS-A0V7	21	29418202	48096957	1	1
TCGA-BS-A0V7	22	16052528	48745300	1	1
TCGA-BS-A0V7	22	48745368	49595560	2	0
TCGA-BS-A0V7	22	49595814	51234455	1	1
TCGA-BS-A0V7	X	168477	10198057	1	1
TCGA-BS-A0V7	X	10199896	11622218	2	0
TCGA-BS-A0V7	X	11622570	24278966	1	1
TCGA-BS-A0V7	X	24279494	27657069	2	0
TCGA-BS-A0V7	X	27657906	30289295	1	1
TCGA-BS-A0V7	X	30292317	32008564	2	0
TCGA-BS-A0V7	X	32008786	32211790	2	1
TCGA-BS-A0V7	X	32212041	40023516	2	0
TCGA-BS-A0V7	X	40024995	47458652	1	1
TCGA-BS-A0V7	X	47463162	48744778	2	1
TCGA-BS-A0V7	X	48748109	52661243	2	0
TCGA-BS-A0V7	X	52661545	62410341	1	1
TCGA-BS-A0V7	X	62410402	67857784	2	0
TCGA-BS-A0V7	X	67860095	75264310	1	1
TCGA-BS-A0V7	X	75264790	76561023	2	0
TCGA-BS-A0V7	X	76564345	84059826	1	1
TCGA-BS-A0V7	X	84061416	85083133	2	0
TCGA-BS-A0V7	X	85083908	86633615	1	1
TCGA-BS-A0V7	X	86635571	87746643	2	0
TCGA-BS-A0V7	X	87746768	93086018	1	1
TCGA-BS-A0V7	X	93086957	95040835	2	0
TCGA-BS-A0V7	X	95041959	99998829	1	1
TCGA-BS-A0V7	X	100000719	103097037	2	0
TCGA-BS-A0V7	X	103101628	108957813	1	1
TCGA-BS-A0V7	X	108959104	111605738	2	0
TCGA-BS-A0V7	X	111605956	113603918	1	1
TCGA-BS-A0V7	X	113604384	114745883	2	0
TCGA-BS-A0V7	X	114747025	118753004	1	1
TCGA-BS-A0V7	X	118754153	119776975	2	0
TCGA-BS-A0V7	X	119778470	122312087	1	1
TCGA-BS-A0V7	X	122312217	124149361	2	0
TCGA-BS-A0V7	X	124149835	125109536	1	1
TCGA-BS-A0V7	X	125111999	128133911	2	1
TCGA-BS-A0V7	X	128133956	133754228	1	1
TCGA-BS-A0V7	X	133757623	135786473	2	0
TCGA-BS-A0V7	X	135790301	140807649	1	1
TCGA-BS-A0V7	X	140807664	141290811	2	0
TCGA-BS-A0V7	X	141294619	147428140	1	1
TCGA-BS-A0V7	X	147428215	148049264	2	0
TCGA-BS-A0V7	X	148049563	148330531	1	1
TCGA-BS-A0V7	X	148333363	149632692	2	0
TCGA-BS-A0V7	X	149633369	153090832	1	1
TCGA-BS-A0V7	X	153090847	155233846	2	0
