sample	chr	startpos	endpos	nMajor	nMinor
TCGA-06-1805	1	61735	249224388	1	1
TCGA-06-1805	2	12784	12686896	1	1
TCGA-06-1805	2	12687635	12871192	1	0
TCGA-06-1805	2	12871663	243089456	1	1
TCGA-06-1805	3	60345	197896118	1	1
TCGA-06-1805	4	12281	191027923	1	1
TCGA-06-1805	5	15532	180790320	1	1
TCGA-06-1805	6	149661	171051005	1	1
TCGA-06-1805	7	43259	159127004	1	1
TCGA-06-1805	8	31254	146298155	1	1
TCGA-06-1805	9	46587	141091394	1	1
TCGA-06-1805	10	72759	64119334	1	1
TCGA-06-1805	10	64119397	135506704	1	0
TCGA-06-1805	11	198572	51096372	1	0
TCGA-06-1805	11	51126742	95519388	1	1
TCGA-06-1805	11	95519787	96175277	2	1
TCGA-06-1805	11	96175531	134944770	1	1
TCGA-06-1805	12	150442	57772721	1	1
TCGA-06-1805	12	57775504	58308173	17	0
TCGA-06-1805	12	58313640	133778189	1	1
TCGA-06-1805	13	19026949	31312178	1	0
TCGA-06-1805	13	31312508	35905667	1	1
TCGA-06-1805	13	35909864	42890602	1	0
TCGA-06-1805	13	42894200	43198822	1	1
TCGA-06-1805	13	43199074	115108397	1	0
TCGA-06-1805	14	19002124	107285437	1	1
TCGA-06-1805	15	20016328	102469040	1	1
TCGA-06-1805	16	60777	90287535	1	1
TCGA-06-1805	17	526	8033282	2	0
TCGA-06-1805	17	8035822	81049726	1	1
TCGA-06-1805	18	48133	78015057	2	1
TCGA-06-1805	19	90910	59097854	1	1
TCGA-06-1805	20	61305	62956153	1	1
TCGA-06-1805	21	10736871	48096957	1	1
TCGA-06-1805	22	16052528	51234455	1	1
TCGA-06-1805	X	168477	155233846	1	1
