sample	chr	startpos	endpos	nMajor	nMinor
TCGA-BH-A1FL	1	61735	64713467	1	1
TCGA-BH-A1FL	1	64713765	65623284	1	0
TCGA-BH-A1FL	1	65625752	82474523	1	1
TCGA-BH-A1FL	1	82475503	98396795	1	0
TCGA-BH-A1FL	1	98400757	98487763	1	1
TCGA-BH-A1FL	1	98488030	98571169	1	0
TCGA-BH-A1FL	1	98580748	107492594	1	1
TCGA-BH-A1FL	1	107494264	114331315	1	0
TCGA-BH-A1FL	1	114331645	121482979	1	1
TCGA-BH-A1FL	1	144007049	176410066	3	1
TCGA-BH-A1FL	1	176410266	184588779	2	1
TCGA-BH-A1FL	1	184591518	249224388	3	1
TCGA-BH-A1FL	2	12784	10124822	1	1
TCGA-BH-A1FL	2	10125365	25356846	1	0
TCGA-BH-A1FL	2	25359254	38642055	1	1
TCGA-BH-A1FL	2	38645852	39312230	1	0
TCGA-BH-A1FL	2	39315705	243089456	1	1
TCGA-BH-A1FL	3	60345	127438303	1	1
TCGA-BH-A1FL	3	127438887	196939883	2	0
TCGA-BH-A1FL	3	196946115	197291422	2	1
TCGA-BH-A1FL	3	197291490	197896118	2	0
TCGA-BH-A1FL	4	12281	1835546	1	1
TCGA-BH-A1FL	4	1838129	2471802	1	0
TCGA-BH-A1FL	4	2478521	100908585	1	1
TCGA-BH-A1FL	4	100913449	103353074	1	0
TCGA-BH-A1FL	4	103354724	159066962	1	1
TCGA-BH-A1FL	4	159070102	170726302	1	0
TCGA-BH-A1FL	4	170731116	173929354	1	1
TCGA-BH-A1FL	4	173929409	174278776	1	0
TCGA-BH-A1FL	4	174279376	191027923	1	1
TCGA-BH-A1FL	5	15532	180790320	1	1
TCGA-BH-A1FL	6	149661	171051005	1	1
TCGA-BH-A1FL	7	43259	159127004	1	1
TCGA-BH-A1FL	8	31254	146298155	1	1
TCGA-BH-A1FL	9	46587	141091394	1	1
TCGA-BH-A1FL	10	72759	135506704	1	1
TCGA-BH-A1FL	11	198572	134944770	1	1
TCGA-BH-A1FL	12	150442	133778189	1	1
TCGA-BH-A1FL	13	19026949	115108397	1	1
TCGA-BH-A1FL	14	19002124	107285437	1	1
TCGA-BH-A1FL	15	20016328	102469040	1	1
TCGA-BH-A1FL	16	60777	34012168	2	1
TCGA-BH-A1FL	16	34197351	70842097	1	0
TCGA-BH-A1FL	16	70854381	71202489	2	0
TCGA-BH-A1FL	16	71202797	90287535	1	0
TCGA-BH-A1FL	17	526	81049726	1	1
TCGA-BH-A1FL	18	48133	78015057	1	1
TCGA-BH-A1FL	19	90910	59097854	1	1
TCGA-BH-A1FL	20	61305	62956153	1	1
TCGA-BH-A1FL	21	10736871	48096957	1	1
TCGA-BH-A1FL	22	16052528	51234455	1	0
TCGA-BH-A1FL	X	168477	155233846	1	1
