sample	chr	startpos	endpos	nMajor	nMinor
TCGA-DQ-7594	1	61735	116682719	1	1
TCGA-DQ-7594	1	116683656	117494467	1	0
TCGA-DQ-7594	1	117496104	249224388	1	1
TCGA-DQ-7594	2	12784	111704195	1	1
TCGA-DQ-7594	2	111704423	112742075	1	0
TCGA-DQ-7594	2	112743033	210453424	1	1
TCGA-DQ-7594	2	210459451	233289268	1	0
TCGA-DQ-7594	2	233290980	243089456	1	1
TCGA-DQ-7594	3	60345	128660700	1	1
TCGA-DQ-7594	3	128660973	197896118	2	1
TCGA-DQ-7594	4	12281	191027923	1	1
TCGA-DQ-7594	5	15532	4411636	2	1
TCGA-DQ-7594	5	4416411	16231476	2	0
TCGA-DQ-7594	5	16232215	24093130	1	0
TCGA-DQ-7594	5	24095179	54203129	1	1
TCGA-DQ-7594	5	54203474	180790320	1	0
TCGA-DQ-7594	6	149661	171051005	1	1
TCGA-DQ-7594	7	43259	120352944	1	1
TCGA-DQ-7594	7	120353373	159127004	1	0
TCGA-DQ-7594	8	31254	146298155	1	1
TCGA-DQ-7594	9	46587	141091394	1	1
TCGA-DQ-7594	10	72759	135506704	1	1
TCGA-DQ-7594	11	198572	134944770	1	0
TCGA-DQ-7594	12	150442	7923528	1	1
TCGA-DQ-7594	12	7927971	11898958	1	0
TCGA-DQ-7594	12	11899127	66291945	1	1
TCGA-DQ-7594	12	66297811	69854555	2	1
TCGA-DQ-7594	12	69858217	70294576	4	1
TCGA-DQ-7594	12	70295146	71320774	3	1
TCGA-DQ-7594	12	71325019	133778189	1	1
TCGA-DQ-7594	13	19026949	115108397	1	1
TCGA-DQ-7594	14	19002124	22510714	1	1
TCGA-DQ-7594	14	22514389	22959826	2	1
TCGA-DQ-7594	14	22959937	87715964	1	1
TCGA-DQ-7594	14	87716169	87872527	1	0
TCGA-DQ-7594	14	87872878	107285437	1	1
TCGA-DQ-7594	15	20016328	27611724	1	1
TCGA-DQ-7594	15	27613325	102469040	2	0
TCGA-DQ-7594	16	60777	90287535	1	1
TCGA-DQ-7594	17	526	70466412	1	1
TCGA-DQ-7594	17	70468657	81049726	1	0
TCGA-DQ-7594	18	48133	78015057	1	1
TCGA-DQ-7594	19	90910	59097854	1	1
TCGA-DQ-7594	20	61305	62956153	1	1
TCGA-DQ-7594	21	10736871	48096957	1	1
TCGA-DQ-7594	22	16052528	51234455	1	1
TCGA-DQ-7594	X	168477	2703391	1	1
TCGA-DQ-7594	X	2703633	155233846	1	0
