sample	chr	startpos	endpos	nMajor	nMinor
TCGA-CJ-4635	1	61735	121482979	1	1
TCGA-CJ-4635	1	144007049	249224388	3	1
TCGA-CJ-4635	2	12784	243089456	2	1
TCGA-CJ-4635	3	60345	197896118	2	0
TCGA-CJ-4635	4	12281	191027923	2	1
TCGA-CJ-4635	5	15532	180790320	2	2
TCGA-CJ-4635	6	149661	171051005	1	1
TCGA-CJ-4635	7	43259	159127004	4	2
TCGA-CJ-4635	8	31254	146298155	2	1
TCGA-CJ-4635	9	46587	141091394	1	1
TCGA-CJ-4635	10	72759	46148407	1	1
TCGA-CJ-4635	10	46148750	47967311	1	0
TCGA-CJ-4635	10	48005227	135506704	1	1
TCGA-CJ-4635	11	198572	134944770	2	2
TCGA-CJ-4635	12	150442	133778189	2	1
TCGA-CJ-4635	13	19026949	115108397	2	1
TCGA-CJ-4635	14	19002124	107285437	2	1
TCGA-CJ-4635	15	20016328	102469040	2	1
TCGA-CJ-4635	16	60777	90287535	2	1
TCGA-CJ-4635	17	526	81049726	2	1
TCGA-CJ-4635	18	48133	78015057	2	2
TCGA-CJ-4635	19	90910	59097854	2	2
TCGA-CJ-4635	20	61305	62956153	2	2
TCGA-CJ-4635	21	10736871	48096957	2	2
TCGA-CJ-4635	22	16052528	51234455	2	1
TCGA-CJ-4635	X	168477	155233846	2	0
