sample	chr	startpos	endpos	nMajor	nMinor
TCGA-24-1422	1	61735	3179298	2	0
TCGA-24-1422	1	3184985	13803887	3	0
TCGA-24-1422	1	13804340	20769398	4	0
TCGA-24-1422	1	20772817	30478106	2	0
TCGA-24-1422	1	30478547	37579969	2	1
TCGA-24-1422	1	37580159	39371466	3	1
TCGA-24-1422	1	39375953	66370116	4	1
TCGA-24-1422	1	66371389	67681002	2	1
TCGA-24-1422	1	67685116	121482979	1	1
TCGA-24-1422	1	144007049	145727683	2	1
TCGA-24-1422	1	145737051	201684221	3	1
TCGA-24-1422	1	201684257	202519900	2	2
TCGA-24-1422	1	202520241	228311023	3	1
TCGA-24-1422	1	228311716	233998612	2	1
TCGA-24-1422	1	233999137	234352362	1	1
TCGA-24-1422	1	234352808	235268017	4	1
TCGA-24-1422	1	235269169	236349369	3	1
TCGA-24-1422	1	236349382	249224388	1	1
TCGA-24-1422	2	12784	4503577	3	0
TCGA-24-1422	2	4503627	20639488	2	0
TCGA-24-1422	2	20641534	34592234	2	1
TCGA-24-1422	2	34593948	44597096	1	1
TCGA-24-1422	2	44597638	45608728	3	1
TCGA-24-1422	2	45608743	49007165	2	1
TCGA-24-1422	2	49013152	57387855	2	2
TCGA-24-1422	2	57387940	57872868	2	1
TCGA-24-1422	2	57875798	116660416	2	2
TCGA-24-1422	2	116660439	117230217	4	2
TCGA-24-1422	2	117231184	147794932	2	2
TCGA-24-1422	2	147795055	153476297	2	1
TCGA-24-1422	2	153481377	158283710	3	2
TCGA-24-1422	2	158284025	162972414	3	3
TCGA-24-1422	2	162973324	175391691	3	2
TCGA-24-1422	2	175391852	189332570	3	1
TCGA-24-1422	2	189345278	193568062	3	2
TCGA-24-1422	2	193569241	224939748	2	1
TCGA-24-1422	2	224940701	243089456	3	2
TCGA-24-1422	3	60345	1218279	2	1
TCGA-24-1422	3	1218873	53742736	2	0
TCGA-24-1422	3	53743374	68608301	2	1
TCGA-24-1422	3	68609673	69197709	3	2
TCGA-24-1422	3	69197734	88757565	2	2
TCGA-24-1422	3	88757831	116302901	2	1
TCGA-24-1422	3	116303893	116364914	2	0
TCGA-24-1422	3	116366783	116463672	2	1
TCGA-24-1422	3	116463911	116613393	1	0
TCGA-24-1422	3	116614189	116669163	1	1
TCGA-24-1422	3	116670082	116940361	3	2
TCGA-24-1422	3	116943010	128510646	2	2
TCGA-24-1422	3	128510692	174767354	3	2
TCGA-24-1422	3	174770655	197896118	3	0
TCGA-24-1422	4	12281	58368833	2	0
TCGA-24-1422	4	58369053	80706152	3	0
TCGA-24-1422	4	80707416	168313458	2	0
TCGA-24-1422	4	168313711	182505802	1	0
TCGA-24-1422	4	182506508	191027923	2	0
TCGA-24-1422	5	15532	3079891	3	1
TCGA-24-1422	5	3079953	29458339	2	1
TCGA-24-1422	5	29460095	30592278	3	1
TCGA-24-1422	5	30592365	31523500	2	1
TCGA-24-1422	5	31523597	46389273	1	1
TCGA-24-1422	5	49432831	61472050	3	1
TCGA-24-1422	5	61472904	76765363	2	1
TCGA-24-1422	5	76776381	82729928	3	1
TCGA-24-1422	5	82731955	96216784	1	1
TCGA-24-1422	5	96219112	96486031	2	1
TCGA-24-1422	5	96487516	105784480	4	1
TCGA-24-1422	5	105785342	108791406	4	2
TCGA-24-1422	5	108799341	108951680	4	1
TCGA-24-1422	5	108951807	124009499	4	2
TCGA-24-1422	5	124010105	127314581	3	2
TCGA-24-1422	5	127315137	140196578	2	2
TCGA-24-1422	5	140196936	151900065	2	0
TCGA-24-1422	5	151900374	158949260	1	0
TCGA-24-1422	5	158962542	170175065	2	0
TCGA-24-1422	5	170177580	180790320	3	0
TCGA-24-1422	6	149661	2633903	1	1
TCGA-24-1422	6	2640997	29874642	2	1
TCGA-24-1422	6	29874709	30087776	2	0
TCGA-24-1422	6	30092707	62320936	2	1
TCGA-24-1422	6	62321762	117826724	3	0
TCGA-24-1422	6	117827493	135656350	2	0
TCGA-24-1422	6	135657738	164009698	2	1
TCGA-24-1422	6	164010321	171051005	1	1
TCGA-24-1422	7	43259	40890200	2	1
TCGA-24-1422	7	40891260	43764429	1	1
TCGA-24-1422	7	43766973	65087974	2	1
TCGA-24-1422	7	65091291	82123522	3	1
TCGA-24-1422	7	82124878	83237644	4	1
TCGA-24-1422	7	83237849	100675983	2	1
TCGA-24-1422	7	100676365	131488705	3	1
TCGA-24-1422	7	131488972	141690308	4	1
TCGA-24-1422	7	141691540	144835036	3	1
TCGA-24-1422	7	144835362	159127004	2	1
TCGA-24-1422	8	31254	26376559	1	0
TCGA-24-1422	8	26376855	30779113	1	1
TCGA-24-1422	8	30785485	62161834	2	1
TCGA-24-1422	8	62168429	65187637	2	2
TCGA-24-1422	8	65192386	68512254	2	1
TCGA-24-1422	8	68512437	81344571	3	2
TCGA-24-1422	8	81345285	112241477	2	1
TCGA-24-1422	8	112244178	132660694	2	2
TCGA-24-1422	8	132660760	134145536	3	2
TCGA-24-1422	8	134146420	143489013	2	2
TCGA-24-1422	8	143489039	146298155	2	1
TCGA-24-1422	9	46587	10408566	1	0
TCGA-24-1422	9	10411066	10863380	2	0
TCGA-24-1422	9	10868716	11867815	0	0
TCGA-24-1422	9	11868796	34098257	1	0
TCGA-24-1422	9	34099892	38235659	2	1
TCGA-24-1422	9	38237047	117151086	1	1
TCGA-24-1422	9	117152103	141091394	1	0
TCGA-24-1422	10	72759	2562642	3	0
TCGA-24-1422	10	2562753	10647672	5	0
TCGA-24-1422	10	10647722	24717688	3	0
TCGA-24-1422	10	24720098	37945451	2	0
TCGA-24-1422	10	37945507	68691199	2	1
TCGA-24-1422	10	68691374	69214251	3	1
TCGA-24-1422	10	69214479	82519067	2	1
TCGA-24-1422	10	82522777	86566941	3	1
TCGA-24-1422	10	86569148	120726228	3	0
TCGA-24-1422	10	120730977	132164877	4	0
TCGA-24-1422	10	132167471	135506704	3	0
TCGA-24-1422	11	198572	18372805	2	1
TCGA-24-1422	11	18374944	29003780	1	1
TCGA-24-1422	11	29014321	29858104	6	1
TCGA-24-1422	11	29860334	31162870	7	1
TCGA-24-1422	11	31164559	32029443	4	1
TCGA-24-1422	11	32033168	54794679	2	1
TCGA-24-1422	11	54826813	57573858	2	0
TCGA-24-1422	11	57581653	72471595	3	0
TCGA-24-1422	11	72472169	134944770	3	1
TCGA-24-1422	12	150442	22230821	2	1
TCGA-24-1422	12	22231063	39870738	2	2
TCGA-24-1422	12	39872876	40849473	9	2
TCGA-24-1422	12	40850217	40873278	16	0
TCGA-24-1422	12	40892329	41278931	18	2
TCGA-24-1422	12	41279272	74544024	2	1
TCGA-24-1422	12	74544713	97156282	1	1
TCGA-24-1422	12	97156380	109608629	2	1
TCGA-24-1422	12	109609459	133778189	1	1
TCGA-24-1422	13	19026949	26120897	2	0
TCGA-24-1422	13	26125010	96474157	2	2
TCGA-24-1422	13	96474611	97319783	4	2
TCGA-24-1422	13	97320519	114550804	3	2
TCGA-24-1422	13	114553134	115108397	2	1
TCGA-24-1422	14	19002124	42813231	2	0
TCGA-24-1422	14	42820132	42944221	0	0
TCGA-24-1422	14	42945424	81026076	2	0
TCGA-24-1422	14	81030470	87266428	2	2
TCGA-24-1422	14	87266741	100060666	2	1
TCGA-24-1422	14	100060813	107285437	1	1
TCGA-24-1422	15	20016328	102469040	1	1
TCGA-24-1422	16	60777	5935045	2	0
TCGA-24-1422	16	5935648	20336997	2	2
TCGA-24-1422	16	20338610	33799929	2	1
TCGA-24-1422	16	33801983	62095248	1	1
TCGA-24-1422	16	62100211	69665979	1	0
TCGA-24-1422	16	69666319	79414294	2	0
TCGA-24-1422	16	79414392	79882250	3	0
TCGA-24-1422	16	79882753	90287535	2	0
TCGA-24-1422	17	526	29390099	2	0
TCGA-24-1422	17	29394559	31016561	1	0
TCGA-24-1422	17	31021059	37349655	2	0
TCGA-24-1422	17	37350026	38077601	3	0
TCGA-24-1422	17	38079231	66430889	2	0
TCGA-24-1422	17	66430923	73349536	4	0
TCGA-24-1422	17	73350620	81049726	3	0
TCGA-24-1422	18	48133	2202284	2	1
TCGA-24-1422	18	2203579	2749064	4	1
TCGA-24-1422	18	2750204	4336259	6	1
TCGA-24-1422	18	4336616	5186607	4	1
TCGA-24-1422	18	5188601	5490175	2	1
TCGA-24-1422	18	5491041	8899016	1	0
TCGA-24-1422	18	8899357	8995237	2	1
TCGA-24-1422	18	8995262	11742133	4	1
TCGA-24-1422	18	11744053	12524213	2	1
TCGA-24-1422	18	12524479	13329868	1	0
TCGA-24-1422	18	13332691	21211875	1	1
TCGA-24-1422	18	21213039	21632620	1	0
TCGA-24-1422	18	21632996	23583173	2	1
TCGA-24-1422	18	23583315	27001858	5	1
TCGA-24-1422	18	27002271	27950994	2	1
TCGA-24-1422	18	27951827	29957356	4	1
TCGA-24-1422	18	29963113	31343749	7	1
TCGA-24-1422	18	31343962	34052557	4	1
TCGA-24-1422	18	34053519	35189210	2	1
TCGA-24-1422	18	35193753	39204379	5	1
TCGA-24-1422	18	39204460	39664963	2	1
TCGA-24-1422	18	39666927	40384067	4	1
TCGA-24-1422	18	40388634	42096393	2	1
TCGA-24-1422	18	42096477	43571759	1	1
TCGA-24-1422	18	43573363	78015057	1	0
TCGA-24-1422	19	90910	3912903	2	0
TCGA-24-1422	19	3918047	10185007	3	0
TCGA-24-1422	19	10191185	16070890	3	2
TCGA-24-1422	19	16071161	19887925	2	2
TCGA-24-1422	19	19888505	22635453	2	1
TCGA-24-1422	19	22639349	23444483	2	2
TCGA-24-1422	19	23445885	37072544	2	1
TCGA-24-1422	19	37073176	53159394	2	0
TCGA-24-1422	19	53161181	59097854	2	1
TCGA-24-1422	20	61305	11671389	2	1
TCGA-24-1422	20	11672294	44350931	2	2
TCGA-24-1422	20	44351515	46355767	4	2
TCGA-24-1422	20	46359564	62956153	2	2
TCGA-24-1422	21	10736871	27206135	1	1
TCGA-24-1422	21	27206617	39730749	2	1
TCGA-24-1422	21	39733928	46549974	2	0
TCGA-24-1422	21	46556449	47384175	4	0
TCGA-24-1422	21	47398995	47695133	5	0
TCGA-24-1422	21	47695395	48096957	3	0
TCGA-24-1422	22	16052528	45658809	2	0
TCGA-24-1422	22	45660094	46242742	1	0
TCGA-24-1422	22	46256446	51234455	2	0
TCGA-24-1422	X	168477	19188049	2	0
TCGA-24-1422	X	19188070	155233846	1	0
