sample	chr	startpos	endpos	nMajor	nMinor
TCGA-TQ-A7RN	1	61735	144936386	1	0
TCGA-TQ-A7RN	1	144936447	249224388	1	1
TCGA-TQ-A7RN	2	12784	243089456	1	1
TCGA-TQ-A7RN	3	60345	197896118	1	1
TCGA-TQ-A7RN	4	12281	191027923	1	1
TCGA-TQ-A7RN	5	15532	180790320	1	1
TCGA-TQ-A7RN	6	149661	171051005	1	1
TCGA-TQ-A7RN	7	43259	159127004	1	1
TCGA-TQ-A7RN	8	31254	146298155	1	1
TCGA-TQ-A7RN	9	46587	141091394	1	1
TCGA-TQ-A7RN	10	72759	135506704	1	1
TCGA-TQ-A7RN	11	198572	134944770	1	1
TCGA-TQ-A7RN	12	150442	133778189	1	1
TCGA-TQ-A7RN	13	19026949	115108397	1	1
TCGA-TQ-A7RN	14	19002124	107285437	1	1
TCGA-TQ-A7RN	15	20016328	102469040	1	1
TCGA-TQ-A7RN	16	60777	90287535	1	1
TCGA-TQ-A7RN	17	526	81049726	1	1
TCGA-TQ-A7RN	18	48133	78015057	1	1
TCGA-TQ-A7RN	19	90910	27772025	1	1
TCGA-TQ-A7RN	19	27777386	59097854	1	0
TCGA-TQ-A7RN	20	61305	62956153	1	1
TCGA-TQ-A7RN	21	10736871	48096957	1	1
TCGA-TQ-A7RN	22	16052528	51234455	1	1
TCGA-TQ-A7RN	X	168477	2694240	1	1
TCGA-TQ-A7RN	X	2703391	154929308	1	0
TCGA-TQ-A7RN	X	154929498	155233846	1	1
