sample	chr	startpos	endpos	nMajor	nMinor
TCGA-21-1080	1	61735	8495405	1	1
TCGA-21-1080	1	8495519	8708663	1	0
TCGA-21-1080	1	8712280	246476860	1	1
TCGA-21-1080	1	246479179	246801648	1	0
TCGA-21-1080	1	246801860	249224388	1	1
TCGA-21-1080	2	12784	243089456	1	1
TCGA-21-1080	3	60345	93543202	1	0
TCGA-21-1080	3	93547195	177176020	2	1
TCGA-21-1080	3	177176385	177461858	2	2
TCGA-21-1080	3	177462041	181347489	2	1
TCGA-21-1080	3	181349725	189020311	3	1
TCGA-21-1080	3	189021198	189284718	6	1
TCGA-21-1080	3	189284888	197896118	4	1
TCGA-21-1080	4	12281	191027923	1	0
TCGA-21-1080	5	15532	2612417	4	0
TCGA-21-1080	5	2612611	3617604	3	0
TCGA-21-1080	5	3618014	4375862	5	0
TCGA-21-1080	5	4375959	5012948	3	0
TCGA-21-1080	5	5016312	10036432	5	0
TCGA-21-1080	5	10037446	10242182	3	0
TCGA-21-1080	5	10244496	13727181	4	0
TCGA-21-1080	5	13727350	29158289	6	0
TCGA-21-1080	5	29158325	49568960	4	0
TCGA-21-1080	5	49572718	52171310	5	1
TCGA-21-1080	5	52173539	52296224	3	1
TCGA-21-1080	5	52298412	52663900	1	0
TCGA-21-1080	5	52663996	54490142	3	1
TCGA-21-1080	5	54492515	55703202	6	1
TCGA-21-1080	5	55703427	106771057	1	0
TCGA-21-1080	5	106771209	180790320	2	0
TCGA-21-1080	6	149661	171051005	1	1
TCGA-21-1080	7	43259	159127004	1	1
TCGA-21-1080	8	31254	33191607	1	0
TCGA-21-1080	8	33192049	34252608	2	1
TCGA-21-1080	8	34255029	35664558	5	1
TCGA-21-1080	8	35666479	37315572	2	1
TCGA-21-1080	8	37324160	38870625	3	1
TCGA-21-1080	8	38876849	100727828	1	1
TCGA-21-1080	8	100730795	100796979	3	2
TCGA-21-1080	8	100798013	100847815	2	1
TCGA-21-1080	8	100848480	101174186	3	1
TCGA-21-1080	8	101174810	146298155	2	1
TCGA-21-1080	9	46587	29767189	1	0
TCGA-21-1080	9	29767333	32286014	2	1
TCGA-21-1080	9	32290481	33036981	5	1
TCGA-21-1080	9	33042029	33260399	3	1
TCGA-21-1080	9	33261073	34517348	4	1
TCGA-21-1080	9	34523591	37438681	1	1
TCGA-21-1080	9	37439045	47217176	1	0
TCGA-21-1080	9	65616971	141091394	1	1
TCGA-21-1080	10	72759	36859809	1	0
TCGA-21-1080	10	36859876	135506704	1	1
TCGA-21-1080	11	198572	50769317	1	0
TCGA-21-1080	11	51096372	134944770	1	1
TCGA-21-1080	12	150442	93776976	1	1
TCGA-21-1080	12	93777769	133778189	2	0
TCGA-21-1080	13	19026949	107851167	1	0
TCGA-21-1080	13	107851569	115108397	1	1
TCGA-21-1080	14	19002124	107285437	1	1
TCGA-21-1080	15	20016328	30561567	1	1
TCGA-21-1080	15	30562770	102469040	1	0
TCGA-21-1080	16	60777	13582306	1	0
TCGA-21-1080	16	13584636	13875363	2	1
TCGA-21-1080	16	13875914	14418334	1	0
TCGA-21-1080	16	14419810	17962034	2	1
TCGA-21-1080	16	17963386	90287535	1	1
TCGA-21-1080	17	526	17653525	1	0
TCGA-21-1080	17	17655093	81049726	1	1
TCGA-21-1080	18	48133	1535788	2	0
TCGA-21-1080	18	1535957	2118930	2	2
TCGA-21-1080	18	2119689	10021926	2	0
TCGA-21-1080	18	10021955	11494243	2	1
TCGA-21-1080	18	11497748	20230315	2	0
TCGA-21-1080	18	20234209	20389006	0	0
TCGA-21-1080	18	20393748	78015057	1	0
TCGA-21-1080	19	90910	28551991	1	1
TCGA-21-1080	19	28552413	44794242	2	1
TCGA-21-1080	19	44801554	44888177	10	1
TCGA-21-1080	19	44888276	47041284	4	1
TCGA-21-1080	19	47041963	59097854	1	0
TCGA-21-1080	20	61305	24909364	2	1
TCGA-21-1080	20	24914488	62956153	1	1
TCGA-21-1080	21	10736871	48096957	1	1
TCGA-21-1080	22	16052528	51234455	1	1
TCGA-21-1080	X	168477	2694240	2	1
TCGA-21-1080	X	2703391	155233846	1	0
