sample	chr	startpos	endpos	nMajor	nMinor
TCGA-CG-5733	1	61735	249224388	1	1
TCGA-CG-5733	2	12784	204759824	1	1
TCGA-CG-5733	2	204760064	205400813	3	1
TCGA-CG-5733	2	205401038	243089456	1	1
TCGA-CG-5733	3	60345	60076365	1	1
TCGA-CG-5733	3	60076989	60219584	1	0
TCGA-CG-5733	3	60224011	60903111	1	1
TCGA-CG-5733	3	60903194	61030608	2	1
TCGA-CG-5733	3	61030713	197896118	1	1
TCGA-CG-5733	4	12281	131974699	1	1
TCGA-CG-5733	4	131978633	132143874	1	0
TCGA-CG-5733	4	132147233	188763651	1	1
TCGA-CG-5733	4	188763682	191027923	2	1
TCGA-CG-5733	5	15532	180790320	1	1
TCGA-CG-5733	6	149661	171051005	2	0
TCGA-CG-5733	7	43259	159127004	2	1
TCGA-CG-5733	8	31254	146298155	2	1
TCGA-CG-5733	9	46587	141091394	1	1
TCGA-CG-5733	10	72759	135506704	1	1
TCGA-CG-5733	11	198572	134944770	1	1
TCGA-CG-5733	12	150442	133778189	1	1
TCGA-CG-5733	13	19026949	36867019	1	1
TCGA-CG-5733	13	36876703	68311977	1	0
TCGA-CG-5733	13	68312293	115108397	1	1
TCGA-CG-5733	14	19002124	96853318	1	1
TCGA-CG-5733	14	96856579	107285437	1	0
TCGA-CG-5733	15	20016328	102469040	1	1
TCGA-CG-5733	16	60777	77613373	1	1
TCGA-CG-5733	16	77614721	78264232	2	1
TCGA-CG-5733	16	78264246	90287535	1	1
TCGA-CG-5733	17	526	81049726	1	1
TCGA-CG-5733	18	48133	78015057	1	1
TCGA-CG-5733	19	90910	59097854	1	1
TCGA-CG-5733	20	61305	62956153	1	1
TCGA-CG-5733	21	10736871	48096957	1	1
TCGA-CG-5733	22	16052528	51234455	1	1
TCGA-CG-5733	X	168477	155233846	1	0
