sample	chr	startpos	endpos	nMajor	nMinor
TCGA-A7-A26J-c	1	61735	29621966	2	0
TCGA-A7-A26J-c	1	29626411	37549183	1	0
TCGA-A7-A26J-c	1	37549639	111924623	2	0
TCGA-A7-A26J-c	1	111924749	121482979	1	0
TCGA-A7-A26J-c	1	144007049	145479446	2	1
TCGA-A7-A26J-c	1	145480445	249224388	3	2
TCGA-A7-A26J-c	2	12784	243089456	1	1
TCGA-A7-A26J-c	3	60345	197896118	1	1
TCGA-A7-A26J-c	4	12281	191027923	1	1
TCGA-A7-A26J-c	5	15532	180790320	2	1
TCGA-A7-A26J-c	6	149661	56414961	2	1
TCGA-A7-A26J-c	6	56425900	56436645	1	0
TCGA-A7-A26J-c	6	56437021	56437021	2	0
TCGA-A7-A26J-c	6	56437236	67330358	1	0
TCGA-A7-A26J-c	6	67333431	85704418	2	1
TCGA-A7-A26J-c	6	85711236	171051005	1	0
TCGA-A7-A26J-c	7	43259	159127004	1	1
TCGA-A7-A26J-c	8	31254	39544224	1	0
TCGA-A7-A26J-c	8	39544556	146298155	2	1
TCGA-A7-A26J-c	9	46587	141091394	1	1
TCGA-A7-A26J-c	10	72759	135506704	1	1
TCGA-A7-A26J-c	11	198572	50751358	2	1
TCGA-A7-A26J-c	11	50769317	59852078	1	1
TCGA-A7-A26J-c	11	59852113	62020140	3	1
TCGA-A7-A26J-c	11	62022442	65820690	1	0
TCGA-A7-A26J-c	11	65823331	68853033	2	1
TCGA-A7-A26J-c	11	68855483	71268519	9	1
TCGA-A7-A26J-c	11	71268845	72091381	4	1
TCGA-A7-A26J-c	11	72092050	99578027	1	0
TCGA-A7-A26J-c	11	99579607	99675020	4	1
TCGA-A7-A26J-c	11	99677688	103352646	1	0
TCGA-A7-A26J-c	11	103357473	104594283	3	1
TCGA-A7-A26J-c	11	104597792	134944770	1	0
TCGA-A7-A26J-c	12	150442	133778189	2	1
TCGA-A7-A26J-c	13	19026949	115108397	1	1
TCGA-A7-A26J-c	14	19002124	107184376	1	1
TCGA-A7-A26J-c	14	107184466	107285437	2	0
TCGA-A7-A26J-c	15	20016328	43673344	1	1
TCGA-A7-A26J-c	15	43676315	45985071	1	0
TCGA-A7-A26J-c	15	45986721	102469040	1	1
TCGA-A7-A26J-c	16	60777	35283226	2	1
TCGA-A7-A26J-c	16	46463782	52127014	1	0
TCGA-A7-A26J-c	16	52127125	52651596	4	1
TCGA-A7-A26J-c	16	52652111	54303958	2	1
TCGA-A7-A26J-c	16	54307023	55402216	4	1
TCGA-A7-A26J-c	16	55404755	56100204	2	1
TCGA-A7-A26J-c	16	56102758	80313571	1	0
TCGA-A7-A26J-c	16	80313843	80382625	3	1
TCGA-A7-A26J-c	16	80383827	90287535	1	0
TCGA-A7-A26J-c	17	526	81049726	2	1
TCGA-A7-A26J-c	18	48133	78015057	1	1
TCGA-A7-A26J-c	19	90910	59097854	1	1
TCGA-A7-A26J-c	20	61305	26165579	2	1
TCGA-A7-A26J-c	20	26167529	62956153	2	2
TCGA-A7-A26J-c	21	10736871	48096957	1	1
TCGA-A7-A26J-c	22	16052528	51234455	1	0
TCGA-A7-A26J-c	X	168477	155233846	1	1
