sample	chr	startpos	endpos	nMajor	nMinor
TCGA-DX-A23Z	1	61735	249224388	1	1
TCGA-DX-A23Z	2	12784	64343975	1	1
TCGA-DX-A23Z	2	64345560	64425133	6	2
TCGA-DX-A23Z	2	64429330	122181140	1	1
TCGA-DX-A23Z	2	122185779	122269775	8	0
TCGA-DX-A23Z	2	122273954	190333253	1	1
TCGA-DX-A23Z	2	190336705	190470970	5	1
TCGA-DX-A23Z	2	190472094	190944051	2	1
TCGA-DX-A23Z	2	190944165	192488276	5	1
TCGA-DX-A23Z	2	192491432	193786626	1	1
TCGA-DX-A23Z	2	193788054	193984205	4	2
TCGA-DX-A23Z	2	193987008	195693298	1	1
TCGA-DX-A23Z	2	195701846	196093441	7	1
TCGA-DX-A23Z	2	196099631	199490528	1	1
TCGA-DX-A23Z	2	199495478	200013580	5	1
TCGA-DX-A23Z	2	200014806	200676281	1	1
TCGA-DX-A23Z	2	200679158	206236969	4	1
TCGA-DX-A23Z	2	206240029	207733111	1	1
TCGA-DX-A23Z	2	207733167	207768884	3	1
TCGA-DX-A23Z	2	207771313	209248803	1	1
TCGA-DX-A23Z	2	209255020	210847375	3	1
TCGA-DX-A23Z	2	210848218	211430103	1	1
TCGA-DX-A23Z	2	211430460	212975239	3	1
TCGA-DX-A23Z	2	212975393	215234910	1	1
TCGA-DX-A23Z	2	215243495	215701983	4	1
TCGA-DX-A23Z	2	215702750	218533519	1	1
TCGA-DX-A23Z	2	218536636	221204735	4	1
TCGA-DX-A23Z	2	221204841	221229922	1	1
TCGA-DX-A23Z	2	221230167	223158039	5	1
TCGA-DX-A23Z	2	223161606	225320202	1	1
TCGA-DX-A23Z	2	225322828	225339589	2	0
TCGA-DX-A23Z	2	225341304	229505875	4	1
TCGA-DX-A23Z	2	229510613	243089456	1	1
TCGA-DX-A23Z	3	60345	197896118	1	1
TCGA-DX-A23Z	4	12281	320589	2	1
TCGA-DX-A23Z	4	329686	1970566	5	1
TCGA-DX-A23Z	4	1971685	191027923	1	1
TCGA-DX-A23Z	5	15532	54851024	1	1
TCGA-DX-A23Z	5	54857034	54892186	7	6
TCGA-DX-A23Z	5	54892807	55122254	12	2
TCGA-DX-A23Z	5	55122436	55128550	3	0
TCGA-DX-A23Z	5	55128967	55297586	2	0
TCGA-DX-A23Z	5	55306970	55705652	5	1
TCGA-DX-A23Z	5	55706122	180790320	1	1
TCGA-DX-A23Z	6	149661	28332141	1	1
TCGA-DX-A23Z	6	28332453	28523638	8	0
TCGA-DX-A23Z	6	28532184	30876438	1	1
TCGA-DX-A23Z	6	30878769	31210216	5	1
TCGA-DX-A23Z	6	31210532	31353689	1	1
TCGA-DX-A23Z	6	31360095	32165583	5	1
TCGA-DX-A23Z	6	32179896	32243155	1	1
TCGA-DX-A23Z	6	32268429	32343686	4	1
TCGA-DX-A23Z	6	32345052	32595232	1	1
TCGA-DX-A23Z	6	32601317	33164735	5	1
TCGA-DX-A23Z	6	33173842	33250476	2	0
TCGA-DX-A23Z	6	33252115	33389464	1	0
TCGA-DX-A23Z	6	33397069	33684313	2	0
TCGA-DX-A23Z	6	33689025	33930171	4	1
TCGA-DX-A23Z	6	33930188	34768859	1	1
TCGA-DX-A23Z	6	34771148	36112397	5	1
TCGA-DX-A23Z	6	36113035	36668768	1	1
TCGA-DX-A23Z	6	36670400	37739227	4	1
TCGA-DX-A23Z	6	37740575	46031341	1	1
TCGA-DX-A23Z	6	46036548	46217409	4	1
TCGA-DX-A23Z	6	46217812	48585642	1	1
TCGA-DX-A23Z	6	48593090	48792125	4	1
TCGA-DX-A23Z	6	48793284	116144520	1	1
TCGA-DX-A23Z	6	116145942	116520348	8	2
TCGA-DX-A23Z	6	116522615	122315416	1	1
TCGA-DX-A23Z	6	122321490	122490909	5	2
TCGA-DX-A23Z	6	122493544	143056952	1	1
TCGA-DX-A23Z	6	143058408	143252570	7	2
TCGA-DX-A23Z	6	143256102	144079320	1	1
TCGA-DX-A23Z	6	144083453	144342999	6	2
TCGA-DX-A23Z	6	144344277	147881171	1	1
TCGA-DX-A23Z	6	147886592	147913613	8	3
TCGA-DX-A23Z	6	147914446	148033686	1	1
TCGA-DX-A23Z	6	148034286	148435782	14	1
TCGA-DX-A23Z	6	148436868	148509453	3	1
TCGA-DX-A23Z	6	148510676	149201697	8	1
TCGA-DX-A23Z	6	149202876	149220889	1	0
TCGA-DX-A23Z	6	149221294	149712052	10	1
TCGA-DX-A23Z	6	149721690	153486531	1	1
TCGA-DX-A23Z	6	153489647	154309210	8	1
TCGA-DX-A23Z	6	154309572	154429624	1	1
TCGA-DX-A23Z	6	154434894	154663448	2	1
TCGA-DX-A23Z	6	154663568	154713761	12	4
TCGA-DX-A23Z	6	154714774	156497970	1	1
TCGA-DX-A23Z	6	156503653	156735527	5	1
TCGA-DX-A23Z	6	156735886	157181291	3	1
TCGA-DX-A23Z	6	157181799	159546742	1	1
TCGA-DX-A23Z	6	159546872	159678280	5	2
TCGA-DX-A23Z	6	159678599	171051005	1	1
TCGA-DX-A23Z	7	43259	8816158	1	1
TCGA-DX-A23Z	7	8817630	10798492	3	1
TCGA-DX-A23Z	7	10798843	113660256	1	1
TCGA-DX-A23Z	7	113664039	113898271	6	4
TCGA-DX-A23Z	7	113910619	114122697	1	1
TCGA-DX-A23Z	7	114125963	115453241	7	1
TCGA-DX-A23Z	7	115455810	159127004	1	1
TCGA-DX-A23Z	8	31254	5013433	1	1
TCGA-DX-A23Z	8	5013745	5812422	3	1
TCGA-DX-A23Z	8	5812634	67964391	1	1
TCGA-DX-A23Z	8	67968733	68202837	4	4
TCGA-DX-A23Z	8	68205300	78637171	1	1
TCGA-DX-A23Z	8	78638028	78655890	2	0
TCGA-DX-A23Z	8	78657759	79134826	12	1
TCGA-DX-A23Z	8	79135030	79142332	9	8
TCGA-DX-A23Z	8	79144794	124416116	1	1
TCGA-DX-A23Z	8	124417961	124482027	7	3
TCGA-DX-A23Z	8	124482075	124795613	1	1
TCGA-DX-A23Z	8	124808292	124994332	6	1
TCGA-DX-A23Z	8	124997125	146298155	1	1
TCGA-DX-A23Z	9	46587	14027417	1	1
TCGA-DX-A23Z	9	14027643	14383731	2	1
TCGA-DX-A23Z	9	14384602	14673831	5	1
TCGA-DX-A23Z	9	14678730	117360764	1	1
TCGA-DX-A23Z	9	117363470	117502815	8	2
TCGA-DX-A23Z	9	117504285	120052570	1	1
TCGA-DX-A23Z	9	120056857	120107961	4	2
TCGA-DX-A23Z	9	120108044	128670595	1	1
TCGA-DX-A23Z	9	128675871	128915525	5	1
TCGA-DX-A23Z	9	128915848	130921446	1	1
TCGA-DX-A23Z	9	130924239	131163844	12	5
TCGA-DX-A23Z	9	131177363	141091394	1	1
TCGA-DX-A23Z	10	72759	43029104	1	1
TCGA-DX-A23Z	10	43038762	43876082	3	1
TCGA-DX-A23Z	10	43876353	44467185	4	1
TCGA-DX-A23Z	10	44468786	45438861	1	1
TCGA-DX-A23Z	10	45442303	45589783	4	1
TCGA-DX-A23Z	10	45594702	46312487	1	1
TCGA-DX-A23Z	10	46485761	47688209	3	1
TCGA-DX-A23Z	10	47688287	53162137	4	1
TCGA-DX-A23Z	10	53162296	73747591	1	1
TCGA-DX-A23Z	10	73749305	80895243	7	1
TCGA-DX-A23Z	10	80898075	135506704	1	1
TCGA-DX-A23Z	11	198572	72542948	1	1
TCGA-DX-A23Z	11	72543341	73351304	3	1
TCGA-DX-A23Z	11	73357292	74007515	4	1
TCGA-DX-A23Z	11	74008528	74068869	1	1
TCGA-DX-A23Z	11	74071003	74401471	5	1
TCGA-DX-A23Z	11	74405348	74511698	1	1
TCGA-DX-A23Z	11	74515182	77143614	4	1
TCGA-DX-A23Z	11	77147470	77610142	2	1
TCGA-DX-A23Z	11	77611867	78919065	4	1
TCGA-DX-A23Z	11	78924118	81397159	1	1
TCGA-DX-A23Z	11	81399972	82567615	5	1
TCGA-DX-A23Z	11	82569806	83272636	1	1
TCGA-DX-A23Z	11	83280884	83378066	5	1
TCGA-DX-A23Z	11	83379939	83454771	3	0
TCGA-DX-A23Z	11	83457031	83559542	9	2
TCGA-DX-A23Z	11	83560414	83561894	5	1
TCGA-DX-A23Z	11	83562296	83766229	2	1
TCGA-DX-A23Z	11	83766621	88108533	1	1
TCGA-DX-A23Z	11	88114949	88321898	6	1
TCGA-DX-A23Z	11	88322260	89943245	1	1
TCGA-DX-A23Z	11	89946909	90121996	6	2
TCGA-DX-A23Z	11	90129586	98715072	1	1
TCGA-DX-A23Z	11	98719575	99065104	5	1
TCGA-DX-A23Z	11	99068364	99281626	2	1
TCGA-DX-A23Z	11	99283023	99548145	5	1
TCGA-DX-A23Z	11	99553527	101662595	1	1
TCGA-DX-A23Z	11	101663064	102641547	11	1
TCGA-DX-A23Z	11	102645819	103313668	3	3
TCGA-DX-A23Z	11	103317749	104328791	6	3
TCGA-DX-A23Z	11	104328834	105062940	3	1
TCGA-DX-A23Z	11	105066898	105162369	4	0
TCGA-DX-A23Z	11	105170734	105781221	1	1
TCGA-DX-A23Z	11	105781938	105868125	4	2
TCGA-DX-A23Z	11	105868350	108141843	1	1
TCGA-DX-A23Z	11	108148839	108804136	9	1
TCGA-DX-A23Z	11	108804367	109027813	4	1
TCGA-DX-A23Z	11	109033318	109377078	1	1
TCGA-DX-A23Z	11	109380605	109941602	4	1
TCGA-DX-A23Z	11	109943972	111598515	1	1
TCGA-DX-A23Z	11	111605963	111861881	7	3
TCGA-DX-A23Z	11	111866015	121219724	1	1
TCGA-DX-A23Z	11	121220106	121259106	4	2
TCGA-DX-A23Z	11	121259481	123136552	1	1
TCGA-DX-A23Z	11	123136864	123203428	7	3
TCGA-DX-A23Z	11	123206593	123874283	1	1
TCGA-DX-A23Z	11	123874312	124102960	6	1
TCGA-DX-A23Z	11	124105630	124164891	11	2
TCGA-DX-A23Z	11	124167103	124416761	3	1
TCGA-DX-A23Z	11	124427998	124704084	10	1
TCGA-DX-A23Z	11	124706075	134944770	1	1
TCGA-DX-A23Z	12	150442	21933879	1	1
TCGA-DX-A23Z	12	21935507	21999108	6	3
TCGA-DX-A23Z	12	22003544	38800145	1	1
TCGA-DX-A23Z	12	38801482	39173385	6	1
TCGA-DX-A23Z	12	39173474	40758783	1	1
TCGA-DX-A23Z	12	40759410	41394572	9	1
TCGA-DX-A23Z	12	41398379	42183271	1	1
TCGA-DX-A23Z	12	42184587	42540929	6	1
TCGA-DX-A23Z	12	42549072	58010163	1	1
TCGA-DX-A23Z	12	58018979	58656178	13	1
TCGA-DX-A23Z	12	58659700	58717438	4	1
TCGA-DX-A23Z	12	58721056	58894908	17	1
TCGA-DX-A23Z	12	58898549	64143188	1	1
TCGA-DX-A23Z	12	64145305	64551562	15	1
TCGA-DX-A23Z	12	64552185	65766921	1	1
TCGA-DX-A23Z	12	65771893	66048446	16	2
TCGA-DX-A23Z	12	66050933	66157928	2	1
TCGA-DX-A23Z	12	66158206	66186792	1	0
TCGA-DX-A23Z	12	66189161	66642476	9	2
TCGA-DX-A23Z	12	66648328	67223985	1	1
TCGA-DX-A23Z	12	67225494	67345502	6	1
TCGA-DX-A23Z	12	67350123	67366855	2	0
TCGA-DX-A23Z	12	67368127	67492317	5	1
TCGA-DX-A23Z	12	67493177	67805700	1	0
TCGA-DX-A23Z	12	67809234	68288408	16	1
TCGA-DX-A23Z	12	68288578	68573732	3	1
TCGA-DX-A23Z	12	68577777	69183278	1	1
TCGA-DX-A23Z	12	69198112	69374394	14	4
TCGA-DX-A23Z	12	69374776	69755404	1	1
TCGA-DX-A23Z	12	69760861	70268574	17	1
TCGA-DX-A23Z	12	70268621	70274847	13	2
TCGA-DX-A23Z	12	70277306	71074730	6	1
TCGA-DX-A23Z	12	71078135	71227525	21	1
TCGA-DX-A23Z	12	71229802	71408690	7	1
TCGA-DX-A23Z	12	71411561	71730804	1	1
TCGA-DX-A23Z	12	71735527	72248742	9	1
TCGA-DX-A23Z	12	72251744	72456858	1	1
TCGA-DX-A23Z	12	72465057	72755475	6	2
TCGA-DX-A23Z	12	72762730	85369253	1	1
TCGA-DX-A23Z	12	85370543	85928510	6	1
TCGA-DX-A23Z	12	85929177	87735403	1	1
TCGA-DX-A23Z	12	87738065	87833740	6	0
TCGA-DX-A23Z	12	87837987	112811452	1	1
TCGA-DX-A23Z	12	112816882	112869306	7	0
TCGA-DX-A23Z	12	112879370	133778189	1	1
TCGA-DX-A23Z	13	19026949	78653656	1	1
TCGA-DX-A23Z	13	78654693	78798524	6	1
TCGA-DX-A23Z	13	78802402	79035670	1	1
TCGA-DX-A23Z	13	79035819	79262838	3	2
TCGA-DX-A23Z	13	79267559	115108397	1	1
TCGA-DX-A23Z	14	19002124	107285437	1	1
TCGA-DX-A23Z	15	20016328	27255663	1	1
TCGA-DX-A23Z	15	27261647	27668224	3	1
TCGA-DX-A23Z	15	27672763	27995513	8	1
TCGA-DX-A23Z	15	27999836	102469040	1	1
TCGA-DX-A23Z	16	60777	90287535	1	1
TCGA-DX-A23Z	17	526	81049726	1	1
TCGA-DX-A23Z	18	48133	882586	3	1
TCGA-DX-A23Z	18	884688	1930560	1	1
TCGA-DX-A23Z	18	1933626	1987538	8	3
TCGA-DX-A23Z	18	1994943	78015057	1	1
TCGA-DX-A23Z	19	90910	59097854	1	1
TCGA-DX-A23Z	20	61305	62956153	1	1
TCGA-DX-A23Z	21	10736871	48096957	1	1
TCGA-DX-A23Z	22	16052528	51234455	1	1
TCGA-DX-A23Z	X	168477	2694240	1	1
TCGA-DX-A23Z	X	2703391	155233846	1	0
