sample	chr	startpos	endpos	nMajor	nMinor
TCGA-E9-A22B	1	61735	14151398	2	2
TCGA-E9-A22B	1	14155055	15602036	2	0
TCGA-E9-A22B	1	15607785	20053372	2	2
TCGA-E9-A22B	1	20056578	23571249	2	0
TCGA-E9-A22B	1	23574051	24288184	2	2
TCGA-E9-A22B	1	24288404	84903286	2	0
TCGA-E9-A22B	1	84905028	86208734	2	2
TCGA-E9-A22B	1	86208801	88825290	2	0
TCGA-E9-A22B	1	88825403	89308430	2	1
TCGA-E9-A22B	1	89313852	98042396	2	0
TCGA-E9-A22B	1	98042695	99355668	2	2
TCGA-E9-A22B	1	99356517	100302514	2	0
TCGA-E9-A22B	1	100302710	101192362	2	2
TCGA-E9-A22B	1	101196287	103621989	2	0
TCGA-E9-A22B	1	103628651	106154168	2	2
TCGA-E9-A22B	1	106158802	107010646	2	0
TCGA-E9-A22B	1	107012607	108231630	2	2
TCGA-E9-A22B	1	108235806	109376280	2	0
TCGA-E9-A22B	1	109383140	121175667	2	2
TCGA-E9-A22B	1	121182883	121482979	2	0
TCGA-E9-A22B	1	144007049	146630916	3	2
TCGA-E9-A22B	1	146636137	146934321	2	0
TCGA-E9-A22B	1	146934945	147197490	2	2
TCGA-E9-A22B	1	147200283	147778647	2	0
TCGA-E9-A22B	1	147783464	249224388	2	2
TCGA-E9-A22B	2	12784	148380711	2	2
TCGA-E9-A22B	2	148380769	149443392	2	1
TCGA-E9-A22B	2	149449185	242772695	2	2
TCGA-E9-A22B	2	242773380	243089456	2	0
TCGA-E9-A22B	3	60345	197896118	2	2
TCGA-E9-A22B	4	12281	46664687	2	2
TCGA-E9-A22B	4	46668577	47367520	2	1
TCGA-E9-A22B	4	47368680	191027923	2	2
TCGA-E9-A22B	5	15532	180790320	2	2
TCGA-E9-A22B	6	149661	171051005	2	2
TCGA-E9-A22B	7	43259	61888128	2	2
TCGA-E9-A22B	7	61987173	71647958	2	0
TCGA-E9-A22B	7	71647996	72189495	4	2
TCGA-E9-A22B	7	72201865	75548028	2	2
TCGA-E9-A22B	7	75551951	76137375	2	0
TCGA-E9-A22B	7	76143625	77077923	4	2
TCGA-E9-A22B	7	77082896	77833976	2	2
TCGA-E9-A22B	7	77834784	118246717	2	0
TCGA-E9-A22B	7	118248264	159127004	2	1
TCGA-E9-A22B	8	31254	35099765	2	0
TCGA-E9-A22B	8	35099795	36931413	2	2
TCGA-E9-A22B	8	36932746	37454800	10	2
TCGA-E9-A22B	8	37455059	38491949	16	1
TCGA-E9-A22B	8	38496833	39072091	10	2
TCGA-E9-A22B	8	39077132	43780295	2	0
TCGA-E9-A22B	8	43783984	52566506	5	2
TCGA-E9-A22B	8	52567361	61433236	3	2
TCGA-E9-A22B	8	61438991	69574336	6	2
TCGA-E9-A22B	8	69575524	72855904	3	2
TCGA-E9-A22B	8	72856909	103393592	6	2
TCGA-E9-A22B	8	103394602	104572121	6	6
TCGA-E9-A22B	8	104572640	146298155	6	2
TCGA-E9-A22B	9	46587	141091394	2	0
TCGA-E9-A22B	10	72759	37059531	2	2
TCGA-E9-A22B	10	37059856	65725710	2	0
TCGA-E9-A22B	10	65726535	67063714	2	2
TCGA-E9-A22B	10	67069443	73970451	4	2
TCGA-E9-A22B	10	73970837	76822117	6	2
TCGA-E9-A22B	10	76823164	82286317	4	2
TCGA-E9-A22B	10	82295398	86395488	2	2
TCGA-E9-A22B	10	86395514	98354183	2	0
TCGA-E9-A22B	10	98354924	99369013	4	2
TCGA-E9-A22B	10	99374954	102086051	2	2
TCGA-E9-A22B	10	102087038	129248044	2	0
TCGA-E9-A22B	10	129248077	129604787	2	2
TCGA-E9-A22B	10	129605383	132602243	2	0
TCGA-E9-A22B	10	132602389	133648464	4	2
TCGA-E9-A22B	10	133649010	135506704	2	2
TCGA-E9-A22B	11	198572	100428969	2	1
TCGA-E9-A22B	11	100433972	134944770	2	0
TCGA-E9-A22B	12	150442	133778189	2	2
TCGA-E9-A22B	13	19026949	115108397	2	2
TCGA-E9-A22B	14	19002124	40833342	2	2
TCGA-E9-A22B	14	40835588	99197319	2	0
TCGA-E9-A22B	14	99197359	107285437	2	2
TCGA-E9-A22B	15	20016328	102469040	2	2
TCGA-E9-A22B	16	60777	90287535	2	2
TCGA-E9-A22B	17	526	19227600	2	0
TCGA-E9-A22B	17	19234475	20643738	3	2
TCGA-E9-A22B	17	20645591	25270411	2	0
TCGA-E9-A22B	17	25270517	31078344	3	2
TCGA-E9-A22B	17	31083860	31622517	2	0
TCGA-E9-A22B	17	31626147	43326808	3	2
TCGA-E9-A22B	17	43333156	43570226	2	0
TCGA-E9-A22B	17	43574134	44811098	2	2
TCGA-E9-A22B	17	44818010	81049726	4	2
TCGA-E9-A22B	18	48133	78015057	2	2
TCGA-E9-A22B	19	90910	3599134	2	0
TCGA-E9-A22B	19	3605539	10856139	2	2
TCGA-E9-A22B	19	10856606	14965839	2	0
TCGA-E9-A22B	19	14971458	15033628	2	2
TCGA-E9-A22B	19	15036730	16314492	5	2
TCGA-E9-A22B	19	16320901	18104155	2	2
TCGA-E9-A22B	19	18115488	19454372	4	2
TCGA-E9-A22B	19	19457711	27881186	2	0
TCGA-E9-A22B	19	27909876	29812764	2	2
TCGA-E9-A22B	19	29813112	59097854	3	2
TCGA-E9-A22B	20	61305	62956153	2	2
TCGA-E9-A22B	21	10736871	48096957	2	2
TCGA-E9-A22B	22	16052528	51234455	2	2
TCGA-E9-A22B	X	168477	155233846	2	2
