sample	chr	startpos	endpos	nMajor	nMinor
TCGA-27-1837	1	61735	89595798	1	1
TCGA-27-1837	1	89596745	95069671	1	0
TCGA-27-1837	1	95070041	249224388	1	1
TCGA-27-1837	2	12784	243089456	1	1
TCGA-27-1837	3	60345	197896118	1	1
TCGA-27-1837	4	12281	49089374	1	0
TCGA-27-1837	4	49093786	191027923	1	1
TCGA-27-1837	5	15532	144390705	1	1
TCGA-27-1837	5	144394546	144931083	1	0
TCGA-27-1837	5	144939151	148191544	1	1
TCGA-27-1837	5	148192943	148350543	1	0
TCGA-27-1837	5	148353574	160208659	1	1
TCGA-27-1837	5	160212103	160466243	1	0
TCGA-27-1837	5	160467195	162680927	1	1
TCGA-27-1837	5	162681559	163035510	1	0
TCGA-27-1837	5	163041097	163902117	1	1
TCGA-27-1837	5	163903865	164183090	1	0
TCGA-27-1837	5	164187761	169563367	1	1
TCGA-27-1837	5	169569829	169964613	1	0
TCGA-27-1837	5	169966669	170135050	1	1
TCGA-27-1837	5	170135590	170443401	1	0
TCGA-27-1837	5	170444082	180790320	1	1
TCGA-27-1837	6	149661	171051005	1	1
TCGA-27-1837	7	43259	44735790	1	1
TCGA-27-1837	7	44736383	45605530	2	1
TCGA-27-1837	7	45609286	52764164	1	1
TCGA-27-1837	7	52766421	56423816	25	0
TCGA-27-1837	7	56424739	61987257	1	1
TCGA-27-1837	7	61987294	159127004	2	1
TCGA-27-1837	8	31254	146298155	1	1
TCGA-27-1837	9	46587	19175077	1	1
TCGA-27-1837	9	19175872	21543596	1	0
TCGA-27-1837	9	21547377	24681548	0	0
TCGA-27-1837	9	24683838	25690311	1	0
TCGA-27-1837	9	25691032	26652686	0	0
TCGA-27-1837	9	26655685	26817543	1	0
TCGA-27-1837	9	26820416	141091394	1	1
TCGA-27-1837	10	72759	135506704	1	0
TCGA-27-1837	11	198572	134944770	1	1
TCGA-27-1837	12	150442	133778189	1	1
TCGA-27-1837	13	19026949	115108397	1	1
TCGA-27-1837	14	19002124	107285437	1	1
TCGA-27-1837	15	20016328	102469040	1	1
TCGA-27-1837	16	60777	90287535	1	1
TCGA-27-1837	17	526	81049726	1	1
TCGA-27-1837	18	48133	78015057	1	1
TCGA-27-1837	19	90910	59097854	1	1
TCGA-27-1837	20	61305	62956153	1	1
TCGA-27-1837	21	10736871	48096957	1	1
TCGA-27-1837	22	16052528	51234455	1	1
TCGA-27-1837	X	168477	2703391	1	1
TCGA-27-1837	X	2703633	154929498	1	0
TCGA-27-1837	X	154963439	155233846	1	1
