sample	chr	startpos	endpos	nMajor	nMinor
TCGA-D9-A148	1	61735	223116923	3	1
TCGA-D9-A148	1	223118253	249224388	2	1
TCGA-D9-A148	2	12784	49514486	4	1
TCGA-D9-A148	2	49515633	53789256	5	1
TCGA-D9-A148	2	53789303	75830053	4	1
TCGA-D9-A148	2	75830221	84945679	5	1
TCGA-D9-A148	2	84946063	95572974	4	1
TCGA-D9-A148	2	95573485	215985530	2	1
TCGA-D9-A148	2	215987383	222287536	7	1
TCGA-D9-A148	2	222287844	227221412	9	1
TCGA-D9-A148	2	227221885	228683623	8	1
TCGA-D9-A148	2	228688489	243089456	1	1
TCGA-D9-A148	3	60345	4268751	3	2
TCGA-D9-A148	3	4268855	35337283	2	2
TCGA-D9-A148	3	35338048	36635385	4	2
TCGA-D9-A148	3	36635513	197896118	2	2
TCGA-D9-A148	4	12281	6736446	2	0
TCGA-D9-A148	4	6737049	7472362	3	0
TCGA-D9-A148	4	7472411	8148723	4	0
TCGA-D9-A148	4	8162715	24287512	3	0
TCGA-D9-A148	4	24289148	27482767	4	0
TCGA-D9-A148	4	27482799	38009782	5	0
TCGA-D9-A148	4	38010293	42648398	4	0
TCGA-D9-A148	4	42649024	45720287	5	0
TCGA-D9-A148	4	45725453	46359063	2	0
TCGA-D9-A148	4	46363732	47932661	3	0
TCGA-D9-A148	4	47932669	191027923	2	0
TCGA-D9-A148	5	15532	2319639	3	3
TCGA-D9-A148	5	2319964	4417615	4	3
TCGA-D9-A148	5	4419928	18392222	4	4
TCGA-D9-A148	5	18394064	22568524	5	4
TCGA-D9-A148	5	22571276	31291214	3	3
TCGA-D9-A148	5	31291402	46383335	3	2
TCGA-D9-A148	5	46386392	145903382	2	1
TCGA-D9-A148	5	145904782	145919670	7	1
TCGA-D9-A148	5	145919928	167447150	6	1
TCGA-D9-A148	5	167447748	180790320	5	1
TCGA-D9-A148	6	149661	44572155	3	2
TCGA-D9-A148	6	44572789	57299309	3	3
TCGA-D9-A148	6	57308995	162920373	2	1
TCGA-D9-A148	6	162920439	163078254	3	2
TCGA-D9-A148	6	163078775	171051005	2	1
TCGA-D9-A148	7	43259	51951502	3	2
TCGA-D9-A148	7	51951974	61875430	4	2
TCGA-D9-A148	7	61875647	106593608	2	2
TCGA-D9-A148	7	106596924	124238174	4	2
TCGA-D9-A148	7	124238402	127638703	5	2
TCGA-D9-A148	7	127638874	141567788	3	2
TCGA-D9-A148	7	141572858	148190184	3	3
TCGA-D9-A148	7	148192775	159127004	2	2
TCGA-D9-A148	8	31254	47110475	2	1
TCGA-D9-A148	8	47115069	146298155	2	2
TCGA-D9-A148	9	46587	7756700	2	1
TCGA-D9-A148	9	7757194	8348602	2	0
TCGA-D9-A148	9	8348632	8595338	2	1
TCGA-D9-A148	9	8598088	9168215	3	2
TCGA-D9-A148	9	9172296	9200590	2	0
TCGA-D9-A148	9	9200745	9503533	2	2
TCGA-D9-A148	9	9503941	10042550	2	1
TCGA-D9-A148	9	10047099	10439312	2	0
TCGA-D9-A148	9	10444367	47217176	2	1
TCGA-D9-A148	9	65616971	141091394	2	0
TCGA-D9-A148	10	72759	34920444	3	1
TCGA-D9-A148	10	34925145	135506704	2	1
TCGA-D9-A148	11	198572	36750396	2	2
TCGA-D9-A148	11	36750701	43250057	3	2
TCGA-D9-A148	11	43250879	106724676	2	2
TCGA-D9-A148	11	106725036	109830820	1	0
TCGA-D9-A148	11	109839996	109970239	0	0
TCGA-D9-A148	11	109972228	116833431	1	0
TCGA-D9-A148	11	116840914	121219724	2	0
TCGA-D9-A148	11	121220106	121343206	2	2
TCGA-D9-A148	11	121348012	123308264	3	2
TCGA-D9-A148	11	123308271	124029927	2	2
TCGA-D9-A148	11	124030473	130717916	2	1
TCGA-D9-A148	11	130718630	132566087	2	2
TCGA-D9-A148	11	132566169	134088709	3	2
TCGA-D9-A148	11	134091049	134944770	2	2
TCGA-D9-A148	12	150442	87098684	2	2
TCGA-D9-A148	12	87101230	127830244	2	1
TCGA-D9-A148	12	127831151	133778189	2	2
TCGA-D9-A148	13	19026949	115108397	2	0
TCGA-D9-A148	14	19002124	107285437	3	1
TCGA-D9-A148	15	20016328	58298129	2	1
TCGA-D9-A148	15	58298640	94088090	3	2
TCGA-D9-A148	15	94089440	99154717	3	3
TCGA-D9-A148	15	99155841	102469040	3	2
TCGA-D9-A148	16	60777	35283226	2	2
TCGA-D9-A148	16	46463782	90287535	2	0
TCGA-D9-A148	17	526	25270411	2	0
TCGA-D9-A148	17	25270517	49949240	4	2
TCGA-D9-A148	17	49949275	54260091	5	2
TCGA-D9-A148	17	54261142	66817866	4	2
TCGA-D9-A148	17	66818335	70005111	5	2
TCGA-D9-A148	17	70005507	81049726	4	2
TCGA-D9-A148	18	48133	10381513	3	1
TCGA-D9-A148	18	10382463	18580529	2	1
TCGA-D9-A148	18	18583121	78015057	2	0
TCGA-D9-A148	19	90910	59097854	2	1
TCGA-D9-A148	20	61305	26305491	4	0
TCGA-D9-A148	20	26305579	52807960	4	2
TCGA-D9-A148	20	52808062	54880396	5	2
TCGA-D9-A148	20	54883588	62956153	4	2
TCGA-D9-A148	21	10736871	48096957	2	2
TCGA-D9-A148	22	16052528	51234455	5	2
TCGA-D9-A148	X	168477	2694240	3	2
TCGA-D9-A148	X	2703391	155233846	2	0
