sample	chr	startpos	endpos	nMajor	nMinor
TCGA-13-0916	1	61735	31011626	1	0
TCGA-13-0916	1	31013775	35485070	1	1
TCGA-13-0916	1	35489095	48247077	2	1
TCGA-13-0916	1	48248170	64224111	1	1
TCGA-13-0916	1	64224355	110934989	1	0
TCGA-13-0916	1	110939854	111359775	2	1
TCGA-13-0916	1	111359802	243782358	1	1
TCGA-13-0916	1	243782449	249224388	2	1
TCGA-13-0916	2	12784	89071971	1	0
TCGA-13-0916	2	89072731	206461747	1	1
TCGA-13-0916	2	206463673	206856943	2	1
TCGA-13-0916	2	206860546	217481271	1	1
TCGA-13-0916	2	217484552	243089456	1	0
TCGA-13-0916	3	60345	16768089	1	0
TCGA-13-0916	3	16771147	71331276	1	1
TCGA-13-0916	3	71334477	73066539	2	1
TCGA-13-0916	3	73066866	80878110	1	1
TCGA-13-0916	3	80880294	87540778	1	0
TCGA-13-0916	3	87545152	97428888	1	1
TCGA-13-0916	3	97429084	99197550	2	1
TCGA-13-0916	3	99198349	197896118	1	1
TCGA-13-0916	4	12281	19462655	2	0
TCGA-13-0916	4	19465313	19696628	1	0
TCGA-13-0916	4	19697730	21908216	2	0
TCGA-13-0916	4	21911217	23736129	2	1
TCGA-13-0916	4	23736348	28108808	1	0
TCGA-13-0916	4	28109348	32879997	2	1
TCGA-13-0916	4	32880839	81454695	1	1
TCGA-13-0916	4	81454736	163264951	1	0
TCGA-13-0916	4	163267782	163299963	0	0
TCGA-13-0916	4	163305226	190086628	1	0
TCGA-13-0916	4	190087000	191027923	1	1
TCGA-13-0916	5	15532	53938959	1	1
TCGA-13-0916	5	53940127	107202929	1	0
TCGA-13-0916	5	107203628	107410694	0	0
TCGA-13-0916	5	107417721	161784592	1	0
TCGA-13-0916	5	161784842	162019898	2	0
TCGA-13-0916	5	162023083	179033401	1	0
TCGA-13-0916	5	179038308	180790320	2	0
TCGA-13-0916	6	149661	96294894	1	1
TCGA-13-0916	6	96295810	97411098	2	1
TCGA-13-0916	6	97411114	99440369	1	1
TCGA-13-0916	6	99440690	100048650	2	1
TCGA-13-0916	6	100054245	139267621	1	1
TCGA-13-0916	6	139269995	171051005	1	0
TCGA-13-0916	7	43259	66560767	1	1
TCGA-13-0916	7	66561481	69446528	2	1
TCGA-13-0916	7	69446594	71988331	1	1
TCGA-13-0916	7	71997205	77357413	2	1
TCGA-13-0916	7	77357672	79398798	2	2
TCGA-13-0916	7	79401778	96483574	2	1
TCGA-13-0916	7	96483659	159127004	1	1
TCGA-13-0916	8	31254	36600660	1	0
TCGA-13-0916	8	36601237	60696158	1	1
TCGA-13-0916	8	60704878	117710779	1	0
TCGA-13-0916	8	117713783	124096257	2	0
TCGA-13-0916	8	124099745	126863470	3	2
TCGA-13-0916	8	126863650	132597923	4	3
TCGA-13-0916	8	132598321	136483701	3	2
TCGA-13-0916	8	136484390	139183891	3	3
TCGA-13-0916	8	139183924	146298155	3	2
TCGA-13-0916	9	46587	334708	2	1
TCGA-13-0916	9	336026	4732433	3	0
TCGA-13-0916	9	4732785	32502525	2	0
TCGA-13-0916	9	32502944	103518490	1	0
TCGA-13-0916	9	103519565	141091394	2	0
TCGA-13-0916	10	72759	3850140	2	0
TCGA-13-0916	10	3850303	6570679	2	1
TCGA-13-0916	10	6572225	8736987	2	0
TCGA-13-0916	10	8737564	14711982	1	0
TCGA-13-0916	10	14713221	20877781	1	1
TCGA-13-0916	10	20877861	24030257	2	1
TCGA-13-0916	10	24030519	25120937	2	2
TCGA-13-0916	10	25122822	25741737	2	1
TCGA-13-0916	10	25742064	26533765	1	1
TCGA-13-0916	10	26537809	43612872	1	0
TCGA-13-0916	10	43612965	45095800	1	1
TCGA-13-0916	10	45103488	118209165	1	0
TCGA-13-0916	10	118212871	135506704	2	0
TCGA-13-0916	11	198572	11754700	1	0
TCGA-13-0916	11	11755481	12734453	4	1
TCGA-13-0916	11	12734893	22621931	2	1
TCGA-13-0916	11	22624798	23329691	1	0
TCGA-13-0916	11	23330510	36448379	2	1
TCGA-13-0916	11	36449512	88480688	1	1
TCGA-13-0916	11	88483732	126613697	1	0
TCGA-13-0916	11	126613950	134944770	2	0
TCGA-13-0916	12	150442	7890998	3	0
TCGA-13-0916	12	7891406	21292614	2	0
TCGA-13-0916	12	21296475	30505256	2	1
TCGA-13-0916	12	30505536	58598600	1	1
TCGA-13-0916	12	58603303	63906481	1	0
TCGA-13-0916	12	63907763	86095033	1	1
TCGA-13-0916	12	86095479	90301665	2	1
TCGA-13-0916	12	90301679	133520371	1	1
TCGA-13-0916	12	133521039	133778189	1	0
TCGA-13-0916	13	19026949	19736208	1	1
TCGA-13-0916	13	19737380	26284180	1	0
TCGA-13-0916	13	26289662	26553498	2	1
TCGA-13-0916	13	26555388	30601233	1	0
TCGA-13-0916	13	30601695	31231961	2	1
TCGA-13-0916	13	31232123	32164249	1	0
TCGA-13-0916	13	32171381	32174786	3	0
TCGA-13-0916	13	32175002	36082762	2	1
TCGA-13-0916	13	36088331	69879945	1	0
TCGA-13-0916	13	69882318	73030654	2	0
TCGA-13-0916	13	73035010	115108397	1	0
TCGA-13-0916	14	19002124	60940202	1	0
TCGA-13-0916	14	60945729	61973557	2	1
TCGA-13-0916	14	61976105	62475815	4	1
TCGA-13-0916	14	62477090	65155333	2	1
TCGA-13-0916	14	65155825	65939405	4	1
TCGA-13-0916	14	65942151	67699568	2	1
TCGA-13-0916	14	67701168	68839954	1	0
TCGA-13-0916	14	68842630	72434662	2	1
TCGA-13-0916	14	72437277	73496029	1	0
TCGA-13-0916	14	73498074	73526613	2	0
TCGA-13-0916	14	73529370	74762678	2	1
TCGA-13-0916	14	74764548	77199663	1	0
TCGA-13-0916	14	77199730	80341035	2	0
TCGA-13-0916	14	80341196	80390644	3	1
TCGA-13-0916	14	80393836	85607274	2	0
TCGA-13-0916	14	85608011	85655516	3	2
TCGA-13-0916	14	85657757	88398371	2	0
TCGA-13-0916	14	88398418	88775582	2	2
TCGA-13-0916	14	88776440	94447655	2	0
TCGA-13-0916	14	94448512	96621363	2	2
TCGA-13-0916	14	96626881	99604585	2	0
TCGA-13-0916	14	99604911	104172253	2	2
TCGA-13-0916	14	104177448	104838191	2	0
TCGA-13-0916	14	104838403	107285437	2	2
TCGA-13-0916	15	20016328	32931904	1	1
TCGA-13-0916	15	32932098	61702779	1	0
TCGA-13-0916	15	61704007	85825293	1	1
TCGA-13-0916	15	85825567	88507954	2	1
TCGA-13-0916	15	88508153	102469040	3	1
TCGA-13-0916	16	60777	7939010	1	0
TCGA-13-0916	16	7939150	47401803	1	1
TCGA-13-0916	16	47404914	80853311	1	0
TCGA-13-0916	16	80853334	81914000	2	0
TCGA-13-0916	16	81916638	90287535	1	0
TCGA-13-0916	17	526	43965623	1	0
TCGA-13-0916	17	43966035	46568424	2	0
TCGA-13-0916	17	46569216	76824212	1	0
TCGA-13-0916	17	76825722	81049726	2	0
TCGA-13-0916	18	48133	34261423	1	1
TCGA-13-0916	18	34264688	43176539	2	1
TCGA-13-0916	18	43178914	50330763	2	0
TCGA-13-0916	18	50330813	51814775	3	0
TCGA-13-0916	18	51815065	72270589	2	0
TCGA-13-0916	18	72270749	74958607	2	2
TCGA-13-0916	18	74958649	77068440	3	2
TCGA-13-0916	18	77082151	78015057	2	2
TCGA-13-0916	19	90910	8834100	1	0
TCGA-13-0916	19	8834439	10000306	1	1
TCGA-13-0916	19	10000876	11828410	2	1
TCGA-13-0916	19	11830764	12209279	1	1
TCGA-13-0916	19	12209930	12371853	1	0
TCGA-13-0916	19	12373844	15198631	1	1
TCGA-13-0916	19	15198751	16121580	1	0
TCGA-13-0916	19	16123617	18688847	2	1
TCGA-13-0916	19	18689830	29880615	1	1
TCGA-13-0916	19	29880707	30307451	2	1
TCGA-13-0916	19	30308142	32130952	1	1
TCGA-13-0916	19	32132703	32731626	1	0
TCGA-13-0916	19	32732042	38476173	1	1
TCGA-13-0916	19	38476552	40534637	2	1
TCGA-13-0916	19	40537801	41715378	1	0
TCGA-13-0916	19	41715493	42179804	1	1
TCGA-13-0916	19	42180040	52752804	1	0
TCGA-13-0916	19	52754320	53024236	2	0
TCGA-13-0916	19	53029610	54892175	2	1
TCGA-13-0916	19	54894470	55537773	2	0
TCGA-13-0916	19	55540525	56099832	2	1
TCGA-13-0916	19	56099884	59097854	2	0
TCGA-13-0916	20	61305	15832299	1	1
TCGA-13-0916	20	15833245	21078128	1	0
TCGA-13-0916	20	21078537	22144515	2	1
TCGA-13-0916	20	22145872	53874301	1	1
TCGA-13-0916	20	53874547	60586475	2	1
TCGA-13-0916	20	60590008	62956153	2	0
TCGA-13-0916	21	10736871	34668816	1	0
TCGA-13-0916	21	34669381	40700093	2	0
TCGA-13-0916	21	40712367	48096957	1	0
TCGA-13-0916	22	16052528	51234455	1	0
TCGA-13-0916	X	168477	28731739	2	0
TCGA-13-0916	X	28732063	46905101	1	0
TCGA-13-0916	X	46908297	100151215	1	1
TCGA-13-0916	X	100153748	155233846	1	0
