sample	chr	startpos	endpos	nMajor	nMinor
TCGA-12-0670	1	61735	7114422	1	1
TCGA-12-0670	1	7117029	12223482	1	0
TCGA-12-0670	1	12223839	32894381	1	1
TCGA-12-0670	1	32896119	33516266	14	9
TCGA-12-0670	1	33526238	204147995	1	1
TCGA-12-0670	1	204149523	204689840	2	1
TCGA-12-0670	1	204691325	249224388	1	1
TCGA-12-0670	2	12784	28742514	1	1
TCGA-12-0670	2	28746356	29032733	2	1
TCGA-12-0670	2	29032746	195002985	1	1
TCGA-12-0670	2	195005907	195903589	1	0
TCGA-12-0670	2	195914472	243089456	1	1
TCGA-12-0670	3	60345	197896118	1	1
TCGA-12-0670	4	12281	191027923	2	0
TCGA-12-0670	5	15532	79099464	1	1
TCGA-12-0670	5	79099759	79171222	2	1
TCGA-12-0670	5	79171387	180790320	1	1
TCGA-12-0670	6	149661	171051005	2	0
TCGA-12-0670	7	43259	54734523	2	1
TCGA-12-0670	7	54738893	55337264	25	1
TCGA-12-0670	7	55339948	159127004	2	1
TCGA-12-0670	8	31254	146298155	1	1
TCGA-12-0670	9	46587	21914588	1	0
TCGA-12-0670	9	21918580	22855915	0	0
TCGA-12-0670	9	22856899	35832988	1	0
TCGA-12-0670	9	35833448	141091394	1	1
TCGA-12-0670	10	72759	135506704	1	0
TCGA-12-0670	11	198572	8302806	1	1
TCGA-12-0670	11	8303235	8902831	2	1
TCGA-12-0670	11	8903931	38889639	1	1
TCGA-12-0670	11	38890320	65338659	1	0
TCGA-12-0670	11	65344328	65635290	2	0
TCGA-12-0670	11	65636053	66087623	1	0
TCGA-12-0670	11	66090032	87916503	1	1
TCGA-12-0670	11	87916672	88274862	1	0
TCGA-12-0670	11	88275847	134944770	1	1
TCGA-12-0670	12	150442	56798049	1	1
TCGA-12-0670	12	56800052	57180880	3	1
TCGA-12-0670	12	57181262	57647374	1	0
TCGA-12-0670	12	57651002	58497797	7	1
TCGA-12-0670	12	58498296	58647067	4	1
TCGA-12-0670	12	58647216	58710931	3	0
TCGA-12-0670	12	58711151	60029081	1	0
TCGA-12-0670	12	60033466	60136963	8	1
TCGA-12-0670	12	60138911	60286768	4	1
TCGA-12-0670	12	60290943	60439156	1	0
TCGA-12-0670	12	60449371	60467952	7	2
TCGA-12-0670	12	60468478	61446629	2	0
TCGA-12-0670	12	61446746	61958515	1	0
TCGA-12-0670	12	61960251	62226031	7	0
TCGA-12-0670	12	62226628	62275812	1	0
TCGA-12-0670	12	62275897	62402425	2	1
TCGA-12-0670	12	62405628	62526217	18	5
TCGA-12-0670	12	62526332	62555595	1	0
TCGA-12-0670	12	62560011	62667078	5	1
TCGA-12-0670	12	62667448	63392391	2	0
TCGA-12-0670	12	63396673	63436796	4	1
TCGA-12-0670	12	63438323	63446417	1	0
TCGA-12-0670	12	63447525	64050588	2	0
TCGA-12-0670	12	64053245	64206368	1	0
TCGA-12-0670	12	64209976	64210253	23	6
TCGA-12-0670	12	64210316	64394883	10	1
TCGA-12-0670	12	64395174	64465309	25	0
TCGA-12-0670	12	64468763	64520902	4	0
TCGA-12-0670	12	64529120	64529707	2	0
TCGA-12-0670	12	64531856	65300543	1	0
TCGA-12-0670	12	65304936	65310076	3	1
TCGA-12-0670	12	65310859	65532987	1	0
TCGA-12-0670	12	65540794	66090883	4	1
TCGA-12-0670	12	66096682	66404624	1	0
TCGA-12-0670	12	66409132	66823686	3	1
TCGA-12-0670	12	66824781	67097789	1	0
TCGA-12-0670	12	67098039	67536262	4	1
TCGA-12-0670	12	67536659	67679742	25	1
TCGA-12-0670	12	67683438	67940994	1	0
TCGA-12-0670	12	67951266	68190229	5	1
TCGA-12-0670	12	68192121	68301869	1	0
TCGA-12-0670	12	68304169	68529569	4	1
TCGA-12-0670	12	68531907	68965436	1	0
TCGA-12-0670	12	68966281	69263523	11	1
TCGA-12-0670	12	69265196	69401133	3	1
TCGA-12-0670	12	69404065	69697366	19	0
TCGA-12-0670	12	69704856	70357208	1	0
TCGA-12-0670	12	70358953	70508552	3	1
TCGA-12-0670	12	70509873	71014831	1	0
TCGA-12-0670	12	71015131	71176061	3	1
TCGA-12-0670	12	71177098	72003129	4	1
TCGA-12-0670	12	72005865	133778189	1	1
TCGA-12-0670	13	19026949	85687880	1	0
TCGA-12-0670	13	85687983	115108397	1	1
TCGA-12-0670	14	19002124	107285437	1	1
TCGA-12-0670	15	20016328	102469040	1	1
TCGA-12-0670	16	60777	84713969	1	1
TCGA-12-0670	16	84714296	84905542	2	1
TCGA-12-0670	16	84908960	90287535	1	1
TCGA-12-0670	17	526	51910997	1	1
TCGA-12-0670	17	51912046	52184973	1	0
TCGA-12-0670	17	52185655	65827962	1	1
TCGA-12-0670	17	65829219	66324765	2	1
TCGA-12-0670	17	66326585	71223967	1	1
TCGA-12-0670	17	71226993	71588025	2	1
TCGA-12-0670	17	71589218	78763782	1	1
TCGA-12-0670	17	78765219	78989111	2	1
TCGA-12-0670	17	78993382	81049726	1	1
TCGA-12-0670	18	48133	78015057	1	1
TCGA-12-0670	19	90910	59097854	2	1
TCGA-12-0670	20	61305	58078847	2	1
TCGA-12-0670	20	58079512	58324198	2	2
TCGA-12-0670	20	58324642	62956153	2	1
TCGA-12-0670	21	10736871	48096957	1	1
TCGA-12-0670	22	16052528	17261747	1	0
TCGA-12-0670	22	17262486	27343655	1	1
TCGA-12-0670	22	27344827	51234455	1	0
TCGA-12-0670	X	168477	2703633	1	1
TCGA-12-0670	X	2703955	155233846	1	0
