sample	chr	startpos	endpos	nMajor	nMinor
TCGA-EY-A1GC	1	61735	50878776	2	1
TCGA-EY-A1GC	1	50879766	51415599	1	0
TCGA-EY-A1GC	1	51421788	121482979	2	1
TCGA-EY-A1GC	1	144007049	145394955	6	1
TCGA-EY-A1GC	1	145395440	154573967	11	2
TCGA-EY-A1GC	1	154577008	178399218	2	2
TCGA-EY-A1GC	1	178400846	178536519	11	4
TCGA-EY-A1GC	1	178542949	232434054	2	2
TCGA-EY-A1GC	1	232438081	232579597	4	2
TCGA-EY-A1GC	1	232579706	249224388	2	2
TCGA-EY-A1GC	2	12784	31087946	2	1
TCGA-EY-A1GC	2	31093502	39021932	2	0
TCGA-EY-A1GC	2	39022893	44936288	2	1
TCGA-EY-A1GC	2	44937330	45336891	3	1
TCGA-EY-A1GC	2	45337360	104041563	2	1
TCGA-EY-A1GC	2	104044242	113766332	2	0
TCGA-EY-A1GC	2	113766816	114109886	4	0
TCGA-EY-A1GC	2	114109977	180320334	2	0
TCGA-EY-A1GC	2	180320786	180499658	4	0
TCGA-EY-A1GC	2	180500650	243089456	2	0
TCGA-EY-A1GC	3	60345	47578838	5	2
TCGA-EY-A1GC	3	47578962	52517752	4	2
TCGA-EY-A1GC	3	52521003	65218708	3	2
TCGA-EY-A1GC	3	65220445	65231474	9	8
TCGA-EY-A1GC	3	65231847	65294713	12	4
TCGA-EY-A1GC	3	65298644	88992436	3	2
TCGA-EY-A1GC	3	88997612	132163646	2	2
TCGA-EY-A1GC	3	132167872	132425949	4	2
TCGA-EY-A1GC	3	132432857	134163713	2	2
TCGA-EY-A1GC	3	134164155	169239565	2	1
TCGA-EY-A1GC	3	169240704	169835822	5	1
TCGA-EY-A1GC	3	169839617	183679945	2	1
TCGA-EY-A1GC	3	183683910	184512996	3	2
TCGA-EY-A1GC	3	184513018	197896118	2	1
TCGA-EY-A1GC	4	12281	4682768	2	1
TCGA-EY-A1GC	4	4683638	4942822	3	1
TCGA-EY-A1GC	4	4943134	25077911	2	1
TCGA-EY-A1GC	4	25079647	25526290	2	2
TCGA-EY-A1GC	4	25530864	139916278	2	1
TCGA-EY-A1GC	4	139917169	191027923	3	1
TCGA-EY-A1GC	5	15532	36284794	2	2
TCGA-EY-A1GC	5	36285126	36638623	3	2
TCGA-EY-A1GC	5	36639458	73898678	2	2
TCGA-EY-A1GC	5	73899431	74060482	4	2
TCGA-EY-A1GC	5	74063069	131444402	2	2
TCGA-EY-A1GC	5	131445660	131796922	3	2
TCGA-EY-A1GC	5	131797547	136312787	2	2
TCGA-EY-A1GC	5	136313086	136669567	4	2
TCGA-EY-A1GC	5	136671346	171932925	2	2
TCGA-EY-A1GC	5	171935948	180790320	2	1
TCGA-EY-A1GC	6	149661	43132792	2	2
TCGA-EY-A1GC	6	43136917	43711847	4	2
TCGA-EY-A1GC	6	43712958	151888053	2	2
TCGA-EY-A1GC	6	151892135	171051005	3	2
TCGA-EY-A1GC	7	43259	33156341	2	1
TCGA-EY-A1GC	7	33162141	33290931	2	0
TCGA-EY-A1GC	7	33290931	68889293	2	1
TCGA-EY-A1GC	7	68889778	116375348	2	0
TCGA-EY-A1GC	7	116375383	116787436	3	0
TCGA-EY-A1GC	7	116788417	128537989	2	0
TCGA-EY-A1GC	7	128542065	128877305	3	0
TCGA-EY-A1GC	7	128877439	159127004	2	0
TCGA-EY-A1GC	8	31254	30565884	3	0
TCGA-EY-A1GC	8	30574199	38782568	3	2
TCGA-EY-A1GC	8	38782627	41745534	6	3
TCGA-EY-A1GC	8	41746092	55464905	4	4
TCGA-EY-A1GC	8	55464983	58355439	4	3
TCGA-EY-A1GC	8	58358325	87241715	4	1
TCGA-EY-A1GC	8	87241847	87677217	2	1
TCGA-EY-A1GC	8	87680282	107154255	4	1
TCGA-EY-A1GC	8	107154447	107566312	4	2
TCGA-EY-A1GC	8	107567329	110258796	4	1
TCGA-EY-A1GC	8	110266449	110853138	5	1
TCGA-EY-A1GC	8	110860624	116005377	4	1
TCGA-EY-A1GC	8	116005882	120426673	3	1
TCGA-EY-A1GC	8	120426737	120626988	5	1
TCGA-EY-A1GC	8	120627067	121170532	11	1
TCGA-EY-A1GC	8	121172261	121190225	4	0
TCGA-EY-A1GC	8	121190297	128645972	4	1
TCGA-EY-A1GC	8	128646563	128928895	14	0
TCGA-EY-A1GC	8	128932141	145232410	3	1
TCGA-EY-A1GC	8	145232496	146298155	2	1
TCGA-EY-A1GC	9	46587	13670633	2	2
TCGA-EY-A1GC	9	13670729	14088694	3	2
TCGA-EY-A1GC	9	14088789	32621415	2	2
TCGA-EY-A1GC	9	32621865	33128021	4	1
TCGA-EY-A1GC	9	33128429	47217176	2	2
TCGA-EY-A1GC	9	65616971	90904378	2	0
TCGA-EY-A1GC	9	90905263	93195921	3	0
TCGA-EY-A1GC	9	93195951	96322169	2	0
TCGA-EY-A1GC	9	96323077	112302425	3	0
TCGA-EY-A1GC	9	112302464	113020154	5	0
TCGA-EY-A1GC	9	113023314	114294684	4	0
TCGA-EY-A1GC	9	114296315	114904972	5	0
TCGA-EY-A1GC	9	114905037	115980320	3	0
TCGA-EY-A1GC	9	115980601	116458619	8	0
TCGA-EY-A1GC	9	116459907	129290849	2	0
TCGA-EY-A1GC	9	129299685	129652314	3	0
TCGA-EY-A1GC	9	129655445	141091394	2	0
TCGA-EY-A1GC	10	72759	6520531	2	2
TCGA-EY-A1GC	10	6520584	6939944	3	2
TCGA-EY-A1GC	10	6939955	71780359	2	2
TCGA-EY-A1GC	10	71786996	72012160	4	2
TCGA-EY-A1GC	10	72012405	102888475	2	2
TCGA-EY-A1GC	10	102895457	103254564	5	2
TCGA-EY-A1GC	10	103258794	104505529	2	2
TCGA-EY-A1GC	10	104505687	135506704	2	1
TCGA-EY-A1GC	11	198572	3021236	3	1
TCGA-EY-A1GC	11	3021542	17593162	2	1
TCGA-EY-A1GC	11	17593273	24259003	2	2
TCGA-EY-A1GC	11	24260441	49268353	2	1
TCGA-EY-A1GC	11	49268894	61963120	1	1
TCGA-EY-A1GC	11	61963615	63456152	2	1
TCGA-EY-A1GC	11	63456777	76378708	3	1
TCGA-EY-A1GC	11	76379297	76747390	4	1
TCGA-EY-A1GC	11	76747519	113939539	3	1
TCGA-EY-A1GC	11	113939783	114568279	3	2
TCGA-EY-A1GC	11	114568346	124916597	2	1
TCGA-EY-A1GC	11	124920011	130286889	3	1
TCGA-EY-A1GC	11	130292845	134944770	4	1
TCGA-EY-A1GC	12	150442	31810126	2	2
TCGA-EY-A1GC	12	31813133	32463886	5	2
TCGA-EY-A1GC	12	32475422	34781935	2	2
TCGA-EY-A1GC	12	34782647	44041670	2	1
TCGA-EY-A1GC	12	44045995	44462268	4	1
TCGA-EY-A1GC	12	44465759	52021675	2	1
TCGA-EY-A1GC	12	52021896	70687413	3	1
TCGA-EY-A1GC	12	70687630	123516003	2	1
TCGA-EY-A1GC	12	123518223	133778189	1	1
TCGA-EY-A1GC	13	19026949	23468451	2	2
TCGA-EY-A1GC	13	23468785	24361903	3	2
TCGA-EY-A1GC	13	24362137	42290071	2	2
TCGA-EY-A1GC	13	42293762	42887309	4	2
TCGA-EY-A1GC	13	42890109	115108397	2	0
TCGA-EY-A1GC	14	19002124	33450396	7	2
TCGA-EY-A1GC	14	33450616	33866970	5	0
TCGA-EY-A1GC	14	33867115	34201913	4	1
TCGA-EY-A1GC	14	34202267	41190922	6	2
TCGA-EY-A1GC	14	41192306	43432014	2	2
TCGA-EY-A1GC	14	43433419	51590316	3	2
TCGA-EY-A1GC	14	51590920	59137911	4	2
TCGA-EY-A1GC	14	59138054	59705145	4	4
TCGA-EY-A1GC	14	59708142	67355639	4	2
TCGA-EY-A1GC	14	67356655	88658054	3	2
TCGA-EY-A1GC	14	88661054	103935416	3	3
TCGA-EY-A1GC	14	103937372	104367186	7	3
TCGA-EY-A1GC	14	104367728	107285437	3	3
TCGA-EY-A1GC	15	20016328	89541655	2	1
TCGA-EY-A1GC	15	89549526	102469040	3	1
TCGA-EY-A1GC	16	60777	1273291	4	2
TCGA-EY-A1GC	16	1273803	35283226	2	2
TCGA-EY-A1GC	16	46463782	57447513	2	1
TCGA-EY-A1GC	16	57448611	70139542	2	0
TCGA-EY-A1GC	16	70151527	70842097	4	0
TCGA-EY-A1GC	16	70854381	71202489	6	1
TCGA-EY-A1GC	16	71202797	90287535	2	0
TCGA-EY-A1GC	17	526	788186	3	0
TCGA-EY-A1GC	17	791070	958682	7	0
TCGA-EY-A1GC	17	959515	18965529	3	0
TCGA-EY-A1GC	17	19003421	43992490	2	0
TCGA-EY-A1GC	17	43994557	44784678	3	0
TCGA-EY-A1GC	17	44784982	47996236	2	0
TCGA-EY-A1GC	17	47998936	48856881	3	0
TCGA-EY-A1GC	17	48857043	74036481	2	0
TCGA-EY-A1GC	17	74036573	74198871	5	0
TCGA-EY-A1GC	17	74203288	81049726	2	0
TCGA-EY-A1GC	18	48133	40204410	2	0
TCGA-EY-A1GC	18	40210914	44785938	2	1
TCGA-EY-A1GC	18	44788274	56160078	2	0
TCGA-EY-A1GC	18	56164537	74048673	1	0
TCGA-EY-A1GC	18	74049614	74465612	2	0
TCGA-EY-A1GC	18	74468385	78015057	1	0
TCGA-EY-A1GC	19	90910	2389784	2	0
TCGA-EY-A1GC	19	2403564	10885031	1	0
TCGA-EY-A1GC	19	10887584	11459307	2	2
TCGA-EY-A1GC	19	11465129	23067887	2	1
TCGA-EY-A1GC	19	23069751	28163448	2	2
TCGA-EY-A1GC	19	28173885	45626117	2	1
TCGA-EY-A1GC	19	45627347	48303411	3	0
TCGA-EY-A1GC	19	48303855	49184712	5	0
TCGA-EY-A1GC	19	49189415	54057071	3	0
TCGA-EY-A1GC	19	54057156	59097854	6	0
TCGA-EY-A1GC	20	61305	9628721	4	1
TCGA-EY-A1GC	20	9628822	17714525	5	1
TCGA-EY-A1GC	20	17714616	17936949	5	2
TCGA-EY-A1GC	20	17938883	18421844	9	2
TCGA-EY-A1GC	20	18424826	56253159	2	1
TCGA-EY-A1GC	20	56255398	56707415	4	1
TCGA-EY-A1GC	20	56708292	57022497	3	1
TCGA-EY-A1GC	20	57025922	57408906	3	2
TCGA-EY-A1GC	20	57413340	62956153	3	1
TCGA-EY-A1GC	21	10736871	20235045	2	2
TCGA-EY-A1GC	21	20235410	48096957	2	1
TCGA-EY-A1GC	22	16052528	38773364	2	0
TCGA-EY-A1GC	22	38774979	39286977	5	0
TCGA-EY-A1GC	22	39287119	45432634	2	0
TCGA-EY-A1GC	22	45433327	45906543	4	0
TCGA-EY-A1GC	22	45910152	51234455	2	0
TCGA-EY-A1GC	X	168477	155233846	2	2
