sample	chr	startpos	endpos	nMajor	nMinor
TCGA-D8-A1JF	1	61735	114096224	2	0
TCGA-D8-A1JF	1	114098091	183563584	2	2
TCGA-D8-A1JF	1	183563808	249224388	4	2
TCGA-D8-A1JF	2	12784	65245365	2	1
TCGA-D8-A1JF	2	65245860	65431506	4	1
TCGA-D8-A1JF	2	65432857	243089456	2	1
TCGA-D8-A1JF	3	60345	3182295	4	0
TCGA-D8-A1JF	3	3183841	3446261	8	0
TCGA-D8-A1JF	3	3455621	21343091	4	0
TCGA-D8-A1JF	3	21343596	93519478	3	0
TCGA-D8-A1JF	3	93520016	93551545	4	4
TCGA-D8-A1JF	3	93557881	96222987	3	3
TCGA-D8-A1JF	3	96227978	197896118	3	0
TCGA-D8-A1JF	4	12281	75333819	1	1
TCGA-D8-A1JF	4	75333942	76383680	2	1
TCGA-D8-A1JF	4	76384342	142383711	1	1
TCGA-D8-A1JF	4	142386220	149342732	2	1
TCGA-D8-A1JF	4	149345587	191027923	1	1
TCGA-D8-A1JF	5	15532	13351002	4	1
TCGA-D8-A1JF	5	13351018	14544374	8	1
TCGA-D8-A1JF	5	14545898	26807904	4	1
TCGA-D8-A1JF	5	26812901	49526027	3	1
TCGA-D8-A1JF	5	49542849	162958119	1	1
TCGA-D8-A1JF	5	162959555	180790320	3	1
TCGA-D8-A1JF	6	149661	3623257	2	2
TCGA-D8-A1JF	6	3626372	7759341	6	2
TCGA-D8-A1JF	6	7760503	9750912	3	2
TCGA-D8-A1JF	6	9750926	10476529	7	2
TCGA-D8-A1JF	6	10478442	27374021	3	2
TCGA-D8-A1JF	6	27374615	171051005	2	1
TCGA-D8-A1JF	7	43259	159127004	4	1
TCGA-D8-A1JF	8	31254	85716104	6	2
TCGA-D8-A1JF	8	85716274	86416182	6	5
TCGA-D8-A1JF	8	86418272	135166535	7	2
TCGA-D8-A1JF	8	135169088	138089104	6	5
TCGA-D8-A1JF	8	138093551	146298155	6	2
TCGA-D8-A1JF	9	46587	4403296	2	1
TCGA-D8-A1JF	9	4403337	4745258	3	1
TCGA-D8-A1JF	9	4746363	24075082	1	1
TCGA-D8-A1JF	9	24075781	73075752	2	1
TCGA-D8-A1JF	9	73080367	73576526	2	2
TCGA-D8-A1JF	9	73581274	81680914	2	1
TCGA-D8-A1JF	9	81683865	81984650	3	1
TCGA-D8-A1JF	9	81986083	97314741	2	1
TCGA-D8-A1JF	9	97314815	141091394	1	1
TCGA-D8-A1JF	10	72759	12415053	3	1
TCGA-D8-A1JF	10	12415148	20108228	4	1
TCGA-D8-A1JF	10	20110335	84590820	3	1
TCGA-D8-A1JF	10	84590909	135506704	1	1
TCGA-D8-A1JF	11	198572	55972869	3	0
TCGA-D8-A1JF	11	55975902	56274625	6	1
TCGA-D8-A1JF	11	56276586	134944770	3	1
TCGA-D8-A1JF	12	150442	66631916	2	1
TCGA-D8-A1JF	12	66632098	66905862	4	1
TCGA-D8-A1JF	12	66914192	119175937	2	1
TCGA-D8-A1JF	12	119181614	119461010	4	1
TCGA-D8-A1JF	12	119461651	133778189	2	1
TCGA-D8-A1JF	13	19026949	115108397	3	2
TCGA-D8-A1JF	14	19002124	107285437	3	1
TCGA-D8-A1JF	15	20016328	79268430	1	1
TCGA-D8-A1JF	15	79269735	81996813	2	1
TCGA-D8-A1JF	15	82001095	102469040	1	1
TCGA-D8-A1JF	16	60777	90287535	2	2
TCGA-D8-A1JF	17	526	81049726	3	0
TCGA-D8-A1JF	18	48133	78015057	2	1
TCGA-D8-A1JF	19	90910	1427260	3	1
TCGA-D8-A1JF	19	1428996	4040579	1	0
TCGA-D8-A1JF	19	4040593	59097854	3	1
TCGA-D8-A1JF	20	61305	62956153	3	2
TCGA-D8-A1JF	21	10736871	48096957	1	1
TCGA-D8-A1JF	22	16052528	51234455	2	1
TCGA-D8-A1JF	X	168477	115219351	2	1
TCGA-D8-A1JF	X	115225135	120764995	3	1
TCGA-D8-A1JF	X	120769789	120855886	7	2
TCGA-D8-A1JF	X	120856880	155233846	3	1
