sample	chr	startpos	endpos	nMajor	nMinor
TCGA-N9-A4Q8	1	61735	5469365	3	2
TCGA-N9-A4Q8	1	5470742	11444583	2	1
TCGA-N9-A4Q8	1	11445223	33546171	3	2
TCGA-N9-A4Q8	1	33546321	34482125	5	4
TCGA-N9-A4Q8	1	34486369	39579425	3	2
TCGA-N9-A4Q8	1	39581931	43675017	4	4
TCGA-N9-A4Q8	1	43675467	48486719	7	3
TCGA-N9-A4Q8	1	48487137	71540449	3	2
TCGA-N9-A4Q8	1	71547733	71572572	4	4
TCGA-N9-A4Q8	1	71572800	73067601	6	3
TCGA-N9-A4Q8	1	73069829	73505987	3	2
TCGA-N9-A4Q8	1	73516729	82217621	6	3
TCGA-N9-A4Q8	1	82219788	82462441	2	2
TCGA-N9-A4Q8	1	82469609	91323989	6	3
TCGA-N9-A4Q8	1	91332588	95342090	4	3
TCGA-N9-A4Q8	1	95342165	113591696	3	3
TCGA-N9-A4Q8	1	113594819	114151808	6	3
TCGA-N9-A4Q8	1	114157023	116173080	3	3
TCGA-N9-A4Q8	1	116173207	116363332	6	3
TCGA-N9-A4Q8	1	116363830	203725989	3	3
TCGA-N9-A4Q8	1	203729422	204436520	6	3
TCGA-N9-A4Q8	1	204443068	249224388	3	3
TCGA-N9-A4Q8	2	12784	1428214	3	2
TCGA-N9-A4Q8	2	1431799	1911871	6	2
TCGA-N9-A4Q8	2	1911908	54504357	3	2
TCGA-N9-A4Q8	2	54505988	55265785	6	2
TCGA-N9-A4Q8	2	55265785	64948691	3	2
TCGA-N9-A4Q8	2	64949283	65810038	6	3
TCGA-N9-A4Q8	2	65818332	100829506	3	2
TCGA-N9-A4Q8	2	100830348	101286249	4	4
TCGA-N9-A4Q8	2	101286317	111911524	3	2
TCGA-N9-A4Q8	2	111913684	112816706	6	2
TCGA-N9-A4Q8	2	112821487	128900205	3	2
TCGA-N9-A4Q8	2	128901042	129776427	4	3
TCGA-N9-A4Q8	2	129781214	169833310	2	2
TCGA-N9-A4Q8	2	169833776	170837984	4	3
TCGA-N9-A4Q8	2	170845413	200822981	2	2
TCGA-N9-A4Q8	2	200825109	201393131	3	3
TCGA-N9-A4Q8	2	201393744	212491004	2	2
TCGA-N9-A4Q8	2	212491086	213009439	2	1
TCGA-N9-A4Q8	2	213010384	213081542	3	2
TCGA-N9-A4Q8	2	213087916	213240767	1	0
TCGA-N9-A4Q8	2	213246662	221220676	3	2
TCGA-N9-A4Q8	2	221220936	223149668	2	2
TCGA-N9-A4Q8	2	223153611	243089456	3	2
TCGA-N9-A4Q8	3	60345	3735454	4	1
TCGA-N9-A4Q8	3	3735685	4943652	2	1
TCGA-N9-A4Q8	3	4944138	73349131	5	1
TCGA-N9-A4Q8	3	73349202	74195946	9	0
TCGA-N9-A4Q8	3	74197905	167568177	5	1
TCGA-N9-A4Q8	3	167573498	168297186	15	1
TCGA-N9-A4Q8	3	168305856	169102998	49	1
TCGA-N9-A4Q8	3	169103185	169683272	33	1
TCGA-N9-A4Q8	3	169689162	172384590	25	1
TCGA-N9-A4Q8	3	172385296	175681551	18	0
TCGA-N9-A4Q8	3	175681864	177965916	36	1
TCGA-N9-A4Q8	3	177968626	178967580	29	1
TCGA-N9-A4Q8	3	178968660	197896118	2	1
TCGA-N9-A4Q8	4	12281	55198205	3	3
TCGA-N9-A4Q8	4	55201854	56326166	4	4
TCGA-N9-A4Q8	4	56326707	66602324	3	3
TCGA-N9-A4Q8	4	66602659	67033734	3	0
TCGA-N9-A4Q8	4	67033975	69914723	3	3
TCGA-N9-A4Q8	4	69924207	73633538	4	4
TCGA-N9-A4Q8	4	73633649	191027923	3	3
TCGA-N9-A4Q8	5	15532	49432831	7	0
TCGA-N9-A4Q8	5	49441958	180790320	4	0
TCGA-N9-A4Q8	6	149661	43409838	5	2
TCGA-N9-A4Q8	6	43410711	44114797	5	4
TCGA-N9-A4Q8	6	44115448	57287931	5	2
TCGA-N9-A4Q8	6	57293632	171051005	3	3
TCGA-N9-A4Q8	7	43259	140192859	2	2
TCGA-N9-A4Q8	7	140193013	140797219	3	3
TCGA-N9-A4Q8	7	140797430	159127004	2	2
TCGA-N9-A4Q8	8	31254	8093182	2	0
TCGA-N9-A4Q8	8	8094763	8295058	0	0
TCGA-N9-A4Q8	8	8296230	9121436	2	0
TCGA-N9-A4Q8	8	9122601	10188998	2	2
TCGA-N9-A4Q8	8	10189144	12571159	2	0
TCGA-N9-A4Q8	8	12574071	15617537	0	0
TCGA-N9-A4Q8	8	15617917	28868413	2	0
TCGA-N9-A4Q8	8	28873146	33850748	10	2
TCGA-N9-A4Q8	8	33853868	34089670	2	0
TCGA-N9-A4Q8	8	34089963	34100913	1	0
TCGA-N9-A4Q8	8	34110710	34509722	10	1
TCGA-N9-A4Q8	8	34512406	34537876	9	1
TCGA-N9-A4Q8	8	34538694	40440953	2	0
TCGA-N9-A4Q8	8	40442467	43058301	11	2
TCGA-N9-A4Q8	8	43061945	43360692	22	0
TCGA-N9-A4Q8	8	43361619	102670450	10	2
TCGA-N9-A4Q8	8	102671384	103607046	15	2
TCGA-N9-A4Q8	8	103608120	146298155	10	2
TCGA-N9-A4Q8	9	46587	141091394	2	1
TCGA-N9-A4Q8	10	72759	62013424	2	2
TCGA-N9-A4Q8	10	62014315	63240070	5	2
TCGA-N9-A4Q8	10	63240300	101767725	2	2
TCGA-N9-A4Q8	10	101770730	105695147	3	3
TCGA-N9-A4Q8	10	105695789	135506704	2	2
TCGA-N9-A4Q8	11	198572	21207543	3	2
TCGA-N9-A4Q8	11	21207667	21685969	1	0
TCGA-N9-A4Q8	11	21686312	26419443	2	2
TCGA-N9-A4Q8	11	26423408	26438423	1	1
TCGA-N9-A4Q8	11	26440232	28498509	1	0
TCGA-N9-A4Q8	11	28501531	70506836	3	2
TCGA-N9-A4Q8	11	70511624	71286820	2	0
TCGA-N9-A4Q8	11	71288172	83845579	3	2
TCGA-N9-A4Q8	11	83846493	103914267	1	0
TCGA-N9-A4Q8	11	103915013	134944770	3	2
TCGA-N9-A4Q8	12	150442	2664109	2	1
TCGA-N9-A4Q8	12	2667284	3716903	4	1
TCGA-N9-A4Q8	12	3718539	8429979	2	2
TCGA-N9-A4Q8	12	8436238	9175704	5	1
TCGA-N9-A4Q8	12	9178574	24795301	2	1
TCGA-N9-A4Q8	12	24796643	25325913	29	1
TCGA-N9-A4Q8	12	25330451	25982441	45	2
TCGA-N9-A4Q8	12	25982681	28889885	30	1
TCGA-N9-A4Q8	12	28891374	31756173	2	1
TCGA-N9-A4Q8	12	31756842	32875450	3	2
TCGA-N9-A4Q8	12	32878881	66887414	2	1
TCGA-N9-A4Q8	12	66888808	67299173	1	0
TCGA-N9-A4Q8	12	67308301	133778189	2	1
TCGA-N9-A4Q8	13	19026949	47574726	3	2
TCGA-N9-A4Q8	13	47579335	48789697	2	0
TCGA-N9-A4Q8	13	48794008	48971573	0	0
TCGA-N9-A4Q8	13	48971576	49974369	2	0
TCGA-N9-A4Q8	13	49981064	51232123	3	2
TCGA-N9-A4Q8	13	51233566	51296601	2	0
TCGA-N9-A4Q8	13	51298361	115108397	3	2
TCGA-N9-A4Q8	14	19002124	28004367	3	3
TCGA-N9-A4Q8	14	28004590	30990873	6	3
TCGA-N9-A4Q8	14	30992511	73784863	3	3
TCGA-N9-A4Q8	14	73786506	74741989	6	3
TCGA-N9-A4Q8	14	74745177	107285437	3	3
TCGA-N9-A4Q8	15	20016328	102469040	3	0
TCGA-N9-A4Q8	16	60777	642632	6	0
TCGA-N9-A4Q8	16	642743	90287535	4	0
TCGA-N9-A4Q8	17	526	4615098	5	0
TCGA-N9-A4Q8	17	4619788	4985783	9	0
TCGA-N9-A4Q8	17	4986481	10065455	5	0
TCGA-N9-A4Q8	17	10066816	12974606	2	0
TCGA-N9-A4Q8	17	12974697	15308893	4	0
TCGA-N9-A4Q8	17	15309694	19242467	3	0
TCGA-N9-A4Q8	17	19244888	71197599	4	0
TCGA-N9-A4Q8	17	71206364	71583137	8	0
TCGA-N9-A4Q8	17	71585226	72676363	4	0
TCGA-N9-A4Q8	17	72677312	75397318	8	0
TCGA-N9-A4Q8	17	75397387	81049726	4	0
TCGA-N9-A4Q8	18	48133	78015057	2	2
TCGA-N9-A4Q8	19	90910	8379294	3	0
TCGA-N9-A4Q8	19	8380201	8412172	4	0
TCGA-N9-A4Q8	19	8414301	10492040	4	3
TCGA-N9-A4Q8	19	10495380	11209132	8	3
TCGA-N9-A4Q8	19	11210004	45208246	3	2
TCGA-N9-A4Q8	19	45208682	46661023	8	2
TCGA-N9-A4Q8	19	46662689	59097854	6	2
TCGA-N9-A4Q8	20	61305	44412463	4	3
TCGA-N9-A4Q8	20	44412869	62956153	6	3
TCGA-N9-A4Q8	21	10736871	48096957	3	3
TCGA-N9-A4Q8	22	16052528	38912074	3	1
TCGA-N9-A4Q8	22	38912771	39449503	6	1
TCGA-N9-A4Q8	22	39449655	51234455	3	1
TCGA-N9-A4Q8	X	168477	61877285	3	2
TCGA-N9-A4Q8	X	61882107	67234413	2	1
TCGA-N9-A4Q8	X	67234655	93721155	2	0
TCGA-N9-A4Q8	X	93721673	98796100	5	0
TCGA-N9-A4Q8	X	98796536	155233846	2	0
