sample	chr	startpos	endpos	nMajor	nMinor
TCGA-06-0240	1	61735	204488902	1	1
TCGA-06-0240	1	204489557	205428638	4	1
TCGA-06-0240	1	205433435	249224388	1	1
TCGA-06-0240	2	12784	243089456	1	1
TCGA-06-0240	3	60345	197896118	1	1
TCGA-06-0240	4	12281	191027923	1	1
TCGA-06-0240	5	15532	180790320	1	1
TCGA-06-0240	6	149661	171051005	1	1
TCGA-06-0240	7	43259	54753353	1	1
TCGA-06-0240	7	54755769	55446933	11	0
TCGA-06-0240	7	55454133	159127004	1	1
TCGA-06-0240	8	31254	146298155	1	1
TCGA-06-0240	9	46587	141091394	1	1
TCGA-06-0240	10	72759	135506704	1	1
TCGA-06-0240	11	198572	134944770	1	1
TCGA-06-0240	12	150442	133778189	1	1
TCGA-06-0240	13	19026949	115108397	1	1
TCGA-06-0240	14	19002124	107285437	1	1
TCGA-06-0240	15	20016328	102469040	1	1
TCGA-06-0240	16	60777	90287535	1	1
TCGA-06-0240	17	526	81049726	1	1
TCGA-06-0240	18	48133	78015057	1	1
TCGA-06-0240	19	90910	59097854	1	1
TCGA-06-0240	20	61305	62956153	1	1
TCGA-06-0240	21	10736871	48096957	1	1
TCGA-06-0240	22	16052528	51234455	1	1
TCGA-06-0240	X	168477	2694240	1	1
TCGA-06-0240	X	2703391	155233846	1	0
