sample	chr	startpos	endpos	nMajor	nMinor
TCGA-43-6771-b	1	61735	249224388	1	1
TCGA-43-6771-b	2	12784	243089456	1	1
TCGA-43-6771-b	3	60345	197896118	1	1
TCGA-43-6771-b	4	12281	191027923	1	0
TCGA-43-6771-b	5	15532	180790320	1	1
TCGA-43-6771-b	6	149661	171051005	2	0
TCGA-43-6771-b	7	43259	3053547	2	2
TCGA-43-6771-b	7	3054314	3478963	1	1
TCGA-43-6771-b	7	3479432	9080485	2	2
TCGA-43-6771-b	7	9080690	13330873	1	1
TCGA-43-6771-b	7	13331150	62077301	2	2
TCGA-43-6771-b	7	62077305	159127004	1	0
TCGA-43-6771-b	8	31254	146298155	1	0
TCGA-43-6771-b	9	46587	7935323	2	1
TCGA-43-6771-b	9	7935389	21487998	1	0
TCGA-43-6771-b	9	21491983	22132076	0	0
TCGA-43-6771-b	9	22133251	141091394	1	0
TCGA-43-6771-b	10	72759	135506704	1	1
TCGA-43-6771-b	11	198572	11093513	2	1
TCGA-43-6771-b	11	11097690	11661088	11	2
TCGA-43-6771-b	11	11667696	13762105	2	1
TCGA-43-6771-b	11	13768544	13901073	11	3
TCGA-43-6771-b	11	13903159	14259297	2	2
TCGA-43-6771-b	11	14263200	14789583	11	3
TCGA-43-6771-b	11	14797932	14922916	3	0
TCGA-43-6771-b	11	14922950	18424939	1	1
TCGA-43-6771-b	11	18425018	21601497	2	2
TCGA-43-6771-b	11	21604291	24209320	2	1
TCGA-43-6771-b	11	24209700	25798392	2	2
TCGA-43-6771-b	11	25799891	27979894	2	1
TCGA-43-6771-b	11	27980647	29473150	2	2
TCGA-43-6771-b	11	29473197	31102726	2	0
TCGA-43-6771-b	11	31103862	31118598	1	0
TCGA-43-6771-b	11	31122166	31147599	2	0
TCGA-43-6771-b	11	31154319	33302474	10	2
TCGA-43-6771-b	11	33313380	45945771	1	0
TCGA-43-6771-b	11	45947464	47648085	11	2
TCGA-43-6771-b	11	47650993	56979985	2	2
TCGA-43-6771-b	11	56980423	64860085	2	1
TCGA-43-6771-b	11	64860672	66242021	1	0
TCGA-43-6771-b	11	66242629	66288076	12	2
TCGA-43-6771-b	11	66296809	66399681	11	0
TCGA-43-6771-b	11	66401330	68501898	2	1
TCGA-43-6771-b	11	68511137	68737062	6	2
TCGA-43-6771-b	11	68743662	68943096	18	3
TCGA-43-6771-b	11	68945595	69699980	8	2
TCGA-43-6771-b	11	69800156	69903067	16	3
TCGA-43-6771-b	11	69910840	70349356	5	2
TCGA-43-6771-b	11	70353741	70494790	19	2
TCGA-43-6771-b	11	70496641	71337374	8	2
TCGA-43-6771-b	11	71341044	72335910	2	0
TCGA-43-6771-b	11	72336564	73362075	5	2
TCGA-43-6771-b	11	73363210	73538530	3	1
TCGA-43-6771-b	11	73538698	75535504	1	0
TCGA-43-6771-b	11	75535522	81458967	2	1
TCGA-43-6771-b	11	81461366	91545212	1	0
TCGA-43-6771-b	11	91545471	92738026	2	1
TCGA-43-6771-b	11	92738569	134944770	1	0
TCGA-43-6771-b	12	150442	38381218	1	1
TCGA-43-6771-b	12	38384100	47431764	1	0
TCGA-43-6771-b	12	47431979	133778189	1	1
TCGA-43-6771-b	13	19026949	115108397	1	1
TCGA-43-6771-b	14	19002124	107285437	1	1
TCGA-43-6771-b	15	20016328	102469040	1	1
TCGA-43-6771-b	16	60777	90287535	1	1
TCGA-43-6771-b	17	526	81049726	1	1
TCGA-43-6771-b	18	48133	78015057	1	1
TCGA-43-6771-b	19	90910	6118233	1	1
TCGA-43-6771-b	19	6120203	18297559	1	0
TCGA-43-6771-b	19	18298259	21472771	1	1
TCGA-43-6771-b	19	21473785	24356307	1	0
TCGA-43-6771-b	19	24357311	59097854	1	1
TCGA-43-6771-b	20	61305	25301268	1	0
TCGA-43-6771-b	20	25304805	62956153	1	1
TCGA-43-6771-b	21	10736871	48096957	1	0
TCGA-43-6771-b	22	16052528	51234455	1	0
TCGA-43-6771-b	X	168477	2703955	1	1
TCGA-43-6771-b	X	2706944	155233846	1	0
